,kaptCode,heatC,heatP,gasC,gasP,waterHotC,waterHotP,electC,electP,waterCoolC,waterCoolP
0,A13007002,0,0,0,0,0,0,523230,11241290,0,4560150
1,A13070302,0,0,0,0,0,0,896700,4331630,0,2973760
2,A13007004,0,0,0,0,0,0,6877457,18917530,1250510,14285770
3,A10028080,0,0,0,0,0,0,6622450,12789110,0,5984890
4,A13070301,0,0,0,0,0,0,10835640,33601880,1845080,14749280
5,A13007001,0,0,0,0,0,0,4197210,15948340,253250,6758600
6,A10024042,0,0,0,0,0,0,9962590,29319280,11248920,0
7,A10023389,,,,,,,,,,
8,A13006001,55160,0,0,0,0,0,1076450,7167220,2398540,3480620
9,A13086101,0,0,358800,0,0,0,1094130,27345140,-509450,13187850
10,A13006101,0,0,0,0,0,0,10595608,34908320,3208550,19400400
11,A13006003,0,0,0,0,0,0,1148480,12436020,152900,5974800
12,A13006002,0,0,0,0,0,0,1806410,9798060,0,5101270
13,A13077201,0,0,0,0,0,0,5033420,3856240,-3004670,3004670
14,A13084802,0,0,455510,0,0,0,3134272,12083190,319550,6678410
15,A13084803,0,0,134980,0,0,0,7193780,37491310,1034600,0
16,A13071302,0,0,0,0,0,0,25464925,125569390,6858840,38672730
17,A13002002,0,0,0,0,0,0,2689950,38086840,170,14166500
18,A13084804,860890,0,0,0,0,0,13284689,67052860,228950,34124960
19,A13085901,0,0,128100,0,0,0,2246890,10256940,0,0
20,A13071301,32140,0,0,0,0,0,677770,2647360,22000,0
21,A13085902,0,0,355940,0,0,0,1621940,12910430,0,5949920
22,A13085301,0,0,0,0,0,0,1992561,18412990,52570,8118660
23,A10026180,0,0,0,0,0,0,6822920,24675330,79840,11281550
24,A13075402,0,0,0,0,0,0,7474415,18221340,644210,9683830
25,A13003406,0,0,0,0,0,0,10033974,26088830,122200,15456890
26,A13003404,0,0,0,0,0,0,2542480,0,351350,0
27,A13080801,0,0,0,0,0,0,2642640,8179490,-276200,4740390
28,A13003202,0,0,0,0,0,0,11688309,37741700,957490,20186890
29,A13003201,0,0,220030,0,0,0,5685206,24190840,-1210550,17167580
30,A13075404,0,0,0,0,0,0,776690,4864160,0,4024930
31,A13080201,0,0,47780,0,0,0,14079640,0,6325870,0
32,A13080702,0,0,4470,0,0,0,638370,8107300,0,0
33,A13075405,0,0,0,0,0,0,1434450,4225670,0,2698490
34,A13075403,0,0,0,0,0,0,8138840,0,4132400,0
35,A13003005,0,0,0,0,0,0,8978719,28502140,0,14828580
36,A13003002,0,0,0,0,0,0,2514729,13332770,0,0
37,A13003402,0,0,0,0,0,0,1551950,10117110,0,0
38,A13003405,0,0,0,0,0,0,1847090,12989090,1003330,0
39,A13003003,0,0,0,0,0,0,4980720,16253830,0,9324350
40,A10026232,0,0,0,0,0,0,16807970,42416610,0,16987810
41,A10025754,0,0,0,0,0,0,10152060,24537440,1151580,11633960
42,A13003007,0,0,0,0,0,0,37170120,115467840,0,46009580
43,A10026104,0,0,0,0,0,0,8722180,37761930,434770,11339790
44,A10027089,0,0,0,0,0,0,1391430,0,0,0
45,A10026779,,,,,,,,,,
46,A13010006,0,0,1133470,0,0,0,102804398,0,42104730,0
47,A13010004,0,0,353930,0,0,0,8822508,35978590,221820,18528580
48,A13084701,0,0,75880,0,0,0,2027582,9778160,345830,0
49,A13010003,15318360,0,0,0,0,0,20255380,0,1730080,0
50,A13010005,0,0,0,0,0,0,19290343,80044370,703850,35999940
51,A13084101,0,0,203840,0,0,0,5345243,23245710,0,12684730
52,A13010001,0,0,0,0,0,0,601718,9670360,0,3597080
53,A10025227,0,0,0,0,0,0,5707400,17246510,116340,8308080
54,A10024892,,,,,,,,,,
55,A13086703,0,0,0,0,0,0,1318630,8029510,961930,6001050
56,A13086704,0,0,0,0,0,0,9064857,33516450,962660,18983390
57,A13086705,-1424270,41977470,0,0,0,15564000,5820140,47639590,760,40953130
58,A13086802,0,0,0,0,0,0,14336406,0,7349520,0
59,A13086701,11241850,0,0,0,-3192000,3192000,3597410,7266170,0,0
60,A13071201,0,0,237660,0,0,0,1002400,1984360,245170,1156330
61,A13070101,0,0,0,0,0,0,2531590,10192970,247320,3419020
62,A13087201,0,0,0,0,0,0,2969527,21204730,385875,0
63,A13009001,0,0,0,0,0,0,4125880,17256240,0,16588440
64,A13009206,0,0,0,0,0,0,4013180,20008210,76040,8669630
65,A13009202,0,0,0,0,0,0,884440,10398800,72720,4455510
66,A13077703,0,0,0,0,0,0,477290,10187000,94720,4823250
67,A13009101,0,0,0,0,0,0,198676,11619270,0,4811790
68,A13087405,0,0,0,0,0,0,3992560,11411980,0,6973230
69,A13087401,0,0,0,0,0,0,910000,6072710,232940,0
70,A13078301,0,0,0,0,0,0,719980,15489100,114800,5870910
71,A13009002,0,0,0,0,0,0,57728188,0,24611550,0
72,A13077702,0,0,0,0,0,0,15804964,0,7161080,0
73,A13087407,0,0,0,0,0,0,2243051,22333370,0,12860260
74,A13009003,0,0,8530,0,0,0,-861170,18199540,-150710,8248280
75,A10025410,0,0,0,0,0,0,5755260,39387290,4218480,14299680
76,A10027101,,,,,,,,,,
77,A10024244,0,0,0,0,0,0,234970,1214900,259400,1516800
78,A10023368,,,,,,,,,,
79,A10024082,0,0,0,0,0,0,3673626,5957644,0,2664220
80,A10025015,0,0,0,0,0,0,3635240,9873250,161840,4775550
81,A13082702,0,0,446170,0,0,0,4937210,17417950,0,10909550
82,A13082703,0,0,0,0,0,0,6030353,18081180,475650,10738550
83,A13076801,0,0,0,0,0,0,1151900,18927350,0,7169960
84,A13082502,0,0,0,0,0,0,268830,13065030,0,5080560
85,A13083102,0,0,0,0,0,0,6266074,21262900,47280,12637920
86,A13079401,0,0,0,0,0,0,3888210,2852040,1841620,1841620
87,A13082704,0,0,0,0,0,0,12977980,41737570,211220,23644720
88,A13008001,0,0,0,0,0,0,1387430,6740990,57850,7157220
89,A13079402,0,0,0,0,0,0,3248227,2052970,1429800,1424140
90,A13079403,39470,0,0,0,0,0,1159780,3206170,12120,1789380
91,A13082805,0,0,0,0,0,0,16239090,50488690,0,27880520
92,A13082501,0,0,0,0,0,0,4191540,12153610,70600,7333110
