,kaptCode,heatC,heatP,gasC,gasP,waterHotC,waterHotP,electC,electP,waterCoolC,waterCoolP
0,A13007002,0,0,0,0,0,0,587820,12615740,0,4601030
1,A13070302,0,0,0,0,0,0,424200,5082850,0,2844390
2,A13007004,0,0,0,0,0,0,7669443,22884200,1370960,12785670
3,A10028080,0,0,0,0,0,0,11085396,14044600,0,5794070
4,A13070301,0,0,0,0,0,0,20114870,38420140,684390,15591760
5,A13007001,0,0,0,0,0,0,5875640,18961900,-46260,7023890
6,A10024042,0,0,0,0,0,0,24403830,23966820,0,0
7,A10023389,,,,,,,,,,
8,A13006001,91220,0,0,0,0,0,938440,8951650,0,0
9,A13086101,0,0,543520,0,0,0,543090,34435890,-1244450,14175500
10,A13006101,0,0,0,0,0,0,12828485,38405920,1560550,21223650
11,A13006003,0,0,0,0,0,0,1147960,13345480,0,5894300
12,A13006002,0,0,0,0,0,0,1726640,11275090,0,4937200
13,A13077201,0,0,0,0,0,0,6438910,4178050,-2790910,2790910
14,A13084802,0,0,600870,0,0,0,2903345,13131490,601410,6873740
15,A13084803,0,0,171500,0,0,0,9134630,46046000,0,0
16,A13071302,0,0,0,0,0,0,34051178,132762380,2850210,42802780
17,A13002002,0,0,0,0,0,0,9774920,45094670,1440,15135290
18,A13084804,1069560,0,0,0,0,0,14185880,71792910,59690,34971720
19,A13085901,0,0,284490,0,0,0,2576320,12075270,410400,0
20,A13071301,83560,0,0,0,0,0,1496570,2564100,22000,0
21,A13085902,0,0,541840,0,0,0,2179580,16162820,0,6640090
22,A13085301,0,0,0,0,0,0,2593983,21136290,56840,8485750
23,A10026180,0,0,0,0,0,0,11241060,29509340,97990,11193840
24,A13075402,0,0,0,0,0,0,10496399,21649000,1281750,8099530
25,A13003406,0,0,0,0,0,0,11871255,29530660,73000,14753610
26,A13003404,0,0,0,0,0,0,6662014,0,0,0
27,A13080801,0,0,0,0,0,0,2985230,9225390,-296350,4668680
28,A13003202,0,0,0,0,0,0,10503650,41362460,2696650,20635490
29,A13003201,0,0,590930,0,0,0,6916883,29349620,-585960,16876330
30,A13075404,0,0,0,0,0,0,1307010,5300730,0,4584690
31,A13080201,0,0,135110,0,0,0,15773160,0,6168720,0
32,A13080702,0,0,150370,0,0,0,839880,9199450,0,0
33,A13075405,0,0,0,0,0,0,1866060,5197460,0,2671550
34,A13075403,0,0,0,0,0,0,7446150,0,3454700,0
35,A13003005,0,0,0,0,0,0,13330200,31183020,0,13535350
36,A13003002,0,0,0,0,0,0,4912229,15840140,0,0
37,A13003402,0,0,0,0,0,0,1792920,10801590,63590,7942800
38,A13003405,0,0,0,0,0,0,3092300,15136980,398330,0
39,A13003003,0,0,0,0,0,0,7091560,18854370,0,9223210
40,A10026232,0,0,0,0,0,0,21523170,44689870,230160,16212530
41,A10025754,0,0,0,0,0,0,13830900,27217140,1431900,11142850
42,A13003007,0,0,0,0,0,0,43120155,125932760,0,44419340
43,A10026104,0,0,0,0,0,0,9778010,38767180,162540,10699670
44,A10027089,0,0,0,0,0,0,1613660,0,0,0
45,A10026779,,,,,,,,,,
46,A13010006,0,0,1154230,0,0,0,136597501,0,47453150,0
47,A13010004,0,0,1137320,0,0,0,12925350,44529210,-13880,18877320
48,A13084701,0,0,109170,0,0,0,2555421,11739800,199500,0
49,A13010003,57944950,0,0,0,0,0,31213580,0,2000000,0
50,A13010005,0,0,0,0,0,0,20558867,98312830,14304870,37900530
51,A13084101,0,0,590650,0,0,0,8593610,24831620,0,12407180
52,A13010001,0,0,0,0,0,0,1636974,9890120,150370,3642580
53,A10025227,0,0,0,0,0,0,13208820,20614840,1082550,7435490
54,A10024892,,,,,,,,,,
55,A13086703,0,0,0,0,0,0,3952870,8877630,336460,6896160
56,A13086704,0,0,0,0,0,0,20946945,37632140,480980,18626640
57,A13086705,-867210,199322160,0,0,0,14598000,14974290,60686800,0,0
58,A13086802,0,0,0,0,0,0,16366720,0,6901760,0
59,A13086701,32641270,0,0,0,-4395000,4395000,9301510,7343860,0,0
60,A13071201,0,0,356530,0,0,0,1368770,2200060,-165980,1444800
61,A13070101,0,0,0,0,0,0,3822460,12591050,148890,3628470
62,A13087201,0,0,0,0,0,0,10357247,19899340,40370,0
63,A13009001,0,0,0,0,0,0,6344154,19495690,0,0
64,A13009206,0,0,0,0,0,0,6389270,22871830,12470,10508750
65,A13009202,0,0,0,0,0,0,2061350,12602190,151410,4601460
66,A13077703,0,0,0,0,0,0,0,11245290,149750,4201030
67,A13009101,0,0,0,0,0,0,309524,12031360,0,4293220
68,A13087405,0,0,0,0,0,0,4314370,12646070,0,6919220
69,A13087401,0,0,0,0,0,0,1606010,6610770,0,0
70,A13078301,0,0,0,0,0,0,3316370,18271020,71600,5891360
71,A13009002,0,0,0,0,0,0,22348074,53483660,1111120,27683220
72,A13077702,0,0,0,0,0,0,17124732,0,6475580,0
73,A13087407,0,0,0,0,0,0,2142674,23325390,1853000,10829690
74,A13009003,0,0,148360,0,0,0,2819910,22459320,501140,8454510
75,A10025410,0,0,0,0,0,0,14776540,43225840,6217010,12926160
76,A10027101,,,,,,,,,,
77,A10024244,0,0,0,0,0,0,699340,1140160,0,0
78,A10023368,,,,,,,,,,
79,A10024082,0,0,0,0,0,0,6338837,7877933,1086270,2264870
80,A10025015,0,0,0,0,0,0,7919140,12085560,88750,4845470
81,A13082702,0,0,627350,0,0,0,7678635,21593320,0,10100360
82,A13082703,0,0,0,0,0,0,6866167,19948630,244150,9549240
83,A13076801,0,0,0,0,0,0,3452220,21780880,0,8085820
84,A13082502,0,0,0,0,0,0,972060,13739030,0,5401620
85,A13083102,0,0,0,0,0,0,7358828,24300750,282780,12601250
86,A13079401,0,0,0,0,0,0,4288390,3089990,1730250,1730250
87,A13082704,0,0,0,0,0,0,13744599,46876000,375770,22339070
88,A13008001,0,0,0,0,0,0,1909650,8828550,0,0
89,A13079402,0,0,0,0,0,0,4573093,2307670,1583710,1417470
90,A13079403,118490,0,0,0,0,0,1404740,3529000,120200,2045650
91,A13082805,0,0,0,0,0,0,18675210,55135630,4414470,26786930
92,A13082501,0,0,0,0,0,0,4255440,13796670,70060,7372860
