,kaptCode,heatC,heatP,gasC,gasP,waterHotC,waterHotP,electC,electP,waterCoolC,waterCoolP
0,A13007002,0,0,0,0,0,0,557250,12200400,0,4463240
1,A13070302,0,0,0,0,0,0,760200,4698770,0,2738400
2,A13007004,0,0,0,0,0,0,6088155,21802210,825030,13205120
3,A10028080,0,0,0,0,0,0,7518360,11751670,0,6419300
4,A13070301,0,0,0,0,0,0,15902920,37156140,1325250,14645600
5,A13007001,0,0,0,0,0,0,4260280,17818540,-535350,6972130
6,A10024042,0,0,0,0,0,0,12050020,30957670,10590010,0
7,A10023389,,,,,,,,,,
8,A13006001,56910,0,0,0,0,0,1480320,6741300,0,0
9,A13086101,0,0,521180,0,0,0,121120,31182370,-2031950,14021800
10,A13006101,0,0,0,0,0,0,10812676,32250670,1299700,21806600
11,A13006003,0,0,0,0,0,0,1124870,11292440,88630,5496000
12,A13006002,0,0,0,0,0,0,1540960,9350700,0,4811480
13,A13077201,0,0,0,0,0,0,5015956,3491440,-2716770,2716770
14,A13084802,0,0,498210,0,0,0,3178720,10693600,274630,7837130
15,A13084803,0,0,187210,0,0,0,7264950,42056270,1034600,0
16,A13071302,0,0,0,0,0,0,26341336,110448410,5648310,37192890
17,A13002002,0,0,0,0,0,0,7305840,42969900,2890,15357290
18,A13084804,1283290,0,0,0,0,0,13928305,64407760,3221520,35082640
19,A13085901,0,0,266470,0,0,0,2342390,11219900,0,0
20,A13071301,72350,0,0,0,0,0,547820,2325390,22000,0
21,A13085902,0,0,601570,0,0,0,1262130,14740100,0,6599670
22,A13085301,0,0,0,0,0,0,2277905,17075160,41420,8889640
23,A10026180,0,0,0,0,0,0,7083030,27301800,89740,11630770
24,A13075402,0,0,0,0,0,0,7081761,16910300,747490,8147650
25,A13003406,0,0,0,0,0,0,9676757,24275450,589030,14479620
26,A13003404,0,0,0,0,0,0,2767078,0,0,0
27,A13080801,0,0,0,0,0,0,2724110,7515450,-237140,5394190
28,A13003202,0,0,0,0,0,0,8827860,38172500,2039400,20702000
29,A13003201,0,0,352230,0,0,0,6496244,26044310,-978500,17423840
30,A13075404,0,0,0,0,0,0,1006690,4216500,0,3700290
31,A13080201,0,0,170940,0,0,0,13287620,0,5922830,0
32,A13080702,0,0,64290,0,0,0,498110,7742580,0,0
33,A13075405,0,0,0,0,0,0,1525780,3835540,0,2691770
34,A13075403,0,0,0,0,0,0,7182820,0,4178550,0
35,A13003005,0,0,0,0,0,0,8432042,26529500,0,13733610
36,A13003002,0,0,0,0,0,0,3644218,14503810,0,0
37,A13003402,0,0,0,0,0,0,1600050,9040910,29930,8704870
38,A13003405,0,0,0,0,0,0,16623360,0,1078200,0
39,A13003003,0,0,0,0,0,0,5384380,17822540,0,9113860
40,A10026232,0,0,0,0,0,0,14056870,38380450,40290,16370070
41,A10025754,0,0,0,0,0,0,10890880,26436290,1308640,11224670
42,A13003007,0,0,0,0,0,0,25857082,109689080,0,44817180
43,A10026104,0,0,0,0,0,0,4783870,33710620,353440,11504670
44,A10027089,0,0,0,0,0,0,1372440,0,0,0
45,A10026779,,,,,,,,,,
46,A13010006,0,0,1597550,0,0,0,111287860,0,42850250,0
47,A13010004,0,0,491930,0,0,0,9117873,41004480,54870,16959720
48,A13084701,0,0,150500,0,0,0,2417506,10493740,345830,0
49,A13010003,49607280,0,0,0,0,0,19771280,0,2000000,0
50,A13010005,0,0,0,0,0,0,18407918,76782990,4453810,33053370
51,A13084101,0,0,446260,0,0,0,5579004,21472700,0,11881160
52,A13010001,0,0,0,0,0,0,739279,8206510,323940,3909360
53,A10025227,0,0,0,0,0,0,8297700,19249970,80730,8351810
54,A10024892,,,,,,,,,,
55,A13086703,0,0,0,0,0,0,-856320,9859230,-756020,7440250
56,A13086704,0,0,0,0,0,0,11085265,30319230,975420,16970760
57,A13086705,-3983120,115168140,0,0,0,13992000,7515030,47811700,0,0
58,A13086802,0,0,0,0,0,0,13845400,0,6678230,0
59,A13086701,20939890,0,0,0,-3408000,3408000,7271600,7099550,0,0
60,A13071201,0,0,461770,0,0,0,1022650,1783310,310940,875310
61,A13070101,0,0,0,0,0,0,2617490,11523900,161780,3516070
62,A13087201,0,0,0,0,0,0,8511130,18729460,385875,0
63,A13009001,0,0,0,0,0,0,4384568,16175910,0,0
64,A13009206,0,0,0,0,0,0,2146467,19807170,78200,9276850
65,A13009202,0,0,0,0,0,0,1512260,11681880,61060,4558410
66,A13077703,0,0,0,0,0,0,0,0,49620,0
67,A13009101,0,0,0,0,0,0,450495,10316910,0,4126180
68,A13087405,0,0,0,0,0,0,3823100,10639280,0,6582990
69,A13087401,0,0,0,0,0,0,1079510,5692460,0,0
70,A13078301,0,0,0,0,0,0,2556200,17214320,96220,5995520
71,A13009002,0,0,0,0,0,0,12120082,49699570,230060,23933490
72,A13077702,0,0,0,0,0,0,15258912,0,6147800,0
73,A13087407,0,0,0,0,0,0,2130024,21141940,0,12634690
74,A13009003,0,0,74920,0,0,0,-478820,20313250,-382530,8534460
75,A10025410,0,0,0,0,0,0,7375062,36079620,5273200,12792690
76,A10027101,,,,,,,,,,
77,A10024244,0,0,0,0,0,0,315510,1075500,0,0
78,A10023368,,,,,,,,,,
79,A10024082,0,0,0,0,0,0,3872116,6847804,0,2442200
80,A10025015,0,0,0,0,0,0,3936850,10953060,20910,4591700
81,A13082702,0,0,784400,0,0,0,4732295,19691510,0,9419950
82,A13082703,0,0,0,0,0,0,6881217,16427820,309290,9153800
83,A13076801,0,0,0,0,0,0,1016430,17827010,0,7418250
84,A13082502,0,0,0,0,0,0,553830,11886410,0,5755770
85,A13083102,0,0,0,0,0,0,6012548,23400120,282540,13009310
86,A13079401,0,0,0,0,0,0,3466680,2391920,1796480,1796480
87,A13082704,0,0,0,0,0,0,11964950,38927310,136080,24375750
88,A13008001,0,0,0,0,0,0,1578520,8447280,0,0
89,A13079402,0,0,0,0,0,0,3260554,2688090,1424140,1132810
90,A13079403,145440,0,0,0,0,0,1008120,2999650,4040,1899190
91,A13082805,0,0,0,0,0,0,15015147,46303100,2528010,26721970
92,A13082501,0,0,0,0,0,0,4308600,11224580,183560,6407600
