,kaptCode,heatC,heatP,gasC,gasP,waterHotC,waterHotP,electC,electP,waterCoolC,waterCoolP
0,A13007002,0,0,0,0,0,0,493890,10886920,0,4412840
1,A13070302,0,0,0,0,0,0,1033200,4093480,0,3126150
2,A13007004,0,0,0,0,0,0,6060889,20136930,2605520,13324150
3,A10028080,0,0,0,0,0,0,10174510,14137030,0,5386820
4,A13070301,0,0,0,0,0,0,12285220,32731500,1704290,15508920
5,A13007001,0,0,0,0,0,0,5431390,15897700,914420,6231200
6,A10024042,0,0,0,0,0,0,23651720,21299410,16459720,0
7,A10023389,,,,,,,,,,
8,A13006001,92490,0,0,0,0,0,1923390,7882580,3594120,4214140
9,A13086101,0,0,599090,0,0,0,1329740,28906890,-1242350,12558250
10,A13006101,0,0,0,0,0,0,12590655,38660690,810300,19854100
11,A13006003,0,0,0,0,0,0,1091650,13502100,0,6063150
12,A13006002,0,0,0,0,0,0,1603630,11124830,0,4752720
13,A13077201,0,0,0,0,0,0,5956636,4603750,-3074450,3074450
14,A13084802,0,0,801060,0,0,0,2626011,13583050,352840,6678290
15,A13084803,0,0,260470,0,0,0,4822420,42511750,0,0
16,A13071302,0,0,0,0,0,0,37394564,129220350,6724260,44022300
17,A13002002,0,0,0,0,0,0,8989040,38093780,2580,13776900
18,A13084804,1678340,0,0,0,0,0,17591467,72722010,1450390,32444700
19,A13085901,0,0,309740,0,0,0,2303070,10427710,0,0
20,A13071301,63600,0,0,0,0,0,1289060,2750330,22000,0
21,A13085902,0,0,830160,0,0,0,1859340,13277080,0,5346880
22,A13085301,0,0,0,0,0,0,2325158,20942130,46370,9030330
23,A10026180,0,0,0,0,0,0,8838070,24462790,78190,9927670
24,A13075402,0,0,0,0,0,0,13507768,19313750,858210,9076680
25,A13003406,0,0,0,0,0,0,11330311,29465350,140950,14839490
26,A13003404,0,0,0,0,0,0,3441325,0,0,0
27,A13080801,0,0,0,0,0,0,3013360,9241360,-495860,5180930
28,A13003202,0,0,0,0,0,0,10898698,43233690,592310,18791420
29,A13003201,0,0,477210,0,0,0,5625993,25576440,-1262290,16079890
30,A13075404,0,0,0,0,0,0,1031500,5724920,0,4524690
31,A13080201,0,0,223840,0,0,0,4817950,10674540,631060,5626000
32,A13080702,0,0,126120,0,0,0,507780,9291160,0,0
33,A13075405,0,0,0,0,0,0,1961160,4418000,0,2357360
34,A13075403,0,0,0,0,0,0,8382760,0,3375310,0
35,A13003005,0,0,0,0,0,0,16583327,28806290,2913480,12491550
36,A13003002,0,0,0,0,0,0,4113011,13673380,0,0
37,A13003402,0,0,0,0,0,0,2171350,11837510,0,0
38,A13003405,0,0,0,0,0,0,2608690,12854080,1078200,0
39,A13003003,0,0,0,0,0,0,6400290,15941420,0,8476420
40,A10026232,0,0,0,0,0,0,20743970,47536730,217040,16835280
41,A10025754,0,0,0,0,0,0,11898810,23604850,1484990,10377060
42,A13003007,0,0,0,0,0,0,60100452,117017380,147970,46223480
43,A10026104,0,0,0,0,0,0,10115640,39281130,135280,11963730
44,A10027089,0,0,0,0,0,0,1634220,0,0,0
45,A10026779,,,,,,,,,,
46,A13010006,0,0,1714100,0,0,0,106430134,0,41275180,0
47,A13010004,0,0,836360,0,0,0,11021775,37074600,172580,18525560
48,A13084701,0,0,123290,0,0,0,2681911,9504220,199500,0
49,A13010003,49938070,0,0,0,0,0,28980940,0,3530600,0
50,A13010005,0,0,0,0,0,0,25670550,88107140,14014470,36021920
51,A13084101,0,0,615560,0,0,0,9398832,25126270,0,11090070
52,A13010001,0,0,0,0,0,0,1857250,10236210,0,3798210
53,A10025227,0,0,0,0,0,0,9253310,17154260,103220,7564360
54,A10024892,,,,,,,,,,
55,A13086703,0,0,0,0,0,0,2618760,9930670,335500,7106850
56,A13086704,0,0,0,0,0,0,20137885,37572390,652250,19900360
57,A13086705,-15100730,178993110,0,0,0,18117000,19569960,60482250,320,41030780
58,A13086802,0,0,0,0,0,0,16906018,0,7590280,0
59,A13086701,27809400,0,0,0,-3837000,3837000,5974680,7947590,0,0
60,A13071201,0,0,515770,0,0,0,1429710,2200060,24950,1444800
61,A13070101,0,0,0,0,0,0,3491340,10490810,300100,3178730
62,A13087201,0,0,0,0,0,0,2831809,23087200,40370,0
63,A13009001,0,0,0,0,0,0,6335116,19621480,0,16285810
64,A13009206,0,0,0,0,0,0,5792653,23093260,46500,8327440
65,A13009202,0,0,0,0,0,0,1916690,10474920,210580,4067010
66,A13077703,0,0,0,0,0,0,0,11209040,531450,4702950
67,A13009101,0,0,0,0,0,0,443483,12359010,0,4987360
68,A13087405,0,0,0,0,0,0,4495980,12858420,0,7363470
69,A13087401,0,0,0,0,0,0,1572860,6537680,0,0
70,A13078301,0,0,0,0,0,0,2580560,15541950,76570,5357900
71,A13009002,0,0,0,0,0,0,13029613,45877540,762230,21097350
72,A13077702,0,0,0,0,0,0,17868153,0,6943940,0
73,A13087407,0,0,0,0,0,0,4791605,22003840,0,10576070
74,A13009003,0,0,133080,0,0,0,420940,18474190,0,7368520
75,A10025410,0,0,0,0,0,0,56050590,0,20377900,0
76,A10027101,,,,,,,,,,
77,A10024244,0,0,0,0,0,0,642400,1129760,254160,1498560
78,A10023368,,,,,,,,,,
79,A10024082,0,0,0,0,0,0,4578512,7233358,97150,2378220
80,A10025015,0,0,0,0,0,0,5499300,9945990,161880,4879090
81,A13082702,0,0,970100,0,0,0,4855870,18138690,0,10701650
82,A13082703,0,0,0,0,0,0,6026418,20737530,971220,11049090
83,A13076801,0,0,0,0,0,0,2842220,22488910,0,7015330
84,A13082502,0,0,0,0,0,0,401350,14368520,0,5660800
85,A13083102,0,0,0,0,0,0,4300196,23160520,59550,12212780
86,A13079401,0,0,0,0,0,0,4140360,3068850,1751360,1751360
87,A13082704,0,0,0,0,0,0,13249213,47173200,356990,23187280
88,A13008001,0,0,0,0,0,0,975380,7337040,197790,6841770
89,A13079402,0,0,0,0,0,0,4594972,2685030,1132810,1583710
90,A13079403,176000,0,0,0,0,0,859980,3816380,59670,1552920
91,A13082805,0,0,0,0,0,0,16606100,56588130,1472130,29349250
92,A13082501,0,0,0,0,0,0,4787650,13796670,0,7372860
