,kaptCode,heatC,heatP,gasC,gasP,waterHotC,waterHotP,electC,electP,waterCoolC,waterCoolP,Date
0,A13508012,2154950,24908400,0,0,0,15063620,8611120,19825250,109820,5787360,201602.0
1,A13579501,2385600,35235900,0,0,,,,,-240890,5497880,201602.0
2,A13592604,2605870,78090950,-1709210,3892390,,,4403368,35538760,-673780,12261270,201602.0
3,A13508009,22647480,50128560,0,0,-19361550,18685300,,,1107510,7519620,201602.0
4,A13508004,8934630,15194430,0,0,0,4404690,,,0,3454900,201602.0
5,A13508003,0,0,0,0,,,,,0,0,201602.0
6,A13579506,1886840,22183040,2890,0,0,6456570,6224216,21420130,0,4382170,201602.0
7,A13508006,2854620,37123200,0,0,,,7683240,32405240,-20,5370270,201602.0
8,A13508011,2697760,41017680,0,0,,,12541520,36325290,789470,6335130,201602.0
9,A13592601,6144520,38338370,0,0,,,,,195040,7234400,201602.0
10,A13592706,3665641,79267300,,,0,40109810,13383321,37714460,0,16189770,201602.0
11,A13579505,2529400,34018600,0,0,,,,,0,7928230,201602.0
12,A13508005,0,0,0,0,,,,,1851680,0,201602.0
13,A13579503,56970,0,0,0,,,2806550,10308320,5171430,0,201602.0
14,A13592605,8228930,57363780,,,,,,,0,11546550,201602.0
15,A13591402,0,0,0,0,0,0,19161877,0,3399500,0,201602.0
16,A10027474,,,,,,,,,,,201602.0
17,A10023825,,,,,,,,,,,201602.0
18,A10024820,,,,,,,,,,,201602.0
19,A10024813,,,,,,,,,,,201602.0
20,A13599303,0,175311200,,,,,,,621040,0,201602.0
21,A13594007,346820,45833750,,,0,18121820,5556780,0,512570,4751980,201602.0
22,A13580602,5377580,106991850,,,0,20896000,12593860,34618720,103,12657177,201602.0
23,A13524004,160,79052550,,,,,6007760,24788600,594420,5098340,201602.0
24,A13599402,0,145017200,,,0,13232500,6075930,33353020,0,10978490,201602.0
25,A13524005,3039360,69620050,0,0,0,8611200,4140550,28280810,2206880,0,201602.0
26,A13593908,14857712,41086690,,,0,30632800,0,0,0,0,201602.0
27,A13580001,1417290,29296060,,,0,8053500,,,0,3825660,201602.0
28,A13524006,0,122119200,0,0,,,,,3126020,7652160,201602.0
29,A13593901,2493800,27118840,,,0,6896400,,,0,2264040,201602.0
30,A13524009,83447820,0,,,,,44551070,0,12838410,0,201602.0
31,A13580002,-444210,26157420,,,,,,,29980,4422460,201602.0
32,A13599301,108549570,0,,,0,14230000,,,27620,0,201602.0
33,A10025203,,,,,,,,,,,201602.0
34,A10025675,,,,,,,,,,,201602.0
35,A10023565,,,,,,,,,,,201602.0
36,A10024564,,,,,,,,,,,201602.0
37,A10023996,,,,,,,,,,,201602.0
38,A13510003,1411820,29425960,0,0,0,5101600,,,0,4355680,201602.0
39,A13510001,0,0,,,0,0,,,6010,2286130,201602.0
40,A13510201,858110,18765680,0,0,0,3751200,1845873,8489970,0,3216140,201602.0
41,A13510203,0,0,0,0,,,1178580,12452720,0,3258420,201602.0
42,A13510102,1617620,31590870,,,0,7276000,5752780,13544550,0,4483730,201602.0
43,A13510006,0,0,,,0,0,3972681,19674470,0,0,201602.0
44,A13510103,4026120,45280080,,,,,4240150,17168810,0,6300030,201602.0
45,A13510202,32255010,0,,,,,,,220540,2198440,201602.0
46,A13576201,0,0,0,0,,,,,12120,0,201602.0
47,A13510005,4863600,90859360,,,0,24914950,,,1568330,8104930,201602.0
48,A13510009,0,0,0,0,0,0,,,1240,2830730,201602.0
49,A13510007,9637240,50469370,0,0,0,22999900,,,497040,6735680,201602.0
50,A10025280,,,,,,,,,,,201602.0
51,A10025755,,,,,,,,,,,201602.0
52,A10024640,,,,,,,,,,,201602.0
53,A13509001,0,0,565710,0,,,3567640,7660070,0,2994730,201602.0
54,A13570501,14473030,68861100,,,0,20748000,15352634,40291550,1950,13791950,201602.0
55,A13550701,2069048,28913460,0,0,0,15069560,7344453,24910570,0,6580650,201602.0
56,A13509005,57690,26665600,,,,,6038312,21251670,87320,4558550,201602.0
57,A13509004,0,0,0,0,0,0,4755560,12146960,225960,3580600,201602.0
58,A13509010,5832400,74836550,,,,,15965850,50125180,194970,12384660,201602.0
59,A13509006,185400,0,0,0,,,4267970,10512890,0,4394060,201602.0
60,A13509003,0,0,,,,,1249500,12132570,-400,7467420,201602.0
61,A13509012,9909390,66959290,,,,,,,32250,19366690,201602.0
62,A13509007,3201840,36115200,,,0,6561000,,,494220,5300030,201602.0
63,A13570502,,,,,,,,,,,201602.0
64,A13509013,,,,,,,,,,,201602.0
65,A13509101,0,0,,,0,0,2774910,9718950,151970,3081650,201602.0
66,A13509009,19535570,87091680,,,-15268400,15268400,21535850,88445568,0,10018900,201602.0
67,A13509014,,,,,,,,,,,201602.0
68,A10026350,,,,,,,,,,,201602.0
69,A10026934,,,,,,,,,,,201602.0
70,A10024131,,,,,,,,,,,201602.0
71,A10023939,,,,,,,,,,,201602.0
72,A10024819,,,,,,,,,,,201602.0
73,A13528102,5403370,95744810,0,0,,,,,389120,12968020,201602.0
74,A13528103,19291125,116704850,0,0,,,22458520,81626510,0,17242240,201602.0
75,A13528004,36817140,318891220,0,13041530,,,,,-2077908,54542020,201602.0
76,A13583604,0,156503660,,,,,8297190,53505510,3063440,11690230,201602.0
77,A13583701,2887240,56807960,,,,,8934541,28085870,1227540,8537140,201602.0
78,A13528003,0,155374080,0,9581760,,,,,6663400,20814960,201602.0
79,A13528007,5341190,23254400,0,0,0,13164700,10371970,26575860,190140,6204450,201602.0
80,A13528105,-2210,157333800,0,0,6810,30508800,4064360,77893780,2890640,14017220,201602.0
81,A13584101,2424330,33198840,0,0,0,15257400,8657069,27875870,0,5601200,201602.0
82,A13583507,-3480,793479260,,,0,109935350,,,0,52175410,201602.0
83,A13583403,84997890,0,0,0,,,,,5439930,0,201602.0
84,A13583404,110557200,0,,,,,11438130,32453240,704970,8376850,201602.0
85,A13583402,1030940,69439440,,,-5622000,5622000,,,3074160,4758760,201602.0
86,A10027800,23407060,97001820,,,0,58730370,50320380,99101050,1870430,25979140,201602.0
87,A10025646,,,,,,,,,,,201602.0
88,A10026526,,,,,,,,,,,201602.0
89,A10024102,,,,,,,,,,,201602.0
90,A10024815,,,,,,,,,,,201602.0
91,A10026924,,,,,,,,,,,201602.0
92,A10024799,,,,,,,,,,,201602.0
93,A10028094,,,,,,,,,,,201602.0
94,A10024029,,,,,,,,,,,201602.0
95,A10024814,,,,,,,,,,,201602.0
96,A10024805,,,,,,,,,,,201602.0
97,A13501004,318840,0,,,0,0,,,972110,7108870,201602.0
98,A13501001,0,0,10251550,0,,,,,883210,3637080,201602.0
99,A13582002,0,102843440,,,0,12430800,7256700,22411910,0,0,201602.0
100,A13501007,,,,,,,,,,,201602.0
101,A13501008,,,,,,,,,,,201602.0
102,A13583301,0,0,,,0,0,3520817,11959720,0,2378340,201602.0
103,A13501006,0,23823950,0,0,0,12329120,,,254590,4951860,201602.0
104,A13501005,,,,,,,,,,,201602.0
105,A10024501,,,,,,,,,,,201602.0
106,A13590204,198324447,0,,,0,18462000,,,-1225557,0,201602.0
107,A13589802,12525792,796869508,0,0,,,33298532,244153420,24019840,35776110,201602.0
108,A13511201,97640400,0,,,-6484800,6484800,,,3000000,0,201602.0
109,A13551103,-14672706,259538676,0,0,0,13992000,19131802,53468300,6000000,0,201602.0
110,A13590602,124056430,0,,,0,11435520,,,984000,0,201602.0
111,A13511001,0,62522558,0,0,0,6066900,5177090,17063760,0,0,201602.0
112,A13511004,0,493029130,,,,,,,4291330,0,201602.0
113,A13511101,0,121194820,,,0,13239000,0,46716050,0,11929770,201602.0
114,A13511003,0,150311504,0,0,,,,,0,0,201602.0
115,A13519002,0,0,0,0,,,14363060,16186750,298440,5438360,201602.0
116,A13519006,12040080,49593500,,,,,19960653,32179800,1234668,13303301,201602.0
117,A13519007,34340700,36978730,,,-27534800,27410000,,,366960,11000820,201602.0
118,A13519004,0,0,0,0,,,,,4588500,0,201602.0
119,A13519005,0,0,,,0,0,7402120,27754400,0,8186580,201602.0
120,A13519003,0,0,0,0,0,0,4843570,17705860,319160,4989470,201602.0
121,A13519001,0,0,475590,0,0,0,4370690,13717770,61580,4870530,201602.0
122,A10028172,6482900,23547150,0,0,0,28186840,7729719,26817780,1125710,9962810,201602.0
123,A13519008,1512890,33772570,0,0,0,20745780,-1968850,19539180,-1175780,9020900,201602.0
124,A13520003,45680420,27689910,0,0,7947180,30112540,12043511,54990760,-1076120,15469200,201602.0
125,A13520004,2441040,27067120,0,0,0,12386310,7905537,14879670,246450,5767400,201602.0
126,A10027985,106079070,0,0,0,0,0,70847040,0,16556010,0,201602.0
127,A13520002,0,0,0,0,0,0,27913283,69377620,741578,15955440,201602.0
128,A10023314,,,,,,,,,,,201602.0
129,A13520001,0,0,110310,0,0,0,13591497,52444790,255310,13514620,201602.0
130,A10027909,0,0,0,0,0,0,14512920,0,2043060,0,201602.0
131,A10027912,0,0,0,0,0,0,7346600,11546990,-213810,3889620,201602.0
132,A13594702,3355970,71755510,0,0,0,19384700,6621440,0,0,0,201602.0
133,A13523005,4363980,70464867,0,0,0,30355500,14002826,40617534,0,10816450,201602.0
134,A13523004,14162930,76521560,0,0,960000,15941200,731140,42037450,67460,8006950,201602.0
135,A13594701,8850060,55870370,0,0,0,21865400,8102590,23993630,564240,5642390,201602.0
136,A13593802,11360020,37639240,0,0,0,21448000,9245650,0,753190,0,201602.0
137,A13523003,2330670,50522500,0,0,0,20771160,1588496,21443750,-770,8466210,201602.0
138,A13594402,52014010,0,36400,0,0,4904000,6476610,12560120,687640,0,201602.0
139,A13593801,2002864,18159648,0,3663670,0,10176390,6369290,23984250,0,0,201602.0
140,A13594203,34157070,72436370,0,0,0,26669600,9504940,37786800,6091500,9426490,201602.0
141,A13594403,107957360,0,0,0,0,20836000,6441180,35409710,0,0,201602.0
142,A10027571,,,,,,,,,,,201602.0
143,A10025823,,,,,,,,,,,201602.0
144,A10024216,,,,,,,,,,,201602.0
145,A13522003,5746310,44096660,0,5137310,0,9527500,4565670,0,1243990,0,201602.0
146,A13522008,0,89225880,0,0,0,32244000,0,0,0,0,201602.0
147,A13522004,4250560,61551770,0,3342490,0,25617800,11212660,29769920,615940,10646850,201602.0
148,A13588402,15378900,55863500,0,0,-10608200,10500900,8038713,31912730,3681050,0,201602.0
149,A13522007,12573440,50540130,0,0,0,39715240,7530190,0,2583310,0,201602.0
150,A13522006,11123970,54538870,0,0,0,19308000,4882200,27187990,3242820,0,201602.0
151,A13552001,9276944,34978146,76830,0,0,23035200,0,602560,0,5000,201602.0
152,A13552002,0,0,0,0,0,0,12128303,44347390,512290,11117270,201602.0
153,A13588601,44378730,0,0,0,0,0,18942960,0,5104960,0,201602.0
154,A10025204,,,,,,,,,,,201602.0
155,A10027446,,,,,,,,,,,201602.0
156,A13550502,4195270,79553610,0,0,0,32398270,15428540,41926940,0,12544470,201602.0
157,A13527004,2734220,20438780,0,0,0,4509000,2555090,7572790,0,2925470,201602.0
158,A13585404,353410,39232310,0,0,0,19123500,8215560,24852110,0,7184250,201602.0
159,A13527002,155022,14287680,0,0,0,4131000,2596409,6672090,0,3121520,201602.0
160,A13527008,0,0,0,0,0,0,3806636,15990260,14090,5264480,201602.0
161,A13527013,3434217,62816780,0,0,0,18972840,10186154,20556660,947300,4855230,201602.0
162,A13527203,17342780,253348790,0,0,0,137729600,72524150,183598100,-2712700,50524200,201602.0
163,A13585401,0,16905300,0,0,0,4482000,0,7259640,0,1324680,201602.0
164,A13586102,1039680,19333880,0,0,0,5928000,3101170,6748060,114780,3994720,201602.0
165,A13585804,5764230,99284580,0,0,0,40490000,26976802,39087650,1361550,0,201602.0
166,A13527007,2111410,30754820,0,0,0,14272100,9873145,24657420,320520,4406280,201602.0
167,A13527016,4709080,48104600,0,0,0,10899000,2314190,16307050,302140,7676020,201602.0
168,A13550403,2136880,47615900,0,0,0,12240000,7679194,13801250,2357190,5626520,201602.0
169,A13586101,0,0,0,0,0,0,1203890,0,194040,0,201602.0
170,A13527010,-730,59096100,0,0,0,9652000,3546660,10897690,20,6142170,201602.0
171,A13527019,5069210,36580310,0,0,0,12089300,8221079,24082800,568140,6001260,201602.0
172,A13527006,46658410,0,0,0,2308600,0,15163410,0,4971740,0,201602.0
173,A10027319,,,,,,,,,,,201602.0
174,A13550404,,,,,,,,,,,201602.0
175,A10024793,,,,,,,,,,,201602.0
