,kaptCode,heatC,heatP,gasC,gasP,waterHotC,waterHotP,electC,electP,waterCoolC,waterCoolP,Date
0,A13508012,2154950,12349420,0,0,0,10301980,7082900,18877260,93420,6360400,201611.0
1,A13579501,2501050,19153500,0,0,0,9451570,5709480,21791690,-344390,5987170,201611.0
2,A13592604,6384300,28885480,0,2878170,0,16820020,10603136,26359990,0,9438230,201611.0
3,A13508009,30012700,26726770,0,0,0,11536770,8229011,29995807,750770,7655770,201611.0
4,A13508004,5036660,8274530,0,0,0,3511980,2597088,8678790,0,3286890,201611.0
5,A13508003,0,0,0,0,0,0,2539966,0,2395760,0,201611.0
6,A13579506,1886840,13692600,0,0,0,2502200,4695909,20608630,0,3761090,201611.0
7,A13508006,2854620,16706450,0,0,0,12926960,5752306,28146100,0,5368130,201611.0
8,A13508011,2697760,25199790,0,0,-860,8737080,9470550,32782470,559110,6579140,201611.0
9,A13592601,4426040,20161570,0,0,0,12810750,1671849,26785670,60,7647510,201611.0
10,A13592706,3665641,44525960,0,4351070,0,25489420,12462508,34803120,0,16957590,201611.0
11,A13579505,2529400,22013530,0,0,0,9150590,8657745,28643440,0,8082180,201611.0
12,A13508005,0,0,0,0,0,0,4423130,0,1983820,0,201611.0
13,A13579503,3530,0,0,0,0,0,2458690,9153430,0,0,201611.0
14,A13592605,45740290,0,3338140,0,9690430,0,48763122,0,12617440,0,201611.0
15,A13591402,0,0,0,0,0,0,2792624,11546360,0,3594030,201611.0
16,A10027474,2464150,14409320,0,0,1224600,8858090,8523630,18572020,0,5386180,201611.0
17,A10023825,,,,,,,,,,,201611.0
18,A10024820,,,,,,,,,,,201611.0
19,A10024813,,,,,,,,,,,201611.0
20,A13599303,0,29033900,0,0,0,13155000,6859430,27799260,618160,0,201611.0
21,A13594007,234330,22140440,0,2697520,0,17391290,4653920,0,1224460,4172160,201611.0
22,A13580602,5377580,58593920,0,0,0,14480400,10225690,32629570,-798,14217138,201611.0
23,A13524004,560,42742800,0,0,0,8377600,5595440,20165290,1544360,6047930,201611.0
24,A13599402,0,28663400,0,3954910,0,10137500,249340,31145760,0,12004120,201611.0
25,A13524005,3039360,36589560,0,0,0,7443200,6783530,26089880,1381120,0,201611.0
26,A13593908,1630431,31436640,0,0,0,15347800,0,0,0,0,201611.0
27,A13580001,1417160,16550950,0,0,0,5649400,2364155,12443960,-1890,3905510,201611.0
28,A13524006,0,63682800,0,0,0,7615530,5522210,36317360,3655210,7885720,201611.0
29,A13593901,2362220,16046740,0,0,0,3628800,5251200,19447320,38910,2347110,201611.0
30,A13524009,50720060,0,0,0,30055130,0,41889550,0,13767500,0,201611.0
31,A13580002,-973,14764770,0,0,0,5084680,1973849,9480310,10300,4224250,201611.0
32,A13599301,71613830,0,0,0,0,8868000,10832030,25015380,27620,0,201611.0
33,A10025203,,,,,,,,,,,201611.0
34,A10025675,,,,,,,,,,,201611.0
35,A10023565,,,,,,,,,,,201611.0
36,A10024564,,,,,,,,,,,201611.0
37,A10023996,,,,,,,,,,,201611.0
38,A13510003,1411890,16697910,0,0,0,3740000,3775590,15214290,-560,4393190,201611.0
39,A13510001,0,0,0,0,0,0,1239470,6006670,0,2486590,201611.0
40,A13510201,869880,9499550,0,0,0,3387600,1396600,7513450,0,3248780,201611.0
41,A13510203,0,0,0,0,0,0,1535030,10194860,0,3492550,201611.0
42,A13510102,1617580,17353510,0,0,0,5700000,4889250,13319280,-770,4625590,201611.0
43,A13510006,0,0,0,0,0,0,2926659,17132470,0,9497910,201611.0
44,A13510103,3776180,27992000,0,0,0,6167500,2873350,17730200,47060,6007410,201611.0
45,A13510202,21330960,0,0,0,0,3885000,1704780,8580310,0,2698190,201611.0
46,A13576201,0,0,0,0,0,0,961680,10994540,0,0,201611.0
47,A13510005,4863600,47777110,0,0,0,17780600,13389470,39130510,0,9118150,201611.0
48,A13510009,0,0,0,0,0,0,3754900,13677900,190,3026670,201611.0
49,A13510007,7670340,26423220,0,0,0,13180870,5315595,29926250,317600,7477980,201611.0
50,A10025280,,,,,,,,,,,201611.0
51,A10025755,,,,,,,,,,,201611.0
52,A10024640,,,,,,,,,,,201611.0
53,A13509001,0,0,64370,0,0,0,2296660,6759230,0,2970880,201611.0
54,A13570501,7278960,45871200,0,0,0,9548000,16716488,41251560,-11100,13779040,201611.0
55,A13550701,-4969906,23038993,0,0,-5093480,15892580,8484876,21833300,-222616,5949726,201611.0
56,A13509005,102090,15540290,0,0,5398510,5398510,5212926,19287100,155380,4513320,201611.0
57,A13509004,0,0,0,0,0,0,2431710,9782470,244410,3718190,201611.0
58,A13509010,5720290,39691400,0,0,0,18439050,15558230,51521890,193350,12677190,201611.0
59,A13509006,35340,0,0,0,0,0,4372740,9153010,0,4594060,201611.0
60,A13509003,0,0,0,0,0,0,1085010,9752390,0,0,201611.0
61,A13509012,51800160,0,0,0,27537700,0,73312590,0,17086540,0,201611.0
62,A13509007,2209420,19804750,0,0,0,4675000,5042940,12818920,253410,5400160,201611.0
63,A13570502,,,,,,,,,,,201611.0
64,A13509013,,,,,,,,,,,201611.0
65,A13509101,0,0,0,0,0,0,2188450,7207230,1076730,2870410,201611.0
66,A13509009,21458120,39472650,0,0,-17181360,17181360,21242270,80285890,0,9812370,201611.0
67,A13509014,,,,,,,,,,,201611.0
68,A10026350,,,,,,,,,,,201611.0
69,A10026934,,,,,,,,,,,201611.0
70,A10024131,,,,,,,,,,,201611.0
71,A10023939,,,,,,,,,,,201611.0
72,A10024819,,,,,,,,,,,201611.0
73,A13528102,5403350,52503060,0,0,0,16535340,15650210,53589120,683590,13754190,201611.0
74,A13528103,6813660,71532250,0,0,0,12719000,12307130,85377330,0,17442810,201611.0
75,A13528004,28486000,168656170,0,10714740,0,50986800,21285180,153808320,0,51638130,201611.0
76,A13583604,0,99360690,0,0,0,17245000,10299480,51342720,684460,15134380,201611.0
77,A13583701,2887240,26922890,0,2560240,2082000,20820000,6812184,25873060,904510,8557730,201611.0
78,A13528003,4863144,44195100,0,4028580,0,33224940,15373200,42366820,1487920,12157730,201611.0
79,A13528007,3904180,12317900,0,0,0,8006900,7593010,25124210,183350,6563830,201611.0
80,A13528105,4370,66845250,0,0,0,29605800,4895350,75690900,0,16449640,201611.0
81,A13584101,2424330,17479430,0,0,0,9896680,6623341,25751020,0,5353550,201611.0
82,A13583507,0,499449020,0,0,0,95021780,51464413,163025450,-6868260,52510000,201611.0
83,A13583403,52690740,0,0,0,10015500,0,25895580,0,6212820,0,201611.0
84,A13583404,63464580,0,0,0,0,7898400,11019351,29956570,651880,9240670,201611.0
85,A13583402,2918490,41237560,0,0,-5144000,5144000,6917320,15772200,1610410,5048870,201611.0
86,A10027800,57489113,0,0,0,43321260,0,143912937,0,30473798,0,201611.0
87,A10025646,,,,,,,,,,,201611.0
88,A10026526,,,,,,,,,,,201611.0
89,A10024102,,,,,,,,,,,201611.0
90,A10024815,,,,,,,,,,,201611.0
91,A10026924,,,,,,,,,,,201611.0
92,A10024799,,,,,,,,,,,201611.0
93,A10028094,,,,,,,,,,,201611.0
94,A10024029,,,,,,,,,,,201611.0
95,A10024814,,,,,,,,,,,201611.0
96,A10024805,,,,,,,,,,,201611.0
97,A13501004,49660,0,0,0,0,0,8034830,17928760,908970,7225460,201611.0
98,A13501001,0,0,2428260,0,0,0,10049680,33607390,867310,4040490,201611.0
99,A13582002,0,55397770,0,0,0,11059200,6828420,22258210,0,0,201611.0
100,A13501007,,,,,,,,,,,201611.0
101,A13501008,,,,,,,,,,,201611.0
102,A13583301,0,0,0,0,0,0,2357569,10382900,0,2498590,201611.0
103,A13501006,2147610,11285740,0,0,0,10049600,3173663,22201810,0,5351940,201611.0
104,A13501005,,,,,,,,,,,201611.0
105,A10024501,,,,,,,,,,,201611.0
106,A13590204,118840390,0,0,0,0,14712000,1628453,54494000,-1079615,0,201611.0
107,A13589802,20286308,491611532,0,0,-38538000,38538000,1874097,232643760,18698930,40911160,201611.0
108,A13511201,57269240,0,0,0,-5937600,5937600,2639496,24190800,2000000,0,201611.0
109,A13551103,-8386786,148021026,0,0,0,12224000,2331372,48161480,7349920,0,201611.0
110,A13590602,71507960,0,0,0,0,6632960,5431971,30532240,1896030,0,201611.0
111,A13511001,0,42262388,0,0,0,5802300,3500050,24299190,1363840,0,201611.0
112,A13511004,1130,279696660,0,0,0,34798500,24119481,110683590,1691280,0,201611.0
113,A13511101,0,75205770,0,0,0,11136000,0,28515520,0,12262620,201611.0
114,A13511003,0,83180295,0,0,0,16707600,4803775,41171150,3530410,0,201611.0
115,A13519002,0,0,0,0,0,0,3674960,12254210,158350,6118930,201611.0
116,A13519006,8748900,22827790,0,0,-1610,17413910,12219641,29585800,0,15008330,201611.0
117,A13519007,25833200,15925450,0,0,-18590020,18475400,4631010,30548120,446890,12044960,201611.0
118,A13519004,0,0,0,0,0,0,18097210,0,4709880,0,201611.0
119,A13519005,0,0,0,0,0,0,6611420,26891650,0,9048400,201611.0
120,A13519003,0,0,0,0,0,0,3255360,14344730,376050,5453820,201611.0
121,A13519001,0,0,117620,0,0,0,3609550,11061720,8170,5363270,201611.0
122,A10028172,5218614,16696800,0,0,0,11148150,11814329,23433550,0,10809780,201611.0
123,A13519008,-3210200,16295540,0,0,0,16266600,1489710,20169250,-1563010,9640260,201611.0
124,A13520003,9595780,27921160,0,0,0,26975250,13555308,52860110,0,14967200,201611.0
125,A13520004,2396500,14455320,0,0,0,8569040,6365345,15264470,212410,6192140,201611.0
126,A10027985,63994070,0,0,0,0,0,54393730,0,18498050,0,201611.0
127,A13520002,0,0,0,0,0,0,15643600,57607100,1558050,16540590,201611.0
128,A10023314,,,,,,,,,,,201611.0
129,A13520001,0,0,2750,0,0,0,13155991,35440820,222340,13972520,201611.0
130,A10027909,0,0,14140,0,0,0,9551300,6889490,2485280,2368970,201611.0
131,A10027912,0,0,98860,0,0,0,3224970,12746850,340040,4547550,201611.0
132,A13594702,3355970,38817920,0,0,0,15037770,5165360,381890,0,0,201611.0
133,A13523005,4363980,43563435,0,0,0,16280800,8739560,35990620,0,11891000,201611.0
134,A13523004,10343260,51652970,0,0,0,5082000,671650,34878980,0,9069760,201611.0
135,A13594701,6556050,35229510,0,0,0,12125780,8568258,19053470,642170,6421740,201611.0
136,A13593802,9126600,28374990,0,0,0,10288380,6788490,0,726550,0,201611.0
137,A13523003,2330670,26041540,0,0,0,12739770,0,19732650,-810,8794040,201611.0
138,A13594402,29687760,0,12260,0,0,3518000,5828860,11865790,249340,0,201611.0
139,A13593801,8391136,8013864,0,2884600,-6952500,9409050,5290820,22687400,2211360,8799840,201611.0
140,A13594203,22637467,37870073,0,0,0,18618600,3413660,33820810,5012700,10917460,201611.0
141,A13594403,64738390,0,0,0,0,17836000,8545640,26972110,0,0,201611.0
142,A10027571,,,,,,,,,,,201611.0
143,A10025823,,,,,,,,,,,201611.0
144,A10024216,,,,,,,,,,,201611.0
145,A13522003,3375250,23978240,0,0,0,7997500,3700360,0,4060,0,201611.0
146,A13522008,0,40106990,0,0,0,30219000,0,0,0,0,201611.0
147,A13522004,3207320,33242820,0,2719810,0,15795390,9182180,26532930,268320,10742370,201611.0
148,A13588402,12628850,27358480,0,0,-9181400,9082800,6558621,26733070,3378690,0,201611.0
149,A13522007,8557430,27011170,0,0,0,24876200,4717190,0,1003550,0,201611.0
150,A13522006,7708120,26458950,0,0,-8000,17128000,6067010,22844300,0,0,201611.0
151,A13552001,4680400,7781710,0,0,0,15436000,0,628270,0,5000,201611.0
152,A13552002,0,0,0,0,0,0,16859608,28087390,1019970,11138270,201611.0
153,A13588601,25990410,303660,0,0,-951000,951000,8083630,7608880,473190,4995120,201611.0
154,A10025204,,,,,,,,,,,201611.0
155,A10027446,3838960,23051700,0,0,-540,6570350,5944940,23450380,1193020,5344680,201611.0
156,A13550502,4195270,41536010,0,0,0,27696880,10376760,41205690,0,14357670,201611.0
157,A13527004,1662150,11734910,0,0,0,3819000,1990350,6929710,0,3271700,201611.0
158,A13585404,31750,2863440,0,0,0,7296000,7111610,24017540,0,6716520,201611.0
159,A13527002,47052,6958140,0,0,0,3217200,2497230,6626000,0,3109670,201611.0
160,A13527008,0,0,0,0,0,0,3291924,13718960,12040,5642030,201611.0
161,A13527013,3434004,37153060,0,0,0,11049600,8442713,20960300,522400,5549600,201611.0
162,A13527203,17344580,142678370,0,0,0,87482160,57032980,194929560,-2971360,53767410,201611.0
163,A13585401,0,9055800,0,0,0,3693700,1874120,5724100,0,1142470,201611.0
164,A13586102,1159560,11737720,0,0,-119700,2633400,1477467,8113630,212040,3460530,201611.0
165,A13585804,5764840,56231890,0,0,0,29911500,24335124,39458150,1088600,0,201611.0
166,A13527007,2111410,17630620,0,0,0,8208470,8765199,22049270,170570,3921770,201611.0
167,A13527016,4709290,25656690,0,0,0,8932000,4350220,14838870,469190,7921480,201611.0
168,A13550403,2136880,23586490,0,0,0,10287000,6880154,13768370,2281670,6157960,201611.0
169,A13586101,0,0,0,0,0,0,873870,0,0,0,201611.0
170,A13527010,-710,37253400,0,0,0,7736000,2441166,12011100,50,6368730,201611.0
171,A13527019,2852640,20219700,0,0,0,8807400,7702432,23824510,512450,6025070,201611.0
172,A13527006,30373430,0,0,0,2204900,0,13683350,0,4705220,0,201611.0
173,A10027319,,,,,,,,,,,201611.0
174,A13550404,,,,,,,,,,,201611.0
175,A10024793,,,,,,,,,,,201611.0
