,kaptCode,heatC,heatP,gasC,gasP,waterHotC,waterHotP,electC,electP,waterCoolC,waterCoolP,Date
0,A13508012,2154950,14996780,0,0,0,13411140,6719190,17327790,74320,5865430,201603.0
1,A13579501,2385600,20316600,0,0,0,13577460,5631710,19102950,-421320,5788540,201603.0
2,A13592604,2807120,33730500,0,4393090,0,19932000,5286229,29919750,0,11652350,201603.0
3,A13508009,34444900,31158970,0,0,0,16088100,5977312,32981733,254430,8384090,201603.0
4,A13508004,5375580,8786480,0,0,0,4136550,2963158,7837260,0,3187210,201603.0
5,A13508003,0,0,0,0,0,0,2005150,0,2201472,0,201603.0
6,A13579506,1886840,11492800,0,0,0,7388050,4756309,18038670,0,4719670,201603.0
7,A13508006,2854620,22817730,0,0,0,10563680,5531786,27321750,0,5461390,201603.0
8,A13508011,2697760,25333160,0,0,0,16139800,9892170,30078950,509860,6927690,201603.0
9,A13592601,4196090,21873230,0,0,0,17992200,4093699,24153280,-220,7066120,201603.0
10,A13592706,3665641,51026580,0,4468650,0,33995000,11326986,31838160,0,16358130,201603.0
11,A13579505,2529400,21850290,0,0,0,15081250,6350066,26598970,0,9385990,201603.0
12,A13508005,0,0,0,0,0,0,5482350,0,1778980,0,201603.0
13,A13579503,73540,0,0,0,0,0,2247860,8672510,0,0,201603.0
14,A13592605,6806950,34474070,0,3586450,0,24817500,8114200,33273520,0,11982970,201603.0
15,A13591402,0,0,0,0,0,0,15174021,0,3730470,0,201603.0
16,A10027474,,,,,,,,,,,201603.0
17,A10023825,,,,,,,,,,,201603.0
18,A10024820,,,,,,,,,,,201603.0
19,A10024813,,,,,,,,,,,201603.0
20,A13599303,0,138916100,0,0,0,23970000,8857520,32368000,859960,0,201603.0
21,A13594007,391610,23837760,0,2980580,0,26245040,4241100,0,978440,3133360,201603.0
22,A13580602,5377580,62661330,0,0,0,15886200,7794210,29457220,0,12257258,201603.0
23,A13524004,60,54506850,0,0,0,10188800,4756210,18069710,594050,5505090,201603.0
24,A13599402,0,118393800,0,5240130,0,13232500,5263600,36507040,0,10961650,201603.0
25,A13524005,3039360,40099360,0,0,0,9084800,4797210,22899070,2518880,0,201603.0
26,A13593908,9459002,25885200,0,0,0,26615400,0,0,0,0,201603.0
27,A13580001,1417240,18649290,0,0,0,6373200,1903373,10473600,0,3800250,201603.0
28,A13524006,0,79777260,0,0,0,9422640,5256320,28307100,3864890,7399150,201603.0
29,A13593901,1967950,16352520,0,0,0,6967100,4691810,17413570,0,2512580,201603.0
30,A13524009,55450040,0,0,0,39400900,0,38126140,0,13860410,0,201603.0
31,A13580002,-655460,19658520,0,0,0,7594860,3107896,8876180,20200,3999280,201603.0
32,A13599301,82880640,0,0,0,0,12504000,11085150,26863550,27620,0,201603.0
33,A10025203,,,,,,,,,,,201603.0
34,A10025675,,,,,,,,,,,201603.0
35,A10023565,,,,,,,,,,,201603.0
36,A10024564,,,,,,,,,,,201603.0
37,A10023996,,,,,,,,,,,201603.0
38,A13510003,1411470,16838710,0,0,0,5362000,3814710,18888640,0,4509610,201603.0
39,A13510001,0,0,0,0,0,0,1342440,6265390,24190,2228620,201603.0
40,A13510201,865860,11507120,0,0,0,4082400,1610264,7070040,0,2801190,201603.0
41,A13510203,0,0,0,0,0,0,1369370,10651740,0,3438850,201603.0
42,A13510102,1617650,20277850,0,0,0,6780000,5483720,14520300,0,5461170,201603.0
43,A13510006,0,0,0,0,0,0,3461142,16118060,0,9381700,201603.0
44,A13510103,3740820,27814380,0,0,0,10136000,2780200,18346480,91670,6304650,201603.0
45,A13510202,22599080,0,0,0,0,4590000,1565660,8989800,149210,2637120,201603.0
46,A13576201,0,0,0,0,0,0,1507830,11787010,0,0,201603.0
47,A13510005,4863600,55452890,0,0,0,21659040,10340200,44165140,3111140,7323380,201603.0
48,A13510009,0,0,0,0,0,0,3612400,12484750,1700,2715980,201603.0
49,A13510007,11826030,27126120,0,0,0,16644520,6882525,27263180,0,3250470,201603.0
50,A10025280,,,,,,,,,,,201603.0
51,A10025755,,,,,,,,,,,201603.0
52,A10024640,,,,,,,,,,,201603.0
53,A13509001,0,0,486020,0,0,0,2605170,6449860,0,3079500,201603.0
54,A13570501,10002340,47904000,0,0,0,14831100,10034123,42680010,-2670,11811340,201603.0
55,A13550701,1980438,18350080,0,0,0,12685140,4083132,25896350,0,7119200,201603.0
56,A13509005,69260,17450940,0,0,6783200,6783200,4589936,18545380,119650,4412100,201603.0
57,A13509004,0,0,0,0,0,0,3586970,10135980,298020,3878810,201603.0
58,A13509010,5577320,43630910,0,0,0,27082550,12537480,56106550,195310,12379710,201603.0
59,A13509006,126370,0,0,0,0,0,2379970,9094090,0,4494980,201603.0
60,A13509003,0,0,0,0,0,0,1052060,9568810,0,0,201603.0
61,A13509012,8848270,47163100,0,0,108250,35822090,17803630,58278600,32250,18269010,201603.0
62,A13509007,3217233,21192297,0,0,0,6600400,4735130,12289350,63240,5674740,201603.0
63,A13570502,,,,,,,,,,,201603.0
64,A13509013,,,,,,,,,,,201603.0
65,A13509101,0,0,0,0,0,0,2335900,6892040,163660,2685880,201603.0
66,A13509009,17132460,55075870,0,0,-12918400,12918400,16779450,81553962,-9000,10687780,201603.0
67,A13509014,,,,,,,,,,,201603.0
68,A10026350,,,,,,,,,,,201603.0
69,A10026934,,,,,,,,,,,201603.0
70,A10024131,,,,,,,,,,,201603.0
71,A10023939,,,,,,,,,,,201603.0
72,A10024819,,,,,,,,,,,201603.0
73,A13528102,5403280,61459060,0,0,0,19019460,12441510,55489250,171370,14205510,201603.0
74,A13528103,15013845,72176880,0,0,0,16421700,11222920,90728980,0,18963360,201603.0
75,A13528004,30066380,197931720,0,11315930,0,51683400,1505823,140105830,-2077908,47767590,201603.0
76,A13583604,0,89241800,0,0,0,32772000,9436610,49615880,3469220,13568370,201603.0
77,A13583701,2887240,31873830,0,3159070,2422500,24225000,5866635,24930390,1496150,8278660,201603.0
78,A13528003,0,47854080,0,4213390,0,41241600,15209500,39685190,2846240,11837100,201603.0
79,A13528007,4262200,13717860,0,0,0,11648000,7535930,23995020,201620,6692470,201603.0
80,A13528105,1220,75047400,0,0,3540,36582000,4281220,72745770,1971180,12964460,201603.0
81,A13584101,2424330,21270530,0,0,0,11790590,6213048,22732370,0,5076660,201603.0
82,A13583507,-3220,514785180,0,0,0,90573700,53528660,169896610,9650110,29928800,201603.0
83,A13583403,53333950,0,0,0,10651390,0,26199460,0,6011530,0,201603.0
84,A13583404,70086440,0,0,0,0,9531000,7009370,34003580,367800,9083010,201603.0
85,A13583402,3138430,46975880,0,0,-5790000,5790000,6859410,14270310,2077100,4334490,201603.0
86,A10027800,23070690,56591160,0,0,0,49986850,44668383,89130750,3188770,26358210,201603.0
87,A10025646,,,,,,,,,,,201603.0
88,A10026526,,,,,,,,,,,201603.0
89,A10024102,,,,,,,,,,,201603.0
90,A10024815,,,,,,,,,,,201603.0
91,A10026924,,,,,,,,,,,201603.0
92,A10024799,,,,,,,,,,,201603.0
93,A10028094,,,,,,,,,,,201603.0
94,A10024029,,,,,,,,,,,201603.0
95,A10024814,,,,,,,,,,,201603.0
96,A10024805,,,,,,,,,,,201603.0
97,A13501004,236740,0,0,0,0,0,,,1119400,7442660,201603.0
98,A13501001,0,0,10582080,0,0,0,9157420,39836010,791410,3863660,201603.0
99,A13582002,0,69412920,0,0,0,13183200,5491450,23888750,0,0,201603.0
100,A13501007,,,,,,,,,,,201603.0
101,A13501008,,,,,,,,,,,201603.0
102,A13583301,0,0,0,0,0,0,2492335,10085360,0,2646860,201603.0
103,A13501006,0,13899470,0,0,0,11523150,0,20108830,0,5604700,201603.0
104,A13501005,,,,,,,,,,,201603.0
105,A10024501,,,,,,,,,,,201603.0
106,A13590204,127605173,0,0,0,0,18393000,3990525,51433200,502922,0,201603.0
107,A13589802,14260312,535343258,0,0,-47528000,47528000,44392242,236243810,22153910,36907050,201603.0
108,A13511201,71478170,0,0,0,-9372000,9372000,,,2500000,0,201603.0
109,A13551103,-18489121,171982831,0,0,0,18964000,17038056,42970960,10566800,0,201603.0
110,A13590602,82213570,0,0,0,0,9830400,,,3922140,0,201603.0
111,A13511001,0,41526464,0,0,0,6971400,,,1836660,0,201603.0
112,A13511004,400,303042980,0,0,0,39672000,,,5704950,0,201603.0
113,A13511101,0,83631050,0,0,0,13518000,0,40099160,0,12931560,201603.0
114,A13511003,0,85554904,0,0,0,18263100,10284792,42290000,5991830,0,201603.0
115,A13519002,0,0,0,0,0,0,,,134480,5913940,201603.0
116,A13519006,9790410,28122900,0,0,-1340,21648510,,,463267,14584813,201603.0
117,A13519007,30475550,21597810,0,0,-25212090,25076070,,,470460,12425930,201603.0
118,A13519004,0,0,0,0,0,0,,,4822380,0,201603.0
119,A13519005,0,0,0,0,0,0,,,0,8748100,201603.0
120,A13519003,0,0,0,0,0,0,4133280,14941290,419460,5565200,201603.0
121,A13519001,0,0,299440,0,0,0,,,10810,5334730,201603.0
122,A10028172,5728038,16648310,0,0,0,20784520,,,0,11050920,201603.0
123,A13519008,1290740,19778670,0,0,0,20864250,-145710,20034620,-1965400,9793660,201603.0
124,A13520003,46052220,0,0,0,30112540,0,,,15469200,0,201603.0
125,A13520004,2394230,16054530,0,0,0,12044670,,,206510,6428530,201603.0
126,A10027985,80129720,0,0,0,,,61963990,0,17984600,0,201603.0
127,A13520002,0,0,0,0,0,0,20679893,57649660,2834550,16956120,201603.0
128,A10023314,,,,,,,,,,,201603.0
129,A13520001,0,0,119200,0,,,10304672,41879190,395160,14522380,201603.0
130,A10027909,0,0,131240,0,,,,,2347090,0,201603.0
131,A10027912,0,0,96980,0,0,0,,,407510,3896610,201603.0
132,A13594702,3355970,47987570,0,0,,,5286310,0,0,0,201603.0
133,A13523005,4363980,45479859,0,0,0,22269190,9959907,33149193,0,11136155,201603.0
134,A13523004,12403890,52612730,0,0,0,16947000,569510,32639760,0,7884830,201603.0
135,A13594701,6903200,38348260,0,0,0,16423690,,,609870,6098670,201603.0
136,A13593802,9043460,23466650,0,0,,,7276460,0,746870,0,201603.0
137,A13523003,2330670,30865890,0,0,,,1557250,18729890,0,9303150,201603.0
138,A13594402,30316250,0,10110,0,0,4244000,,,569150,0,201603.0
139,A13593801,1670467,11720916,0,2910750,0,10342850,5107750,21052110,1797880,7812000,201603.0
140,A13594203,29852460,42713540,0,0,0,21362100,7851560,31726400,6175200,10218140,201603.0
141,A13594403,64387400,0,0,0,,,,,322900,0,201603.0
142,A10027571,,,,,,,,,,,201603.0
143,A10025823,,,,,,,,,,,201603.0
144,A10024216,,,,,,,,,,,201603.0
145,A13522003,4117330,30765650,0,0,,,,,1576480,0,201603.0
146,A13522008,0,50839230,0,0,,,0,0,0,0,201603.0
147,A13522004,4283150,38544420,0,2978000,0,19757790,,,361840,11433500,201603.0
148,A13588402,14708060,33005280,0,0,-10306600,10187700,6230311,25454360,3748120,0,201603.0
149,A13522007,9692570,33292300,0,0,,,5462470,0,4345660,0,201603.0
150,A13522006,8723890,33125950,0,0,,,5286250,22768000,0,0,201603.0
151,A13552001,2852430,22985560,41090,0,,,,,0,5000,201603.0
152,A13552002,0,0,0,0,,,10954943,37242390,266780,10406140,201603.0
153,A13588601,30357000,0,0,0,,,,,5060550,0,201603.0
154,A10025204,,,,,,,,,,,201603.0
155,A10027446,,,,,,,,,,,201603.0
156,A13550502,4195270,48154700,0,0,0,26874980,9532750,35169410,0,12903430,201603.0
157,A13527004,2126400,12848780,0,0,0,3975000,,,0,3038800,201603.0
158,A13585404,407380,29064900,0,0,0,17479000,,,0,6780910,201603.0
159,A13527002,72572,9475930,0,0,,,2211990,7205870,0,2834680,201603.0
160,A13527008,0,0,0,0,,,3423476,13145790,8020,5183900,201603.0
161,A13527013,3434020,40121560,0,0,,,9678180,21933850,1237200,4736940,201603.0
162,A13527203,17343070,168205490,0,0,0,109397450,,,-3292410,56203070,201603.0
163,A13585401,0,10643400,0,0,0,4536000,0,5387530,0,1340640,201603.0
164,A13586102,1041160,11708490,0,0,,,,,226840,3127020,201603.0
165,A13585804,5762590,58390160,0,0,0,40890000,26634542,41340570,3571180,0,201603.0
166,A13527007,2111410,21303270,0,0,0,9937350,7438410,20554760,431920,4657410,201603.0
167,A13527016,4709450,28122960,0,0,,,6252530,16044170,1366720,7590840,201603.0
168,A13550403,2136880,29542790,0,0,,,,,2442680,5402920,201603.0
169,A13586101,0,0,0,0,0,0,1207870,0,0,0,201603.0
170,A13527010,970,36666300,0,0,,,,,-60,5786180,201603.0
171,A13527019,5858050,21476040,0,0,,,,,232280,5795290,201603.0
172,A13527006,32447120,0,0,0,,,,,4580110,0,201603.0
173,A10027319,,,,,,,,,,,201603.0
174,A13550404,,,,,,,,,,,201603.0
175,A10024793,,,,,,,,,,,201603.0
