,kaptCode,heatC,heatP,gasC,gasP,waterHotC,waterHotP,electC,electP,waterCoolC,waterCoolP,Date
0,A13508012,2154950,21181840,0,0,0,12316200,8154470,17587660,0,6122390,201612.0
1,A13579501,2679610,30122400,0,0,0,13350960,6817010,19187190,-441830,5919270,201612.0
2,A13592604,8124520,49574110,0,3230220,0,18153000,9684279,24538710,0,11529510,201612.0
3,A13508009,44140830,40854900,0,0,0,16541280,8158044,27372422,0,8082650,201612.0
4,A13508004,6809670,12358930,0,0,0,3662400,3390161,7699600,0,3273310,201612.0
5,A13508003,0,0,0,0,0,0,2918298,0,0,0,201612.0
6,A13579506,1886840,21960960,0,0,0,2647290,5809531,17710650,0,4682460,201612.0
7,A13508006,2854620,28329750,0,0,0,18001760,6602421,24826830,575310,4961680,201612.0
8,A13508011,2697760,40418830,0,0,-290,10386980,11756520,29446160,778640,6831290,201612.0
9,A13592601,5263490,33613800,0,0,0,15458100,1865621,24584380,101980,7327460,201612.0
10,A13592706,3665641,66482580,0,4429630,0,35084000,11038884,33651820,0,16250770,201612.0
11,A13579505,2529400,35209020,0,0,0,11261670,9788427,26256900,0,8645740,201612.0
12,A13508005,0,0,0,0,0,0,4302640,0,2033840,0,201612.0
13,A13579503,35830,0,0,0,0,0,2966960,8470970,4792800,0,201612.0
14,A13592605,70615200,0,3172230,0,10506330,0,43494940,0,11742600,0,201612.0
15,A13591402,0,0,0,0,0,0,2867777,11153020,0,3648820,201612.0
16,A10027474,2464170,21225410,0,0,1778940,12574800,10504100,17217900,0,4995200,201612.0
17,A10023825,,,,,,,,,,,201612.0
18,A10024820,,,,,,,,,,,201612.0
19,A10024813,,,,,,,,,,,201612.0
20,A13599303,0,82753600,0,0,0,15097500,9933480,28796470,9080,0,201612.0
21,A13594007,244700,41209520,0,2916210,0,14304820,5412940,0,265270,4463660,201612.0
22,A13580602,5377580,90951380,0,0,0,19228000,8960000,31306750,-18,12826108,201612.0
23,A13524004,-1310,64276950,0,0,0,8902400,6570600,18964890,365120,5464410,201612.0
24,A13599402,0,70419300,0,4076660,0,12105000,8328990,29793020,0,10860720,201612.0
25,A13524005,3039360,59719130,0,0,0,8588800,7929480,22809420,1381120,0,201612.0
26,A13593908,2929793,45601150,0,0,0,21088000,0,0,0,0,201612.0
27,A13580001,1417110,25668420,0,0,0,6773200,2839979,10407940,-1220,3458230,201612.0
28,A13524006,0,106732400,0,0,0,7665210,10184210,27946830,3162950,6918340,201612.0
29,A13593901,2322510,23452000,0,0,0,6108000,6217840,15633520,0,2375770,201612.0
30,A13524009,81536790,0,0,0,33169500,0,40559490,0,12931320,0,201612.0
31,A13580002,-961,23338620,0,0,0,6049770,2689585,9665050,10940,4121250,201612.0
32,A13599301,97662680,0,0,0,0,11176000,9483320,25995140,27620,0,201612.0
33,A10025203,,,,,,,,,,,201612.0
34,A10025675,,,,,,,,,,,201612.0
35,A10023565,,,,,,,,,,,201612.0
36,A10024564,,,,,,,,,,,201612.0
37,A10023996,,,,,,,,,,,201612.0
38,A13510003,1412120,26034170,0,0,0,4270000,3470470,15401800,0,4285440,201612.0
39,A13510001,0,0,0,0,0,0,1385530,6002450,-394330,2221870,201612.0
40,A13510201,874380,15134760,0,0,0,3924000,1660719,7163530,0,3109450,201612.0
41,A13510203,0,0,0,0,0,0,1703140,10098870,0,3330970,201612.0
42,A13510102,1617780,26588840,0,0,0,7282800,2656450,14651450,0,4789090,201612.0
43,A13510006,0,0,0,0,0,0,3593809,15883950,0,0,201612.0
44,A13510103,4193870,38501000,0,0,0,9626500,1207370,18024900,0,6199680,201612.0
45,A13510202,28944170,0,0,0,0,3867000,2148220,8221510,309040,2197540,201612.0
46,A13576201,0,0,0,0,0,0,458980,11640650,20740,0,201612.0
47,A13510005,4863600,77235100,0,0,0,21635400,14872210,36957990,0,8294600,201612.0
48,A13510009,0,0,0,0,0,0,4727110,12565210,1770,2656820,201612.0
49,A13510007,5823580,45312220,0,0,0,18985680,8039304,28595480,-1350400,7401640,201612.0
50,A10025280,,,,,,,,,,,201612.0
51,A10025755,,,,,,,,,,,201612.0
52,A10024640,,,,,,,,,,,201612.0
53,A13509001,0,0,238660,0,0,0,1965680,7082140,0,2718740,201612.0
54,A13570501,11792480,67277000,0,0,0,11542000,15471886,39384060,690,14071930,201612.0
55,A13550701,25024327,27387419,0,0,15892580,16128640,27514875,20967800,5949726,6000180,201612.0
56,A13509005,78980,24146940,0,0,6439550,6439550,6025245,17162890,79890,4543160,201612.0
57,A13509004,0,0,0,0,0,0,1788020,10308460,379740,3613590,201612.0
58,A13509010,5862520,63705600,0,0,0,22660410,17110320,44932740,194640,12804280,201612.0
59,A13509006,137420,0,0,0,0,0,3333080,9305990,0,4846380,201612.0
60,A13509003,0,0,0,0,0,0,11051950,9769560,7383360,7384210,201612.0
61,A13509012,73201510,0,0,0,40582080,0,71451350,0,16706730,0,201612.0
62,A13509007,2595080,31685980,0,0,0,5332500,5919970,11890680,291930,5333500,201612.0
63,A13570502,,,,,,,,,,,201612.0
64,A13509013,,,,,,,,,,,201612.0
65,A13509101,0,0,0,0,0,0,2362990,7182300,478170,2675210,201612.0
66,A13509009,24850040,66930040,0,0,-20638800,20638800,26658381,56726919,0,10621460,201612.0
67,A13509014,,,,,,,,,,,201612.0
68,A10026350,,,,,,,,,,,201612.0
69,A10026934,,,,,,,,,,,201612.0
70,A10024131,,,,,,,,,,,201612.0
71,A10023939,,,,,,,,,,,201612.0
72,A10024819,,,,,,,,,,,201612.0
73,A13528102,5403350,81385230,0,0,0,19162740,17602850,47060130,218900,14157950,201612.0
74,A13528103,6724340,113065640,0,0,0,12412880,22891393,69052367,0,18503520,201612.0
75,A13528004,34292680,281314780,0,10711300,0,51848100,22378450,134128210,0,47595630,201612.0
76,A13583604,0,194071470,0,0,0,16143750,12769480,40548780,564040,13297060,201612.0
77,A13583701,2887240,43074780,0,2548000,2395000,23950000,7178041,24258690,995810,8277110,201612.0
78,A13528003,4863144,66275850,0,4060520,0,44036800,18056890,40398880,2502100,11959800,201612.0
79,A13528007,4280450,21000000,0,0,0,10769500,7712790,23027460,382630,6595290,201612.0
80,A13528105,1290,160921500,0,0,0,31235400,5403440,71029530,-1043360,16491460,201612.0
81,A13584101,2424330,28208410,0,0,0,13587840,7792656,21630880,0,5325410,201612.0
82,A13583507,0,686117880,0,0,0,114534770,48194759,160057560,-7270590,52446930,201612.0
83,A13583403,77097400,0,0,0,11002200,0,23983620,0,5949700,0,201612.0
84,A13583404,92664000,0,0,0,0,8029800,13493040,29247350,579070,9520670,201612.0
85,A13583402,2846120,56531160,0,0,-5442000,5442000,6378090,14428520,2263250,4969030,201612.0
86,A10027800,91231708,0,0,0,62814610,0,140335538,0,29256449,0,201612.0
87,A10025646,,,,,,,,,,,201612.0
88,A10026526,,,,,,,,,,,201612.0
89,A10024102,,,,,,,,,,,201612.0
90,A10024815,,,,,,,,,,,201612.0
91,A10026924,,,,,,,,,,,201612.0
92,A10024799,,,,,,,,,,,201612.0
93,A10028094,,,,,,,,,,,201612.0
94,A10024029,,,,,,,,,,,201612.0
95,A10024814,,,,,,,,,,,201612.0
96,A10024805,,,,,,,,,,,201612.0
97,A13501004,218820,0,0,0,0,0,9269473,17431920,1029430,7299500,201612.0
98,A13501001,0,0,5725470,0,0,0,11089590,28591540,673420,4196710,201612.0
99,A13582002,0,84398740,0,0,0,12009600,8275130,20842250,0,0,201612.0
100,A13501007,,,,,,,,,,,201612.0
101,A13501008,,,,,,,,,,,201612.0
102,A13583301,0,0,0,0,0,0,2643442,9084130,0,2568110,201612.0
103,A13501006,2147610,21029520,0,0,0,10597750,7642370,18739440,0,5680210,201612.0
104,A13501005,,,,,,,,,,,201612.0
105,A10024501,,,,,,,,,,,201612.0
106,A13590204,167398429,0,0,0,0,15300000,5683571,46591800,-1240124,0,201612.0
107,A13589802,27459076,679895254,0,0,-45080000,45080000,2482666,198400510,17611160,38110040,201612.0
108,A13511201,83526760,0,0,0,0,0,3506519,0,2000000,0,201612.0
109,A13551103,-10762177,211361747,0,0,0,13168000,10583002,47185460,6000000,0,201612.0
110,A13590602,112693380,0,0,0,0,8729600,8363809,26033750,815080,0,201612.0
111,A13511001,0,60407956,0,0,0,6731100,5413750,20003460,0,0,201612.0
112,A13511004,-1290,403544140,0,0,0,34282650,27180888,101105090,1901590,0,201612.0
113,A13511101,0,104981740,0,0,0,12282000,0,26681800,0,11955840,201612.0
114,A13511003,0,133193997,0,0,0,17969850,13277714,35102964,0,0,201612.0
115,A13519002,0,0,0,0,0,0,2515830,15350580,480380,5858180,201612.0
116,A13519006,11096430,40938560,0,0,510,19429400,13094974,29764500,0,15204140,201612.0
117,A13519007,36374770,25262450,0,0,-26711570,26568750,5337650,30140280,493330,12286490,201612.0
118,A13519004,0,0,0,0,0,0,18034940,0,4742220,0,201612.0
119,A13519005,0,0,0,0,0,0,8003400,26896870,0,8728830,201612.0
120,A13519003,0,0,0,0,0,0,3930650,14251680,410550,5508540,201612.0
121,A13519001,0,0,289110,0,0,0,3486610,11155960,15470,5460010,201612.0
122,A10028172,5971697,28772240,0,0,0,13211520,10412398,23133550,0,10945030,201612.0
123,A13519008,-5332840,26316170,0,0,0,22059960,287780,20447700,-2333590,9619710,201612.0
124,A13520003,12276250,46322690,0,0,0,37264860,14792897,51289810,0,15286050,201612.0
125,A13520004,2396500,23683810,0,0,0,10371470,7024166,15602130,115840,6380230,201612.0
126,A10027985,91358210,0,0,0,0,0,57346940,0,17524740,0,201612.0
127,A13520002,0,0,0,0,0,0,10949960,56020223,287130,16999810,201612.0
128,A10023314,,,,,,,,,,,201612.0
129,A13520001,0,0,58780,0,0,0,12998194,35730258,148140,14781010,201612.0
130,A10027909,0,0,46000,0,0,0,2897400,6998540,285310,2210960,201612.0
131,A10027912,0,0,195360,0,0,0,4429640,12746850,168940,4547550,201612.0
132,A13594702,3355970,57616710,0,0,0,16871980,6176400,408990,0,0,201612.0
133,A13523005,4363980,0,0,0,0,0,9645229,0,0,0,201612.0
134,A13523004,12797730,73957700,0,0,0,5566000,747230,32023120,0,8490390,201612.0
135,A13594701,8232030,50311380,0,0,0,17997840,6262593,19653960,605390,6053940,201612.0
136,A13593802,10552540,33681060,0,0,0,14964660,8326390,0,761406,0,201612.0
137,A13523003,2330670,39690820,0,0,0,18350640,0,18748000,101380,9002450,201612.0
138,A13594402,41576500,0,87650,0,0,3512000,6038150,11761570,249340,0,201612.0
139,A13593801,9058404,13787316,0,2890650,-7297500,9875950,6114890,20999320,0,0,201612.0
140,A13594203,32463569,57706661,0,0,0,26858300,3516240,33433210,5626500,10387740,201612.0
141,A13594403,88972220,0,0,0,0,19184000,11047490,24841830,0,0,201612.0
142,A10027571,,,,,,,,,,,201612.0
143,A10025823,,,,,,,,,,,201612.0
144,A10024216,,,,,,,,,,,201612.0
145,A13522003,4783310,36354610,0,4603910,0,8367500,4333750,0,673880,0,201612.0
146,A13522008,0,71246860,0,0,0,29547000,0,0,0,0,201612.0
147,A13522004,3207320,46156950,0,2783990,0,21813120,11565650,23442870,237080,10824560,201612.0
148,A13588402,14457180,41846490,0,0,-10593700,10503800,8181247,24673040,3389470,0,201612.0
149,A13522007,11510220,51041900,0,0,0,25235530,5633530,0,1070320,0,201612.0
150,A13522006,10049680,46392650,0,0,-16000,17920000,7466650,21975440,4067540,0,201612.0
151,A13552001,6672182,12578038,27490,0,0,21609000,0,561810,0,5000,201612.0
152,A13552002,0,0,0,0,0,0,10695102,34975340,0,10157290,201612.0
153,A13588601,6591300,23046620,0,0,0,9090000,4462720,11551500,1575700,3657530,201612.0
154,A10025204,,,,,,,,,,,201612.0
155,A10027446,4113260,33942020,0,0,-1430,9187400,7636880,23943050,32610,5117790,201612.0
156,A13550502,4195270,63654170,0,0,0,35677040,12716360,32254440,0,12721210,201612.0
157,A13527004,2517520,18124860,0,0,0,3954000,2729410,5943280,0,2888210,201612.0
158,A13585404,245620,17933400,0,3005990,0,9279600,7869510,20998750,0,6947140,201612.0
159,A13527002,52892,11571390,0,0,0,3603000,2745925,6779810,0,2978480,201612.0
160,A13527008,0,0,0,0,0,0,3266756,13185610,11330,5469430,201612.0
161,A13527013,3434010,56821050,0,0,0,15140510,9685416,19194890,663180,4883300,201612.0
162,A13527203,17343390,214372630,0,0,0,122880240,69569860,176679850,0,54833440,201612.0
163,A13585401,0,13579460,0,0,0,4294400,1572289,5799830,0,1298080,201612.0
164,A13586102,1039800,17572310,0,0,0,3236100,1101738,8496400,282430,3432310,201612.0
165,A13585804,416590,87273340,0,0,5348250,35655000,22697260,39146820,725600,0,201612.0
166,A13527007,2111410,25158990,0,0,0,12327840,9878737,18953450,201240,4480230,201612.0
167,A13527016,4709130,43963980,0,0,0,9537500,5291071,15124300,725060,7635000,201612.0
168,A13550403,2136880,38978370,0,0,0,10998000,6313315,13908070,2182800,5592910,201612.0
169,A13586101,0,0,0,0,0,0,1080110,0,0,0,201612.0
170,A13527010,-110,50660100,0,0,0,9488000,6293917,10168150,10,6467040,201612.0
171,A13527019,3052830,32166580,0,0,0,11155000,8382411,22174000,472360,5873930,201612.0
172,A13527006,42017020,0,0,0,2235500,0,13237870,0,4705220,0,201612.0
173,A10027319,,,,,,,,,,,201612.0
174,A13550404,,,,,,,,,,,201612.0
175,A10024793,,,,,,,,,,,201612.0
