,kaptCode,heatC,heatP,gasC,gasP,waterHotC,waterHotP,electC,electP,waterCoolC,waterCoolP,Date
0,A13508012,2154950,3517520,0,0,0,10909290,5992750,19001980,0,5894500,201604.0
1,A13579501,2385600,4759700,0,0,0,10179830,4916210,21193160,-130650,6352100,201604.0
2,A13592604,2807120,7918800,0,3304220,0,17367000,4389963,32756330,0,12630520,201604.0
3,A13508009,12676530,9390600,0,0,0,13163200,5441061,30010313,214650,7986510,201604.0
4,A13508004,4353560,1853620,0,0,0,4100580,2793809,8453370,0,3418260,201604.0
5,A13508003,0,0,0,0,0,0,1882524,0,0,0,201604.0
6,A13579506,1886840,3649080,0,0,0,5296960,4084213,20063230,0,4523520,201604.0
7,A13508006,2854620,4781400,0,0,0,10908850,4656030,29937560,0,4918340,201604.0
8,A13508011,2697760,5841230,0,0,0,13804560,8653090,33612050,285830,6693200,201604.0
9,A13592601,3167400,6078710,0,0,0,13548340,4190350,26819270,340350,7452630,201604.0
10,A13592706,3665641,14989890,0,4540260,0,27922530,12055616,34563880,0,17900480,201604.0
11,A13579505,2529400,5938240,0,0,0,12041820,6843186,29597630,0,7177240,201604.0
12,A13508005,0,0,0,0,0,0,5253860,0,1903910,0,201604.0
13,A13579503,44770,0,0,0,0,0,2100420,8849080,4648240,0,201604.0
14,A13592605,5162610,8910740,0,3227770,0,18772390,5511788,35843390,0,11643810,201604.0
15,A13591402,0,0,0,0,0,0,15041067,0,3670690,0,201604.0
16,A10027474,,,,,,,,,,,201604.0
17,A10023825,,,,,,,,,,,201604.0
18,A10024820,,,,,,,,,,,201604.0
19,A10024813,,,,,,,,,,,201604.0
20,A13599303,0,111994790,0,0,0,16245000,7475820,26120050,2361120,0,201604.0
21,A13594007,230570,10658730,0,2719870,0,14510940,4061810,0,934660,4386280,201604.0
22,A13580602,5377580,22506890,0,0,0,15407700,9426640,32181850,0,13051055,201604.0
23,A13524004,-50,29043750,0,0,0,8268800,3426660,22103710,721230,6249370,201604.0
24,A13599402,0,74965900,0,4218980,0,27320000,6760410,28826310,0,10501210,201604.0
25,A13524005,3039920,14789370,0,0,0,7798400,3993570,25795430,2518880,0,201604.0
26,A13593908,4134965,7403375,0,0,0,22672000,0,0,0,0,201604.0
27,A13580001,1417210,6288050,0,0,0,5795100,1456747,12636840,0,3810650,201604.0
28,A13524006,0,35439260,0,0,0,7832880,2460110,34814310,3180310,7507300,201604.0
29,A13593901,1998430,5493840,0,0,0,5592600,4224210,19598830,0,2453390,201604.0
30,A13524009,14401150,0,0,0,33129600,0,40151190,0,13669300,0,201604.0
31,A13580002,-1814,6692040,0,0,0,6915480,1272851,8391010,22480,4329130,201604.0
32,A13599301,49511640,0,0,0,0,10744000,10430220,25330920,27620,0,201604.0
33,A10025203,,,,,,,,,,,201604.0
34,A10025675,,,,,,,,,,,201604.0
35,A10023565,,,,,,,,,,,201604.0
36,A10024564,,,,,,,,,,,201604.0
37,A10023996,,,,,,,,,,,201604.0
38,A13510003,1411890,5078460,0,0,0,4314800,5285630,11401090,0,4048330,201604.0
39,A13510001,0,0,0,0,0,0,1303830,6500380,0,2324320,201604.0
40,A13510201,864940,3836700,0,0,0,3474000,1235807,7545640,0,3093410,201604.0
41,A13510203,0,0,0,0,0,0,1826040,10893060,0,3114010,201604.0
42,A13510102,1617640,7870510,0,0,0,5886000,4471730,13450940,0,5048340,201604.0
43,A13510006,0,0,0,0,0,0,2912371,17179910,0,0,201604.0
44,A13510103,2859150,10786980,0,0,0,8199000,2579570,16620420,0,6696530,201604.0
45,A13510202,10414400,0,0,0,0,3726000,1615470,8366960,218630,2503660,201604.0
46,A13576201,0,0,0,0,0,0,1183340,11832630,11290,0,201604.0
47,A13510005,4863600,21876300,0,0,0,19103280,9295920,37182410,1610800,8183690,201604.0
48,A13510009,0,0,0,0,0,0,3418050,13615790,4760,2615740,201604.0
49,A13510007,4954310,5957500,0,0,0,14206730,5446535,29001700,120880,7513920,201604.0
50,A10025280,,,,,,,,,,,201604.0
51,A10025755,,,,,,,,,,,201604.0
52,A10024640,,,,,,,,,,,201604.0
53,A13509001,0,0,323920,0,0,0,2239130,6898390,0,3231360,201604.0
54,A13570501,7623590,17964000,0,0,0,11853600,11387504,39632270,-6210,14237970,201604.0
55,A13550701,4510197,1661370,0,0,2778790,8360000,5473803,24373670,-233090,6744840,201604.0
56,A13509005,85530,5476000,0,0,6405750,6405750,4039017,20580200,92550,4530500,201604.0
57,A13509004,0,0,0,0,0,0,3384040,10285700,270370,3748430,201604.0
58,A13509010,5342160,12527820,0,0,0,22991980,12199120,52243250,193920,12617310,201604.0
59,A13509006,38990,0,0,0,0,0,2865060,8949430,0,4419280,201604.0
60,A13509003,0,0,0,0,0,0,979820,9824750,-340,6923550,201604.0
61,A13509012,6290020,4388310,0,0,86600,35536310,16699820,53969210,32250,19841430,201604.0
62,A13509007,3790080,6283350,0,0,0,5675300,4239690,12967050,206830,5587420,201604.0
63,A13570502,,,,,,,,,,,201604.0
64,A13509013,,,,,,,,,,,201604.0
65,A13509101,0,0,0,0,0,0,2165740,7100570,0,3019670,201604.0
66,A13509009,16100740,19789820,0,0,-11882020,11882020,15093290,67731396,0,9853390,201604.0
67,A13509014,,,,,,,,,,,201604.0
68,A10026350,,,,,,,,,,,201604.0
69,A10026934,,,,,,,,,,,201604.0
70,A10024131,,,,,,,,,,,201604.0
71,A10023939,,,,,,,,,,,201604.0
72,A10024819,,,,,,,,,,,201604.0
73,A13528102,5402640,19055930,0,0,0,20610940,11274740,53545760,330990,13982140,201604.0
74,A13528103,11068490,19457690,0,0,0,21335300,12199370,84313190,0,18083190,201604.0
75,A13528004,23073490,63837550,0,10588290,0,49744800,-1642931,149061100,-2077908,50256770,201604.0
76,A13583604,0,27030000,0,0,0,28264000,6887840,47969400,3075900,13608470,201604.0
77,A13583701,2887240,11462330,0,2395680,2167500,21675000,5730611,25313080,1470130,8559680,201604.0
78,A13528003,0,25187050,0,5075900,0,41030470,11692340,44861740,3684350,12546890,201604.0
79,A13528007,3412960,3006900,0,0,0,9169200,6427040,25992490,335290,6940760,201604.0
80,A13528105,-20,8106450,0,0,1530,24584000,3149030,72764930,1613650,15671690,201604.0
81,A13584101,2424330,5898030,0,0,0,10071580,5108017,25256750,0,5464860,201604.0
82,A13583507,-4610,200182920,0,0,0,82582290,35996510,156125660,12504690,45501420,201604.0
83,A13583403,21587210,0,0,0,9183420,0,23402050,0,6229220,0,201604.0
84,A13583404,30454240,0,0,0,0,7972200,7132050,25291130,164640,9443370,201604.0
85,A13583402,3259710,16312520,0,0,-5266000,5266000,5980400,14959980,2140320,4642120,201604.0
86,A10027800,14868886,0,0,0,44853900,0,122612821,0,26846190,0,201604.0
87,A10025646,,,,,,,,,,,201604.0
88,A10026526,,,,,,,,,,,201604.0
89,A10024102,,,,,,,,,,,201604.0
90,A10024815,,,,,,,,,,,201604.0
91,A10026924,,,,,,,,,,,201604.0
92,A10024799,,,,,,,,,,,201604.0
93,A10028094,,,,,,,,,,,201604.0
94,A10024029,,,,,,,,,,,201604.0
95,A10024814,,,,,,,,,,,201604.0
96,A10024805,,,,,,,,,,,201604.0
97,A13501004,122420,0,0,0,0,0,8793530,18182840,1272530,7075710,201604.0
98,A13501001,0,0,7739380,0,0,0,10164270,35908220,1069030,3586040,201604.0
99,A13582002,0,33417780,0,0,0,11462400,5038000,21946680,0,0,201604.0
100,A13501007,,,,,,,,,,,201604.0
101,A13501008,,,,,,,,,,,201604.0
102,A13583301,0,0,0,0,0,0,2190591,10687840,0,2592340,201604.0
103,A13501006,0,3403820,0,0,0,9101280,7025110,21717380,0,5269060,201604.0
104,A13501005,,,,,,,,,,,201604.0
105,A10024501,,,,,,,,,,,201604.0
106,A13590204,48735629,0,0,0,0,15867000,1032363,52566530,1196416,0,201604.0
107,A13589802,23897780,250128650,0,0,-44518000,44518000,11310259,224749990,19199310,37721910,201604.0
108,A13511201,34391360,0,0,0,-6816000,6816000,720085,24311370,2500000,0,201604.0
109,A13551103,-10280070,81830110,0,0,0,13880000,10738826,46604350,6000000,0,201604.0
110,A13590602,33438660,0,0,0,0,8366080,3882780,29754720,943000,0,201604.0
111,A13511001,0,15443302,0,0,0,6137100,2546380,19541340,0,0,201604.0
112,A13511004,-1280,130409080,0,0,0,39555150,26019734,134828380,7658770,0,201604.0
113,A13511101,0,35860790,0,0,0,11214000,0,35880690,0,12326690,201604.0
114,A13511003,0,32649339,0,0,0,16503600,8505149,38294950,0,0,201604.0
115,A13519002,0,0,0,0,0,0,4641330,14076010,498830,5778190,201604.0
116,A13519006,7183900,7416310,0,0,-50,18796680,15375120,30036200,0,15144464,201604.0
117,A13519007,4608110,6189330,0,0,0,18221730,7949770,32390410,534790,12028360,201604.0
118,A13519004,0,0,0,0,0,0,17011580,0,4840120,0,201604.0
119,A13519005,0,0,0,0,0,0,4626660,25417340,0,8509250,201604.0
120,A13519003,0,0,0,0,0,0,3085780,15077990,546360,5290980,201604.0
121,A13519001,0,0,216020,0,0,0,4358150,11915400,25790,5416680,201604.0
122,A10028172,4794573,3836000,0,0,0,15995870,5058482,26397710,0,10593710,201604.0
123,A13519008,351500,6056640,0,0,0,17314950,1705940,18330300,-2041210,9576670,201604.0
124,A13520003,2647710,12677340,0,0,-9656780,33186220,9374272,49948230,-989200,15946700,201604.0
125,A13520004,2237490,3008740,0,0,0,10434600,4687299,14212170,147430,6183930,201604.0
126,A10027985,46417290,0,0,0,0,0,57605630,0,17733620,0,201604.0
127,A13520002,0,0,0,0,0,0,15868343,58368590,294390,16655190,201604.0
128,A10023314,,,,,,,,,,,201604.0
129,A13520001,0,0,77830,0,0,0,4916574,43144820,376370,14681690,201604.0
130,A10027909,0,0,45170,0,0,0,9705200,0,2181250,0,201604.0
131,A10027912,0,0,22070,0,0,0,3160470,11968200,179580,3896610,201604.0
132,A13594702,3355970,17369340,0,0,0,18797930,4758200,0,0,0,201604.0
133,A13523005,4363980,13687280,0,0,0,19077980,8143442,36872978,0,11153950,201604.0
134,A13523004,10134240,18495310,0,0,0,17761600,591690,35459430,75110,8819190,201604.0
135,A13594701,4330530,15195230,0,0,0,13920950,9720190,19376780,620120,6201200,201604.0
136,A13593802,7095670,15491530,0,0,0,14304500,6222870,0,746190,0,201604.0
137,A13523003,2330670,11482220,0,0,0,14691690,1911010,20069690,-230,9121650,201604.0
138,A13594402,16825270,0,5910,0,0,3288000,5158360,11158920,712550,0,201604.0
139,A13593801,1270544,4908732,0,2685710,0,9279130,4498330,22875480,0,0,201604.0
140,A13594203,23457929,14910221,0,0,0,19260300,7313950,34158070,5552100,10595390,201604.0
141,A13594403,27567600,0,0,0,0,17744000,5317320,31332630,828350,0,201604.0
142,A10027571,,,,,,,,,,,201604.0
143,A10025823,,,,,,,,,,,201604.0
144,A10024216,,,,,,,,,,,201604.0
145,A13522003,2120160,12678680,0,4534580,0,8002500,3262440,0,2141970,0,201604.0
146,A13522008,0,26661220,0,0,0,28107000,0,0,0,0,201604.0
147,A13522004,3100410,14124140,0,2772850,0,17268040,7356330,27186000,613440,11094660,201604.0
148,A13588402,12668300,12720470,0,0,-9227800,9146600,5989194,26917580,3750610,0,201604.0
149,A13522007,6585010,8858160,0,0,0,25183760,4246760,0,314500,0,201604.0
150,A13522006,5934250,10596420,0,0,0,17096000,3038480,26070180,5014000,0,201604.0
151,A13552001,950660,8648470,0,0,0,16096000,0,500200,0,5000,201604.0
152,A13552002,0,0,0,0,0,0,7811623,37351740,726800,11239550,201604.0
153,A13588601,11680770,5020270,0,0,-6520000,6520000,3616430,12844020,896020,4146180,201604.0
154,A10025204,,,,,,,,,,,201604.0
155,A10027446,,,,,,,,,,,201604.0
156,A13550502,4195270,14613260,0,0,0,21509540,10792370,37812710,1326240,12113800,201604.0
157,A13527004,1280630,4146080,0,0,0,4080000,1575810,6659120,0,2881560,201604.0
158,A13585404,265880,16937760,0,3315780,0,15192000,5577000,22954600,0,7166460,201604.0
159,A13527002,45022,2855650,0,0,0,3753000,2172176,6479300,0,3135650,201604.0
160,A13527008,0,0,0,0,0,0,3216166,13512080,11380,5787110,201604.0
161,A13527013,3434004,14701110,0,0,0,12861440,6497294,19648030,1405370,5300770,201604.0
162,A13527203,17344480,42870890,0,0,0,95342270,3703230,195383730,-2399200,53920430,201604.0
163,A13585401,0,3513600,0,0,0,3685100,2492839,5434890,0,1139810,201604.0
164,A13586102,1037640,3303060,0,0,0,4625000,2551895,6637400,277000,3374990,201604.0
165,A13585804,5766562,24827360,0,0,0,27756000,22851964,39091816,5078680,0,201604.0
166,A13527007,2111410,4573960,0,0,0,9668890,7346127,22091370,181530,4726530,201604.0
167,A13527016,4709360,8713640,0,0,0,9702000,2976720,15057740,1254630,7340220,201604.0
168,A13550403,2136880,10809030,0,0,0,10494000,4534499,13574630,1524780,6109070,201604.0
169,A13586101,0,0,0,0,0,0,1008350,0,0,0,201604.0
170,A13527010,-530,14331600,0,0,0,8140000,2483543,10815240,70,6368710,201604.0
171,A13527019,4978060,5600050,0,0,0,8212000,5600103,24160820,155400,6127140,201604.0
172,A13527006,15779210,0,0,0,2257600,0,12590830,0,4666320,0,201604.0
173,A10027319,,,,,,,,,,,201604.0
174,A13550404,,,,,,,,,,,201604.0
175,A10024793,,,,,,,,,,,201604.0
