,kaptCode,heatC,heatP,gasC,gasP,waterHotC,waterHotP,electC,electP,waterCoolC,waterCoolP,Date
0,A13508012,2154950,17940,0,0,0,4534510,7749230,26819090,1660850,6318100,201607.0
1,A13579501,2385600,0,0,0,0,3731350,5664170,31092170,211930,6477980,201607.0
2,A13592604,2807420,135000,0,2667600,0,8179600,1888599,41951090,0,13240820,201607.0
3,A13508009,5445270,0,0,0,0,5646020,35048959,45118570,1255340,8451560,201607.0
4,A13508004,568470,0,0,0,0,2455770,2579341,10373640,0,3505670,201607.0
5,A13508003,0,0,0,0,0,0,2985874,0,2259528,0,201607.0
6,A13579506,1886840,0,0,0,0,2566950,5011801,35584350,0,4690250,201607.0
7,A13508006,2854620,0,0,0,0,6446350,6532991,41519140,-10,5640480,201607.0
8,A13508011,2697760,47570,0,0,1050,5059100,9589225,49718410,925590,7338100,201607.0
9,A13592601,2602940,25500,0,0,0,5229360,719087,37000400,228290,7710100,201607.0
10,A13592706,3665641,114680,0,4384850,0,11791630,9676034,50784030,0,10996620,201607.0
11,A13579505,2529400,5390,0,0,0,5199380,9380419,41215140,0,8678150,201607.0
12,A13508005,0,0,0,0,0,0,7501990,0,2098100,0,201607.0
13,A13579503,3540,0,0,0,0,0,2692380,13027890,0,0,201607.0
14,A13592605,3924380,0,0,3064450,0,5827680,10723699,47466380,0,13580850,201607.0
15,A13591402,0,0,0,0,0,0,17284209,0,4070780,0,201607.0
16,A10027474,2240152,0,0,0,664548,1085760,14954080,2045870,312770,848260,201607.0
17,A10023825,,,,,,,,,,,201607.0
18,A10024820,,,,,,,,,,,201607.0
19,A10024813,,,,,,,,,,,201607.0
20,A13599303,0,16208700,0,0,0,11680000,11696850,30581700,3599280,0,201607.0
21,A13594007,63360,0,0,2762570,0,6985670,3805170,0,1243870,5219970,201607.0
22,A13580602,5377580,0,0,0,0,8613330,7527540,45458130,0,12151053,201607.0
23,A13524004,-50,3053250,0,0,0,5574400,4839240,28207090,243320,7148280,201607.0
24,A13599402,0,11532200,0,3848600,0,10937500,6879940,33354670,0,12391260,201607.0
25,A13524005,3039360,0,0,0,0,6101900,4599860,40612730,1381120,0,201607.0
26,A13593908,285469,122611,0,0,0,6923200,0,0,0,0,201607.0
27,A13580001,1476450,0,0,0,0,3215310,2357206,15710330,-1050,3933690,201607.0
28,A13524006,0,6527080,0,0,0,5071500,11403930,50673470,1724190,9399900,201607.0
29,A13593901,1876610,114080,0,0,0,2717760,6031970,27500150,147050,2665930,201607.0
30,A13524009,4199750,0,0,0,10271480,0,45700660,0,14603690,0,201607.0
31,A13580002,-652,242730,0,0,0,4144140,1790927,14866510,28290,4653320,201607.0
32,A13599301,13436920,0,0,0,0,6186000,11672980,41743640,27620,0,201607.0
33,A10025203,,,,,,,,,,,201607.0
34,A10025675,,,,,,,,,,,201607.0
35,A10023565,,,,,,,,,,,201607.0
36,A10024564,,,,,,,,,,,201607.0
37,A10023996,,,,,,,,,,,201607.0
38,A13510003,1411890,12960,0,0,0,2227790,4731270,18550730,940,4222330,201607.0
39,A13510001,0,0,0,0,0,0,454260,7720210,5670,2483180,201607.0
40,A13510201,863740,0,0,0,0,2317560,1733995,9165710,0,3406670,201607.0
41,A13510203,0,0,0,0,0,0,743580,13259000,0,3636650,201607.0
42,A13510102,1617750,0,0,0,0,3565890,2847940,24326400,230,5115760,201607.0
43,A13510006,0,0,0,0,0,0,3891576,21426870,0,10120690,201607.0
44,A13510103,2116770,0,0,0,0,5103500,-6482640,46608610,66760,6876870,201607.0
45,A13510202,2095620,2095060,0,0,0,2394000,1798150,16935800,199200,2999770,201607.0
46,A13576201,0,0,0,0,0,0,710200,12761840,0,0,201607.0
47,A13510005,4863600,0,0,0,0,10142430,10322020,69893190,0,10142430,201607.0
48,A13510009,0,0,0,0,0,0,4538270,26319070,13420,3102330,201607.0
49,A13510007,0,0,0,0,0,7073930,8799376,71835070,-44260,7586010,201607.0
50,A10025280,,,,,,,,,,,201607.0
51,A10025755,,,,,,,,,,,201607.0
52,A10024640,,,,,,,,,,,201607.0
53,A13509001,0,0,34860,0,0,0,2048740,8841640,0,3271710,201607.0
54,A13570501,5040370,858000,0,0,-1101500,9837100,63600676,51219190,-2543740,14777970,201607.0
55,A13550701,11350,0,0,0,247,5183660,5856895,36238660,0,6840370,201607.0
56,A13509005,69820,93060,0,0,2695450,2695450,5985777,28684340,93320,4780800,201607.0
57,A13509004,0,0,0,0,0,0,1647600,13784160,339710,4081440,201607.0
58,A13509010,5121510,0,0,0,0,10509120,15386110,106427870,194800,13096300,201607.0
59,A13509006,5210,0,0,0,0,0,3181730,12886690,0,4997760,201607.0
60,A13509003,0,0,0,0,0,0,1098510,11203580,0,0,201607.0
61,A13509012,6036230,0,0,0,11050,11244480,22414350,120482710,39100,18717970,201607.0
62,A13509007,1344150,1330,0,0,0,3662700,5419180,16748840,214230,5692570,201607.0
63,A13570502,,,,,,,,,,,201607.0
64,A13509013,,,,,,,,,,,201607.0
65,A13509101,0,0,0,0,0,0,3026480,9965990,0,2965080,201607.0
66,A13509009,11701620,198800,0,0,-7419750,7419750,31002750,179644630,0,11109460,201607.0
67,A13509014,,,,,,,,,,,201607.0
68,A10026350,,,,,,,,,,,201607.0
69,A10026934,,,,,,,,,,,201607.0
70,A10024131,,,,,,,,,,,201607.0
71,A10023939,,,,,,,,,,,201607.0
72,A10024819,,,,,,,,,,,201607.0
73,A13528102,5403350,0,0,0,0,10544490,15348930,113236380,416830,14906690,201607.0
74,A13528103,7565070,0,0,0,0,8962200,9485370,223269380,0,17423890,201607.0
75,A13528004,17366990,0,0,10107070,0,36180000,-22626833,211240720,-2077908,53501770,201607.0
76,A13583604,0,-24399230,0,0,0,16724000,16823940,94003780,2176580,16912900,201607.0
77,A13583701,2887240,0,0,2417730,1474000,14740000,9723025,33047420,1000000,10409420,201607.0
78,A13528003,4863144,76280,3506460,3797630,0,19209880,13324010,60620740,648540,16249470,201607.0
79,A13528007,2780570,0,0,0,0,2951200,8958200,39009480,1349100,7131610,201607.0
80,A13528105,0,0,0,0,730,13601000,-20042060,102373450,-503190,20378760,201607.0
81,A13584101,2424330,13590,0,0,0,3739710,5956250,33454180,0,5580360,201607.0
82,A13583507,0,17087280,0,0,0,63256830,42033870,304536040,10175450,55344250,201607.0
83,A13583403,4794470,0,0,0,6939210,0,42508960,0,7687420,0,201607.0
84,A13583404,5810890,0,0,0,0,5472000,11509950,51878790,50910,9354360,201607.0
85,A13583402,2174240,4500720,0,0,-3282000,3282000,7215380,22380630,2239030,5913780,201607.0
86,A10027800,7208070,0,0,0,17592540,0,185578665,0,30043192,0,201607.0
87,A10025646,,,,,,,,,,,201607.0
88,A10026526,,,,,,,,,,,201607.0
89,A10024102,,,,,,,,,,,201607.0
90,A10024815,,,,,,,,,,,201607.0
91,A10026924,,,,,,,,,,,201607.0
92,A10024799,,,,,,,,,,,201607.0
93,A10028094,,,,,,,,,,,201607.0
94,A10024029,,,,,,,,,,,201607.0
95,A10024814,,,,,,,,,,,201607.0
96,A10024805,,,,,,,,,,,201607.0
97,A13501004,6040,0,0,0,0,0,8000040,22238820,945510,8364870,201607.0
98,A13501001,0,0,2269440,0,0,0,14646070,119338080,839050,4102450,201607.0
99,A13582002,0,3847020,0,0,0,7290000,8312940,46390060,0,0,201607.0
100,A13501007,,,,,,,,,,,201607.0
101,A13501008,,,,,,,,,,,201607.0
102,A13583301,0,0,0,0,0,0,2581936,14803540,0,2774510,201607.0
103,A13501006,0,26980,0,0,0,3682200,7512984,33509650,0,5976680,201607.0
104,A13501005,,,,,,,,,,,201607.0
105,A10024501,,,,,,,,,,,201607.0
106,A13590204,9440125,0,0,0,0,11382000,-8644228,82716520,877375,0,201607.0
107,A13589802,17923134,46785336,0,0,-31416000,31416000,1791020,450005030,13897170,45305880,201607.0
108,A13511201,10494250,0,0,0,-4291200,4291200,1187786,38829950,2500000,0,201607.0
109,A13551103,-8126472,19233622,0,0,0,9012000,0,76209040,8126800,0,201607.0
110,A13590602,10047300,0,0,0,0,5486080,6985470,59441850,2329080,0,201607.0
111,A13511001,0,2506784,0,0,0,3947400,6236170,35459200,874080,0,201607.0
112,A13511004,250,21793330,0,0,0,22289850,31119920,229830520,7238565,0,201607.0
113,A13511101,0,6380490,0,0,0,7692000,0,52756620,0,12563040,201607.0
114,A13511003,0,3535684,0,0,0,11895750,12111926,79542510,5031740,0,201607.0
115,A13519002,0,0,0,0,0,0,3940020,14458090,121750,6669410,201607.0
116,A13519006,5297294,0,0,0,-954,8379060,11682732,33578400,0,16313150,201607.0
117,A13519007,4127710,0,0,0,0,6444700,3873450,32199550,538770,12066470,201607.0
118,A13519004,0,0,0,0,0,0,25041520,0,5356870,0,201607.0
119,A13519005,0,0,0,0,0,0,6962920,56113040,0,9601250,201607.0
120,A13519003,0,0,0,0,0,0,4777190,15630820,298850,6088360,201607.0
121,A13519001,0,0,39040,0,0,0,4134810,12083710,430,6042680,201607.0
122,A10028172,4120011,105300,0,0,0,6953650,12952182,41346320,0,10526490,201607.0
123,A13519008,-78140,131940,0,0,0,8068500,29400,32121100,-1952300,11061840,201607.0
124,A13520003,6715540,141980,0,0,0,8298800,16054530,106359830,0,16572000,201607.0
125,A13520004,2278580,0,0,0,0,4522070,6520015,25113800,527150,6542720,201607.0
126,A10027985,22747140,0,0,0,0,0,56879290,0,20153900,0,201607.0
127,A13520002,0,0,0,0,0,0,37316630,52107170,2116716,16989204,201607.0
128,A10023314,,,,,,,,,,,201607.0
129,A13520001,0,0,2240,0,0,0,12196122,40283997,23790,16360330,201607.0
130,A10027909,0,0,0,0,0,0,10487290,0,2761670,0,201607.0
131,A10027912,0,0,24070,0,0,0,4340870,13746730,260700,4769000,201607.0
132,A13594702,3355970,21950,0,0,0,10020600,2528220,540750,572500,0,201607.0
133,A13523005,4363980,0,0,0,0,3234000,8080250,46322540,0,11437372,201607.0
134,A13523004,5309050,0,0,0,0,7575040,941440,43567700,0,9813680,201607.0
135,A13594701,2670360,254090,0,0,0,7463250,6262069,21263890,794510,7945060,201607.0
136,A13593802,1548530,1003660,0,0,0,7404460,6522980,0,758590,0,201607.0
137,A13523003,2330670,66490,0,0,0,5834740,232390,23781160,201470,9532090,201607.0
138,A13594402,2995300,0,2840,0,0,2326000,1324000,22681900,460460,0,201607.0
139,A13593801,651337,0,0,2663500,0,3830646,3964050,32335260,2427060,9395040,201607.0
140,A13594203,11646820,0,0,0,0,9913800,615510,40055230,4157100,12646820,201607.0
141,A13594403,3375640,0,0,0,0,11652000,10446610,50989650,900090,0,201607.0
142,A10027571,,,,,,,,,,,201607.0
143,A10025823,,,,,,,,,,,201607.0
144,A10024216,,,,,,,,,,,201607.0
145,A13522003,486280,2123250,0,0,0,5242500,3367510,0,1622440,0,201607.0
146,A13522008,0,0,0,0,0,18105000,0,0,0,0,201607.0
147,A13522004,3207320,102350,0,2585660,0,9458640,8447100,34809280,242230,12106650,201607.0
148,A13588402,9311250,0,0,0,-5863800,5802900,5601717,32302190,2794700,0,201607.0
149,A13522007,4172060,0,0,0,0,9873460,3751490,0,566500,0,201607.0
150,A13522006,3799620,0,0,0,0,7902500,-157950,29879620,0,0,201607.0
151,A13552001,0,108030,0,0,0,5376100,0,729950,0,5000,201607.0
152,A13552002,0,0,0,0,0,0,11412203,35737940,1725310,11837520,201607.0
153,A13588601,4621800,63750,0,0,-501840,501840,4608660,14531540,805240,4893930,201607.0
154,A10025204,,,,,,,,,,,201607.0
155,A10027446,,,,,,,,,,,201607.0
156,A13550502,4195270,8320,0,0,0,9055140,13707380,52220850,416450,13200890,201607.0
157,A13527004,878300,0,0,0,0,2400000,2239780,7811290,0,3230580,201607.0
158,A13585404,24390,1640,0,0,0,6330200,8171530,41530050,0,6498960,201607.0
159,A13527002,15982,0,0,0,0,1832500,1860410,15467950,0,3276630,201607.0
160,A13527008,0,0,0,0,0,0,1276275,18666950,12480,5670480,201607.0
161,A13527013,3434020,0,0,0,0,7325456,7732935,38829610,824980,6347070,201607.0
162,A13527203,17343586,19810,0,0,-126,41849170,63782470,390366940,-3124550,57670810,201607.0
163,A13585401,0,0,0,0,0,2536800,1260540,6328460,0,803320,201607.0
164,A13586102,1039820,0,0,0,380,2365380,908205,12412930,97140,3570520,201607.0
165,A13585804,5764837,0,0,0,15586380,0,125635020,0,2310815,0,201607.0
166,A13527007,2111410,0,0,0,0,3344250,8990681,31604210,216940,5688130,201607.0
167,A13527016,1848250,51800,0,0,0,6016500,5540690,22623670,1366730,7898760,201607.0
168,A13550403,2136880,5110,0,0,0,4632870,1949594,24906630,700910,7249520,201607.0
169,A13586101,0,0,0,0,0,0,1054630,0,0,0,201607.0
170,A13527010,-1080,364500,0,0,0,5488000,3362028,17101860,160,6433360,201607.0
171,A13527019,2813130,5910,0,0,0,4236000,7557942,55288080,53810,6419960,201607.0
172,A13527006,3093700,0,0,0,1584400,0,15613070,0,4828220,0,201607.0
173,A10027319,,,,,,,,,,,201607.0
174,A13550404,,,,,,,,,,,201607.0
175,A10024793,,,,,,,,,,,201607.0
