,kaptCode,heatC,heatP,gasC,gasP,waterHotC,waterHotP,electC,electP,waterCoolC,waterCoolP,Date
0,A13508012,2154950,5000,0,0,0,5171590,6730840,20053140,0,5740200,201606.0
1,A13579501,2385600,0,0,0,0,4287500,6174610,23648430,-834620,6146730,201606.0
2,A13592604,2813400,1500,0,2886280,0,9605680,3825406,34252190,0,11405570,201606.0
3,A13508009,3429020,143090,0,0,0,8490700,7133233,38618800,230190,8081300,201606.0
4,A13508004,395170,0,0,0,0,2982240,2494834,8296160,0,3522500,201606.0
5,A13508003,0,0,0,0,0,0,2751412,0,0,0,201606.0
6,A13579506,1886840,0,1670,0,0,2957640,4523804,25647370,0,4631490,201606.0
7,A13508006,2854620,133090,0,0,0,6273610,5070314,33584430,-10,5365140,201606.0
8,A13508011,2697760,107910,0,0,0,6135150,10505950,36534030,362190,7565550,201606.0
9,A13592601,2611290,26670,0,0,0,6272640,2479567,29188620,226020,7748730,201606.0
10,A13592706,3665641,140080,0,3806180,0,13950310,10735454,38583990,0,17991760,201606.0
11,A13579505,2529400,135520,0,0,0,6470720,7926698,32123610,0,8515680,201606.0
12,A13508005,0,0,0,0,0,0,5822820,0,2071500,0,201606.0
13,A13579503,2880,0,0,0,0,0,2329130,10350050,4815390,0,201606.0
14,A13592605,4036610,72600,0,3119980,0,7583060,9611145,38851110,0,10891560,201606.0
15,A13591402,0,0,0,0,0,0,14722405,0,3924880,0,201606.0
16,A10027474,,,,,,,,,,,201606.0
17,A10023825,,,,,,,,,,,201606.0
18,A10024820,,,,,,,,,,,201606.0
19,A10024813,,,,,,,,,,,201606.0
20,A13599303,0,19902400,0,0,0,14875000,4287580,28274660,3821080,0,201606.0
21,A13594007,28110,0,0,2629770,0,8263250,4041800,0,605950,5080580,201606.0
22,A13580602,5377580,0,0,0,0,9907100,6383500,33325190,0,14965663,201606.0
23,A13524004,-30,3140250,0,0,0,6358400,4171570,23317680,476670,6960500,201606.0
24,A13599402,0,16088200,0,3890070,0,12747500,2037240,30914260,0,11197730,201606.0
25,A13524005,3039360,0,0,0,0,6907880,4306400,27612130,1899040,0,201606.0
26,A13593908,261675,0,0,0,0,8319600,0,0,0,0,201606.0
27,A13580001,1417220,625180,0,0,0,3360000,1951509,12178370,-50,4306060,201606.0
28,A13524006,0,6806840,0,0,0,6092010,5358630,36336610,2105290,9507800,201606.0
29,A13593901,1902930,162400,0,0,0,3459600,5563820,22467540,179450,2521170,201606.0
30,A13524009,4231560,0,0,0,11706200,0,40167400,0,13674600,0,201606.0
31,A13580002,-1864013,2241990,0,0,-1680900,6185400,1786150,8834790,134180,4418740,201606.0
32,A13599301,12885010,0,0,0,0,8472000,9304970,27464680,27620,0,201606.0
33,A10025203,,,,,,,,,,,201606.0
34,A10025675,,,,,,,,,,,201606.0
35,A10023565,,,,,,,,,,,201606.0
36,A10024564,,,,,,,,,,,201606.0
37,A10023996,,,,,,,,,,,201606.0
38,A13510003,1411890,38870,0,0,0,2536900,3608610,16996610,0,4251580,201606.0
39,A13510001,0,0,0,0,0,0,985530,6395630,0,2768240,201606.0
40,A13510201,867130,0,0,0,0,2697450,1494828,7648190,0,3011430,201606.0
41,A13510203,0,0,0,0,0,0,1254200,10840420,0,3276180,201606.0
42,A13510102,1617800,0,0,0,0,4290310,2014510,16418290,0,4934160,201606.0
43,A13510006,0,0,0,0,0,0,3118592,18189060,0,0,201606.0
44,A13510103,2116770,0,0,0,0,5840100,2490740,19300520,0,6077250,201606.0
45,A13510202,1674320,0,0,0,0,2748000,2372880,9809320,226520,2956890,201606.0
46,A13576201,0,0,0,0,0,0,923260,11164730,13780,0,201606.0
47,A13510005,4863600,0,0,0,0,13088460,8798500,42225270,0,10187980,201606.0
48,A13510009,0,0,0,0,0,0,3620760,18589020,2640,2973420,201606.0
49,A13510007,18480,46140,0,0,0,8380920,8119631,44125060,9980,7665000,201606.0
50,A10025280,,,,,,,,,,,201606.0
51,A10025755,,,,,,,,,,,201606.0
52,A10024640,,,,,,,,,,,201606.0
53,A13509001,0,0,63620,0,0,0,2263940,7107630,0,3354090,201606.0
54,A13570501,5688750,858000,0,0,0,9837100,17152701,51219190,-7420,14777970,201606.0
55,A13550701,14910,130817,0,0,0,6127200,4839278,29078330,0,6579020,201606.0
56,A13509005,48970,50470,0,0,3285000,3285000,5214948,23693270,129870,4698600,201606.0
57,A13509004,0,0,0,0,0,0,2783300,10707360,326710,3922910,201606.0
58,A13509010,5105470,0,0,0,12377120,0,78453930,0,13451090,0,201606.0
59,A13509006,6600,0,0,0,0,0,2327720,10702190,0,4765170,201606.0
60,A13509003,0,0,0,0,0,0,1301220,9449030,-500,7174700,201606.0
61,A13509012,6036230,0,0,0,16310,13050330,21862440,64000980,32250,19136380,201606.0
62,A13509007,1693530,55240,0,0,0,4013600,4846080,14091370,205280,5729660,201606.0
63,A13570502,,,,,,,,,,,201606.0
64,A13509013,,,,,,,,,,,201606.0
65,A13509101,0,0,0,0,0,0,2306750,8400490,0,3198390,201606.0
66,A13509009,11886460,674800,0,0,-7645050,7645050,21922560,112934600,0,10720520,201606.0
67,A13509014,,,,,,,,,,,201606.0
68,A10026350,,,,,,,,,,,201606.0
69,A10026934,,,,,,,,,,,201606.0
70,A10024131,,,,,,,,,,,201606.0
71,A10023939,,,,,,,,,,,201606.0
72,A10024819,,,,,,,,,,,201606.0
73,A13528102,5403350,0,0,0,0,12164760,14894710,64237200,798980,14144910,201606.0
74,A13528103,7668840,0,0,0,0,10524150,11430430,112592410,0,18063430,201606.0
75,A13528004,17366990,0,0,9814010,0,40872600,-11609278,163867450,-2077908,54385480,201606.0
76,A13583604,0,-24399230,0,0,0,20380000,8674080,53815690,2416800,17692330,201606.0
77,A13583701,2887240,0,0,2379610,1778000,17780000,7938981,27230100,1000000,10618560,201606.0
78,A13528003,4863144,0,0,3820120,0,24756450,11858230,47471720,2305640,14870420,201606.0
79,A13528007,2871060,57720,0,0,0,3554700,8043370,26814730,424670,6731850,201606.0
80,A13528105,0,0,0,0,320,18599000,-29647580,92387060,2997030,14867520,201606.0
81,A13584101,2424330,98050,0,0,0,4402000,4773198,26292340,0,5441290,201606.0
82,A13583507,0,19979400,0,0,0,71636460,29098360,177423280,4014340,54727320,201606.0
83,A13583403,1348000,0,0,0,7368020,0,25136860,0,7248660,0,201606.0
84,A13583404,6272370,0,0,0,0,6429600,8544660,30291610,434630,9310620,201606.0
85,A13583402,3285740,4238920,0,0,-3860000,3860000,4708290,17024070,1591320,4942510,201606.0
86,A10027800,7212510,0,0,0,20217740,0,145166968,0,27875368,0,201606.0
87,A10025646,,,,,,,,,,,201606.0
88,A10026526,,,,,,,,,,,201606.0
89,A10024102,,,,,,,,,,,201606.0
90,A10024815,,,,,,,,,,,201606.0
91,A10026924,,,,,,,,,,,201606.0
92,A10024799,,,,,,,,,,,201606.0
93,A10028094,,,,,,,,,,,201606.0
94,A10024029,,,,,,,,,,,201606.0
95,A10024814,,,,,,,,,,,201606.0
96,A10024805,,,,,,,,,,,201606.0
97,A13501004,7460,0,0,0,0,0,6679720,18769190,1261230,7407720,201606.0
98,A13501001,0,0,3502040,0,0,0,11545410,64941800,1158870,4035370,201606.0
99,A13582002,0,4173450,0,0,0,8679600,6940610,25791070,0,0,201606.0
100,A13501007,,,,,,,,,,,201606.0
101,A13501008,,,,,,,,,,,201606.0
102,A13583301,0,0,0,0,0,0,2382850,11598110,0,2578230,201606.0
103,A13501006,0,58220,0,0,0,4336640,2612150,25449780,0,5561340,201606.0
104,A13501005,,,,,,,,,,,201606.0
105,A10024501,,,,,,,,,,,201606.0
106,A13590204,10778191,0,0,0,0,12957000,-2887194,59632880,1155049,0,201606.0
107,A13589802,19091008,52384262,0,0,-36214000,36214000,1606117,274429040,17534320,41962380,201606.0
108,A13511201,11925010,0,0,0,-5131200,5131200,789546,29357820,2500000,0,201606.0
109,A13551103,-6909093,17863073,0,0,0,11522000,4295864,53877790,6000000,0,201606.0
110,A13590602,10666720,0,0,0,0,6850560,5625660,34418180,902000,0,201606.0
111,A13511001,0,2210516,0,0,0,5194800,2684630,25668340,0,0,201606.0
112,A13511004,2290,23517490,0,0,0,28035450,25677801,131763790,6812585,0,201606.0
113,A13511101,0,8060880,0,0,0,8373000,0,42888320,0,12576740,201606.0
114,A13511003,0,3720434,0,0,0,13548150,3894039,49237900,0,0,201606.0
115,A13519002,0,0,0,0,0,0,3097340,13323620,268530,6106320,201606.0
116,A13519006,5468079,0,0,0,-1649,9899530,14196281,28835900,145620,15316920,201606.0
117,A13519007,4182080,0,0,0,0,7505460,5817350,30041950,612060,12259550,201606.0
118,A13519004,0,0,0,0,0,0,18045880,0,5588870,0,201606.0
119,A13519005,0,0,0,0,0,0,6620690,28262040,0,8959370,201606.0
120,A13519003,0,0,0,0,0,0,3284560,14247040,368630,5696130,201606.0
121,A13519001,0,0,70220,0,0,0,3023700,11153150,12690,5578530,201606.0
122,A10028172,4181238,78000,0,0,0,8155780,4268886,28980290,0,10991920,201606.0
123,A13519008,-84550,204090,0,0,0,9669020,1990260,19060270,-1698610,10185800,201606.0
124,A13520003,6961260,0,0,0,0,11183770,15385461,56715600,0,17627900,201606.0
125,A13520004,2207910,0,0,0,0,5404570,6451676,14892580,120960,6317290,201606.0
126,A10027985,23156060,0,0,0,0,0,48419400,0,18166880,0,201606.0
127,A13520002,0,0,0,0,0,0,14193858,61296170,1139850,17213420,201606.0
128,A10023314,,,,,,,,,,,201606.0
129,A13520001,0,0,2770,0,0,0,11805015,34816230,235160,15539650,201606.0
130,A10027909,0,0,3200,0,0,0,8897200,0,2457640,0,201606.0
131,A10027912,0,0,50190,0,0,0,3361660,11954290,278790,4461080,201606.0
132,A13594702,3355970,0,0,0,0,11989820,2588780,489050,1631220,0,201606.0
133,A13523005,4363980,347625,0,0,0,8610300,7738410,38515260,0,11721700,201606.0
134,A13523004,5358880,0,0,0,0,9044850,868740,35853820,0,10597630,201606.0
135,A13594701,2674060,287370,0,0,0,10173080,6664568,18883060,751900,7519000,201606.0
136,A13593802,2324760,212090,0,0,0,8538110,5633060,0,736185,0,201606.0
137,A13523003,2330670,321730,0,0,0,7210840,401040,20815030,-1440,9201020,201606.0
138,A13594402,3374990,0,5670,0,0,2606000,3864510,12907180,886340,0,201606.0
139,A13593801,651337,0,0,2644280,0,4767651,3956560,26020230,0,0,201606.0
140,A13594203,12993930,0,0,0,0,11523960,1712190,34591470,4631400,12340440,201606.0
141,A13594403,3227410,0,0,0,0,13788000,5613230,36426240,1416410,0,201606.0
142,A10027571,,,,,,,,,,,201606.0
143,A10025823,,,,,,,,,,,201606.0
144,A10024216,,,,,,,,,,,201606.0
145,A13522003,534550,2123250,0,4165860,0,5952500,3126460,0,1480440,0,201606.0
146,A13522008,0,0,0,0,0,19890000,0,0,0,0,201606.0
147,A13522004,3207320,201940,0,2518340,0,10810000,7930990,27219550,271360,11568240,201606.0
148,A13588402,10323350,0,0,0,-6875900,6812100,5131344,27626120,3332290,0,201606.0
149,A13522007,4227070,0,0,0,0,11445380,4067110,0,1103170,0,201606.0
150,A13522006,3951560,0,0,0,0,9439430,1644170,25622980,4969380,0,201606.0
151,A13552001,0,283820,0,0,0,7766200,0,640480,0,5000,201606.0
152,A13552002,0,0,0,0,0,0,7137593,35642390,0,11270740,201606.0
153,A13588601,3825320,1153850,0,0,-3732000,3732000,4462360,11882680,1405450,4254670,201606.0
154,A10025204,,,,,,,,,,,201606.0
155,A10027446,,,,,,,,,,,201606.0
156,A13550502,4195270,198490,0,0,0,10808780,12548630,41733510,484030,13740870,201606.0
157,A13527004,978370,0,0,0,0,2793000,1840660,6563960,0,3154980,201606.0
158,A13585404,299400,501020,0,2744600,0,8883000,7413850,28878130,0,7174510,201606.0
159,A13527002,7982,0,0,0,0,2129400,1832420,7897350,0,2987180,201606.0
160,A13527008,0,0,0,0,0,0,2518728,15045300,14250,5813130,201606.0
161,A13527013,3434020,0,0,0,47,8427633,4570503,23043180,706690,6570010,201606.0
162,A13527203,17343426,8360,0,0,24,48643690,60974240,229719530,-1449100,55224990,201606.0
163,A13585401,0,25200,0,0,0,2788800,2048964,5392120,0,883120,201606.0
164,A13586102,1039820,61180,0,0,0,2859020,1964400,7212800,54970,3409380,201606.0
165,A13585804,5764837,0,0,0,2917980,15586380,-37714960,100764880,3281035,0,201606.0
166,A13527007,2111410,530,0,0,0,3983805,8489629,26251170,145810,4399710,201606.0
167,A13527016,1729580,4200,0,0,0,6944000,1171100,16148180,230,7926470,201606.0
168,A13550403,2136880,29970,0,0,0,5907000,2881301,14921650,1397290,7147170,201606.0
169,A13586101,0,0,0,0,0,0,836180,0,0,0,201606.0
170,A13527010,1100,218700,0,0,0,6140000,1854601,11981740,-130,6271800,201606.0
171,A13527019,2791810,88590,0,0,0,5569200,8135226,26470310,1025190,6309130,201606.0
172,A13527006,3339930,0,0,0,1688100,0,12898830,0,4889730,0,201606.0
173,A10027319,,,,,,,,,,,201606.0
174,A13550404,,,,,,,,,,,201606.0
175,A10024793,,,,,,,,,,,201606.0
