,kaptCode,heatC,heatP,gasC,gasP,waterHotC,waterHotP,electC,electP,waterCoolC,waterCoolP,Date
0,A13508012,2154950,32532970,0,0,0,16366000,8299120,19738030,337780,6081950,201601.0
1,A13579501,2442550,45746000,0,0,0,17755540,7088230,23252550,-245550,6246560,201601.0
2,A13592604,2807120,78090950,0,3892390,0,20490000,5397410,35538760,0,12261270,201601.0
3,A13508009,3285930,64214500,0,0,0,20355000,8746364,35655289,0,8171370,201601.0
4,A13508004,8699190,22852450,0,0,0,4169250,3785988,9019160,0,3311190,201601.0
5,A13508003,0,0,0,0,0,0,3595878,0,2272680,0,201601.0
6,A13579506,1886840,29835600,0,0,0,6061760,5820682,21147430,0,4611530,201601.0
7,A13508006,2854620,47814490,0,0,0,13111620,7270014,33232930,-10,4267160,201601.0
8,A13508011,2697760,54131100,0,0,0,21157400,12203850,36561320,411420,6972730,201601.0
9,A13592601,6559110,52314320,0,0,0,19378650,7145993,28556310,-40,7574890,201601.0
10,A13592706,3665641,102634520,0,4538260,0,43861430,13185726,39476280,0,17114970,201601.0
11,A13579505,2529400,44639980,0,0,0,20822880,9489870,31645150,0,8044250,201601.0
12,A13508005,0,0,0,0,0,0,6883310,0,1834620,0,201601.0
13,A13579503,48920,0,0,0,0,0,2728090,10322580,0,0,201601.0
14,A13592605,9371530,79029230,0,3462220,0,28266780,11779904,39003970,0,11467050,201601.0
15,A13591402,0,0,0,0,0,0,18496607,0,3621160,0,201601.0
16,A10027474,,,,,,,,,,,201601.0
17,A10023825,,,,,,,,,,,201601.0
18,A10024820,,,,,,,,,,,201601.0
19,A10024813,,,,,,,,,,,201601.0
20,A13599303,0,155449630,0,0,0,16047500,8679390,28718500,899360,0,201601.0
21,A13594007,363950,59070240,0,2817270,0,17886820,5240190,0,501970,4792790,201601.0
22,A13580602,5377580,139554710,0,0,0,20580000,10686970,38643230,0,12320109,201601.0
23,A13524004,-1520,93988950,0,0,0,10131200,6753850,22305090,1851670,5365770,201601.0
24,A13599402,0,124871500,0,5168700,0,12957500,8936700,32223990,0,11024970,201601.0
25,A13524005,3039360,88885040,0,0,0,9292800,4300430,29555770,2206880,0,201601.0
26,A13593908,17448397,54902213,0,0,0,28750000,0,0,0,0,201601.0
27,A13580001,1417310,38300520,0,0,0,8482490,3181441,13592840,0,3543970,201601.0
28,A13524006,0,150643560,0,0,0,9418500,4502180,38390360,3127360,7812480,201601.0
29,A13593901,3415970,33719840,0,0,0,7354200,6558990,21196730,0,2459640,201601.0
30,A13524009,134306550,0,0,0,32405230,0,45151040,0,12745510,0,201601.0
31,A13580002,-788510,38703690,0,0,0,9563620,4309144,10357820,28600,4263210,201601.0
32,A13599301,145054530,0,0,0,0,12420000,12887190,29521010,27620,0,201601.0
33,A10025203,,,,,,,,,,,201601.0
34,A10025675,,,,,,,,,,,201601.0
35,A10023565,,,,,,,,,,,201601.0
36,A10024564,,,,,,,,,,,201601.0
37,A10023996,,,,,,,,,,,201601.0
38,A13510003,1411890,38111420,0,0,0,5401200,4718830,18065800,0,4476250,201601.0
39,A13510001,0,0,0,0,0,0,1237990,7123640,0,2297840,201601.0
40,A13510201,863300,23482950,0,0,0,4395600,1841139,8551910,0,3027220,201601.0
41,A13510203,0,0,0,0,0,0,1073210,12395300,0,3276240,201601.0
42,A13510102,1617700,40745320,0,0,0,8357200,7432360,16343710,0,4979570,201601.0
43,A13510006,0,0,0,0,0,0,3739170,19266280,0,9506930,201601.0
44,A13510103,6169490,54936600,0,0,0,12652250,3392390,21360920,83240,5940050,201601.0
45,A13510202,38946810,0,0,0,0,4182000,2071760,9953410,137490,2242780,201601.0
46,A13576201,0,0,0,0,0,0,720930,13370640,0,0,201601.0
47,A13510005,4863600,97500600,0,0,0,24321100,14503578,50993280,2219160,8329380,201601.0
48,A13510009,0,0,0,0,0,0,4738540,15020060,1660,2766820,201601.0
49,A13510007,13015550,63960230,0,0,0,25513620,13053480,31890720,0,8213140,201601.0
50,A10025280,,,,,,,,,,,201601.0
51,A10025755,,,,,,,,,,,201601.0
52,A10024640,,,,,,,,,,,201601.0
53,A13509001,0,0,411630,0,0,0,3328060,7818290,0,3131320,201601.0
54,A13570501,16839580,91662260,0,0,0,20839000,17377787,46084430,5790,12225260,201601.0
55,A13550701,2133787,36226480,0,0,0,16690080,6308689,27925300,0,7139150,201601.0
56,A13509005,10610760,34985600,0,0,8558100,8558100,6438260,22056300,60950,4767520,201601.0
57,A13509004,0,0,0,0,0,0,4197550,12555500,263660,3863870,201601.0
58,A13509010,5767730,98866900,0,0,0,25552800,17280120,58863060,194730,13146310,201601.0
59,A13509006,65730,0,0,0,0,0,4191860,10572490,0,4494980,201601.0
60,A13509003,0,0,0,0,0,0,1246250,11840620,0,0,201601.0
61,A13509012,11456930,97447480,0,0,206500,51967200,23813090,61426620,32250,19515160,201601.0
62,A13509007,2933650,46580900,0,0,0,7161000,5610420,14637000,178160,5813050,201601.0
63,A13570502,,,,,,,,,,,201601.0
64,A13509013,,,,,,,,,,,201601.0
65,A13509101,0,0,0,0,0,0,2409820,10969410,19360,2835880,201601.0
66,A13509009,22754890,106887860,0,0,-18405200,18405200,38268360,82109117,0,9663560,201601.0
67,A13509014,,,,,,,,,,,201601.0
68,A10026350,,,,,,,,,,,201601.0
69,A10026934,,,,,,,,,,,201601.0
70,A10024131,,,,,,,,,,,201601.0
71,A10023939,,,,,,,,,,,201601.0
72,A10024819,,,,,,,,,,,201601.0
73,A13528102,5403280,119080950,0,0,0,23463400,17284230,59085210,0,14153930,201601.0
74,A13528103,7102370,156627440,0,0,0,20882400,32328670,98753890,0,16560170,201601.0
75,A13528004,42233920,431465280,0,11410470,0,52258500,9351016,174709680,-2077908,48702310,201601.0
76,A13583604,0,206586310,0,0,0,32240000,13621010,134349490,3339590,45536090,201601.0
77,A13583701,2887240,61969210,0,2796590,2015600,24187200,8409284,29116040,0,8407340,201601.0
78,A13528003,6941710,97352420,0,4338960,0,55868400,18026880,49086000,4911530,11988930,201601.0
79,A13528007,5562690,31602400,0,0,0,14405500,9840810,26902040,137660,6815200,201601.0
80,A13528105,-136402460,393946500,0,0,3240,33877200,5317400,87721730,3112110,16253490,201601.0
81,A13584101,0,43011530,0,0,0,16726500,8580446,28096330,0,5580840,201601.0
82,A13583507,0,1005363380,0,0,0,109935350,49169430,200130150,0,52175410,201601.0
83,A13583403,113260020,0,0,0,11026990,0,32693010,0,5936060,0,201601.0
84,A13583404,106791374,0,0,0,0,9304200,13997940,36605730,413530,8536860,201601.0
85,A13583402,2190590,85288280,0,0,-6578000,6578000,12038060,18426780,2360130,4333790,201601.0
86,A10027800,22776760,130162850,0,0,0,63526430,50451730,93149690,1980060,18358500,201601.0
87,A10025646,,,,,,,,,,,201601.0
88,A10026526,,,,,,,,,,,201601.0
89,A10024102,,,,,,,,,,,201601.0
90,A10024815,,,,,,,,,,,201601.0
91,A10026924,,,,,,,,,,,201601.0
92,A10024799,,,,,,,,,,,201601.0
93,A10028094,,,,,,,,,,,201601.0
94,A10024029,,,,,,,,,,,201601.0
95,A10024814,,,,,,,,,,,201601.0
96,A10024805,,,,,,,,,,,201601.0
97,A13501004,185040,0,0,0,0,0,9992640,20799860,1211810,7564050,201601.0
98,A13501001,0,0,10053430,0,0,0,13849450,44769420,763670,4026190,201601.0
99,A13582002,0,122937830,0,0,0,12924000,7997400,25461460,0,0,201601.0
100,A13501007,,,,,,,,,,,201601.0
101,A13501008,,,,,,,,,,,201601.0
102,A13583301,0,0,0,0,0,0,3102437,11758660,0,2628270,201601.0
103,A13501006,0,31444400,0,0,0,13264930,9706820,23400890,47560,5357700,201601.0
104,A13501005,,,,,,,,,,,201601.0
105,A10024501,,,,,,,,,,,201601.0
106,A13590204,238611128,0,0,0,0,17748000,-1652151,63048090,-1030098,0,201601.0
107,A13589802,20809380,958373040,0,0,-46798000,46798000,15022426,261813940,22423880,36755890,201601.0
108,A13511201,113474720,0,0,0,-6501600,6501600,2577980,30038150,3000000,0,201601.0
109,A13551103,-14114970,306878980,0,0,0,14184000,20352150,54343930,6041840,0,201601.0
110,A13590602,154812700,0,0,0,0,9866240,6603700,32920790,1204960,0,201601.0
111,A13511001,0,80946726,0,0,0,6050700,4963190,22683720,670680,0,201601.0
112,A13511004,0,582776940,0,0,0,36525600,28773852,130844960,4195050,0,201601.0
113,A13511101,0,145604380,0,0,0,13419000,0,47148490,0,12241130,201601.0
114,A13511003,0,195549169,0,0,0,16215450,21226941,45897280,2691580,0,201601.0
115,A13519002,0,0,0,0,0,0,8275500,15850330,195000,5873340,201601.0
116,A13519006,13746960,62819090,0,0,-2010,22379130,15916940,32399600,66466,14518218,201601.0
117,A13519007,35831890,49714770,0,0,-31839100,31685800,11346940,34787080,266700,12307240,201601.0
118,A13519004,0,0,0,0,0,0,25263670,0,4802610,0,201601.0
119,A13519005,0,0,0,0,0,0,9297720,33520120,0,8867700,201601.0
120,A13519003,0,0,0,0,0,0,4480820,16812400,356380,5452320,201601.0
121,A13519001,0,0,321210,0,0,0,4468660,13251270,21680,5349760,201601.0
122,A10028172,6940810,28662540,0,0,0,31764480,10156766,31600790,500400,11043250,201601.0
123,A13519008,-2949340,45323340,0,0,16300,21796400,20402640,22085670,-2236510,9714810,201601.0
124,A13520003,33599160,51434260,0,0,2485670,38062080,24418169,53068810,52850,14393100,201601.0
125,A13520004,2356880,35486900,0,0,0,13026720,8225088,17744930,132570,6313540,201601.0
126,A10027985,127636560,0,0,0,0,0,68240420,0,16665900,0,201601.0
127,A13520002,0,0,0,0,0,0,25058477,63832210,0,17919922,201601.0
128,A10023314,,,,,,,,,,,201601.0
129,A13520001,0,0,11290,0,0,0,12965535,45316571,599330,14473300,201601.0
130,A10027909,0,0,17370,0,0,0,11657590,0,2218110,0,201601.0
131,A10027912,0,0,117810,0,0,0,3302980,13267200,506680,3485880,201601.0
132,A13594702,3355970,88319620,0,0,0,20925930,6471610,0,0,0,201601.0
133,A13523005,4363980,90852206,0,0,0,34781240,12839345,41575665,0,9690025,201601.0
134,A13523004,16344870,93882530,0,0,0,19721600,711710,40192130,156850,8209670,201601.0
135,A13594701,10328490,69183320,0,0,0,23794700,8253750,23088860,603710,6037060,201601.0
136,A13593802,11957520,45639700,0,0,0,21622100,9495870,0,745710,0,201601.0
137,A13523003,2330670,59840710,0,0,0,23399400,0,21840200,30970,9357670,201601.0
138,A13594402,63005560,0,36930,0,0,3800000,8924900,12965120,141620,0,201601.0
139,A13593801,2203839,21865260,0,2951380,0,10328640,6278590,23913170,1888850,7850880,201601.0
140,A13594203,34385400,92829240,0,0,0,24486600,9578660,37501000,6472800,9818130,201601.0
141,A13594403,138603940,0,0,0,0,20436000,9178970,35831840,33140,0,201601.0
142,A10027571,,,,,,,,,,,201601.0
143,A10025823,,,,,,,,,,,201601.0
144,A10024216,,,,,,,,,,,201601.0
145,A13522003,6986000,55573700,0,0,0,9127500,4500470,0,1056400,0,201601.0
146,A13522008,0,114457320,0,0,0,32019000,0,0,0,0,201601.0
147,A13522004,4211320,76872520,0,3096900,0,26986600,10995460,29881100,196490,11180150,201601.0
148,A13588402,5561820,72727200,0,0,0,10237000,8256594,30751680,3687690,0,201601.0
149,A13522007,14774100,69631710,0,0,0,35195210,7280190,0,747290,0,201601.0
150,A13522006,13040090,73690740,0,0,-900,17724000,7458640,24661250,0,0,201601.0
151,A13552001,11783254,32540286,59080,0,0,23496000,0,614400,0,5000,201601.0
152,A13552002,0,0,0,0,0,0,7276140,43455570,980100,11049700,201601.0
153,A13588601,53328490,0,0,0,0,0,16851470,0,5627800,0,201601.0
154,A10025204,,,,,,,,,,,201601.0
155,A10027446,,,,,,,,,,,201601.0
156,A13550502,4195270,100730360,0,0,0,37811570,15812420,43155280,0,13259740,201601.0
157,A13527004,3185090,26761480,0,0,0,4176000,2559950,7713310,0,3195240,201601.0
158,A13585404,324590,31931880,0,2263960,0,18838400,8187510,25179090,0,7423480,201601.0
159,A13527002,31552,18733990,0,0,0,3654000,2862982,7547570,0,3060620,201601.0
160,A13527008,0,0,0,0,0,0,3385411,15936270,14620,5505980,201601.0
161,A13527013,3434141,83005100,0,0,0,19200300,12446277,23738450,1165800,4838450,201601.0
162,A13527203,17343770,335675790,0,0,0,149264100,77772120,219126790,-3686040,55465870,201601.0
163,A13585401,0,21321800,0,0,0,4815000,0,7249410,0,1423100,201601.0
164,A13586102,1034220,25774100,0,0,0,5764000,3441617,7495670,150510,3383190,201601.0
165,A13585804,5761080,131366260,0,0,0,42240000,36235060,45619170,1099050,0,201601.0
166,A13527007,2111410,39274530,0,0,0,15452100,10110767,25244600,90090,4410120,201601.0
167,A13527016,4709260,63930180,0,0,0,10801000,5890070,18949140,1338500,7667200,201601.0
168,A13550403,2136880,60895310,0,0,0,11461500,7940723,16711130,2024560,5296890,201601.0
169,A13586101,0,0,0,0,0,0,1174030,0,0,0,201601.0
170,A13527010,-610,75435000,0,0,0,9820000,4545418,12392390,330,6174230,201601.0
171,A13527019,4179080,47852880,0,0,0,13763400,8795412,28069990,249950,6096340,201601.0
172,A13527006,55673160,0,0,0,2346000,0,15458850,0,5205240,0,201601.0
173,A10027319,,,,,,,,,,,201601.0
174,A13550404,,,,,,,,,,,201601.0
175,A10024793,,,,,,,,,,,201601.0
