,kaptCode,heatC,heatP,gasC,gasP,waterHotC,waterHotP,electC,electP,waterCoolC,waterCoolP,Date
0,A13508012,2154950,70110,0,0,0,3917890,6821510,14276330,350720,6404100,201609.0
1,A13579501,2385600,0,0,0,0,3562380,4935470,15309170,-390880,6171440,201609.0
2,A13592604,9953660,30240,0,2542100,-7146520,7140160,245247,17542730,-2704310,13311640,201609.0
3,A13508009,3154230,707090,0,0,0,7036570,10781324,22290550,299120,8460990,201609.0
4,A13508004,0,0,0,0,249040,2128770,2351622,4049360,0,3434470,201609.0
5,A13508003,0,0,0,0,0,0,1772807,0,2229420,0,201609.0
6,A13579506,1886840,0,0,0,0,2199250,3845251,21989910,0,4597220,201609.0
7,A13508006,2854620,235200,0,0,0,5680810,4830526,24415900,-10,5668190,201609.0
8,A13508011,2697760,167280,0,0,70,4459300,9972240,22065460,776710,6903880,201609.0
9,A13592601,2599090,53310,0,0,0,4518560,-2788078,18015510,20,7720250,201609.0
10,A13592706,3665641,329880,0,4157830,0,10843090,7212945,31772660,0,17349820,201609.0
11,A13579505,2529400,107030,0,0,0,4676220,7529070,19645710,0,8240980,201609.0
12,A13508005,0,0,0,0,0,0,3687090,0,2141820,0,201609.0
13,A13579503,2120,0,0,0,0,0,2580570,6695460,0,0,201609.0
14,A13592605,3892140,0,0,3359990,0,5204300,9936947,19224600,0,12466670,201609.0
15,A13591402,0,0,0,0,0,0,9746936,0,3658890,0,201609.0
16,A10027474,2464170,0,0,0,630,2954820,9966840,13779970,0,4972000,201609.0
17,A10023825,,,,,,,,,,,201609.0
18,A10024820,,,,,,,,,,,201609.0
19,A10024813,,,,,,,,,,,201609.0
20,A13599303,0,6779800,0,0,0,8242500,781740,70998110,1049520,0,201609.0
21,A13594007,22900,0,0,2773010,0,6209130,3313620,0,535260,5421900,201609.0
22,A13580602,5377580,0,0,0,0,8521260,3385680,30135860,-949,13829849,201609.0
23,A13524004,330,4136550,0,0,0,5244800,3463650,5567380,747000,7032250,201609.0
24,A13599402,0,6689900,0,3435760,0,8085000,220530,74888530,0,15147770,201609.0
25,A13524005,3039360,0,0,0,0,5988270,3164560,25899080,1208480,0,201609.0
26,A13593908,284457,526800,0,0,0,6604800,0,0,0,0,201609.0
27,A13580001,1417210,243960,0,0,0,2464500,1404458,10511250,-1270,4231010,201609.0
28,A13524006,0,7109980,0,0,0,4334580,2890760,29516770,1541690,8795070,201609.0
29,A13593901,2028610,290720,0,0,0,1955000,4894000,8617720,245460,2387740,201609.0
30,A13524009,4218240,0,0,0,9191520,0,11331670,0,14417870,0,201609.0
31,A13580002,-497,221850,0,0,0,3979950,748914,7515130,12530,4446770,201609.0
32,A13599301,12447480,0,0,0,0,6126000,6704330,22187830,27620,0,201609.0
33,A10025203,,,,,,,,,,,201609.0
34,A10025675,,,,,,,,,,,201609.0
35,A10023565,,,,,,,,,,,201609.0
36,A10024564,,,,,,,,,,,201609.0
37,A10023996,,,,,,,,,,,201609.0
38,A13510003,1411190,3150,0,0,0,1822160,3440540,24687910,-2350,4122060,201609.0
39,A13510001,0,0,0,0,0,0,531820,6280690,0,2585560,201609.0
40,A13510201,869120,0,0,0,0,2146240,1642450,9206820,0,3390870,201609.0
41,A13510203,0,0,0,0,0,0,750510,14979200,0,3726660,201609.0
42,A13510102,1617620,270330,0,0,0,3150000,1762860,12037480,-250,5153990,201609.0
43,A13510006,0,0,0,0,0,0,3597984,25855360,0,9897330,201609.0
44,A13510103,2116770,0,0,0,0,4527320,1250940,14215600,66320,5921760,201609.0
45,A13510202,1267520,0,0,0,0,2274000,1692530,7314030,117420,2913250,201609.0
46,A13576201,0,0,0,0,0,0,304370,13255190,0,0,201609.0
47,A13510005,4863600,0,0,0,0,10159730,6379180,33826350,0,10733740,201609.0
48,A13510009,0,0,0,0,0,0,4458340,29217550,2290,2884880,201609.0
49,A13510007,0,74080,0,0,0,7054130,6061425,88275070,0,7395890,201609.0
50,A10025280,,,,,,,,,,,201609.0
51,A10025755,,,,,,,,,,,201609.0
52,A10024640,,,,,,,,,,,201609.0
53,A13509001,0,0,14960,0,0,0,984630,3273320,0,2939800,201609.0
54,A13570501,5720990,1228000,0,0,0,7055000,11119379,37544370,-3280,13223730,201609.0
55,A13550701,6370,247667,0,0,0,5388760,4037721,22279110,0,6340380,201609.0
56,A13509005,56760,56760,0,0,2397680,2397680,4441894,15366930,125090,4977280,201609.0
57,A13509004,0,0,0,0,0,0,1235230,4912460,252200,3932340,201609.0
58,A13509010,5366810,0,0,0,0,9707040,7984430,55958330,194930,13324000,201609.0
59,A13509006,2460,0,0,0,0,0,1299340,5443520,0,4821140,201609.0
60,A13509003,0,0,0,0,0,0,680330,3609230,0,0,201609.0
61,A13509012,6036230,0,0,0,9796030,0,60983400,0,20599770,0,201609.0
62,A13509007,1724840,0,0,0,0,2895000,4322030,5686590,342120,5620960,201609.0
63,A13570502,,,,,,,,,,,201609.0
64,A13509013,,,,,,,,,,,201609.0
65,A13509101,0,0,0,0,0,0,1225780,8826480,585650,708790,201609.0
66,A13509009,9430600,0,0,0,-5214530,5214530,15633570,85740340,0,10294390,201609.0
67,A13509014,,,,,,,,,,,201609.0
68,A10026350,,,,,,,,,,,201609.0
69,A10026934,,,,,,,,,,,201609.0
70,A10024131,,,,,,,,,,,201609.0
71,A10023939,,,,,,,,,,,201609.0
72,A10024819,,,,,,,,,,,201609.0
73,A13528102,5403350,0,0,0,0,8618130,11002280,48831070,628850,14188560,201609.0
74,A13528103,6789580,0,0,0,0,8156240,3322410,87468440,0,17432880,201609.0
75,A13528004,17366990,0,0,10472400,0,34635600,-5369458,155767900,-2077908,53362180,201609.0
76,A13583604,0,-20888040,0,0,0,9590000,6254110,57251690,795060,17754020,201609.0
77,A13583701,2887240,0,0,2467950,1398000,13980000,6221267,20320550,0,10359600,201609.0
78,A13528003,4863144,27890,0,4054520,0,21518010,12722510,22379140,2414600,14670750,201609.0
79,A13528007,2880560,79800,0,0,0,2382900,8185200,22295220,845470,6489350,201609.0
80,A13528105,0,0,0,0,2950,13296500,-32959820,80375400,-896680,23304330,201609.0
81,A13584101,2424330,428400,0,0,0,3484920,5557769,22845100,69550,5826870,201609.0
82,A13583507,0,8499400,0,0,0,65826320,15205090,145346830,6329698,55644322,201609.0
83,A13583403,2520680,0,0,0,6732630,0,18579580,0,6962200,0,201609.0
84,A13583404,5717040,0,0,0,0,4858200,5528990,24609260,435180,9751240,201609.0
85,A13583402,3052670,2990960,0,0,-3260000,3260000,0,14954440,947030,6576110,201609.0
86,A10027800,6725694,0,0,0,15599833,0,118345681,0,29659590,0,201609.0
87,A10025646,,,,,,,,,,,201609.0
88,A10026526,,,,,,,,,,,201609.0
89,A10024102,,,,,,,,,,,201609.0
90,A10024815,,,,,,,,,,,201609.0
91,A10026924,,,,,,,,,,,201609.0
92,A10024799,,,,,,,,,,,201609.0
93,A10028094,,,,,,,,,,,201609.0
94,A10024029,,,,,,,,,,,201609.0
95,A10024814,,,,,,,,,,,201609.0
96,A10024805,,,,,,,,,,,201609.0
97,A13501004,6030,0,0,0,0,0,132980,14477580,1089640,6830990,201609.0
98,A13501001,0,0,1647510,0,0,0,7308440,38575730,1065120,3960630,201609.0
99,A13582002,0,4090500,0,0,0,6606000,5045130,19794860,0,0,201609.0
100,A13501007,,,,,,,,,,,201609.0
101,A13501008,,,,,,,,,,,201609.0
102,A13583301,0,0,0,0,0,0,2034523,9719330,0,2630940,201609.0
103,A13501006,0,0,0,0,0,3079690,8120390,18767850,0,5491610,201609.0
104,A13501005,,,,,,,,,,,201609.0
105,A10024501,,,,,,,,,,,201609.0
106,A13590204,9675955,0,0,0,0,9570000,-18649775,64760430,277420,0,201609.0
107,A13589802,11210660,51895210,0,0,-22182000,22182000,1128813,311934720,11359030,46726840,201609.0
108,A13511201,10612190,0,0,0,-4084800,4084800,807006,25860470,2500000,0,201609.0
109,A13551103,-5397266,15034616,0,0,0,8678000,0,47607770,5397920,0,201609.0
110,A13590602,6941840,0,0,0,0,5637120,3851500,25392210,1097820,0,201609.0
111,A13511001,0,1471876,0,0,0,3690900,999030,22129310,763580,0,201609.0
112,A13511004,-40,18782780,0,0,0,23367150,16911478,102067250,2357340,0,201609.0
113,A13511101,0,5960890,0,0,0,7209000,0,35001450,0,12952550,201609.0
114,A13511003,0,3282917,0,0,0,11232750,2786198,33047550,4735030,0,201609.0
115,A13519002,0,0,0,0,0,0,42890,29778260,126410,12376400,201609.0
116,A13519006,5205716,0,0,0,-936,7542290,14668174,39839200,0,15050140,201609.0
117,A13519007,4175220,571830,0,0,0,6208410,0,31091290,606420,12432570,201609.0
118,A13519004,0,0,0,0,0,0,13807040,0,5196940,0,201609.0
119,A13519005,0,0,0,0,0,0,4692520,20424290,0,8831870,201609.0
120,A13519003,0,0,0,0,0,0,3493170,16399430,356320,5678140,201609.0
121,A13519001,0,0,21920,0,0,0,3438100,11652410,20080,5647850,201609.0
122,A10028172,4074908,195300,0,0,0,6005620,7330991,18528970,0,10646980,201609.0
123,A13519008,-60170,226490,0,0,0,7941500,257760,15474370,-1817730,10007220,201609.0
124,A13520003,6662390,353700,0,0,0,7671090,9473672,43025260,0,15348500,201609.0
125,A13520004,2396500,0,0,0,0,3946240,4357214,11402900,100830,6281310,201609.0
126,A10027985,19299110,0,0,0,0,0,64889795,0,16400640,0,201609.0
127,A13520002,0,0,0,0,0,0,568820,52107170,801326,16989204,201609.0
128,A10023314,,,,,,,,,,,201609.0
129,A13520001,0,0,2240,0,0,0,5877137,21512020,48290,15125150,201609.0
130,A10027909,0,0,0,0,0,0,11692840,0,2522140,0,201609.0
131,A10027912,0,0,7080,0,0,0,3327310,13989330,77070,4459450,201609.0
132,A13594702,3355970,5930,0,0,0,8484360,2078300,515710,0,0,201609.0
133,A13523005,4363980,421350,0,0,0,5508500,5968780,21936590,0,10381027,201609.0
134,A13523004,5258080,513140,0,0,0,5585250,765160,15914290,0,11503980,201609.0
135,A13594701,2686190,397670,0,0,0,7829540,0,11053680,777390,7773930,201609.0
136,A13593802,2158400,3365550,0,0,0,7018610,5584410,0,742580,0,201609.0
137,A13523003,2330670,744370,0,0,0,5838810,0,10543770,-860,9013440,201609.0
138,A13594402,3117800,0,2830,0,0,2200000,2702700,10333100,211120,0,201609.0
139,A13593801,651337,0,0,2814220,0,4503380,3695230,11120640,2610730,10171200,201609.0
140,A13594203,11264614,0,0,0,0,10604230,1255010,7815270,3385200,12919110,201609.0
141,A13594403,2336450,0,0,0,0,11964000,3470960,23261080,604560,0,201609.0
142,A10027571,,,,,,,,,,,201609.0
143,A10025823,,,,,,,,,,,201609.0
144,A10024216,,,,,,,,,,,201609.0
145,A13522003,89950,2123250,0,0,0,4810000,3038040,0,1494860,0,201609.0
146,A13522008,0,349320,0,0,0,16380000,0,0,0,0,201609.0
147,A13522004,3207320,501610,0,2689570,0,10838900,7429980,10452510,152320,11206730,201609.0
148,A13588402,9102450,0,0,0,-5655000,5608600,3567178,16947920,2132860,0,201609.0
149,A13522007,4171320,1595500,0,0,0,8991170,3151080,0,1453150,0,201609.0
150,A13522006,3755440,0,0,0,0,7289700,1993930,13156460,0,0,201609.0
151,A13552001,0,65800,0,0,0,5787600,0,753820,0,5000,201609.0
152,A13552002,0,0,0,0,0,0,-8498137,53174410,460860,11813610,201609.0
153,A13588601,5109900,303660,0,0,-951000,951000,2218220,7608880,1090360,4995120,201609.0
154,A10025204,,,,,,,,,,,201609.0
155,A10027446,4113240,1361170,0,0,180,2485670,8594160,26856420,0,2517130,201609.0
156,A13550502,4195270,0,0,0,0,7944510,6379520,15026130,628440,13348680,201609.0
157,A13527004,778940,0,0,0,0,2298000,1531770,1555970,0,3156500,201609.0
158,A13585404,0,0,0,0,0,3715400,6080070,7577730,0,6992160,201609.0
159,A13527002,1512,0,0,0,0,1576400,1393140,5461150,0,3041900,201609.0
160,A13527008,0,0,0,0,0,0,1524513,2806550,16850,5868290,201609.0
161,A13527013,3434010,0,0,0,0,7272886,4062002,18384170,302220,6460070,201609.0
162,A13527203,17343960,576740,0,0,0,39037440,47364760,172675080,-1743670,53574960,201609.0
163,A13585401,0,0,0,0,0,2459600,504376,1386460,0,760760,201609.0
164,A13586102,1039820,0,0,0,-680,1443720,2198254,5755300,232900,3236970,201609.0
165,A13585804,5764837,0,0,0,3,13898650,11291700,33893340,1414275,0,201609.0
166,A13527007,2111410,0,0,0,0,3198690,6896091,7512220,176420,5139510,201609.0
167,A13527016,2150270,5600,0,0,0,5670000,912970,14596030,739800,7805250,201609.0
168,A13550403,2136880,25760,0,0,0,5075000,2112138,11756580,1310730,7373500,201609.0
169,A13586101,0,0,0,0,0,0,1161170,0,0,0,201609.0
170,A13527010,-640,138000,0,0,0,5540000,2072460,8716830,340,6077110,201609.0
171,A13527019,2801580,0,0,0,0,3747000,4955029,20455230,453780,6338710,201609.0
172,A13527006,2818570,0,0,0,1484100,0,10484700,0,4664220,0,201609.0
173,A10027319,,,,,,,,,,,201609.0
174,A13550404,,,,,,,,,,,201609.0
175,A10024793,,,,,,,,,,,201609.0
