,kaptCode,heatC,heatP,gasC,gasP,waterHotC,waterHotP,electC,electP,waterCoolC,waterCoolP,Date
0,A13508012,2154950,6360,0,0,0,2969180,8187040,63368370,1563660,6508400,201608.0
1,A13579501,2385600,0,0,0,0,2750400,5753550,69885120,31740,5748820,201608.0
2,A13592604,8411060,4920,0,3001180,-5603840,5599860,1831529,86538320,0,13243610,201608.0
3,A13508009,4174630,0,0,0,0,5028650,52242092,39860140,30140,8502840,201608.0
4,A13508004,0,0,0,0,0,1892790,3017898,20868240,0,3593400,201608.0
5,A13508003,0,0,0,0,0,0,2882639,0,0,0,201608.0
6,A13579506,1886840,0,1090,0,0,1677730,5277171,76134380,0,4627320,201608.0
7,A13508006,2854620,0,0,0,0,4945000,6257950,85911320,0,5169920,201608.0
8,A13508011,2697760,0,0,0,70,3091520,11865180,96202500,1192470,7167840,201608.0
9,A13592601,2608140,19130,0,0,0,3398190,0,80749620,441320,7896970,201608.0
10,A13592706,3665641,104790,0,3886890,0,8234410,7344652,85062820,0,17564010,201608.0
11,A13579505,2529400,0,0,0,0,3742200,8916793,88559450,0,8634640,201608.0
12,A13508005,0,0,0,0,0,0,12084260,0,2064320,0,201608.0
13,A13579503,2830,0,0,0,0,0,2950250,29427810,5514900,0,201608.0
14,A13592605,3797820,0,0,2682500,0,3468860,10414558,101995360,0,11580740,201608.0
15,A13591402,0,0,0,0,0,0,37168163,0,4018000,0,201608.0
16,A10027474,0,0,0,0,2241960,2227200,15271640,22933460,4162200,2806090,201608.0
17,A10023825,,,,,,,,,,,201608.0
18,A10024820,,,,,,,,,,,201608.0
19,A10024813,,,,,,,,,,,201608.0
20,A13599303,0,9205300,0,0,0,10717500,336220,36285230,34440,0,201608.0
21,A13594007,27490,0,0,2410070,0,5105090,4062480,0,286040,6640900,201608.0
22,A13580602,5377580,0,0,0,0,6502830,22956060,89001310,0,14008511,201608.0
23,A13524004,180,3089250,0,0,0,4038400,5254800,79052000,266590,7566700,201608.0
24,A13599402,0,7082300,0,4030960,0,10522500,259790,38506480,0,14504450,201608.0
25,A13524005,3039360,0,0,0,0,4662560,5916990,77206280,1381120,0,201608.0
26,A13593908,86610,0,0,0,0,4110700,0,0,0,0,201608.0
27,A13580001,660510,0,0,0,900970,2314340,2308120,32631510,-590,4062920,201608.0
28,A13524006,0,5445780,0,0,0,3655620,2834570,108763070,1076480,10444330,201608.0
29,A13593901,1873450,38940,0,0,0,1485000,6281110,63490010,188560,2332280,201608.0
30,A13524009,4196170,0,0,0,6918600,0,80582520,0,14139150,0,201608.0
31,A13580002,-1445,890010,0,0,0,2730420,312575,18218840,8530,4494210,201608.0
32,A13599301,7381610,0,0,0,0,5114000,6027790,51770850,27620,0,201608.0
33,A10025203,,,,,,,,,,,201608.0
34,A10025675,,,,,,,,,,,201608.0
35,A10023565,,,,,,,,,,,201608.0
36,A10024564,,,,,,,,,,,201608.0
37,A10023996,,,,,,,,,,,201608.0
38,A13510003,1411280,630,0,0,0,1436080,4599340,42146270,0,4159930,201608.0
39,A13510001,0,0,0,0,0,0,-696450,14304680,3980,2616010,201608.0
40,A13510201,867610,0,0,0,0,1797030,1829426,19371520,0,3221480,201608.0
41,A13510203,0,0,0,0,0,0,755060,22935170,0,3510560,201608.0
42,A13510102,1617920,0,0,0,0,2372440,2952330,23607780,0,4949040,201608.0
43,A13510006,0,0,0,0,0,0,3936055,47736740,0,0,201608.0
44,A13510103,2116770,0,0,0,0,3371500,788920,20079500,0,6838090,201608.0
45,A13510202,1591930,1592160,0,0,0,1947000,1769640,19797100,45270,3567140,201608.0
46,A13576201,0,0,0,0,0,0,375420,26477720,17930,0,201608.0
47,A13510005,4863600,0,0,0,0,8549900,8391430,91534540,0,11252900,201608.0
48,A13510009,0,0,0,0,0,0,4723940,44758040,600,2924670,201608.0
49,A13510007,0,0,0,0,0,5298220,6929675,152183890,26920,7775350,201608.0
50,A10025280,,,,,,,,,,,201608.0
51,A10025755,,,,,,,,,,,201608.0
52,A10024640,,,,,,,,,,,201608.0
53,A13509001,0,0,20410,0,0,0,2888010,18858060,0,3394890,201608.0
54,A13570501,5205490,33000,0,0,0,6562000,16630173,109141200,-10620,14197680,201608.0
55,A13550701,3540,0,0,0,0,3914190,6112868,80279550,0,6593590,201608.0
56,A13509005,7860,0,0,0,1629440,1629440,6204339,60232640,138560,4895340,201608.0
57,A13509004,0,0,0,0,0,0,966480,27686220,186900,4309320,201608.0
58,A13509010,5194980,0,0,0,0,7819120,20209950,104098360,194640,13308330,201608.0
59,A13509006,3840,0,0,0,0,0,3289990,27910320,0,5250080,201608.0
60,A13509003,0,0,0,0,0,0,1834470,20811310,-470,7634830,201608.0
61,A13509012,6036230,0,0,0,7381710,0,22860900,0,21580,0,201608.0
62,A13509007,1539530,0,0,0,0,2477500,5637850,39291610,10240,6009110,201608.0
63,A13570502,,,,,,,,,,,201608.0
64,A13509013,,,,,,,,,,,201608.0
65,A13509101,0,0,0,0,0,0,3282980,16452830,0,3374050,201608.0
66,A13509009,9208590,0,0,0,-4976650,4976650,33828640,219012560,0,10913020,201608.0
67,A13509014,,,,,,,,,,,201608.0
68,A10026350,,,,,,,,,,,201608.0
69,A10026934,,,,,,,,,,,201608.0
70,A10024131,,,,,,,,,,,201608.0
71,A10023939,,,,,,,,,,,201608.0
72,A10024819,,,,,,,,,,,201608.0
73,A13528102,5403350,0,0,0,0,7689450,15786460,127301650,771370,15184910,201608.0
74,A13528103,6724340,0,0,0,0,5842660,11959810,307185440,0,19926100,201608.0
75,A13528004,17366990,0,0,9247710,0,30763800,-39765842,435310010,-2077908,55738310,201608.0
76,A13583604,0,-361020,0,0,0,7225000,11233240,135020240,845310,18682860,201608.0
77,A13583701,2887240,0,0,2167710,1235500,12355000,11738862,72500900,0,12350980,201608.0
78,A13528003,4863144,26380,0,3506460,0,15698480,15679210,137350890,535290,16372030,201608.0
79,A13528007,2758710,74100,0,0,0,1691800,10431710,87606470,1133970,6906010,201608.0
80,A13528105,0,0,0,0,140,10171000,-90288430,217361580,4479740,17858630,201608.0
81,A13584101,2424330,0,0,0,0,2178070,6454784,80506900,0,5873100,201608.0
82,A13583507,0,3440500,0,0,0,59726660,9308320,361356790,0,66563740,201608.0
83,A13583403,2660990,0,0,0,5389860,0,49415990,0,8002550,0,201608.0
84,A13583404,4856760,0,0,0,0,4525200,6440930,92003760,195660,9067140,201608.0
85,A13583402,2101260,3289440,0,0,-2418000,2418000,15137690,50228950,935110,6077950,201608.0
86,A10027800,7208890,0,0,0,12497400,0,361777652,0,30747978,0,201608.0
87,A10025646,,,,,,,,,,,201608.0
88,A10026526,,,,,,,,,,,201608.0
89,A10024102,,,,,,,,,,,201608.0
90,A10024815,,,,,,,,,,,201608.0
91,A10026924,,,,,,,,,,,201608.0
92,A10024799,,,,,,,,,,,201608.0
93,A10028094,,,,,,,,,,,201608.0
94,A10024029,,,,,,,,,,,201608.0
95,A10024814,,,,,,,,,,,201608.0
96,A10024805,,,,,,,,,,,201608.0
97,A13501004,6030,0,0,0,0,0,6040285,45634745,1056750,7932920,201608.0
98,A13501001,0,0,2121240,0,0,0,12014320,60015410,1021490,4088510,201608.0
99,A13582002,0,2931910,0,0,0,6573600,6922310,66699370,0,0,201608.0
100,A13501007,,,,,,,,,,,201608.0
101,A13501008,,,,,,,,,,,201608.0
102,A13583301,0,0,0,0,0,0,2856229,34054720,0,2743650,201608.0
103,A13501006,0,0,0,0,0,2403500,10213950,69048580,0,5883150,201608.0
104,A13501005,,,,,,,,,,,201608.0
105,A10024501,,,,,,,,,,,201608.0
106,A13590204,9560648,0,0,0,0,8286000,-9583192,158470560,1728252,0,201608.0
107,A13589802,10230240,43259970,0,0,-25122000,25122000,63369547,588513490,13737280,46409320,201608.0
108,A13511201,9321780,0,0,0,-3213600,3213600,1174790,72418190,2500000,0,201608.0
109,A13551103,-6000303,14201333,0,0,0,7922000,0,141790470,6000000,0,201608.0
110,A13590602,7635680,0,0,0,0,4413440,5473980,81097530,902000,0,201608.0
111,A13511001,0,1604190,0,0,0,3377700,3847750,56741370,0,0,201608.0
112,A13511004,-1970,18483040,0,0,0,19083600,20682197,323371760,8173145,0,201608.0
113,A13511101,0,6013100,0,0,0,6000000,0,99672480,0,13218410,201608.0
114,A13511003,0,2115846,0,0,0,9904200,13233585,116801225,0,0,201608.0
115,A13519002,0,0,0,0,0,0,2731670,28151120,276690,6579780,201608.0
116,A13519006,5003828,0,0,0,32,5818410,19859212,47752900,39000,15977600,201608.0
117,A13519007,4139620,0,0,0,0,3345440,1097460,62310540,473620,13405330,201608.0
118,A13519004,0,0,0,0,0,0,16168960,0,5778610,0,201608.0
119,A13519005,0,0,0,0,0,0,6455890,28795720,0,9418480,201608.0
120,A13519003,0,0,0,0,0,0,3509890,32389300,255410,6046730,201608.0
121,A13519001,0,0,28320,0,0,0,2959210,22003500,26110,6013140,201608.0
122,A10028172,3988177,66300,0,0,0,4513730,6690568,35127220,-21010,11541430,201608.0
123,A13519008,132650,0,0,0,0,5725500,579900,23113830,-1763950,10974000,201608.0
124,A13520003,6639960,46390,0,0,0,4588340,15491200,88237150,0,16595000,201608.0
125,A13520004,2396500,0,0,0,0,2980790,6441839,26354900,361910,6298860,201608.0
126,A10027985,16017580,0,0,0,0,0,74595945,0,19933120,0,201608.0
127,A13520002,0,0,0,0,0,0,121916290,52107170,1783716,16989204,201608.0
128,A10023314,,,,,,,,,,,201608.0
129,A13520001,0,0,2750,0,0,0,13038173,83212128,42171,13959441,201608.0
130,A10027909,0,0,1540,0,0,0,19154850,0,2687970,0,201608.0
131,A10027912,0,0,14940,0,0,0,21573490,9751290,531660,4420770,201608.0
132,A13594702,3355970,1723800,0,0,0,5250970,2423730,568510,573820,0,201608.0
133,A13523005,4363980,0,0,0,0,0,8582170,103443910,0,11359450,201608.0
134,A13523004,5046310,0,0,0,0,3735000,860070,92412650,0,11317510,201608.0
135,A13594701,2643300,10880,0,0,0,5865620,2863940,39376160,875780,8757770,201608.0
136,A13593802,975790,796120,0,0,0,5977100,7145890,0,749710,0,201608.0
137,A13523003,2330670,990,0,0,0,4084080,0,48705310,-690,9704420,201608.0
138,A13594402,2436850,0,3540,0,0,1826000,3936250,22037030,460460,0,201608.0
139,A13593801,651337,0,0,2438320,0,2995385,4107760,70548320,0,0,201608.0
140,A13594203,8893640,0,0,0,0,7839280,4752440,71316400,3144400,14490560,201608.0
141,A13594403,3078980,0,0,0,0,9060000,4988580,80417670,1256490,0,201608.0
142,A10027571,,,,,,,,,,,201608.0
143,A10025823,,,,,,,,,,,201608.0
144,A10024216,,,,,,,,,,,201608.0
145,A13522003,0,1968300,0,4052070,0,4030000,3515240,0,1650860,0,201608.0
146,A13522008,0,0,0,0,0,13761000,0,0,0,0,201608.0
147,A13522004,3207320,28430,0,2384610,0,7885680,9216170,77122480,238800,12105570,201608.0
148,A13588402,8574650,0,0,0,-5127200,5057600,7692756,70275410,2777270,0,201608.0
149,A13522007,3880020,0,0,0,0,7409450,3845840,0,864930,0,201608.0
150,A13522006,3580960,0,0,0,0,5622810,-729920,45464520,4368780,0,201608.0
151,A13552001,0,7790,0,0,0,3540760,0,1015700,0,5000,201608.0
152,A13552002,0,0,0,0,0,0,4798233,70430750,0,11853760,201608.0
153,A13588601,3783610,63750,0,0,-501840,501840,20564660,14531540,813400,4893930,201608.0
154,A10025204,,,,,,,,,,,201608.0
155,A10027446,4113260,2222590,0,0,-630,747360,0,0,0,1253180,201608.0
156,A13550502,4195270,0,0,0,0,6078240,15276970,127330400,0,14706880,201608.0
157,A13527004,678700,0,0,0,0,2016000,2423630,18591170,0,3310020,201608.0
158,A13585404,0,0,0,2795850,0,5570900,8450260,100143030,0,7714560,201608.0
159,A13527002,3412,0,0,0,0,1317800,1775100,7839140,0,3399270,201608.0
160,A13527008,0,0,0,0,0,0,6348607,33789390,16730,6041710,201608.0
161,A13527013,3434010,0,0,0,0,5605677,3805280,54105800,796830,7008200,201608.0
162,A13527203,17343471,0,0,0,-1761,28776540,62860750,439297260,-1501820,56963540,201608.0
163,A13585401,0,0,0,0,3,1999200,1110072,15952940,0,633080,201608.0
164,A13586102,1039820,0,0,0,1670,1648720,1421221,12788520,307630,3460530,201608.0
165,A13585804,5764837,0,0,0,0,10732640,6725480,58584010,2932565,0,201608.0
166,A13527007,2111410,0,0,0,0,2185920,9239629,67860800,221700,5003590,201608.0
167,A13527016,1466580,5600,0,0,0,4907000,927700,31323670,397310,8354410,201608.0
168,A13550403,2136880,7770,0,0,0,3327660,-641429,29466260,726320,7608480,201608.0
169,A13586101,0,0,0,0,0,0,1119670,0,0,0,201608.0
170,A13527010,-1460,345000,0,0,0,4224000,-559550,21174370,-480,6434000,201608.0
171,A13527019,2871900,0,0,0,0,2794400,7561129,76154890,212130,6389130,201608.0
172,A13527006,2024680,0,0,0,1113500,0,24193310,0,4787230,0,201608.0
173,A10027319,,,,,,,,,,,201608.0
174,A13550404,,,,,,,,,,,201608.0
175,A10024793,,,,,,,,,,,201608.0
