,kaptCode,heatC,heatP,gasC,gasP,waterHotC,waterHotP,electC,electP,waterCoolC,waterCoolP,Date
0,A13508012,2154950,2234470,0,0,0,6227300,5776680,18075320,0,6197300,201610.0
1,A13579501,2385600,2903800,0,0,0,6765500,4126730,20034380,-404340,6322680,201610.0
2,A13592604,13894810,6618040,0,3124110,-9686280,9686280,9547097,24705230,0,11649860,201610.0
3,A13508009,6359710,3073780,0,0,0,10027640,4622632,31028040,0,8051630,201610.0
4,A13508004,0,0,0,0,255640,2704710,1849506,7662790,0,3505830,201610.0
5,A13508003,0,0,0,0,0,0,1798709,0,0,0,201610.0
6,A13579506,1825980,2247540,540,0,0,2934920,3573628,20284960,0,4707830,201610.0
7,A13508006,2854620,3903660,0,0,0,7333900,4414435,27159840,-10,4647550,201610.0
8,A13508011,2697760,4452200,0,0,-230,7495920,7623970,33487070,205830,7213770,201610.0
9,A13592601,2608000,3776770,0,0,0,8631920,1130925,25128800,100,7465700,201610.0
10,A13592706,3665641,10021750,0,4225620,0,18594740,0,32323400,0,16743020,201610.0
11,A13579505,2447800,4272730,0,0,0,7109080,6825343,27936450,0,8556030,201610.0
12,A13508005,0,0,0,0,0,0,4822450,0,1968550,0,201610.0
13,A13579503,2120,0,0,0,0,0,2209230,8716050,5091600,0,201610.0
14,A13592605,3330910,8647050,0,3228380,0,8689910,6080540,34424000,0,11837980,201610.0
15,A13591402,0,0,0,0,0,0,12736027,10282400,3776370,3776370,201610.0
16,A10027474,2464170,1896580,0,0,425970,6196940,7529890,15038700,29030,5043500,201610.0
17,A10023825,,,,,,,,,,,201610.0
18,A10024820,,,,,,,,,,,201610.0
19,A10024813,,,,,,,,,,,201610.0
20,A13599303,0,8090000,0,0,0,9565000,5679750,31484080,1625210,0,201610.0
21,A13594007,146310,4432580,0,2706300,0,12024820,3157560,0,917520,4903000,201610.0
22,A13580602,5377580,14902680,0,0,0,10104600,7137350,28633040,0,12472125,201610.0
23,A13524004,-1470,15707700,0,0,0,6096000,3650730,18966860,1752190,6263820,201610.0
24,A13599402,0,7275700,0,4165140,0,9225000,174310,31727380,0,14405750,201610.0
25,A13524005,3039360,8203880,0,0,0,5974400,3343740,24810400,1208480,0,201610.0
26,A13593908,1195018,11787170,0,0,0,10432800,0,0,0,0,201610.0
27,A13580001,1417280,4529820,0,0,0,4366300,1513093,10773640,-1390,4253310,201610.0
28,A13524006,0,24819540,0,0,0,5636610,5632340,29604550,2290500,8161300,201610.0
29,A13593901,2224780,3462880,0,0,0,3273600,4089120,18005180,149290,2315370,201610.0
30,A13524009,17421520,0,0,0,17286980,0,35609040,0,14417870,0,201610.0
31,A13580002,-1578,5668920,0,0,0,3864470,1684819,8996640,11860,4370760,201610.0
32,A13599301,32339160,0,0,0,0,7494000,10680860,25821820,27620,0,201610.0
33,A10025203,,,,,,,,,,,201610.0
34,A10025675,,,,,,,,,,,201610.0
35,A10023565,,,,,,,,,,,201610.0
36,A10024564,,,,,,,,,,,201610.0
37,A10023996,,,,,,,,,,,201610.0
38,A13510003,1411890,3662510,0,0,0,2838200,2885930,12172520,0,4147300,201610.0
39,A13510001,0,0,0,0,0,0,169660,5500850,154930,2294590,201610.0
40,A13510201,867680,1531700,0,0,0,2883600,1174592,5929310,0,3197690,201610.0
41,A13510203,0,0,0,0,0,0,731370,8408650,0,3546510,201610.0
42,A13510102,1617750,4159290,0,0,0,4707000,4019630,13127080,0,5004350,201610.0
43,A13510006,0,0,0,0,0,0,2573995,13830940,0,0,201610.0
44,A13510103,2768950,7385400,0,0,0,6065430,2374300,17681700,0,6122640,201610.0
45,A13510202,5031470,0,0,0,0,2919000,1486160,8829110,180320,2710420,201610.0
46,A13576201,0,0,0,0,0,0,685860,8696300,27060,0,201610.0
47,A13510005,4863600,9176010,0,0,0,12425100,8046460,38272460,0,9257320,201610.0
48,A13510009,0,0,0,0,0,0,3293150,13432450,2210,2694470,201610.0
49,A13510007,943060,4157190,0,0,0,10961460,4978652,30834190,0,7594370,201610.0
50,A10025280,,,,,,,,,,,201610.0
51,A10025755,,,,,,,,,,,201610.0
52,A10024640,,,,,,,,,,,201610.0
53,A13509001,0,0,21060,0,0,0,1940600,6201990,0,2866660,201610.0
54,A13570501,5725430,15802000,0,0,0,5463000,12625230,43192600,-8530,12034850,201610.0
55,A13550701,1813415,3500632,0,0,0,6041650,3583267,23962780,0,6400670,201610.0
56,A13509005,22300,3175260,0,0,4510220,4510220,3682068,19197720,58620,4541600,201610.0
57,A13509004,0,0,0,0,0,0,1840360,8402130,163610,4095720,201610.0
58,A13509010,5156180,8673150,0,0,0,13109040,10837970,56920030,195000,12675080,201610.0
59,A13509006,3150,0,0,0,0,0,2790740,9025350,0,4795910,201610.0
60,A13509003,0,0,0,0,0,0,900840,8444650,-890,8095390,201610.0
61,A13509012,13410440,0,0,0,20827540,0,70633110,0,18795680,0,201610.0
62,A13509007,2927150,4720920,0,0,0,3752500,3914020,11812530,26200,5571090,201610.0
63,A13570502,,,,,,,,,,,201610.0
64,A13509013,,,,,,,,,,,201610.0
65,A13509101,0,0,0,0,0,0,1301880,6628280,687170,2641490,201610.0
66,A13509009,7601330,15434100,0,0,-3335760,3335760,15109310,81940620,325850,10804790,201610.0
67,A13509014,,,,,,,,,,,201610.0
68,A10026350,,,,,,,,,,,201610.0
69,A10026934,,,,,,,,,,,201610.0
70,A10024131,,,,,,,,,,,201610.0
71,A10023939,,,,,,,,,,,201610.0
72,A10024819,,,,,,,,,,,201610.0
73,A13528102,5403350,52503060,0,0,0,16535340,15749340,53589120,1384780,13754190,201610.0
74,A13528103,7772400,12960300,0,0,0,12082100,9567990,90312420,0,18377570,201610.0
75,A13528004,20926440,30307940,0,10232670,0,40192200,-2579350,138144310,-2077908,50970490,201610.0
76,A13583604,0,7641540,0,0,0,12145000,10254340,50715540,774350,14774240,201610.0
77,A13583701,2887240,6004030,0,2478630,1884000,18840000,7264251,24920750,0,10245120,201610.0
78,A13528003,4863144,14836660,0,3952570,0,27368100,10302220,40655730,2833730,13396610,201610.0
79,A13528007,3257330,1847300,0,0,0,4540000,6484550,23800200,657310,6266160,201610.0
80,A13528105,-1490,25573200,0,0,0,17454500,4801480,63219020,406930,18488930,201610.0
81,A13584101,2121940,2520900,0,0,0,7476160,4949125,23818400,0,5350970,201610.0
82,A13583507,0,102346720,0,0,0,71261400,45201590,163304570,9639250,47729750,201610.0
83,A13583403,10071170,0,0,0,8620980,0,24716230,0,7078580,0,201610.0
84,A13583404,16668810,0,0,0,0,5936400,6837189,27824610,466640,8680270,201610.0
85,A13583402,3285090,8711080,0,0,-3838000,3838000,3472160,14355650,1558190,6549330,201610.0
86,A10027800,7630992,0,0,0,31625680,0,182216471,0,29531710,0,201610.0
87,A10025646,,,,,,,,,,,201610.0
88,A10026526,,,,,,,,,,,201610.0
89,A10024102,,,,,,,,,,,201610.0
90,A10024815,,,,,,,,,,,201610.0
91,A10026924,,,,,,,,,,,201610.0
92,A10024799,,,,,,,,,,,201610.0
93,A10028094,,,,,,,,,,,201610.0
94,A10024029,,,,,,,,,,,201610.0
95,A10024814,,,,,,,,,,,201610.0
96,A10024805,,,,,,,,,,,201610.0
97,A13501004,6730,0,0,0,0,0,5671840,16856410,1096710,7732610,201610.0
98,A13501001,0,0,1767930,0,0,0,8154770,40452920,663810,4126060,201610.0
99,A13582002,0,17655770,0,0,0,8964000,5465730,22648130,0,0,201610.0
100,A13501007,,,,,,,,,,,201610.0
101,A13501008,,,,,,,,,,,201610.0
102,A13583301,0,0,0,0,0,0,1989946,9418300,0,2770800,201610.0
103,A13501006,0,1976660,0,0,0,5044230,6130100,21707870,0,5458550,201610.0
104,A13501005,,,,,,,,,,,201610.0
105,A10024501,,,,,,,,,,,201610.0
106,A13590204,33570601,0,0,0,0,11238000,-5697826,50546640,-177176,0,201610.0
107,A13589802,19462498,157955852,0,0,-30592000,30592000,1217124,214748520,11486960,45351090,201610.0
108,A13511201,18118780,0,0,0,-4735200,4735200,1020239,22674790,2500000,0,201610.0
109,A13551103,-5999566,47594586,0,0,0,10944000,0,41826680,6000000,0,201610.0
110,A13590602,19871420,0,0,0,0,6525440,3973740,27515770,820000,0,201610.0
111,A13511001,0,13317304,0,0,0,4309200,4656240,14748960,0,0,201610.0
112,A13511004,270,85814790,0,0,0,27174750,18913136,112699140,1246800,0,201610.0
113,A13511101,0,26754730,0,0,0,8928000,0,22778270,0,11850320,201610.0
114,A13511003,0,21749346,0,0,0,12959100,2599264,42694930,0,0,201610.0
115,A13519002,0,0,0,0,0,0,1418210,10740860,0,6488200,201610.0
116,A13519006,6082274,3764600,0,0,-14,11462570,6818243,25043600,0,15328640,201610.0
117,A13519007,16239580,3871480,0,0,-11812910,11753650,3524320,23393690,462000,12572010,201610.0
118,A13519004,0,0,0,0,0,0,18089920,0,5118520,0,201610.0
119,A13519005,0,0,0,0,0,0,5268370,27133610,0,8894960,201610.0
120,A13519003,0,0,0,0,0,0,2851870,10992540,324550,5828600,201610.0
121,A13519001,0,0,30400,0,0,0,3116390,8900210,40870,5887920,201610.0
122,A10028172,4397660,3389040,0,0,0,8911000,10884064,22985220,0,10908550,201610.0
123,A13519008,239710,3831870,0,0,0,11840800,1609100,19212310,-2139380,10148410,201610.0
124,A13520003,6714360,6774270,0,0,0,14440260,10808916,51446560,0,14773700,201610.0
125,A13520004,2396500,2387600,0,0,0,6266060,4771272,14937370,374630,6496220,201610.0
126,A10027985,31995100,0,0,0,0,0,40822680,0,17835710,0,201610.0
127,A13520002,0,0,0,0,0,0,12945090,52107170,135336,16989204,201610.0
128,A10023314,,,,,,,,,,,201610.0
129,A13520001,0,0,2240,0,0,0,10866461,32415000,41980,15076650,201610.0
130,A10027909,0,0,1410,0,0,0,7623050,0,2439220,0,201610.0
131,A10027912,0,0,38880,0,0,0,2785890,9751290,9350,4420770,201610.0
132,A13594702,3355970,10705690,0,0,0,11785120,2699140,378450,0,0,201610.0
133,A13523005,4363980,9357675,0,0,0,12951600,6215050,33543260,0,10275700,201610.0
134,A13523004,6726300,12989750,0,0,0,9020900,625380,32110700,0,9239230,201610.0
135,A13594701,3726610,9752420,0,0,0,10049920,4152364,17585130,704720,7047200,201610.0
136,A13593802,6256590,13659710,0,0,0,8603420,5209760,0,748165,0,201610.0
137,A13523003,2330670,6054700,0,0,0,9666920,0,18581910,114580,9115520,201610.0
138,A13594402,10483160,0,4240,0,0,2708000,4174680,12227270,211120,0,201610.0
139,A13593801,1109052,2509200,0,2455000,0,8373750,3718180,22734110,0,0,201610.0
140,A13594203,16911758,10035552,0,0,0,14281700,305750,30694240,5012700,11442170,201610.0
141,A13594403,19696650,0,0,0,0,13876000,9579280,24955040,341660,0,201610.0
142,A10027571,,,,,,,,,,,201610.0
143,A10025823,,,,,,,,,,,201610.0
144,A10024216,,,,,,,,,,,201610.0
145,A13522003,1412360,7868590,0,4398070,0,6052500,2831170,0,393060,0,201610.0
146,A13522008,0,9485060,0,0,0,21537000,0,0,0,0,201610.0
147,A13522004,3207320,10790280,0,2622920,0,14232280,6203430,25714740,486070,11523380,201610.0
148,A13588402,-10677190,27358480,0,0,-9181400,9082800,2195196,26733070,2141150,0,201610.0
149,A13522007,5406040,9704940,0,0,0,11623100,3388790,0,1651120,0,201610.0
150,A13522006,4781880,3689250,0,0,0,13308000,1960840,22398960,2036100,0,201610.0
151,A13552001,0,4447620,0,0,0,11777500,0,532540,0,5000,201610.0
152,A13552002,0,0,0,0,0,0,7732012,26574330,437740,10972710,201610.0
153,A13588601,11018320,303660,0,0,-951000,951000,6602240,7608880,1599560,4995120,201610.0
154,A10025204,,,,,,,,,,,201610.0
155,A10027446,4113210,6908590,0,0,-1030,4588240,6028550,13336460,400370,4297690,201610.0
156,A13550502,4195270,7843860,0,0,0,19736510,9731870,35419260,0,12535510,201610.0
157,A13527004,1157340,3049030,0,0,0,2856000,2120250,7190460,0,2773150,201610.0
158,A13585404,0,820,0,2774150,0,4832800,5326710,22441060,0,6911960,201610.0
159,A13527002,26992,1760760,0,0,0,2301600,1962240,6924720,0,3047130,201610.0
160,A13527008,0,0,0,0,0,0,2771321,12359310,14660,5610520,201610.0
161,A13527013,3434004,10254550,0,0,0,7844760,6508804,19994380,1009740,5539420,201610.0
162,A13527203,17343400,19780940,0,0,0,69395770,47585540,204629630,-2627630,55469800,201610.0
163,A13585401,0,2255400,0,0,0,3177700,1221409,4558030,0,982870,201610.0
164,A13586102,1039810,3246660,0,0,0,2081500,773645,6905480,223810,3490070,201610.0
165,A13585804,5764840,9694930,0,0,0,26280000,22481340,40919070,158025,0,201610.0
166,A13527007,2111410,2848820,0,0,0,6476530,6831490,20599390,182040,5088570,201610.0
167,A13527016,4709140,3903030,0,0,0,6828500,3809930,13441530,1476600,7222000,201610.0
168,A13550403,2136880,7508080,0,0,0,6265000,3947630,14108480,1575810,6336590,201610.0
169,A13586101,0,0,0,0,0,0,939140,0,0,0,201610.0
170,A13527010,1170,11472300,0,0,0,6216000,2187238,11168750,70,5850790,201610.0
171,A13527019,2784880,3551960,0,0,0,5907600,5820508,24718600,343460,5970950,201610.0
172,A13527006,10385130,0,0,0,1730600,0,11570120,0,4233690,0,201610.0
173,A10027319,3058530,892700,0,0,0,1535980,7442920,5001770,1819010,1819010,201610.0
174,A13550404,,,,,,,,,,,201610.0
175,A10024793,,,,,,,,,,,201610.0
