,kaptCode,heatC,heatP,gasC,gasP,waterHotC,waterHotP,electC,electP,waterCoolC,waterCoolP,Date
0,A13508012,2154950,572020,0,0,0,7589150,5673230,17664950,921440,5859200,201605.0
1,A13579501,2385600,920500,0,0,0,6303000,4660000,20218520,-60850,5676070,201605.0
2,A13592604,2835440,588370,0,2887110,0,15060000,4215690,30631760,0,11409540,201605.0
3,A13508009,5355470,2069540,0,0,0,10861900,5222559,32708945,650480,8042030,201605.0
4,A13508004,782930,0,0,0,0,3626430,1892642,8017320,0,3370760,201605.0
5,A13508003,0,0,0,0,0,0,1795458,0,2368030,0,201605.0
6,A13579506,1886840,852580,2560,0,0,3909600,3800872,18898140,0,4477100,201605.0
7,A13508006,2854620,918990,0,0,0,7700840,4588665,27872080,0,5373560,201605.0
8,A13508011,2697760,1189790,0,0,0,8918200,8351530,31858120,1772790,6419440,201605.0
9,A13592601,2601960,1118240,0,0,0,9729180,2123494,25372720,136690,7365450,201605.0
10,A13592706,3665641,3221670,0,4126660,0,21057110,10168754,32808330,0,17105380,201605.0
11,A13579505,2529400,1171940,0,0,0,9119440,6635400,27999320,0,8360250,201605.0
12,A13508005,0,0,0,0,0,0,4804610,0,1911270,0,201605.0
13,A13579503,16300,0,0,0,0,0,1773110,9001110,0,0,201605.0
14,A13592605,5158640,1779740,0,2953090,0,11590490,6575715,34055840,0,11260900,201605.0
15,A13591402,0,0,0,0,0,0,13786398,0,4466570,0,201605.0
16,A10027474,,,,,,,,,,,201605.0
17,A10023825,,,,,,,,,,,201605.0
18,A10024820,,,,,,,,,,,201605.0
19,A10024813,,,,,,,,,,,201605.0
20,A13599303,0,51530600,0,0,0,14857500,12994530,27271660,7814260,0,201605.0
21,A13594007,122150,2217710,0,2620050,0,12378470,3493720,0,623440,4753570,201605.0
22,A13580602,5377580,0,0,0,0,15614370,7340340,28669080,549,12736071,201605.0
23,A13524004,410,7303350,0,0,0,7440000,3555780,18973320,663470,6100480,201605.0
24,A13599402,0,43251400,0,3986820,0,16020000,1461000,29772460,0,11830470,201605.0
25,A13524005,3039920,0,0,0,0,10664810,2998050,22817610,1899040,0,201605.0
26,A13593908,1432392,435778,0,0,0,15319200,0,0,0,0,201605.0
27,A13580001,1417090,1765600,0,0,0,5174700,1383465,10798970,-1630,3966210,201605.0
28,A13524006,0,11978440,0,0,0,7025580,4725580,28656990,2725080,7751620,201605.0
29,A13593901,1999700,1213520,0,0,0,4812600,4042840,18981290,218090,2493760,201605.0
30,A13524009,5505810,0,0,0,20577780,0,37166200,0,14412570,0,201605.0
31,A13580002,-741,2241990,0,0,0,6185400,1006384,8834790,28330,4418740,201605.0
32,A13599301,22049430,0,0,0,0,9886000,10663760,26132830,27620,0,201605.0
33,A10025203,,,,,,,,,,,201605.0
34,A10025675,,,,,,,,,,,201605.0
35,A10023565,,,,,,,,,,,201605.0
36,A10024564,,,,,,,,,,,201605.0
37,A10023996,,,,,,,,,,,201605.0
38,A13510003,1411980,1496960,0,0,0,2561280,3870110,14257800,850,4425670,201605.0
39,A13510001,0,0,0,0,0,0,821140,5726180,0,2358170,201605.0
40,A13510201,868020,431120,0,0,0,3439380,1227146,7050140,80,2971670,201605.0
41,A13510203,0,0,0,0,0,0,1369960,9783670,0,3384280,201605.0
42,A13510102,1617560,2477380,0,0,0,5265000,3685790,14737380,-430,4844370,201605.0
43,A13510006,0,0,0,0,0,0,2725042,15834880,0,9559710,201605.0
44,A13510103,2606920,1292040,0,0,0,7233000,-207660,19932550,18240,5721970,201605.0
45,A13510202,4157640,0,0,0,0,3348000,1611380,9223280,119930,2746460,201605.0
46,A13576201,0,0,0,0,0,0,931890,10464090,0,0,201605.0
47,A13510005,4863600,6476170,0,0,0,16125240,7456960,39283880,1941770,10187980,201605.0
48,A13510009,0,0,0,0,0,0,3149470,12971180,270,2874210,201605.0
49,A13510007,888560,701290,0,0,0,12328050,5167368,27660120,-38840,7661660,201605.0
50,A10025280,,,,,,,,,,,201605.0
51,A10025755,,,,,,,,,,,201605.0
52,A10024640,,,,,,,,,,,201605.0
53,A13509001,0,0,118910,0,0,0,1899660,6417670,0,3298080,201605.0
54,A13570501,6169210,3897000,0,0,0,12055500,10113493,43475810,6370,11652060,201605.0
55,A13550701,48987,1661370,0,0,0,8360000,3994680,24373670,0,6744840,201605.0
56,A13509005,64310,1328800,0,0,4192800,4192800,3874426,19700300,88320,4603200,201605.0
57,A13509004,0,0,0,0,0,0,2851570,9245590,314540,4015510,201605.0
58,A13509010,5091280,2278380,0,0,0,17281220,11231850,56782150,195030,13031950,201605.0
59,A13509006,10290,0,0,0,0,0,2518820,8503050,0,4999620,201605.0
60,A13509003,0,0,0,0,0,0,935850,8346900,0,0,201605.0
61,A13509012,6093250,1031770,0,0,28000,19684000,17015020,57674070,32250,19551230,201605.0
62,A13509007,2905770,1388880,0,0,0,5051800,4114450,11985580,255280,5707800,201605.0
63,A13570502,,,,,,,,,,,201605.0
64,A13509013,,,,,,,,,,,201605.0
65,A13509101,0,0,0,0,0,0,1830780,6802970,0,2925410,201605.0
66,A13509009,12540690,6302750,0,0,-8313160,8313160,13721680,86559860,0,10979350,201605.0
67,A13509014,,,,,,,,,,,201605.0
68,A10026350,,,,,,,,,,,201605.0
69,A10026934,,,,,,,,,,,201605.0
70,A10024131,,,,,,,,,,,201605.0
71,A10023939,,,,,,,,,,,201605.0
72,A10024819,,,,,,,,,,,201605.0
73,A13528102,5403610,3246740,0,0,0,17308110,10358660,57798920,452240,14237680,201605.0
74,A13528103,8161130,3459410,0,0,0,15883200,6938270,92951570,0,17156400,201605.0
75,A13528004,20358860,13574330,0,9897110,0,46186200,-1608814,136441120,-2077908,51783040,201605.0
76,A13583604,0,-24508160,0,0,0,23820000,7476420,50503350,2706340,14308370,201605.0
77,A13583701,2887240,1876090,0,2359430,2065500,20655000,5697062,24550570,1000000,9614780,201605.0
78,A13528003,0,0,0,3821980,0,28837980,12216240,36485650,0,13692910,201605.0
79,A13528007,2919370,509340,0,0,0,5960000,6830550,21553310,487710,6702200,201605.0
80,A13528105,0,0,0,0,2230,20041000,3225160,67923620,3453850,15036880,201605.0
81,A13584101,0,2256750,0,0,0,8875370,4513188,23159270,0,5326100,201605.0
82,A13583507,-1420,45300640,0,0,0,87543610,29159340,165361790,-1564990,52453770,201605.0
83,A13583403,6058720,0,0,0,9252280,0,24092890,0,6345860,0,201605.0
84,A13583404,8618350,0,0,0,0,7565400,4674890,32769450,84560,8393250,201605.0
85,A13583402,3384200,6499080,0,0,-4508000,4508000,4865130,14607560,2506810,4878800,201605.0
86,A10027800,7575844,0,0,0,30086400,0,118042239,0,27926994,0,201605.0
87,A10025646,,,,,,,,,,,201605.0
88,A10026526,,,,,,,,,,,201605.0
89,A10024102,,,,,,,,,,,201605.0
90,A10024815,,,,,,,,,,,201605.0
91,A10026924,,,,,,,,,,,201605.0
92,A10024799,,,,,,,,,,,201605.0
93,A10028094,,,,,,,,,,,201605.0
94,A10024029,,,,,,,,,,,201605.0
95,A10024814,,,,,,,,,,,201605.0
96,A10024805,,,,,,,,,,,201605.0
97,A13501004,17070,0,0,0,0,0,7061580,16558170,1527210,7783170,201605.0
98,A13501001,0,0,5178120,0,0,0,9261750,47683960,812680,3943490,201605.0
99,A13582002,0,7220020,0,0,0,10252800,4824330,23918670,0,0,201605.0
100,A13501007,,,,,,,,,,,201605.0
101,A13501008,,,,,,,,,,,201605.0
102,A13583301,0,0,0,0,0,0,2152525,9858660,0,2808120,201605.0
103,A13501006,0,655640,0,0,0,6327100,6279770,20222880,0,5524970,201605.0
104,A13501005,,,,,,,,,,,201605.0
105,A10024501,,,,,,,,,,,201605.0
106,A13590204,16217346,0,0,0,0,13905000,-7420446,52433230,894504,0,201605.0
107,A13589802,17037420,100509670,0,0,-40864000,40864000,1338592,251230950,24363000,38617390,201605.0
108,A13511201,14860190,0,0,0,-5752800,5752800,165176,22724350,2500000,0,201605.0
109,A13551103,-12910531,31449491,0,0,0,12166000,2252340,43300970,12392640,0,201605.0
110,A13590602,14766510,0,0,0,0,7741440,4707750,27678980,2406120,0,201605.0
111,A13511001,0,3930542,0,0,0,5472900,3088640,17671180,1239720,0,201605.0
112,A13511004,-3790,45126650,0,0,0,30190050,16785584,114483540,6186765,0,201605.0
113,A13511101,0,14508090,0,0,0,10020000,0,40344000,0,12398390,201605.0
114,A13511003,0,12186357,0,0,0,14774700,9078469,39202820,6270530,0,201605.0
115,A13519002,0,0,0,0,0,0,3318540,12865120,103390,6087550,201605.0
116,A13519006,6058730,824870,0,0,-2130,14826910,14147425,28152200,17733,15593537,201605.0
117,A13519007,4279380,0,0,0,0,11372970,5681590,29475920,466810,12708130,201605.0
118,A13519004,0,0,0,0,0,0,17807490,0,5129980,0,201605.0
119,A13519005,0,0,0,0,0,0,5325040,26360090,0,8905770,201605.0
120,A13519003,0,0,0,0,0,0,2714550,13688760,291250,5782640,201605.0
121,A13519001,0,0,145160,0,0,0,3115320,10875470,31210,5666710,201605.0
122,A10028172,4413684,859300,0,0,0,11830850,4243792,27321980,0,11099450,201605.0
123,A13519008,-28600,1512330,0,0,0,13964600,2470540,18795410,-1664100,10297550,201605.0
124,A13520003,8097770,1125570,0,0,0,14934990,9706632,53899560,0,15427000,201605.0
125,A13520004,2244020,0,0,0,0,7313850,4686472,14604990,136610,6224960,201605.0
126,A10027985,31489870,0,0,0,0,0,46633960,0,18064790,0,201605.0
127,A13520002,0,0,0,0,0,0,22970886,52815070,971050,17684940,201605.0
128,A10023314,,,,,,,,,,,201605.0
129,A13520001,0,0,2820,0,0,0,7637647,32364700,131100,15643890,201605.0
130,A10027909,0,0,9190,0,0,0,8512180,0,2402370,0,201605.0
131,A10027912,0,0,30960,0,0,0,2940880,11173670,276340,4318280,201605.0
132,A13594702,3355970,4156970,0,0,0,16545600,4168620,0,1080100,0,201605.0
133,A13523005,4363980,3618225,0,0,0,14467000,7249490,34113320,0,11653000,201605.0
134,A13523004,6530220,4939690,0,0,0,7239000,570240,35616520,0,10857480,201605.0
135,A13594701,2988200,3467000,0,0,0,13141550,8187361,17966020,701900,7018960,201605.0
136,A13593802,5998820,8257690,0,0,0,11277040,5122230,0,760264,0,201605.0
137,A13523003,2330670,3843970,0,0,0,11808930,596810,19338360,-150,9548540,201605.0
138,A13594402,5525600,0,5100,0,0,3392000,3005890,13055670,886340,0,201605.0
139,A13593801,991238,0,0,2505710,0,8838288,4193680,21935080,2134340,8487840,201605.0
140,A13594203,19405280,2234820,0,0,0,17589400,4408880,31574260,5235900,11687820,201605.0
141,A13594403,5189840,0,0,0,0,17772000,5612450,31157520,868610,0,201605.0
142,A10027571,,,,,,,,,,,201605.0
143,A10025823,,,,,,,,,,,201605.0
144,A10024216,,,,,,,,,,,201605.0
145,A13522003,1220530,5284540,0,0,0,7125000,3031970,0,2317470,0,201605.0
146,A13522008,0,10086780,0,0,0,25338000,0,0,0,0,201605.0
147,A13522004,3207320,4474710,0,2531470,0,14847350,6646580,24879980,230310,11730880,201605.0
148,A13588402,11637000,3086920,0,0,-8189600,8131600,4865602,25145820,3333120,0,201605.0
149,A13522007,5245560,2284560,0,0,0,19133040,3765040,0,2078340,0,201605.0
150,A13522006,4629180,723610,0,0,0,15220000,5298860,20744260,0,0,201605.0
151,A13552001,198780,1877600,0,0,0,13958000,0,488140,0,5000,201605.0
152,A13552002,0,0,0,0,0,0,8199193,33911390,543870,11170970,201605.0
153,A13588601,7984340,1153850,0,0,-3732000,3732000,3236640,11882680,1330250,4254670,201605.0
154,A10025204,,,,,,,,,,,201605.0
155,A10027446,,,,,,,,,,,201605.0
156,A13550502,4195270,2444280,0,0,0,16598700,10752310,35046720,466760,12787690,201605.0
157,A13527004,1085790,1243890,0,0,0,3285000,1471380,5988320,0,2958160,201605.0
158,A13585404,325770,3134560,0,0,0,12238800,5476400,21655690,0,6325800,201605.0
159,A13527002,17842,1086500,0,0,0,2583000,1671940,7473580,0,2893480,201605.0
160,A13527008,0,0,0,0,0,0,2653290,12885700,13130,5814250,201605.0
161,A13527013,3434020,4817530,0,0,0,10213920,5812228,20714000,883410,5481430,201605.0
162,A13527203,17342770,1487330,0,0,0,77475300,3802050,211775730,-2059600,55892330,201605.0
163,A13585401,0,822600,0,0,0,3318000,1982580,4993650,0,1050700,201605.0
164,A13586102,1039790,819630,0,0,0,3927600,2592007,6999470,330800,3360230,201605.0
165,A13585804,5764840,4294170,0,0,0,27355500,18031667,42451893,2423035,0,201605.0
166,A13527007,2111410,787390,0,0,0,6415920,6657459,21297450,145010,4037980,201605.0
167,A13527016,4709420,1758170,0,0,0,8190000,4350430,13195130,1286380,7566600,201605.0
168,A13550403,2136880,3140720,0,0,0,6989500,3596307,13560230,1566430,6209280,201605.0
169,A13586101,0,0,0,0,0,0,879890,0,0,0,201605.0
170,A13527010,-490,2172000,0,0,0,7800000,2564169,11050090,-170,6530800,201605.0
171,A13527019,3439050,944920,0,0,0,7188000,5957061,25162770,616810,5952590,201605.0
172,A13527006,5172630,0,0,0,1946500,0,11377380,0,4274700,0,201605.0
173,A10027319,,,,,,,,,,,201605.0
174,A13550404,,,,,,,,,,,201605.0
175,A10024793,,,,,,,,,,,201605.0
