,kaptCode,heatC,heatP,gasC,gasP,waterHotC,waterHotP,electC,electP,waterCoolC,waterCoolP,Date
0,A13508012,2154950,26785080,0,0,0,12326410,8548520,16901070,316580,6325700,201712.0
1,A13579501,2569960,38633900,0,0,0,13739600,6811121,18277270,-249480,6115090,201712.0
2,A13592604,9115890,61797320,0,2744540,0,19008000,9109527,23768640,0,13014390,201712.0
3,A13508009,3259020,56236830,0,0,0,15781500,12310600,23247070,380760,8496960,201712.0
4,A13508004,8118380,8686590,0,0,0,3887250,3279290,6912620,108230,3776560,201712.0
5,A13508003,0,0,0,0,0,0,3325603,0,0,0,201712.0
6,A13579506,1886840,27444580,0,0,0,2362980,5825152,15520220,0,4753640,201712.0
7,A13508006,10325900,35816010,0,0,0,10917200,5011012,23008820,74210,4885810,201712.0
8,A13508011,2697760,52442650,0,0,2660,6954310,12427973,27966037,2520,7322490,201712.0
9,A13592601,6472590,41265840,0,0,0,16174900,5075739,21799250,0,7576160,201712.0
10,A13592706,3664610,78560630,0,4118810,0,35973800,12631760,32427970,-86430,16424870,201712.0
11,A13579505,56529390,0,0,0,0,0,36153395,0,8955290,0,201712.0
12,A13508005,0,0,0,0,0,0,701040,3439180,34360,2032850,201712.0
13,A13579503,0,0,0,0,0,0,2492060,7949940,0,5239800,201712.0
14,A13592605,3431540,63124690,0,3256950,0,27706620,12487840,34855080,0,11729190,201712.0
15,A13591402,0,0,0,0,0,0,2861002,10099510,0,3731360,201712.0
16,A10027474,2464160,28116000,0,0,2141910,12463080,9401980,19503030,124450,6446280,201712.0
17,A10023825,,,,,,,,,,,201712.0
18,A10024820,,,,,,,,,,,201712.0
19,A10024813,,,,,,,,,,,201712.0
20,A13599303,4200,129060700,0,0,0,15325000,13307925,25390600,1092470,0,201712.0
21,A13594007,425510,45324130,0,2797350,0,17572000,4938160,0,525510,4800330,201712.0
22,A13580602,5377580,110245300,0,0,0,18856000,8955910,29106170,391,12812829,201712.0
23,A13524004,-250,75202500,0,0,0,11189100,7122700,15628700,0,5323110,201712.0
24,A13599402,0,74597900,0,3752120,0,12690000,7737160,27484630,0,11813380,201712.0
25,A13524005,3039360,70118760,0,0,0,9174400,8453000,22093550,2000960,0,201712.0
26,A13593908,4214638,55892220,0,0,0,20617600,0,0,0,0,201712.0
27,A13580001,1417150,32248170,0,0,0,6624800,4862054,7990270,-990,3961950,201712.0
28,A13524006,0,121533980,0,0,0,8091630,10430370,27130550,3785050,7042500,201712.0
29,A13593901,2383250,27700680,0,0,0,6880000,6440520,14351660,0,2688680,201712.0
30,A13524009,100218790,0,0,0,34596750,0,37166670,0,12296870,0,201712.0
31,A13580002,-88,30398670,0,0,0,7524270,2493160,9427800,50890,2837610,201712.0
32,A13599301,102757090,0,0,0,0,11740000,9483320,24209080,27620,0,201712.0
33,A10025203,,,,,,,,,,,201712.0
34,A10025675,,,,,,,,,,,201712.0
35,A10023565,,,,,,,,,,,201712.0
36,A10024564,,,,,,,,,,,201712.0
37,A10023996,,,,,,,,,,,201712.0
38,A13510003,1411970,31114350,0,0,0,4497500,4938380,12401190,97200,3948930,201712.0
39,A13510001,0,0,0,0,0,0,1370210,5679080,-661650,2333930,201712.0
40,A13510201,856320,18110220,0,0,0,3891600,1152310,6716090,0,2871800,201712.0
41,A13510203,0,0,0,0,0,0,1391060,9052270,0,3446680,201712.0
42,A13510102,1617750,31424850,0,0,0,7775800,6544190,13699550,0,5073130,201712.0
43,A13510006,0,0,0,0,0,0,3697051,14639200,0,0,201712.0
44,A13510103,2652770,50013600,0,0,0,8117200,1878120,17803000,0,6207580,201712.0
45,A13510202,32886310,0,16860,0,0,3828000,2129890,8540950,131550,2259800,201712.0
46,A13576201,0,0,0,0,0,0,848850,10560400,23660,0,201712.0
47,A13510005,4863600,91283350,0,0,0,21993850,15097510,37545260,1321140,8150350,201712.0
48,A13510009,0,0,0,0,0,0,4323990,11176360,2740,3143460,201712.0
49,A13510007,35367520,50353100,0,0,-22104500,20124500,23287715,21936770,-1366060,7581070,201712.0
50,A10025280,,,,,,,,,,,201712.0
51,A10025755,,,,,,,,,,,201712.0
52,A10024640,,,,,,,,,,,201712.0
53,A13509001,0,0,381050,0,0,0,2267750,6415420,0,2807400,201712.0
54,A13570501,13250610,76579000,0,0,194000,15210000,18681790,39466380,256340,16100690,201712.0
55,A13550701,32955647,32398649,0,0,13653970,13788390,26034291,21869670,6104930,6603510,201712.0
56,A13509005,64270,30030240,0,0,4878160,4878160,5756533,14794690,105180,4651720,201712.0
57,A13509004,0,0,0,0,0,0,1715420,9914960,252430,3791520,201712.0
58,A13509010,5241190,77588700,0,0,0,22514400,17084760,45626310,33810,13424920,201712.0
59,A13509006,227890,0,0,0,0,0,3194630,8977500,0,4862780,201712.0
60,A13509003,0,0,0,0,0,0,1644110,8974260,-3580,7043220,201712.0
61,A13509012,89206360,0,0,0,42027300,0,64018080,0,17881470,0,201712.0
62,A13509007,4196050,38273100,0,0,0,4465000,5195150,12566290,109890,5592710,201712.0
63,A13570502,,,,,,,,,,,201712.0
64,A13509013,,,,,,,,,,,201712.0
65,A13509101,0,0,0,0,0,0,2816780,6931830,342360,2748130,201712.0
66,A13509009,24530470,80573640,0,0,-19864600,19864600,27627380,59113130,366440,10557740,201712.0
67,A13509014,,,,,,,,,,,201712.0
68,A10026350,,,,,,,,,,,201712.0
69,A10026934,,,,,,,,,,,201712.0
70,A10024131,,,,,,,,,,,201712.0
71,A10023939,,,,,,,,,,,201712.0
72,A10024819,,,,,,,,,,,201712.0
73,A13528102,5403350,97834890,0,0,0,21580510,17596590,45837610,779730,14953870,201712.0
74,A13528103,6724340,122494210,0,0,0,19471320,31705050,64979489,0,18613450,201712.0
75,A13528004,37296900,336111390,0,9849260,0,52822800,24194770,130520710,0,49773360,201712.0
76,A13583604,197024310,0,0,0,0,17790000,17462674,50062770,1788080,12289480,201712.0
77,A13583701,2887240,44321080,0,2238790,2115000,16920000,7556034,22520030,1547403,6840370,201712.0
78,A13528003,4863144,87525690,0,3546600,0,36612400,18276650,39604260,5489150,13050210,201712.0
79,A13528007,5088130,28383860,0,0,0,9944100,9734410,23098910,475640,7056680,201712.0
80,A13528105,-500,194004600,0,0,0,30538200,5336880,68888690,619820,17170150,201712.0
81,A13584101,2424330,35125440,0,0,0,13112400,7872614,19602700,0,5864660,201712.0
82,A13583507,10510,789561360,0,0,0,96926690,49019656,158320380,12154620,46387760,201712.0
83,A13583403,90771250,0,0,0,11637900,0,7478620,0,476470,0,201712.0
84,A13583404,118509870,0,0,0,-8735400,8735400,14968010,31660370,545590,9456580,201712.0
85,A13583402,2516920,65002280,0,0,-6142000,6142000,9707480,14385810,2625300,4710260,201712.0
86,A10027800,9025434,120139680,0,163400,0,55413040,42705455,99270000,354660,29785240,201712.0
87,A10025646,,,,,,,,,,,201712.0
88,A10026526,,,,,,,,,,,201712.0
89,A10024102,,,,,,,,,,,201712.0
90,A10024815,,,,,,,,,,,201712.0
91,A10026924,1466990,20454330,0,0,0,5989840,5533820,10478430,195000,3130820,201712.0
92,A10024799,,,,,,,,,,,201712.0
93,A10028094,,,,,,,,,,,201712.0
94,A10024029,,,,,,,,,,,201712.0
95,A10024814,,,,,,,,,,,201712.0
96,A10024805,,,,,,,,,,,201712.0
97,A13501004,0,0,0,0,0,0,8213920,15785120,40530,7803790,201712.0
98,A13501001,8497230,0,0,0,0,0,10784263,29809790,1340810,3943050,201712.0
99,A13582002,0,101115730,0,0,0,13194000,8104400,21267200,0,0,201712.0
100,A13501007,,,,,,,,,,,201712.0
101,A13501008,,,,,,,,,,,201712.0
102,A13583301,0,0,0,0,0,0,3187163,7763150,0,2548270,201712.0
103,A13501006,15173809,23525100,0,0,-13026409,12964970,9156630,20299240,0,6018810,201712.0
104,A13501005,,,,,,,,,,,201712.0
105,A10024501,,,,,,,,,,,201712.0
106,A13590204,201300289,0,0,0,0,15501000,6988981,44017880,-561569,0,201712.0
107,A13589802,15935326,797836624,0,0,-44538000,44538000,40900418,187454410,17679460,38054520,201712.0
108,A13511201,94361340,0,0,0,0,0,26348105,0,3000000,0,201712.0
109,A13551103,-11355581,252514091,0,0,0,10808000,12646998,39956150,6000000,0,201712.0
110,A13590602,130359710,0,0,0,0,8801280,11237110,22433470,850000,0,201712.0
111,A13511001,0,59818444,0,0,0,10212480,5198460,17181820,0,0,201712.0
112,A13511004,-2010,440700390,0,0,0,35985600,28501216,101054370,2098850,0,201712.0
113,A13511101,0,120090370,0,0,0,11103000,0,38785550,0,11256540,201712.0
114,A13511003,0,149539216,0,0,0,27186650,19138099,35424280,0,0,201712.0
115,A13519002,0,0,229950,0,0,0,15688760,0,6456650,0,201712.0
116,A13519006,12273180,53201520,0,0,2810,18402740,11074101,29113300,0,15215230,201712.0
117,A13519007,32772370,43358020,0,0,-22813860,22729170,5490040,28857460,371000,13040020,201712.0
118,A13519004,0,0,0,0,0,0,19417780,0,4911870,0,201712.0
119,A13519005,0,0,0,0,0,0,7245570,23096890,0,9088670,201712.0
120,A13519003,0,0,394220,0,0,0,5009490,10849130,233680,5435060,201712.0
121,A13519001,0,0,320790,0,0,0,3600670,10338520,0,5300370,201712.0
122,A10028172,24785910,33350100,0,0,-18294350,18217240,11458005,24094180,612950,11571110,201712.0
123,A13519008,-2715110,30756030,0,0,0,20217600,7110050,19839660,-2086230,9623880,201712.0
124,A13520003,12912880,56496620,0,0,-31320,41218280,17819906,53718940,0,16024500,201712.0
125,A13520004,2396500,29640040,0,0,0,10657330,10584196,13161930,210700,6583200,201712.0
126,A10027985,105180020,0,0,0,0,0,56434950,0,17283910,0,201712.0
127,A13520002,0,0,0,0,0,0,20963870,53855450,-2120,17054570,201712.0
128,A10023314,,,,,,,,,,,201712.0
129,A13520001,0,0,11760,0,0,0,13800458,33640480,207140,15282830,201712.0
130,A10027909,0,0,43990,0,0,0,2880710,6960590,0,2468600,201712.0
131,A10027912,0,0,148050,0,0,0,1302870,12134750,165310,5017960,201712.0
132,A13594702,3355970,66435100,0,0,0,16708080,5920580,391910,0,0,201712.0
133,A13523005,4363980,75215625,0,0,0,26171840,9265117,24826188,0,11350400,201712.0
134,A13523004,14189480,87228270,0,0,0,5767300,718450,28567360,941910,6621030,201712.0
135,A13594701,9109860,58209790,0,0,0,17311700,7642765,18691800,584280,5842820,201712.0
136,A13593802,10944540,40541540,0,0,0,14853480,8483420,0,738080,0,201712.0
137,A13523003,8817810,45496310,0,0,0,12915340,1434100,18293890,-70,9250000,201712.0
138,A13594402,51310400,0,39510,0,0,3504000,5307730,12218110,21580,0,201712.0
139,A13593801,9437712,15506448,0,2647540,-7572000,10247440,5906290,20161140,0,0,201712.0
140,A13594203,32083201,68882679,0,0,0,25678000,3953660,31163730,5905500,10679310,201712.0
141,A13594403,108823120,0,0,0,0,19044000,11614850,24347010,0,0,201712.0
142,A10027571,,,,,,,,,,,201712.0
143,A10025823,,,,,,,,,,,201712.0
144,A10024216,,,,,,,,,,,201712.0
145,A13522003,5687630,23232560,0,0,0,11613000,4077630,0,58460,0,201712.0
146,A13522008,0,93621460,0,0,0,26793000,0,0,0,0,201712.0
147,A13522004,3207320,54725020,0,2659570,0,22922200,10910266,20311590,104710,11243990,201712.0
148,A13588402,18829370,55314680,0,0,-10835200,10771200,8767320,21560420,4199590,0,201712.0
149,A13522007,12547150,64042540,0,0,0,23155800,5605620,0,657110,0,201712.0
150,A13522006,11082430,54025940,0,0,0,19588000,4227127,22686690,1960100,0,201712.0
151,A13552001,8515494,17734476,26260,0,0,21427200,0,590680,0,5000,201712.0
152,A13552002,0,0,0,0,0,0,4086118,35211500,772470,11559150,201712.0
153,A13588601,6281960,30684650,0,0,0,10528300,4789990,10935200,368320,3867530,201712.0
154,A10025204,,,,,,,,,,,201712.0
155,A10027446,376900,41308560,0,0,-8805980,21999780,9542400,26544310,141800,7160750,201712.0
156,A13550502,4195270,81847270,0,0,0,34872940,14987720,33432680,0,12487110,201712.0
157,A13527004,2772620,21265790,0,0,0,4077000,1661620,6123790,0,2988460,201712.0
158,A13585404,0,0,0,0,0,11165000,8639164,19727800,0,7244940,201712.0
159,A13527002,62682,13052900,0,0,0,3690000,2814022,6599470,0,3073180,201712.0
160,A13527008,0,0,18440,0,0,0,2256007,13153290,17880,5679010,201712.0
161,A13527013,3434020,67961510,0,0,0,15500160,10080687,18765530,504570,4876230,201712.0
162,A13527203,17344360,305840820,0,0,0,124555120,3810330,142267910,-3668890,57829060,201712.0
163,A13585401,0,17069250,0,0,0,4777300,2084888,5735160,0,1655390,201712.0
164,A13586102,2320400,19315060,0,0,0,3761100,855050,8464030,574200,3322540,201712.0
165,A13585804,556840,109328820,0,0,5208000,34720000,29328640,38260290,1270940,0,201712.0
166,A13527007,2111410,31316880,0,0,0,12548900,9848788,17287010,172840,5234260,201712.0
167,A13527016,4708850,53602730,0,0,0,9852500,10452215,15081680,1197140,7807470,201712.0
168,A13550403,2136750,0,0,0,0,0,6143112,0,0,0,201712.0
169,A13586101,0,0,0,0,0,0,647480,0,0,0,201712.0
170,A13527010,-1484360,65521500,0,0,0,9612000,4739128,11588080,-160,6694300,201712.0
171,A13527019,3224250,39285520,0,0,0,11449200,8954930,22678740,7040,6127530,201712.0
172,A13527006,47731050,0,0,0,2267800,0,13061970,0,4464640,0,201712.0
173,A10027319,,,,,,,,,,,201712.0
174,A13550404,,,,,,,,,,,201712.0
175,A10024793,,,,,,,,,,,201712.0
