,kaptCode,heatC,heatP,gasC,gasP,waterHotC,waterHotP,electC,electP,waterCoolC,waterCoolP,Date
0,A13508012,2154950,10910,0,0,0,3926570,5677770,26932090,116460,6583700,201707.0
1,A13579501,2385600,0,0,0,0,3147680,5287816,27219040,-255610,6149780,201707.0
2,A13592604,2807120,17400,0,2949260,660,8170600,6677999,34061230,0,12635940,201707.0
3,A13508009,3259020,0,0,0,0,5646020,10189742,45118570,150460,8451560,201707.0
4,A13508004,0,0,0,0,-39600,1996860,-475000,10154950,0,3852670,201707.0
5,A13508003,0,0,0,0,0,0,2967137,0,0,0,201707.0
6,A13579506,1886840,0,0,0,0,2181630,5290982,26320910,0,4526600,201707.0
7,A13508006,2854620,12650,0,0,0,2997360,1124513,33297770,-10,5419620,201707.0
8,A13508011,2697760,10990,0,0,770,4783990,9738890,38805420,247690,7791040,201707.0
9,A13592601,2607740,0,0,0,0,4505000,1129763,31873550,41500,7871390,201707.0
10,A13592706,3665641,5940,0,4016640,0,10599710,15878314,51657240,0,17817000,201707.0
11,A13579505,7267590,0,0,0,-4738190,4712960,9554674,46563050,-275770,9420710,201707.0
12,A13508005,0,0,0,0,0,0,0,4934000,0,1907350,201707.0
13,A13579503,0,0,0,0,0,0,1631400,11506500,0,0,201707.0
14,A13592605,3431540,0,0,3055210,0,6067500,10279780,61915550,0,12973490,201707.0
15,A13591402,0,0,0,0,0,0,3225241,13294690,0,3938590,201707.0
16,A10027474,2462810,0,0,0,0,4125420,10231440,29368230,620260,6239930,201707.0
17,A10023825,,,,,,,,,,,201707.0
18,A10024820,,,,,,,,,,,201707.0
19,A10024813,,,,,,,,,,,201707.0
20,A13599303,0,8952100,0,0,0,12715000,69691,27029210,10250,0,201707.0
21,A13594007,24740,2344400,0,2806540,0,6432400,3833550,0,320820,6135640,201707.0
22,A13580602,5377580,0,0,0,0,8044050,11938950,42484750,-448,14075968,201707.0
23,A13524004,-160,2702400,0,0,-22730,5752500,5480110,23162130,0,7296960,201707.0
24,A13599402,0,10639400,0,3802160,0,11445000,216320,27762970,0,13602400,201707.0
25,A13524005,2775540,0,0,0,0,5820240,3929850,40301890,1356160,0,201707.0
26,A13593908,478580,0,0,0,0,5332600,0,0,0,0,201707.0
27,A13580001,1417210,3720,0,0,0,2421120,1954731,15229370,-1370,4071180,201707.0
28,A13524006,0,6811140,0,0,0,4295250,9626060,48639820,1479500,9892620,201707.0
29,A13593901,1870936,81030,0,0,0,2436000,5549710,23582970,0,2901350,201707.0
30,A13524009,4218900,0,0,0,10175500,0,50168740,0,14208870,0,201707.0
31,A13580002,-620,1197990,0,0,0,3444750,3299851,14141460,12450,3755170,201707.0
32,A13599301,12806290,0,0,0,0,6324000,9700740,42561040,27620,0,201707.0
33,A10025203,,,,,,,,,,,201707.0
34,A10025675,,,,,,,,,,,201707.0
35,A10023565,,,,,,,,,,,201707.0
36,A10024564,,,,,,,,,,,201707.0
37,A10023996,,,,,,,,,,,201707.0
38,A13510003,1411920,7380,0,0,0,2245980,3871680,16254480,100730,4274900,201707.0
39,A13510001,0,0,0,0,0,0,489110,7112170,37140,2524860,201707.0
40,A13510201,866000,0,0,0,0,2017050,283591,8250750,0,2874610,201707.0
41,A13510203,0,0,0,0,0,0,755450,11274600,0,3915700,201707.0
42,A13510102,1617580,0,0,0,0,2820410,1587280,24160060,0,4702400,201707.0
43,A13510006,0,0,0,0,0,0,3856878,18622100,0,9964180,201707.0
44,A13510103,2116770,0,0,0,0,4186900,1332010,30274300,12170,6587200,201707.0
45,A13510202,2187800,0,4620,0,0,1908000,2297190,15459440,254800,3127430,201707.0
46,A13576201,0,0,0,0,0,0,296610,12076340,0,0,201707.0
47,A13510005,4863600,0,0,0,0,8841840,9799210,59473200,703180,10417530,201707.0
48,A13510009,0,0,0,0,0,0,4593750,19296050,2270,2999190,201707.0
49,A13510007,3660940,0,0,0,0,6690160,17379020,27294970,0,7819520,201707.0
50,A10025280,,,,,,,,,,,201707.0
51,A10025755,,,,,,,,,,,201707.0
52,A10024640,,,,,,,,,,,201707.0
53,A13509001,0,0,26700,0,0,0,1595100,8359040,0,3010810,201707.0
54,A13570501,5428310,34000,0,0,127600,7403000,19587690,81054720,226120,12471000,201707.0
55,A13550701,3647,7850,0,0,5263510,5367320,35178600,40654050,6284290,6361150,201707.0
56,A13509005,35730,100490,0,0,2717790,2717790,6319711,22615650,73890,5109860,201707.0
57,A13509004,0,0,0,0,0,0,761840,13634310,50450,4376090,201707.0
58,A13509010,5110630,0,0,0,0,10084680,16226030,82220500,124070,13923170,201707.0
59,A13509006,9450,0,0,0,0,0,3222793,12312180,0,5464090,201707.0
60,A13509003,0,0,0,0,0,0,1070190,10246840,0,0,201707.0
61,A13509012,6036230,0,0,0,9616370,0,98847960,0,18769090,0,201707.0
62,A13509007,1597670,0,0,0,0,2952500,5018380,16802360,166680,5943900,201707.0
63,A13570502,,,,,,,,,,,201707.0
64,A13509013,,,,,,,,,,,201707.0
65,A13509101,0,0,0,0,0,0,2997520,9509380,246480,2846180,201707.0
66,A13509009,11407390,1006740,0,0,-6991200,6991200,25905680,130980260,1275650,10690580,201707.0
67,A13509014,,,,,,,,,,,201707.0
68,A10026350,,,,,,,,,,,201707.0
69,A10026934,,,,,,,,,,,201707.0
70,A10024131,,,,,,,,,,,201707.0
71,A10023939,,,,,,,,,,,201707.0
72,A10024819,,,,,,,,,,,201707.0
73,A13528102,5403350,0,0,0,0,10090210,16215460,85451460,793610,15667830,201707.0
74,A13528103,6724340,32190,0,0,0,9349240,20545620,157808280,0,19616600,201707.0
75,A13528004,17366990,0,0,9822440,0,33007500,34570490,193634400,0,51856910,201707.0
76,A13583604,-939600,0,0,0,0,8727500,20450650,76121190,0,15943580,201707.0
77,A13583701,2887240,0,0,2363870,1533000,12264000,10529298,31332110,0,12308220,201707.0
78,A13528003,4863144,0,0,3718070,0,19116000,14367680,56426240,524660,17483470,201707.0
79,A13528007,2952270,0,0,0,0,3179000,9363680,36264130,1864130,7338380,201707.0
80,A13528105,0,0,0,0,0,11308500,-4177100,104204210,1978160,18351580,201707.0
81,A13584101,2424330,0,0,0,0,3284520,5946455,28372560,0,5985340,201707.0
82,A13583507,-4580,13319600,0,0,0,59588480,51204950,276725520,4086740,65897720,201707.0
83,A13583403,3098600,0,0,0,6550110,0,39308740,0,7176590,0,201707.0
84,A13583404,9449720,0,0,0,-4696200,4696200,9950600,51894780,351090,8496370,201707.0
85,A13583402,2196740,3710000,0,0,-3074000,3074000,6812650,21638740,1868140,5197900,201707.0
86,A10027800,8200162,0,0,0,19992530,0,229942727,0,32656817,0,201707.0
87,A10025646,,,,,,,,,,,201707.0
88,A10026526,,,,,,,,,,,201707.0
89,A10024102,,,,,,,,,,,201707.0
90,A10024815,,,,,,,,,,,201707.0
91,A10026924,0,0,0,0,0,755300,0,1773710,0,70520,201707.0
92,A10024799,,,,,,,,,,,201707.0
93,A10028094,,,,,,,,,,,201707.0
94,A10024029,,,,,,,,,,,201707.0
95,A10024814,,,,,,,,,,,201707.0
96,A10024805,,,,,,,,,,,201707.0
97,A13501004,0,0,0,0,0,0,7623040,20481580,181680,8956760,201707.0
98,A13501001,2142930,0,0,0,0,0,9432897,68270770,1390770,3723490,201707.0
99,A13582002,0,3430280,0,0,0,7142400,7759510,43880140,248310,0,201707.0
100,A13501007,,,,,,,,,,,201707.0
101,A13501008,,,,,,,,,,,201707.0
102,A13583301,0,0,0,0,0,0,2668621,12433540,0,2645160,201707.0
103,A13501006,5212270,0,0,0,-3064315,3053775,9299426,28628210,0,6490561,201707.0
104,A13501005,,,,,,,,,,,201707.0
105,A10024501,,,,,,,,,,,201707.0
106,A13590204,11864555,0,0,0,0,9690000,-413418,72662120,1360275,0,201707.0
107,A13589802,19803778,40825412,0,0,-30216000,30216000,1858157,366118280,10813460,47442290,201707.0
108,A13511201,10073400,0,0,0,0,0,39398928,0,3500000,0,201707.0
109,A13551103,-11089537,22391507,0,0,0,7744000,13406136,67707520,8448240,0,201707.0
110,A13590602,8161390,0,0,0,0,5299200,7986810,40628080,1582850,0,201707.0
111,A13511001,0,2264948,0,0,0,5970240,2130520,30423250,930960,0,201707.0
112,A13511004,4940,22697200,0,0,0,21029760,29872024,190059830,6049920,0,201707.0
113,A13511101,0,7674780,0,0,0,6330000,0,57317810,0,13091430,201707.0
114,A13511003,0,0,0,0,0,17907250,15784078,65986380,6243430,0,201707.0
115,A13519002,0,0,33950,0,0,0,1798610,13844700,20410,7108800,201707.0
116,A13519006,5234847,0,0,0,723,8350960,10932466,30333700,0,17579890,201707.0
117,A13519007,11368440,0,0,0,-6122540,6111840,1874530,32281680,291840,14237720,201707.0
118,A13519004,0,0,0,0,0,0,20854170,0,5669320,0,201707.0
119,A13519005,0,0,0,0,0,0,11711910,35225690,0,9776990,201707.0
120,A13519003,0,0,27940,0,0,0,4107980,11841020,275650,6395080,201707.0
121,A13519001,0,0,29300,0,0,0,3594110,11344600,0,6316710,201707.0
122,A10028172,4103640,58800,0,0,0,6685300,15584193,41806770,0,12100760,201707.0
123,A13519008,-32500,32500,0,0,-30360,6522500,3277440,28867760,-245130,10998880,201707.0
124,A13520003,6649430,87500,0,0,0,7960660,16281271,92106820,0,17455990,201707.0
125,A13520004,2396500,3000,0,0,0,4119690,8835155,20344100,40910,7193650,201707.0
126,A10027985,19176360,0,0,0,0,0,55951400,0,20495880,0,201707.0
127,A13520002,0,0,0,0,0,0,19429220,69067510,1232910,18332570,201707.0
128,A10023314,,,,,,,,,,,201707.0
129,A13520001,0,0,2850,0,0,0,10026700,41629390,263820,17030720,201707.0
130,A10027909,0,0,23150,0,0,0,2502550,8360070,79610,2716090,201707.0
131,A10027912,0,0,14540,0,0,0,15937240,0,5369360,0,201707.0
132,A13594702,3355970,0,0,0,0,10139920,2278610,576490,140,0,201707.0
133,A13523005,4363980,0,0,0,0,5558700,9754773,33087956,0,11683360,201707.0
134,A13523004,5290970,0,0,0,0,7126900,888760,40023470,0,11269550,201707.0
135,A13594701,2664120,198270,0,0,0,7743750,4728944,20902600,868110,8681110,201707.0
136,A13593802,1390450,949220,0,0,0,6771480,6477910,0,747406,0,201707.0
137,A13523003,2759580,23360,0,0,0,3781800,0,22576650,-100,9833680,201707.0
138,A13594402,2862360,0,5660,0,0,2126000,4308800,19537150,596960,0,201707.0
139,A13593801,2073300,0,0,2775410,-1421602,2896062,4216670,33540440,1766400,9651840,201707.0
140,A13594203,10653480,0,0,0,0,9180540,2955440,34068440,4464000,13502090,201707.0
141,A13594403,3325860,0,0,0,0,10772000,13723600,42054780,1321840,0,201707.0
142,A10027571,,,,,,,,,,,201707.0
143,A10025823,,,,,,,,,,,201707.0
144,A10024216,,,,,,,,,,,201707.0
145,A13522003,0,2121450,0,0,0,5768000,3161840,0,997320,0,201707.0
146,A13522008,0,0,0,0,0,16890000,0,0,0,0,201707.0
147,A13522004,3207320,76260,0,2516160,0,9252000,7610502,27246540,0,12422240,201707.0
148,A13588402,9610650,0,0,0,-6163200,6096000,7135520,28413350,2943800,0,201707.0
149,A13522007,3974130,0,0,0,0,8327610,3945650,0,577920,0,201707.0
150,A13522006,3712050,0,0,0,0,6991300,409990,29725840,0,0,201707.0
151,A13552001,0,15620,0,0,0,4799640,0,1016460,0,5000,201707.0
152,A13552002,0,0,0,0,0,0,1441040,36227940,888840,12733660,201707.0
153,A13588601,3611760,28510,0,0,0,1101800,4103820,14769410,788700,5362600,201707.0
154,A10025204,,,,,,,,,,,201707.0
155,A10027446,3739320,28040,0,0,-11785540,16517640,10091190,33717210,-2120,7349580,201707.0
156,A13550502,4195270,0,0,0,-487990,9451310,1743080,62411860,-566450,14564100,201707.0
157,A13527004,371140,469800,0,0,0,2196000,416790,10342370,0,3168220,201707.0
158,A13585404,0,0,0,0,0,6737400,9781610,37863860,0,7138800,201707.0
159,A13527002,12622,0,0,0,0,1666600,1598210,11540790,0,3220340,201707.0
160,A13527008,0,0,6940,0,0,0,3205787,15920740,20190,6187670,201707.0
161,A13527013,3434020,0,0,0,0,7251835,7851357,32289780,510750,6423210,201707.0
162,A13527203,17343540,13740,0,0,-7570,39285770,3774330,309232920,-649990,57639460,201707.0
163,A13585401,0,0,0,0,0,2608500,1332151,7072650,0,1315350,201707.0
164,A13586102,1039820,0,0,0,-2290,1853800,373710,13778090,550340,3875920,201707.0
165,A13585804,5764840,0,0,0,0,14287090,24139530,74783160,1705430,0,201707.0
166,A13527007,2111410,0,0,0,0,3474000,9321484,27202130,302170,4987560,201707.0
167,A13527016,2366960,21000,0,0,0,5316500,6327197,23182340,1128710,8037540,201707.0
168,A13550403,2136880,630190,0,0,0,4658500,4795606,22039820,1625690,7684590,201707.0
169,A13586101,0,0,0,0,0,0,602560,0,0,0,201707.0
170,A13527010,-93720,203700,0,0,0,5132000,2575416,17077920,170,6257770,201707.0
171,A13527019,2855850,0,0,0,0,3836700,8039557,45810000,1054030,6568400,201707.0
172,A13527006,2457430,0,0,0,1603100,0,17571390,0,5144390,0,201707.0
173,A10027319,,,,,,,,,,,201707.0
174,A13550404,,,,,,,,,,,201707.0
175,A10024793,,,,,,,,,,,201707.0
