,kaptCode,heatC,heatP,gasC,gasP,waterHotC,waterHotP,electC,electP,waterCoolC,waterCoolP,Date
0,A13508012,2154950,24524780,0,0,0,14533090,8605590,18618500,35320,6526200,201701.0
1,A13579501,2605130,37179100,0,0,0,14157360,7011090,19169420,-271330,6196570,201701.0
2,A13592604,8929470,59623570,0,3154350,0,18762000,10274407,25401310,0,13013360,201701.0
3,A13508009,52895300,49609370,0,0,0,17080560,9955793,26914091,498090,8115600,201701.0
4,A13508004,7351450,13431340,0,0,0,3963240,3698383,7682740,0,3484240,201701.0
5,A13508003,0,0,0,0,0,0,2918298,0,2163967,0,201701.0
6,A13579506,1886840,25808600,2300,0,0,2265290,6244968,16801840,0,4716900,201701.0
7,A13508006,11440060,34952920,0,0,0,10523520,6823102,23942140,0,4797440,201701.0
8,A13508011,2697760,49811580,0,0,-2470,9655690,12459200,29209160,426740,7231690,201701.0
9,A13592601,5871270,39803510,0,0,0,16595250,5008606,24168490,0,7687800,201701.0
10,A13592706,3665641,80441650,0,4585790,0,36857430,12926986,34980700,0,17892940,201701.0
11,A13579505,2529400,41366710,0,0,0,12329100,14728724,38197120,0,8859760,201701.0
12,A13508005,0,0,0,0,0,0,5023380,0,1701410,0,201701.0
13,A13579503,0,0,0,0,0,0,3128440,8772880,0,0,201701.0
14,A13592605,81989480,77924600,3285250,3285250,13982730,13784890,46192397,35346839,12920460,12687460,201701.0
15,A13591402,0,0,0,0,0,0,3340254,11542050,0,3782500,201701.0
16,A10027474,2464160,24713440,0,0,2027940,13814640,11596510,17622180,0,5741890,201701.0
17,A10023825,,,,,,,,,,,201701.0
18,A10024820,,,,,,,,,,,201701.0
19,A10024813,,,,,,,,,,,201701.0
20,A13599303,0,121052900,0,0,0,16752500,8873790,26008590,17330,0,201701.0
21,A13594007,333490,47767130,0,3028310,0,17146820,5524150,0,1534190,4405360,201701.0
22,A13580602,5377580,108768560,0,0,0,19056000,11649090,28694900,-1143,11616063,201701.0
23,A13524004,-880,74626800,0,0,0,9673600,6736710,19457730,1635660,5372200,201701.0
24,A13599402,0,99004800,0,4212570,0,14100000,6452670,30480290,0,10974710,201701.0
25,A13524005,3039360,68796640,0,0,0,9974400,8116610,23708600,2934880,0,201701.0
26,A13593908,3491789,50812110,0,0,0,26107200,0,0,0,0,201701.0
27,A13580001,31078810,0,0,0,7923700,0,14622984,0,4017930,0,201701.0
28,A13524006,0,122272920,0,0,0,8443530,9683640,29495300,3648430,7164520,201701.0
29,A13593901,3415090,25654470,0,0,0,7499200,6605090,15635120,208710,2491910,201701.0
30,A13524009,99408050,0,0,0,32687200,0,43412830,0,14882410,0,201701.0
31,A13580002,-2436,31132080,0,0,0,7704430,2577404,9342320,11830,3037450,201701.0
32,A13599301,111061510,0,0,0,0,12378000,10335230,25085260,27620,0,201701.0
33,A10025203,,,,,,,,,,,201701.0
34,A10025675,,,,,,,,,,,201701.0
35,A10023565,,,,,,,,,,,201701.0
36,A10024564,,,,,,,,,,,201701.0
37,A10023996,,,,,,,,,,,201701.0
38,A13510003,1411560,30633940,0,0,0,4807500,4959440,13723560,0,4846700,201701.0
39,A13510001,0,0,0,0,0,0,890190,6614250,50290,2288580,201701.0
40,A13510201,861270,17994780,0,0,0,4374000,1842769,7230370,0,3186690,201701.0
41,A13510203,0,0,0,0,0,0,882560,10355960,0,3348310,201701.0
42,A13510102,1617550,31437870,0,0,0,7004000,5479580,12503110,-140,4749170,201701.0
43,A13510006,0,0,0,0,0,0,4128674,15739820,0,9845100,201701.0
44,A13510103,2521070,47762000,0,0,0,9282000,2163120,18843900,69080,6133560,201701.0
45,A13510202,32264090,0,0,0,0,4473000,2140650,8132170,7720,2318340,201701.0
46,A13576201,0,0,0,0,0,0,474770,11284920,0,0,201701.0
47,A13510005,4863600,89047460,0,0,0,23149450,5428518,38082370,958120,7934270,201701.0
48,A13510009,0,0,0,0,0,0,4986670,11892470,1690,3071430,201701.0
49,A13510007,9687020,52478280,0,0,0,19681200,15778160,28896670,-1027120,7729360,201701.0
50,A10025280,,,,,,,,,,,201701.0
51,A10025755,,,,,,,,,,,201701.0
52,A10024640,,,,,,,,,,,201701.0
53,A13509001,0,0,508670,0,0,0,2233760,6890430,0,2756170,201701.0
54,A13570501,14531240,76286100,0,0,246000,12996000,19956163,38644860,116000,13226850,201701.0
55,A13550701,29420657,22838979,0,0,16128640,14661240,27243496,19937620,6000180,6156180,201701.0
56,A13509005,95530,28149940,0,0,6750240,6750240,6558211,16416050,82890,4629150,201701.0
57,A13509004,0,0,0,0,0,0,2161330,9830150,333140,3929200,201701.0
58,A13509010,5790070,74854500,0,0,0,24398400,17006300,44815530,-620,13071590,201701.0
59,A13509006,156560,0,0,0,0,0,3185950,10160770,0,4732060,201701.0
60,A13509003,0,0,0,0,0,0,1321440,10112240,0,0,201701.0
61,A13509012,85221030,0,0,0,44997120,0,72156430,0,17700180,0,201701.0
62,A13509007,2943910,37101990,0,0,0,5827500,5931080,12258220,28370,5703060,201701.0
63,A13570502,,,,,,,,,,,201701.0
64,A13509013,,,,,,,,,,,201701.0
65,A13509101,0,0,0,0,0,0,2741460,7833220,190160,2803010,201701.0
66,A13509009,25598520,77668320,0,0,-20880720,20880720,28089189,58279081,0,11095160,201701.0
67,A13509014,,,,,,,,,,,201701.0
68,A10026350,,,,,,,,,,,201701.0
69,A10026934,,,,,,,,,,,201701.0
70,A10024131,,,,,,,,,,,201701.0
71,A10023939,,,,,,,,,,,201701.0
72,A10024819,,,,,,,,,,,201701.0
73,A13528102,5403340,94973410,0,0,0,20957570,17673660,46084490,876040,14090940,201701.0
74,A13528103,6724340,128064920,0,0,0,14393900,31592596,66983533,0,17083910,201701.0
75,A13528004,36918900,327152660,0,11210930,0,54799200,24094130,140282550,0,50393540,201701.0
76,A13583604,0,194071470,0,0,0,19657500,14011250,50059080,868090,12971780,201701.0
77,A13583701,2887240,54737090,0,2736740,2723000,27230000,7893483,24865010,256735,8738100,201701.0
78,A13528003,4863144,77865810,0,4122580,0,46789440,18033350,42689560,3519180,11759160,201701.0
79,A13528007,5207550,25622100,0,0,0,11577600,9426200,23362270,645880,6703460,201701.0
80,A13528105,-2520,202116600,0,0,0,30756600,5480970,62376570,290620,14504530,201701.0
81,A13584101,2424330,32783600,0,0,0,14323680,8614550,20941850,0,5647030,201701.0
82,A13583507,-15780,776613180,0,0,0,114008370,45412634,162549990,-2413270,52226380,201701.0
83,A13583403,88785270,0,0,0,11840400,0,26481220,0,6008880,0,201701.0
84,A13583404,113023360,0,0,0,-8568000,8568000,14752620,30986660,465170,8668340,201701.0
85,A13583402,2342890,65346120,0,0,-5846000,5846000,9385780,14969580,2338090,4339210,201701.0
86,A10027800,120760902,0,0,0,61937820,0,140497593,0,32173646,0,201701.0
87,A10025646,,,,,,,,,,,201701.0
88,A10026526,,,,,,,,,,,201701.0
89,A10024102,,,,,,,,,,,201701.0
90,A10024815,,,,,,,,,,,201701.0
91,A10026924,,,,,,,,,,,201701.0
92,A10024799,,,,,,,,,,,201701.0
93,A10028094,,,,,,,,,,,201701.0
94,A10024029,,,,,,,,,,,201701.0
95,A10024814,,,,,,,,,,,201701.0
96,A10024805,,,,,,,,,,,201701.0
97,A13501004,0,0,0,0,0,0,8921291,18422520,1364180,7497340,201701.0
98,A13501001,3899540,0,0,0,0,0,9644451,29863500,1059330,3932730,201701.0
99,A13582002,0,100571810,0,0,0,12895200,7640950,21550720,0,0,201701.0
100,A13501007,,,,,,,,,,,201701.0
101,A13501008,,,,,,,,,,,201701.0
102,A13583301,0,0,0,0,0,0,3316008,9356240,0,2695610,201701.0
103,A13501006,2147610,24879660,0,0,0,11489920,8782740,20670710,0,5777700,201701.0
104,A13501005,,,,,,,,,,,201701.0
105,A10024501,,,,,,,,,,,201701.0
106,A13590204,192304696,0,0,0,0,17043000,4996939,48684550,-627241,0,201701.0
107,A13589802,27222700,765813670,0,0,-47848000,47848000,2751392,214618840,20772910,37150220,201701.0
108,A13511201,95493040,0,0,0,0,0,27014056,0,2500000,0,201701.0
109,A13551103,-16491710,257303540,0,0,0,13272000,19870580,43315310,7746400,0,201701.0
110,A13590602,127916320,0,0,0,0,8517120,8143783,26277730,1826590,0,201701.0
111,A13511001,0,76299860,0,0,0,6018300,4866250,12500750,298480,0,201701.0
112,A13511004,-2500,444814850,0,0,0,36484000,27277827,101653500,1449811,0,201701.0
113,A13511101,0,119614250,0,0,0,13125000,0,27117690,0,11949120,201701.0
114,A13511003,0,152387893,0,0,0,23821000,17385696,37113510,1344280,0,201701.0
115,A13519002,0,0,326750,0,0,0,880110,13908880,286150,6293650,201701.0
116,A13519006,12165197,51002260,0,0,-6427,20837440,11105645,29307700,0,15025140,201701.0
117,A13519007,43919770,28324840,0,0,-34262680,34097540,4921100,30926020,849070,12442530,201701.0
118,A13519004,0,0,0,0,0,0,21136470,0,4863470,0,201701.0
119,A13519005,0,0,0,0,0,0,9517999,26858090,0,9134814,201701.0
120,A13519003,0,0,96370,0,0,0,4668720,14788510,281030,5796090,201701.0
121,A13519001,0,0,225640,0,0,0,4150240,11462730,26260,5667220,201701.0
122,A10028172,6305648,34227620,0,0,0,14045430,13147201,23748210,0,10940600,201701.0
123,A13519008,-26530,32428580,0,0,0,23907100,6046360,19736270,-1811700,9813220,201701.0
124,A13520003,12505080,53273060,0,0,0,38157080,17099821,50905290,0,15093200,201701.0
125,A13520004,2396500,28221540,0,0,0,10954930,7388465,15777890,190330,6609850,201701.0
126,A10027985,104584740,0,0,0,0,0,62281380,0,18455340,0,201701.0
127,A13520002,0,0,0,0,0,0,21916824,56977626,1691390,17144480,201701.0
128,A10023314,,,,,,,,,,,201701.0
129,A13520001,0,0,72820,0,0,0,12880382,35780140,12610,14851110,201701.0
130,A10027909,0,0,78060,0,0,0,3680200,7238050,162860,2705390,201701.0
131,A10027912,0,0,203580,0,0,0,4528980,13912430,255740,4693900,201701.0
132,A13594702,3355970,66618550,0,0,0,16986820,6121200,424200,0,0,201701.0
133,A13523005,4363980,74584584,0,0,0,25807360,10071707,32199303,0,11724121,201701.0
134,A13523004,14019630,84901640,0,0,0,6024700,725210,31973260,0,8703630,201701.0
135,A13594701,9190470,58935850,0,0,0,18753840,7940058,19860210,620490,6204880,201701.0
136,A13593802,10911430,37009250,0,0,0,16811140,9015850,0,735040,0,201701.0
137,A13523003,2330670,47732460,0,0,0,19530000,0,19617780,-390,9118200,201701.0
138,A13594402,48188800,0,114330,0,0,3526000,6130740,12026890,325780,0,201701.0
139,A13593801,10026584,15863796,0,2899450,-8113500,10980270,6480910,21870230,2663660,8003040,201701.0
140,A13594203,30762006,75332514,0,0,0,24001900,3232860,34510350,6463500,10181390,201701.0
141,A13594403,104300370,0,0,0,0,20184000,10794590,25023060,412650,0,201701.0
142,A10027571,,,,,,,,,,,201701.0
143,A10025823,,,,,,,,,,,201701.0
144,A10024216,,,,,,,,,,,201701.0
145,A13522003,5470620,41506640,0,0,0,9660000,4621680,0,415380,0,201701.0
146,A13522008,0,87674080,0,0,0,30084000,0,0,0,0,201701.0
147,A13522004,3207320,56076740,0,2876660,0,24186960,10638280,26303530,482760,11604550,201701.0
148,A13588402,19741660,51324000,0,0,-12455500,12319200,9145916,23657900,4256900,0,201701.0
149,A13522007,12577460,63551610,0,0,0,24924000,5867490,0,642560,0,201701.0
150,A13522006,11225760,53738440,0,0,-23350,21560000,4695970,26615270,0,0,201701.0
151,A13552001,8228054,22124016,58270,0,0,22267200,0,621750,0,5000,201701.0
152,A13552002,0,0,0,0,0,0,13931671,37016060,714330,10985990,201701.0
153,A13588601,5526340,28987600,0,0,0,10055000,4384590,12172800,2154680,3751760,201701.0
154,A10025204,,,,,,,,,,,201701.0
155,A10027446,4113240,38198220,0,0,0,10539950,7964040,24592830,410950,5674280,201701.0
156,A13550502,83756850,0,0,0,33279150,0,49088160,0,14247250,0,201701.0
157,A13527004,2757060,21019310,0,0,0,4242000,2538610,6305450,0,2901780,201701.0
158,A13585404,242510,29544600,0,0,0,10573200,8277100,21414760,0,6881280,201701.0
159,A13527002,91782,14231650,0,0,0,3672000,2212307,4944530,0,3042850,201701.0
160,A13527008,,,0,0,0,0,2669831,13886860,12200,5379890,201701.0
161,A13527013,3434004,67330570,0,0,0,16201400,9894495,19390680,553480,4819480,201701.0
162,A13527203,17343340,265000840,0,0,0,125283200,75624760,174638040,-844060,55583460,201701.0
163,A13585401,0,15924000,0,0,0,4801500,2395881,6057940,0,1920600,201701.0
164,A13586102,1039840,20175150,0,0,0,4491200,1095125,8467990,415700,3407820,201701.0
165,A13585804,661090,108500920,0,0,5103750,34025000,29111520,39532930,2189420,0,201701.0
166,A13527007,2111410,30314920,0,0,0,13250160,10255649,19580450,186190,4620430,201701.0
167,A13527016,4709360,52504590,0,0,0,9950500,9001323,16395740,1859170,7413090,201701.0
168,A13550403,2136880,45623710,0,0,0,12298500,5979533,14578340,2676070,6054140,201701.0
169,A13586101,0,0,0,0,0,0,1222280,0,0,0,201701.0
170,A13527010,-116270,59495700,0,0,0,10104000,4692197,11908820,60,6662780,201701.0
171,A13527019,3062920,38121520,0,0,0,12070400,8708577,22431050,466200,6215510,201701.0
172,A13527006,50980210,0,0,0,2325600,0,13644890,0,4705210,0,201701.0
173,A10027319,,,,,,,,,,,201701.0
174,A13550404,,,,,,,,,,,201701.0
175,A10024793,,,,,,,,,,,201701.0
