,kaptCode,heatC,heatP,gasC,gasP,waterHotC,waterHotP,electC,electP,waterCoolC,waterCoolP,Date
0,A13508012,2154950,12467970,0,0,0,14448140,5421590,14928320,125880,6173900,201703.0
1,A13579501,2538100,20953600,0,0,0,11408450,5570290,15253310,-510380,6091850,201703.0
2,A13592604,6985670,34065860,0,2914450,0,18519000,9329322,20920430,0,12568960,201703.0
3,A13508009,3285930,31579470,0,0,0,13566900,11272420,20909500,696710,8081690,201703.0
4,A13508004,5602130,9753390,0,0,0,3423690,3085832,6219990,0,3202250,201703.0
5,A13508003,0,0,0,0,0,0,1962478,0,2287558,0,201703.0
6,A13579506,1886840,14412080,0,0,0,4084760,4876487,13640580,0,4338530,201703.0
7,A13508006,5879730,18550380,0,0,0,9405400,5015990,19354290,117040,5203260,201703.0
8,A13508011,2612570,24799020,0,0,83660,14587000,9747440,23584800,212720,7443020,201703.0
9,A13592601,4723560,20784590,0,0,0,15948400,1671832,18817190,0,7008930,201703.0
10,A13592706,3662100,49673140,0,4430760,0,32218720,10911091,25281056,0,16568450,201703.0
11,A13579505,2529400,22328460,0,0,0,14157000,6607191,24511790,0,8736370,201703.0
12,A13508005,0,0,0,0,0,0,2847070,0,1935800,0,201703.0
13,A13579503,0,0,0,0,0,0,2412320,6602990,0,0,201703.0
14,A13592605,3431540,40095120,0,3209190,0,22665140,6206900,28893560,0,11515760,201703.0
15,A13591402,0,0,0,0,0,0,11912047,8917550,3775240,3775240,201703.0
16,A10027474,2464160,15295650,0,0,1371270,10758400,8492810,14899220,9130,5668100,201703.0
17,A10023825,,,,,,,,,,,201703.0
18,A10024820,,,,,,,,,,,201703.0
19,A10024813,,,,,,,,,,,201703.0
20,A13599303,0,115453800,0,0,0,21077500,6649480,28648080,14080,0,201703.0
21,A13594007,165850,29211280,0,2950360,0,20434640,4015490,0,451510,4471610,201703.0
22,A13580602,5377580,56857890,0,0,0,17051100,5760850,23237300,-1795,13456355,201703.0
23,A13524004,470,53767650,0,0,0,8889600,4697570,15004650,1191460,5660260,201703.0
24,A13599402,0,99495800,0,3743670,0,14562500,4178520,30042700,0,10978280,201703.0
25,A13524005,3039360,39059520,0,0,0,9020800,5643070,18187360,2358720,0,201703.0
26,A13593908,3164477,31684250,0,0,0,25748000,0,0,0,0,201703.0
27,A13580001,19939760,0,0,0,5752800,0,9687412,0,3679590,0,201703.0
28,A13524006,0,78843440,0,0,0,8238600,8268530,21109140,3724960,7167410,201703.0
29,A13593901,2210960,15844500,0,0,0,6380000,4533360,12543220,261459,2437990,201703.0
30,A13524009,53214630,0,0,0,38079690,0,21597010,0,13401170,0,201703.0
31,A13580002,-1040,14704740,0,0,0,7279380,1083388,8633704,10970,2857050,201703.0
32,A13599301,82464050,0,0,0,0,8818000,7043880,23800770,27620,0,201703.0
33,A10025203,,,,,,,,,,,201703.0
34,A10025675,,,,,,,,,,,201703.0
35,A10023565,,,,,,,,,,,201703.0
36,A10024564,,,,,,,,,,,201703.0
37,A10023996,,,,,,,,,,,201703.0
38,A13510003,1411820,18735780,0,0,0,5140800,4478790,10655180,380,4066310,201703.0
39,A13510001,0,0,0,0,0,0,954630,5327170,108360,2304170,201703.0
40,A13510201,860690,11370160,0,0,0,3751200,1103879,5837880,0,2678470,201703.0
41,A13510203,0,0,0,0,0,0,1309340,7895470,0,3691560,201703.0
42,A13510102,1617670,19643960,0,0,0,6576000,3416310,11862820,0,4518600,201703.0
43,A13510006,0,0,0,0,0,0,3543929,12907360,0,9571080,201703.0
44,A13510103,2847830,28810950,0,0,0,9319200,1517270,16239700,3810,5851930,201703.0
45,A13510202,21877670,0,107400,0,0,4254000,1626670,7734590,106410,2432080,201703.0
46,A13576201,0,0,0,0,0,0,436590,9797980,0,0,201703.0
47,A13510005,4863600,34856632,0,0,0,22716050,4872656,34152250,1159970,7158370,201703.0
48,A13510009,0,0,0,0,0,0,3934340,9834890,1270,2577190,201703.0
49,A13510007,11136170,24978540,0,0,0,15514690,13782892,20665650,-1101550,7474990,201703.0
50,A10025280,,,,,,,,,,,201703.0
51,A10025755,,,,,,,,,,,201703.0
52,A10024640,,,,,,,,,,,201703.0
53,A13509001,0,0,572630,0,0,0,1524170,5547210,0,2145400,201703.0
54,A13570501,9064930,48074000,0,0,190000,13370000,49365339,36446990,183460,12435080,201703.0
55,A13550701,17610477,4830717,0,0,12953850,11742120,21374902,19952750,4849490,5663940,201703.0
56,A13509005,43900,16016630,0,0,7084350,7084350,5130700,13114060,112340,3701100,201703.0
57,A13509004,0,0,0,0,0,0,1456640,7730070,342210,2975560,201703.0
58,A13509010,5862120,40879270,0,0,0,26203200,12156530,42890010,-52600,10491960,201703.0
59,A13509006,253790,0,0,0,0,0,1144750,9295430,-1032680,5032710,201703.0
60,A13509003,0,0,0,0,0,0,1698160,7966050,0,0,201703.0
61,A13509012,43272800,0,0,0,33472400,0,63717190,0,17197530,0,201703.0
62,A13509007,4203960,19787330,0,0,0,5625000,4492740,9788650,291710,4449250,201703.0
63,A13570502,,,,,,,,,,,201703.0
64,A13509013,,,,,,,,,,,201703.0
65,A13509101,0,0,0,0,0,0,1944780,5855580,227660,2606350,201703.0
66,A13509009,20625590,48704340,0,0,-16211400,16211400,17617710,51533410,0,9411990,201703.0
67,A13509014,,,,,,,,,,,201703.0
68,A10026350,,,,,,,,,,,201703.0
69,A10026934,,,,,,,,,,,201703.0
70,A10024131,,,,,,,,,,,201703.0
71,A10023939,,,,,,,,,,,201703.0
72,A10024819,,,,,,,,,,,201703.0
73,A13528102,5403350,58441360,0,0,0,20509600,13146140,43679900,281050,14822110,201703.0
74,A13528103,6809930,75981080,0,0,0,16191800,18950430,62669440,0,18887050,201703.0
75,A13528004,29699190,191088570,0,10548490,0,50743800,16547130,108605880,0,46146820,201703.0
76,A13583604,105532750,0,0,0,0,19970000,10109370,44267210,694940,13442920,201703.0
77,A13583701,2887240,30921070,0,2528990,2482500,24825000,5455001,20000190,0,8336160,201703.0
78,A13528003,4863144,47824650,0,3927410,0,36909000,14610070,32696500,2222940,12704670,201703.0
79,A13528007,5432730,13086710,0,0,0,10893600,7874840,18755930,336830,7404220,201703.0
80,A13528105,1840,98747100,0,0,420000,31571400,4466360,61207850,-4,15408790,201703.0
81,A13584101,2424330,20323600,0,0,0,10819900,5898357,16893100,0,5439820,201703.0
82,A13583507,13680,548084180,0,0,0,72567530,42178735,146541990,26627680,28544890,201703.0
83,A13583403,55996070,0,0,0,11348700,0,20914860,0,5950200,0,201703.0
84,A13583404,84260010,0,0,0,-8911800,8911800,10587159,26215980,365360,8727660,201703.0
85,A13583402,3083210,45374000,0,0,-5754000,5754000,4810790,11236370,3182920,4343530,201703.0
86,A10027800,75710485,0,0,0,52508760,0,123760003,0,31626745,0,201703.0
87,A10025646,,,,,,,,,,,201703.0
88,A10026526,,,,,,,,,,,201703.0
89,A10024102,,,,,,,,,,,201703.0
90,A10024815,,,,,,,,,,,201703.0
91,A10026924,,,,,,,,,,,201703.0
92,A10024799,,,,,,,,,,,201703.0
93,A10028094,,,,,,,,,,,201703.0
94,A10024029,,,,,,,,,,,201703.0
95,A10024814,,,,,,,,,,,201703.0
96,A10024805,,,,,,,,,,,201703.0
97,A13501004,0,0,0,0,0,0,6967988,12961722,1730380,7103440,201703.0
98,A13501001,8351880,0,0,0,0,0,6812196,25520010,737350,3905550,201703.0
99,A13582002,0,68128360,0,0,0,12229200,5615700,20013290,0,0,201703.0
100,A13501007,,,,,,,,,,,201703.0
101,A13501008,,,,,,,,,,,201703.0
102,A13583301,0,0,0,0,0,0,2682256,7373730,0,2560030,201703.0
103,A13501006,2147400,12362460,0,0,0,12283320,6971310,16736790,0,5645320,201703.0
104,A13501005,,,,,,,,,,,201703.0
105,A10024501,,,,,,,,,,,201703.0
106,A13590204,129282986,0,0,0,0,16491000,-2507747,38255520,993009,0,201703.0
107,A13589802,23572206,544244064,0,0,-47476000,47476000,17427036,179362450,19658790,37570820,201703.0
108,A13511201,68170890,0,0,0,0,0,20332740,0,2700000,0,201703.0
109,A13551103,-16028457,158523027,0,0,0,19818000,15072367,32882040,9674240,0,201703.0
110,A13590602,77053070,0,0,0,0,9715200,3763582,24568330,3402530,0,201703.0
111,A13511001,0,43936284,0,0,0,10164960,1565760,15570040,479140,0,201703.0
112,A13511004,-1110,304071490,0,0,0,39034440,18505185,92620720,1404032,0,201703.0
113,A13511101,0,81033110,0,0,0,12501000,0,31486980,0,11718880,201703.0
114,A13511003,0,73344362,0,0,0,25588500,11204743,32670570,5982630,0,201703.0
115,A13519002,0,0,0,0,0,0,1817070,11174190,355930,6151580,201703.0
116,A13519006,9930000,28956990,0,0,-470,24973520,7941672,23454800,0,15671290,201703.0
117,A13519007,37098720,16058550,0,0,-29306200,29199280,6721950,24959900,936610,12622640,201703.0
118,A13519004,0,0,0,0,0,0,16695630,0,4778610,0,201703.0
119,A13519005,0,0,0,0,0,0,5113369,24552650,0,8978790,201703.0
120,A13519003,0,0,275410,0,0,0,5244490,12235920,270990,5948300,201703.0
121,A13519001,0,0,309060,0,0,0,3500890,9096110,0,5765000,201703.0
122,A10028172,5625230,18035200,0,0,0,17429060,10307386,22389140,0,11290080,201703.0
123,A13519008,738020,17038190,0,0,0,22330320,3859790,17833120,-1620320,9892690,201703.0
124,A13520003,10090100,26738450,0,0,0,35554890,10128713,49903880,0,15983400,201703.0
125,A13520004,2396500,14659710,0,0,0,12285950,4658463,14329330,144090,6651670,201703.0
126,A10027985,77578200,0,0,0,0,0,48778540,0,19361030,0,201703.0
127,A13520002,0,0,0,0,0,0,19144659,46422861,3049630,17234500,201703.0
128,A10023314,,,,,,,,,,,201703.0
129,A13520001,0,0,69140,0,0,0,13007613,28348070,255856,15657534,201703.0
130,A10027909,0,0,99990,0,0,0,2988080,5936400,111150,2528890,201703.0
131,A10027912,0,0,93020,0,0,0,618680,12864380,308760,4814510,201703.0
132,A13594702,3355970,44687950,0,0,0,17557660,4839915,366135,0,0,201703.0
133,A13523005,4363980,43602624,0,0,0,20584820,9248269,21258050,0,10816325,201703.0
134,A13523004,10752160,53219550,0,0,0,8667200,614120,25003990,0,8231950,201703.0
135,A13594701,6839460,37775430,0,0,0,15317600,6787663,14867260,643540,6435430,201703.0
136,A13593802,8629920,27321670,0,0,0,15105810,6515910,0,749281,0,201703.0
137,A13523003,5439500,27675400,0,0,0,15461100,998870,14662410,-500,9233970,201703.0
138,A13594402,31288970,0,148100,0,2040000,3612000,5247500,10594940,289380,0,201703.0
139,A13593801,9579166,11083224,0,2608080,-7927500,10728550,4810180,17918940,3740560,7332000,201703.0
140,A13594203,24445145,46552195,0,0,0,20906400,3429030,25075560,7105200,9984590,201703.0
141,A13594403,60854830,0,0,0,0,20104000,8824050,22212790,716380,0,201703.0
142,A10027571,,,,,,,,,,,201703.0
143,A10025823,,,,,,,,,,,201703.0
144,A10024216,,,,,,,,,,,201703.0
145,A13522003,3939710,29396470,0,0,0,7575000,2998730,0,1715020,0,201703.0
146,A13522008,0,47146210,0,0,0,43272000,0,0,0,0,201703.0
147,A13522004,3207320,33636910,0,2766360,0,18810800,8498750,20215510,364920,11666960,201703.0
148,A13588402,17941840,28049070,0,0,-11510400,11363200,6284960,19873750,3466930,0,201703.0
149,A13522007,9549550,34805030,0,0,0,24326860,4228750,0,2036000,0,201703.0
150,A13522006,8550310,32691050,0,0,0,18168000,1593597,15193343,0,0,201703.0
151,A13552001,4870096,17377134,37490,0,0,21190500,0,475480,0,5000,201703.0
152,A13552002,0,0,0,0,0,0,7270007,32011770,113560,10412100,201703.0
153,A13588601,5188660,0,0,0,0,0,3728260,0,1669800,0,201703.0
154,A10025204,,,,,,,,,,,201703.0
155,A10027446,4113086,18705310,0,0,-10394470,24002974,6932800,21470540,-34720,5999740,201703.0
156,A13550502,4195270,45387200,0,0,0,28691710,8735260,28468220,0,12991050,201703.0
157,A13527004,2126770,12822340,0,0,0,3996000,1900450,5380530,0,2830450,201703.0
158,A13585404,491290,28464400,0,0,0,11067000,6066610,16845080,0,6609390,201703.0
159,A13527002,26502,8734040,0,0,0,3654000,2159125,6402620,0,2985480,201703.0
160,A13527008,0,0,108640,0,0,0,2073635,10345300,18840,5773260,201703.0
161,A13527013,3434020,38340140,0,0,0,13034880,8238461,17367937,558240,4837250,201703.0
162,A13527203,17345030,164244300,0,0,0,102948000,53181830,166480300,-3000000,57012950,201703.0
163,A13585401,0,9798800,0,0,0,4714100,2053655,4215870,0,2106300,201703.0
164,A13586102,1039860,11845220,0,0,0,4188800,1167460,7441080,358250,2981970,201703.0
165,A13585804,5764840,48018710,0,0,0,48955500,20828200,36377230,648505,0,201703.0
166,A13527007,2111290,18292410,0,0,0,10159800,7441196,15232200,207380,4354530,201703.0
167,A13527016,4709080,27869980,0,0,0,11914000,9045905,10435490,928720,7756240,201703.0
168,A13550403,2136880,27832330,0,0,0,11119500,5878180,11409650,1629320,5547660,201703.0
169,A13586101,0,0,0,0,0,0,1063410,0,0,0,201703.0
170,A13527010,-497520,39924600,0,0,0,8948000,3447978,9875590,-88030,6379490,201703.0
171,A13527019,6072690,20546140,0,0,0,9979200,6205874,21274310,130180,5838710,201703.0
172,A13527006,35859570,0,0,0,3207900,0,10490530,0,4377840,0,201703.0
173,A10027319,,,,,,,,,,,201703.0
174,A13550404,,,,,,,,,,,201703.0
175,A10024793,,,,,,,,,,,201703.0
