,kaptCode,heatC,heatP,gasC,gasP,waterHotC,waterHotP,electC,electP,waterCoolC,waterCoolP,Date
0,A13508012,2154950,21226110,0,0,0,12664310,8962140,17893650,24240,6241000,201702.0
1,A13579501,2600480,29978200,0,0,0,13240080,7096300,18622580,43870,6108510,201702.0
2,A13592604,8103760,49865410,0,3318620,0,17571000,10651447,24942120,0,12020340,201702.0
3,A13508009,45665730,42379800,0,0,0,15598800,9071475,22025280,1123910,7111420,201702.0
4,A13508004,7511660,13042610,0,0,0,3868410,3772790,8004590,0,3511100,201702.0
5,A13508003,0,0,0,0,0,0,2938097,0,0,0,201702.0
6,A13579506,1886840,21377880,2490,0,0,2859830,6349814,16462570,0,4299560,201702.0
7,A13508006,11336860,27157580,0,0,0,9203040,7224616,23328870,0,5125900,201702.0
8,A13508011,2697760,41458890,0,0,1370,9997060,13070830,28516310,100040,6574990,201702.0
9,A13592601,5693090,32713190,0,0,0,15359900,5886170,23151900,337210,7426390,201702.0
10,A13592706,3665641,67406780,0,4099510,0,34050010,13257513,34357220,0,16421230,201702.0
11,A13579505,2529400,34715450,0,0,0,11863110,9023387,21663690,0,7961950,201702.0
12,A13508005,0,0,0,0,0,0,5095060,0,1806670,0,201702.0
13,A13579503,0,0,0,0,0,0,3117580,8527930,880,5171350,201702.0
14,A13592605,3431540,58123440,0,3066020,0,22640760,12144970,32110850,0,12347270,201702.0
15,A13591402,0,0,0,0,0,0,3626799,11398400,0,3277500,201702.0
16,A10027474,2464160,20418820,0,0,1778960,13381200,3961000,17275600,254730,5485830,201702.0
17,A10023825,,,,,,,,,,,201702.0
18,A10024820,,,,,,,,,,,201702.0
19,A10024813,,,,,,,,,,,201702.0
20,A13599303,0,137953600,0,0,0,19942500,9568800,29667110,4610,0,201702.0
21,A13594007,157810,38465030,0,2737080,0,19966720,5408880,0,225560,4307840,201702.0
22,A13580602,5377580,87301970,0,0,0,20052000,10858810,28507070,475,12737835,201702.0
23,A13524004,-570,65334750,0,0,0,9433600,6628760,19015600,566310,5399330,201702.0
24,A13599402,0,113689500,0,4332330,0,14077500,7078550,31209730,0,11034710,201702.0
25,A13524005,3039360,58253910,0,0,0,8140800,8243480,22939020,2934880,0,201702.0
26,A13593908,3683769,43294660,0,0,0,23927400,0,0,0,0,201702.0
27,A13580001,1417260,22969270,0,0,0,7805700,3736841,10775710,-10,3890170,201702.0
28,A13524006,0,104165480,0,0,0,8851320,5250770,30016490,3930940,7128610,201702.0
29,A13593901,2409200,22531500,0,0,0,6208000,6818220,15049170,0,2174340,201702.0
30,A13524009,70253610,0,0,0,43376170,0,42857020,0,12466780,0,201702.0
31,A13580002,-237,25045560,0,0,0,8771410,2291314,7756570,10150,2931010,201702.0
32,A13599301,89992870,0,0,0,0,13216000,9256430,21393270,27620,0,201702.0
33,A10025203,,,,,,,,,,,201702.0
34,A10025675,,,,,,,,,,,201702.0
35,A10023565,,,,,,,,,,,201702.0
36,A10024564,,,,,,,,,,,201702.0
37,A10023996,,,,,,,,,,,201702.0
38,A13510003,1411560,25607280,0,0,0,3956000,5628200,13640610,0,4160990,201702.0
39,A13510001,0,0,0,0,0,0,1229120,6596130,0,2500230,201702.0
40,A13510201,861170,15804260,0,0,0,3736800,1829065,7189580,0,3246110,201702.0
41,A13510203,0,0,0,0,0,0,1002800,10508440,0,3440070,201702.0
42,A13510102,1617550,25721790,0,0,0,7031200,4803440,10639120,0,4437700,201702.0
43,A13510006,0,0,0,0,0,0,4220231,15520440,0,0,201702.0
44,A13510103,2164170,41120000,0,0,0,7983700,3117730,14003600,0,5746690,201702.0
45,A13510202,27233870,0,0,0,0,4392000,2015570,6674250,46260,2317360,201702.0
46,A13576201,0,0,0,0,0,0,581500,11539310,20880,0,201702.0
47,A13510005,4863600,73216670,0,0,0,16576536,5428518,30466450,1960940,8042550,201702.0
48,A13510009,0,0,0,0,0,0,4964310,12070600,1240,3245540,201702.0
49,A13510007,7839050,43036170,0,0,0,18053280,23134615,24347870,-506320,7595440,201702.0
50,A10025280,,,,,,,,,,,201702.0
51,A10025755,,,,,,,,,,,201702.0
52,A10024640,,,,,,,,,,,201702.0
53,A13509001,0,0,577270,0,0,0,2468040,6974740,0,2582350,201702.0
54,A13570501,13116540,61265000,0,0,222500,15135000,19094890,31770750,196500,12581270,201702.0
55,A13550701,9360968,15601709,0,0,1707390,12953850,9513011,16698210,1306690,4849490,201702.0
56,A13509005,78150,23712550,0,0,6031980,6031980,6617630,15786090,130230,4723810,201702.0
57,A13509004,0,0,0,0,0,0,2020270,10565430,258890,3466310,201702.0
58,A13509010,5727430,62694720,0,0,0,22241700,15757980,37378180,539730,13034440,201702.0
59,A13509006,368820,0,0,0,0,0,4206420,9278090,0,4627500,201702.0
60,A13509003,0,0,0,0,0,0,1492840,10193860,-860,7007730,201702.0
61,A13509012,65257340,0,0,0,46005120,0,61970740,0,17788950,0,201702.0
62,A13509007,0,30948600,0,0,0,5327500,0,12099650,0,5372760,201702.0
63,A13570502,,,,,,,,,,,201702.0
64,A13509013,,,,,,,,,,,201702.0
65,A13509101,0,0,0,0,0,0,3103860,6928580,236330,2981670,201702.0
66,A13509009,23354190,66318900,0,0,-18940320,18940320,25556240,48192170,1752000,9358420,201702.0
67,A13509014,,,,,,,,,,,201702.0
68,A10026350,,,,,,,,,,,201702.0
69,A10026934,,,,,,,,,,,201702.0
70,A10024131,,,,,,,,,,,201702.0
71,A10023939,,,,,,,,,,,201702.0
72,A10024819,,,,,,,,,,,201702.0
73,A13528102,5403040,80694400,0,0,0,19288890,16331260,38071600,854780,12649710,201702.0
74,A13528103,6794570,107243030,0,0,0,13144400,27548697,54932490,0,15974420,201702.0
75,A13528004,33610480,259305840,0,9919790,0,60642000,23170070,136499350,0,54148200,201702.0
76,A13583604,0,162404070,0,0,0,20925000,11815730,41489180,672930,13414870,201702.0
77,A13583701,2887240,43031930,0,2376690,2269500,22695000,8051298,24160420,2225605,7222730,201702.0
78,A13528003,4863144,67854190,0,3712320,0,44520960,18950360,39812520,3003680,10295850,201702.0
79,A13528007,4654100,22194190,0,0,0,10393200,10342450,22747390,563500,6024740,201702.0
80,A13528105,-9520,166636800,0,0,0,36027600,4328130,64936210,907186,13610874,201702.0
81,A13584101,2424330,27475800,0,0,0,12766320,8643712,20437290,0,6374410,201702.0
82,A13583507,-11040,664785520,0,0,0,113787940,38803719,138080030,-11324230,52055080,201702.0
83,A13583403,75710590,0,0,0,10494000,0,20882400,0,5432040,0,201702.0
84,A13583404,96000290,0,0,0,-8983800,8983800,9973190,29073750,364850,8767650,201702.0
85,A13583402,3050020,54191200,0,0,-6312000,6312000,8624290,14765580,2386590,4184440,201702.0
86,A10027800,101642136,0,0,0,57150960,0,118713400,0,29619618,0,201702.0
87,A10025646,,,,,,,,,,,201702.0
88,A10026526,,,,,,,,,,,201702.0
89,A10024102,,,,,,,,,,,201702.0
90,A10024815,,,,,,,,,,,201702.0
91,A10026924,,,,,,,,,,,201702.0
92,A10024799,,,,,,,,,,,201702.0
93,A10028094,,,,,,,,,,,201702.0
94,A10024029,,,,,,,,,,,201702.0
95,A10024814,,,,,,,,,,,201702.0
96,A10024805,,,,,,,,,,,201702.0
97,A13501004,0,0,0,0,0,0,8998823,19147577,1534500,6219340,201702.0
98,A13501001,0,0,0,0,0,0,8589005,23221360,826580,3467170,201702.0
99,A13582002,0,85218970,0,0,0,11304000,7092320,17421160,0,0,201702.0
100,A13501007,,,,,,,,,,,201702.0
101,A13501008,,,,,,,,,,,201702.0
102,A13583301,0,0,0,0,0,0,3375007,9096960,0,2284740,201702.0
103,A13501006,2147610,20587250,0,0,0,11051730,9771024,20653670,0,5081340,201702.0
104,A13501005,,,,,,,,,,,201702.0
105,A10024501,,,,,,,,,,,201702.0
106,A13590204,171043983,0,0,0,0,16914000,7467613,45363120,-590918,0,201702.0
107,A13589802,25321408,660962972,0,0,-48980000,48980000,2983738,161484100,23764680,36166100,201702.0
108,A13511201,89012210,0,0,0,0,0,25994534,0,2500000,0,201702.0
109,A13551103,-14732155,216676415,0,0,0,13320000,19506398,40755060,6000000,0,201702.0
110,A13590602,105572950,0,0,0,0,13811200,6782017,22678010,984000,0,201702.0
111,A13511001,0,60038090,0,0,0,10221120,2006640,15492650,0,0,201702.0
112,A13511004,-2490,388590930,0,0,0,37030000,25639172,84577420,1182389,0,201702.0
113,A13511101,0,103129450,0,0,0,12594000,0,20668980,0,11762020,201702.0
114,A13511003,0,119402321,0,0,0,24832500,12381605,31063820,0,0,201702.0
115,A13519002,0,0,0,0,0,0,1999700,14043330,286780,5621360,201702.0
116,A13519006,11151020,43930970,0,0,0,20237340,10665496,28917100,617240,13676800,201702.0
117,A13519007,39991210,22865130,0,0,-30765620,30613740,7133700,30434580,1163620,11150220,201702.0
118,A13519004,0,0,0,0,0,0,15321790,0,4847880,0,201702.0
119,A13519005,0,0,0,0,0,0,8358468,21674840,0,8069720,201702.0
120,A13519003,0,0,415250,0,0,0,7042700,14962310,249320,5248770,201702.0
121,A13519001,0,0,339200,0,0,0,4190320,11939380,0,5083040,201702.0
122,A10028172,6015910,29024840,0,0,0,13707000,11501988,19207840,0,9873090,201702.0
123,A13519008,1419940,27157820,0,0,0,21506100,3049610,13899490,-1456790,8669840,201702.0
124,A13520003,11973980,43354870,0,0,0,35469190,14520640,43310750,0,14628300,201702.0
125,A13520004,2396500,23515030,0,0,0,10596200,7166690,12962770,299570,5936260,201702.0
126,A10027985,92301720,0,0,0,0,0,66888050,0,17766480,0,201702.0
127,A13520002,0,0,0,0,0,0,26004820,57292900,1358770,15345470,201702.0
128,A10023314,,,,,,,,,,,201702.0
129,A13520001,0,0,72940,0,0,0,17008800,36005560,313582,13827658,201702.0
130,A10027909,0,0,93490,0,0,0,4438980,7307810,119020,2297550,201702.0
131,A10027912,0,0,211660,0,0,0,2937720,14407110,215840,4217850,201702.0
132,A13594702,3355970,56197670,0,0,0,17590900,6271409,352821,0,0,201702.0
133,A13523005,4363980,58697334,0,0,0,23381120,15941560,25001290,0,10221160,201702.0
134,A13523004,12544680,71833150,0,0,0,5596800,2875520,31501450,0,7550160,201702.0
135,A13594701,7895040,49161480,0,0,0,17700480,8407894,19644140,579290,5792940,201702.0
136,A13593802,10168790,33299770,0,0,0,14506780,9156510,0,737437,0,201702.0
137,A13523003,2330670,41322070,0,0,0,18149040,251938,19015340,-620,8468840,201702.0
138,A13594402,43500410,0,216140,0,3570000,0,15847160,0,325780,0,201702.0
139,A13593801,8410954,15067476,0,2675230,-6618000,8956360,6224510,21368070,0,0,201702.0
140,A13594203,32850720,58889300,0,0,0,28219900,4787750,33005920,6547200,9015600,201702.0
141,A13594403,85687090,0,0,0,0,21556000,7048560,23951580,224000,0,201702.0
142,A10027571,,,,,,,,,,,201702.0
143,A10025823,,,,,,,,,,,201702.0
144,A10024216,,,,,,,,,,,201702.0
145,A13522003,4823260,36260180,0,4547580,0,8935000,4722550,0,1443020,0,201702.0
146,A13522008,0,72616940,0,0,0,29391000,0,0,0,0,201702.0
147,A13522004,-5963090,56076740,-219840,2876660,-2792160,24186960,9704400,26303530,-978140,11604550,201702.0
148,A13588402,14871540,45338840,0,0,-8421600,8328800,7877500,26399670,4265340,0,201702.0
149,A13522007,11367370,51925520,0,0,0,26269190,5942410,0,3874730,0,201702.0
150,A13522006,9981960,44988070,0,0,0,18844000,5140230,26309150,2595560,0,201702.0
151,A13552001,6683732,22132198,75010,0,0,21864000,0,613340,0,5000,201702.0
152,A13552002,0,0,0,0,0,0,17067942,37444690,926290,11431590,201702.0
153,A13588601,4130750,24892960,0,0,0,9001190,4879320,11879820,1664050,3527050,201702.0
154,A10025204,,,,,,,,,,,201702.0
155,A10027446,4112805,31123360,0,0,-1650,11534475,9207868,24911870,872510,5824090,201702.0
156,A13550502,4195270,73494180,0,0,0,22461070,13040450,34251200,0,12675140,201702.0
157,A13527004,2480390,16977250,0,0,0,4617000,2015470,5451290,0,3366460,201702.0
158,A13585404,340480,34680080,0,3050360,0,11536200,8339300,20477570,0,7083470,201702.0
159,A13527002,78112,11655470,0,0,0,4104000,2485811,5586750,0,3257690,201702.0
160,A13527008,0,0,122100,0,0,0,2289006,13779980,16460,5563210,201702.0
161,A13527013,3434004,51395650,0,0,0,17239800,6197555,15835330,524930,4933510,201702.0
162,A13527203,17344270,217727620,0,0,0,117054000,74501950,143377000,-438270,49234320,201702.0
163,A13585401,0,14541000,0,0,0,4252500,2315916,6404450,0,1701000,201702.0
164,A13586102,1039870,17493170,0,0,0,3584000,1054148,7252310,234400,3619670,201702.0
165,A13585804,778090,87590070,0,0,4986750,33245000,19874030,31460960,2306420,0,201702.0
166,A13527007,2111410,25744020,0,0,0,11652480,10128708,18606320,194400,4649230,201702.0
167,A13527016,4711970,42668350,0,0,0,10773000,4796093,17086770,250910,8006700,201702.0
168,A13550403,2136880,38528910,0,0,0,11295000,5400470,12006050,2206720,5440690,201702.0
169,A13586101,0,0,0,0,0,0,1030470,0,0,0,201702.0
170,A13527010,-116250,50191500,0,0,0,9192000,4655628,9494960,-30,5855640,201702.0
171,A13527019,3201810,31778270,0,0,0,10980200,8208716,18435790,544480,5989850,201702.0
172,A13527006,44023690,0,0,0,2340900,0,13606080,0,4899550,0,201702.0
173,A10027319,,,,,,,,,,,201702.0
174,A13550404,,,,,,,,,,,201702.0
175,A10024793,,,,,,,,,,,201702.0
