,kaptCode,heatC,heatP,gasC,gasP,waterHotC,waterHotP,electC,electP,waterCoolC,waterCoolP,Date
0,A13508012,2154950,90950,0,0,0,5366610,4162700,17685560,275680,6490860,201706.0
1,A13579501,2385600,0,0,0,0,4240830,5435170,17963320,-275420,6597670,201706.0
2,A13592604,3754230,47000,0,2872750,0,9724150,7973050,23527500,0,13018400,201706.0
3,A13508009,3259020,13870,0,0,0,9342600,10223367,23166150,951040,8074800,201706.0
4,A13508004,0,0,0,0,0,2491350,2582290,7185470,0,3846670,201706.0
5,A13508003,0,0,0,0,0,0,2929690,0,0,0,201706.0
6,A13579506,1886840,0,620,0,0,2872210,4438143,16401430,0,4738880,201706.0
7,A13508006,2854620,134090,0,0,0,4961970,5166488,21928800,0,5221370,201706.0
8,A13508011,2697760,81790,0,0,170,6815090,10079260,27949650,412010,7517120,201706.0
9,A13592601,2608660,70020,0,0,0,6601170,690262,21894030,347540,7640630,201706.0
10,A13592706,3665641,389970,0,4230690,0,14906940,11217840,32372910,0,17805690,201706.0
11,A13579505,8270390,1115730,0,0,-9263640,9241030,13230358,24907170,-122820,8780490,201706.0
12,A13508005,0,0,0,0,0,0,0,3375800,0,1926500,201706.0
13,A13579503,0,0,0,0,0,0,2441930,7335490,0,5341820,201706.0
14,A13592605,3431540,0,0,3095780,0,8656900,6306435,34375660,0,13059990,201706.0
15,A13591402,0,0,0,0,0,0,2640120,9437280,0,3899390,201706.0
16,A10027474,2464160,32440,0,0,0,5132740,7486220,19749540,349570,6250490,201706.0
17,A10023825,,,,,,,,,,,201706.0
18,A10024820,,,,,,,,,,,201706.0
19,A10024813,,,,,,,,,,,201706.0
20,A13599303,0,19088900,0,0,0,12647500,6622820,24291430,13670,0,201706.0
21,A13594007,17320,2344400,0,2738420,0,8675200,3562100,0,361690,5127580,201706.0
22,A13580602,5377580,0,0,0,0,9984320,5769780,26058420,-562,14717782,201706.0
23,A13524004,-770,2573850,0,0,0,7628400,4444680,13727310,0,7040360,201706.0
24,A13599402,0,20538100,0,3886820,0,12305000,4192190,25061270,0,11960700,201706.0
25,A13524005,3039360,0,0,0,0,7126830,4832920,20793940,2036320,0,201706.0
26,A13593908,331661,0,0,0,0,7809600,0,0,0,0,201706.0
27,A13580001,1417210,32220,0,0,0,3304980,2054780,9143300,-200,4145160,201706.0
28,A13524006,0,8133160,0,0,0,5398560,5780290,28277280,2353370,9136430,201706.0
29,A13593901,1870500,121900,0,0,0,3099000,5331390,15462330,553250,2713110,201706.0
30,A13524009,4600630,0,0,0,14536620,0,35316930,0,13302960,0,201706.0
31,A13580002,-500,989190,0,0,0,4674960,1341261,7923840,13610,3589340,201706.0
32,A13599301,14441970,0,0,0,0,6866000,6495900,24484170,27620,0,201706.0
33,A10025203,,,,,,,,,,,201706.0
34,A10025675,,,,,,,,,,,201706.0
35,A10023565,,,,,,,,,,,201706.0
36,A10024564,,,,,,,,,,,201706.0
37,A10023996,,,,,,,,,,,201706.0
38,A13510003,1411840,16920,0,0,0,2878200,3478560,12260140,104400,4392320,201706.0
39,A13510001,0,0,0,0,0,0,1253390,5306440,0,2820640,201706.0
40,A13510201,862880,0,0,0,0,2635340,761525,6561040,0,2889210,201706.0
41,A13510203,0,0,0,0,0,0,1142510,8802240,0,3224970,201706.0
42,A13510102,1617540,0,0,0,0,3763710,1978920,12778020,0,4944230,201706.0
43,A13510006,0,0,0,0,0,0,3270505,14270010,0,0,201706.0
44,A13510103,2116770,0,0,0,0,5414990,1113520,18909200,0,6347830,201706.0
45,A13510202,2048360,0,8460,0,0,2565000,2446910,8034800,350830,2862870,201706.0
46,A13576201,0,0,0,0,0,0,309240,10156350,15060,0,201706.0
47,A13510005,4863600,0,0,0,0,13120060,8707620,31490400,9880,9624840,201706.0
48,A13510009,0,0,0,0,0,0,3689640,13454200,2650,3261970,201706.0
49,A13510007,3658120,0,0,0,0,6690160,14289478,27294970,0,7819520,201706.0
50,A10025280,,,,,,,,,,,201706.0
51,A10025755,,,,,,,,,,,201706.0
52,A10024640,,,,,,,,,,,201706.0
53,A13509001,0,0,53950,0,0,0,1669740,6022560,0,3172050,201706.0
54,A13570501,5721400,793000,0,0,142600,9876200,18436966,42066610,270570,18003300,201706.0
55,A13550701,70630,3647,0,0,1178740,5263510,-4244962,29493360,-281840,6284290,201706.0
56,A13509005,91820,62650,0,0,3385980,3385980,4649075,17257070,150040,4843230,201706.0
57,A13509004,0,0,0,0,0,0,1709090,8952320,216100,4058860,201706.0
58,A13509010,5128020,0,0,0,12937430,0,62342990,0,13679160,0,201706.0
59,A13509006,14800,0,0,0,0,0,2591180,8996240,0,5307230,201706.0
60,A13509003,0,0,0,0,0,0,969436,8425174,-1700,7604800,201706.0
61,A13509012,6036230,0,0,0,13248740,0,71488340,0,20245890,0,201706.0
62,A13509007,2078330,87730,0,0,0,3407500,4720820,11368680,92790,5609810,201706.0
63,A13570502,,,,,,,,,,,201706.0
64,A13509013,,,,,,,,,,,201706.0
65,A13509101,0,0,0,0,0,0,2604790,6091810,152310,3171900,201706.0
66,A13509009,14487490,674800,0,0,-7645050,7645050,-29233810,112934600,321300,10720520,201706.0
67,A13509014,,,,,,,,,,,201706.0
68,A10026350,,,,,,,,,,,201706.0
69,A10026934,,,,,,,,,,,201706.0
70,A10024131,,,,,,,,,,,201706.0
71,A10023939,,,,,,,,,,,201706.0
72,A10024819,,,,,,,,,,,201706.0
73,A13528102,5403350,0,0,0,0,12525730,15728010,47822620,509630,14633250,201706.0
74,A13528103,6724340,124080,0,0,0,12140100,20353383,73159630,0,19219560,201706.0
75,A13528004,17366990,0,0,9878500,0,41817600,23596580,125542470,0,51602660,201706.0
76,A13583604,-374934,0,0,0,0,11882500,11281564,43494350,606520,16028090,201706.0
77,A13583701,2887240,0,0,2392760,1598500,12788000,6524708,22805160,0,9532000,201706.0
78,A13528003,4863144,0,0,3650920,0,23806040,13614440,35938340,806990,14993870,201706.0
79,A13528007,3056820,90520,0,0,0,4233200,7757310,22467990,512610,7229220,201706.0
80,A13528105,0,0,0,0,0,16576000,-1375940,63617160,0,18085620,201706.0
81,A13584101,2424330,0,0,0,0,3853190,5012119,19892890,0,6248760,201706.0
82,A13583507,-4580,17529680,0,0,0,69915340,27723410,149473550,4636970,55529780,201706.0
83,A13583403,3359440,0,0,0,8075250,0,20863980,0,7545860,0,201706.0
84,A13583404,12803100,0,0,0,-5709600,5709600,8848609,26509360,308400,9163500,201706.0
85,A13583402,2753490,4363240,0,0,-3876000,3876000,4284730,12760100,2380000,4968640,201706.0
86,A10027800,8048106,0,0,0,24871280,0,142647342,0,31629550,0,201706.0
87,A10025646,,,,,,,,,,,201706.0
88,A10026526,,,,,,,,,,,201706.0
89,A10024102,,,,,,,,,,,201706.0
90,A10024815,,,,,,,,,,,201706.0
91,A10026924,,,,,,,,,,,201706.0
92,A10024799,,,,,,,,,,,201706.0
93,A10028094,,,,,,,,,,,201706.0
94,A10024029,,,,,,,,,,,201706.0
95,A10024814,,,,,,,,,,,201706.0
96,A10024805,,,,,,,,,,,201706.0
97,A13501004,0,0,0,0,0,0,7755670,15479510,247920,8225900,201706.0
98,A13501001,2682930,0,0,0,0,0,9121596,41118820,2074710,3999760,201706.0
99,A13582002,0,3660340,0,0,0,8917200,7017450,21741860,0,0,201706.0
100,A13501007,,,,,,,,,,,201706.0
101,A13501008,,,,,,,,,,,201706.0
102,A13583301,0,0,0,0,0,0,2483714,8317700,0,2565580,201706.0
103,A13501006,6510281,25979,0,0,-4362881,4349661,6751108,19673160,0,5978892,201706.0
104,A13501005,,,,,,,,,,,201706.0
105,A10024501,,,,,,,,,,,201706.0
106,A13590204,13135542,0,0,0,0,11973000,-3764946,44091360,1538073,0,201706.0
107,A13589802,18170334,56863176,0,0,-34738000,34738000,1620994,193543160,17156530,42457610,201706.0
108,A13511201,12277030,0,0,0,0,0,22440596,0,3500000,0,201706.0
109,A13551103,-7950480,19980280,0,0,0,10684000,8918250,39899360,6000000,0,201706.0
110,A13590602,9138750,0,0,0,0,7055360,4594173,20969390,850000,0,201706.0
111,A13511001,0,1611778,0,0,0,7590240,1900030,19301380,0,0,201706.0
112,A13511004,-350,23893000,0,0,0,27734400,27046773,98105540,5661440,0,201706.0
113,A13511101,0,8588770,0,0,0,7881000,0,30436440,0,12331090,201706.0
114,A13511003,0,0,0,0,0,17157000,6933711,35881600,0,0,201706.0
115,A13519002,0,0,56360,0,0,0,1704740,11749890,376710,6533810,201706.0
116,A13519006,5586605,927520,0,0,25,10969970,9729612,26061600,0,16450350,201706.0
117,A13519007,13819640,0,0,0,-8587110,8564370,3658740,27942840,409070,13230540,201706.0
118,A13519004,0,0,0,0,0,0,15335960,0,5039280,0,201706.0
119,A13519005,0,0,0,0,0,0,6286973,21817250,102730,9062220,201706.0
120,A13519003,0,0,36840,0,0,0,5258130,10160770,368050,6239330,201706.0
121,A13519001,0,0,73330,0,0,0,3392400,9663320,0,5870760,201706.0
122,A10028172,4211650,82600,0,0,0,8731010,8075243,23232660,0,11437810,201706.0
123,A13519008,-79140,199370,0,0,0,9348550,2542640,16527200,-786030,9960630,201706.0
124,A13520003,6695490,330670,0,0,0,13706920,14145807,53934950,0,17315700,201706.0
125,A13520004,2396500,0,0,0,0,5469260,5429553,11189200,177620,6739610,201706.0
126,A10027985,23395520,0,0,0,0,0,49375910,0,17638230,0,201706.0
127,A13520002,0,0,0,0,0,0,15508690,49291760,1370990,17584210,201706.0
128,A10023314,,,,,,,,,,,201706.0
129,A13520001,0,0,7730,0,0,0,9039018,32940140,185230,16380470,201706.0
130,A10027909,0,0,22310,0,0,0,2408080,5922270,108410,2570920,201706.0
131,A10027912,0,0,31020,0,0,0,13689080,0,5273120,0,201706.0
132,A13594702,3355970,0,0,0,0,12769180,2726150,449980,4160,0,201706.0
133,A13523005,4363980,0,0,0,0,8780400,7139475,24067408,0,12207970,201706.0
134,A13523004,5509120,0,0,0,0,9483300,807140,28317590,0,10019030,201706.0
135,A13594701,2665910,227710,0,0,0,9988640,5820056,16681100,774550,7745480,201706.0
136,A13593802,3126870,1696740,0,0,0,8802060,4985210,0,739670,0,201706.0
137,A13523003,3051720,565260,0,0,0,5958270,261430,17589560,143140,9614890,201706.0
138,A13594402,2970840,0,6390,0,2802000,0,14565620,0,1658020,0,201706.0
139,A13593801,2731470,0,0,2508960,-2079990,4307050,3711930,22186520,0,0,201706.0
140,A13594203,13146250,0,0,0,0,11801650,-966760,29536800,4222200,12772220,201706.0
141,A13594403,3203630,0,0,0,0,13604000,5471570,25742000,1229180,0,201706.0
142,A10027571,,,,,,,,,,,201706.0
143,A10025823,,,,,,,,,,,201706.0
144,A10024216,,,,,,,,,,,201706.0
145,A13522003,293540,2123250,0,4188520,0,6212500,2900320,0,1528420,0,201706.0
146,A13522008,0,0,0,0,0,20472000,0,0,0,0,201706.0
147,A13522004,3207320,434940,0,2602180,0,11517630,8174086,19880170,302260,11731650,201706.0
148,A13588402,10935450,0,0,0,-7488000,7404800,5696680,22969850,3538540,0,201706.0
149,A13522007,4173900,0,0,0,0,10939790,3571740,0,1333100,0,201706.0
150,A13522006,3966070,0,0,0,0,9360340,192210,21566870,6161140,0,201706.0
151,A13552001,0,52480,0,0,0,7759650,0,637890,0,5000,201706.0
152,A13552002,0,0,0,0,0,0,6070875,31360770,169180,11698390,201706.0
153,A13588601,4212620,111000,0,0,0,1514800,3539030,10751790,960300,5077430,201706.0
154,A10025204,,,,,,,,,,,201706.0
155,A10027446,3739350,162000,0,0,-9110410,15224430,6995800,25580660,-39530,7386990,201706.0
156,A13550502,4195270,457860,0,0,0,11882180,11986950,32963860,0,14558780,201706.0
157,A13527004,416860,267100,0,0,0,3090000,513850,6123930,0,3446340,201706.0
158,A13585404,33380,0,0,0,0,8880000,7635690,21268120,0,7322920,201706.0
159,A13527002,11132,0,0,0,0,2329600,1744356,6608920,0,3266770,201706.0
160,A13527008,0,0,4630,0,0,0,2107991,12473870,15780,6042510,201706.0
161,A13527013,3434020,0,0,0,0,8846123,4174314,17786817,519540,6269320,201706.0
162,A13527203,17343446,20000,0,0,-76,50310330,3737610,177491650,-238170,54744020,201706.0
163,A13585401,0,105400,0,0,0,3102000,2182599,4721120,0,1564200,201706.0
164,A13586102,1039840,96350,0,0,0,2676800,135690,8212660,340080,3185740,201706.0
165,A13585804,5764840,0,0,0,0,19427130,13822220,42707580,3236000,0,201706.0
166,A13527007,2111410,0,0,0,-160,4418940,8550329,18733650,295000,4994710,201706.0
167,A13527016,1857990,1400,0,0,0,7252000,3753511,14215440,1410300,8448410,201706.0
168,A13550403,2136880,1008660,0,0,0,5897500,2974360,12484690,2059540,6780410,201706.0
169,A13586101,0,0,0,0,0,0,569570,0,0,0,201706.0
170,A13527010,-123320,134100,0,0,0,6110440,2984289,10117300,-20,7096130,201706.0
171,A13527019,2833190,24480,0,0,0,4799650,7412048,21302170,572750,6356440,201706.0
172,A13527006,3120620,0,0,0,1898900,0,11364530,0,5186880,0,201706.0
173,A10027319,,,,,,,,,,,201706.0
174,A13550404,,,,,,,,,,,201706.0
175,A10024793,,,,,,,,,,,201706.0
