,kaptCode,heatC,heatP,gasC,gasP,waterHotC,waterHotP,electC,electP,waterCoolC,waterCoolP,Date
0,A13508012,2154950,478850,0,0,0,7625920,4679300,16172140,136790,6305600,201705.0
1,A13579501,2385600,549800,0,0,0,6137600,4760200,16542200,-57740,6294360,201705.0
2,A13592604,4101370,924000,0,2909020,0,13449710,7990203,22104660,0,12250790,201705.0
3,A13508009,3259020,2819970,0,0,0,9651400,7060922,20368890,1028390,6495200,201705.0
4,A13508004,0,0,0,0,0,3260190,2088580,6569400,0,3454110,201705.0
5,A13508003,0,0,0,0,0,0,1578865,0,0,0,201705.0
6,A13579506,1886840,476160,1880,0,0,3820730,3825273,14542850,0,4464680,201705.0
7,A13508006,2854620,577610,0,0,0,7051750,4912621,20706470,174280,5049440,201705.0
8,A13508011,2697760,773100,0,0,1090,9906750,9677280,26179130,361790,7467010,201705.0
9,A13592601,2593370,711360,0,0,0,9671400,1023067,20548030,436870,7325410,201705.0
10,A13592706,3665641,2461790,0,3891310,0,21496850,10134126,29214560,0,17018320,201705.0
11,A13579505,11774950,1115730,0,0,-9263640,9241030,7823198,24907170,0,8780490,201705.0
12,A13508005,0,0,0,0,0,0,3740300,0,2029080,0,201705.0
13,A13579503,0,0,0,0,0,0,1036380,7322810,0,0,201705.0
14,A13592605,3431540,1128960,0,2899900,0,14036800,6026070,32588390,320770,12423300,201705.0
15,A13591402,0,0,0,0,0,0,2302142,9002980,0,3684560,201705.0
16,A10027474,2464160,149830,0,0,315180,7167930,6265070,16946090,172720,5935510,201705.0
17,A10023825,,,,,,,,,,,201705.0
18,A10024820,,,,,,,,,,,201705.0
19,A10024813,,,,,,,,,,,201705.0
20,A13599303,0,63025300,0,0,0,16620000,7128140,26199800,11960,0,201705.0
21,A13594007,72780,4253160,0,2785700,0,11905150,3245780,0,479360,5358010,201705.0
22,A13580602,5377580,0,0,0,0,14584350,5485040,24179060,-164,13300854,201705.0
23,A13524004,-200,5202450,0,0,0,8724300,3613110,16100990,0,6284570,201705.0
24,A13599402,0,51132600,0,3784790,0,15217500,4663790,29488360,0,11987160,201705.0
25,A13524005,3039360,0,0,0,0,10200540,3831430,19076890,2036320,0,201705.0
26,A13593908,1163005,242520,0,0,0,12555400,0,0,0,0,201705.0
27,A13580001,2032360,0,0,0,5480200,0,10346800,0,3964220,0,201705.0
28,A13524006,0,11777780,0,0,0,6551550,4646770,25978440,2999080,8469000,201705.0
29,A13593901,1871310,562700,0,0,0,4546800,3769240,14365800,624930,2742540,201705.0
30,A13524009,7073040,0,0,0,21595080,0,33688570,0,14882410,0,201705.0
31,A13580002,-1086,3280770,0,0,0,5924460,1804680,7960060,12720,3340830,201705.0
32,A13599301,17900840,0,0,0,0,8668000,7731770,23103660,27620,0,201705.0
33,A10025203,,,,,,,,,,,201705.0
34,A10025675,,,,,,,,,,,201705.0
35,A10023565,,,,,,,,,,,201705.0
36,A10024564,,,,,,,,,,,201705.0
37,A10023996,,,,,,,,,,,201705.0
38,A13510003,1412000,757810,0,0,0,3554200,3525980,11186630,0,4685960,201705.0
39,A13510001,0,0,0,0,0,0,873130,5385840,82360,2411700,201705.0
40,A13510201,866810,614980,0,0,0,3175200,864902,6288540,0,2954700,201705.0
41,A13510203,0,0,0,0,0,0,1160250,8320980,0,3560850,201705.0
42,A13510102,1617580,1221860,0,0,0,4995000,3041350,11569620,0,5367290,201705.0
43,A13510006,0,0,0,0,0,0,2837334,13154630,0,9860970,201705.0
44,A13510103,2116770,0,0,0,0,7842560,1061860,15659000,329810,6507540,201705.0
45,A13510202,4132200,0,45830,0,0,3414000,1690560,7446910,90770,2913320,201705.0
46,A13576201,0,0,0,0,0,0,482300,8930800,0,0,201705.0
47,A13510005,4863600,1525190,0,0,0,17317950,5526465,31408080,1885920,8623110,201705.0
48,A13510009,0,0,0,0,0,0,3295030,10782780,1240,2750220,201705.0
49,A13510007,3922080,450460,0,0,0,10060560,9623685,21497140,-491050,7477650,201705.0
50,A10025280,,,,,,,,,,,201705.0
51,A10025755,,,,,,,,,,,201705.0
52,A10024640,,,,,,,,,,,201705.0
53,A13509001,0,0,100050,0,0,0,1632590,5587180,0,2972720,201705.0
54,A13570501,6604580,2929000,0,0,175500,12141900,13346590,37371290,193390,14653360,201705.0
55,A13550701,875157,74277,0,0,8268000,6442250,22883186,20177360,6233040,6002450,201705.0
56,A13509005,20400,828710,0,0,5175000,5175000,4112491,15261790,125750,4987080,201705.0
57,A13509004,0,0,0,0,0,0,1285590,8301460,252820,3608030,201705.0
58,A13509010,5158820,1716030,0,0,0,17821650,11683570,43423470,63500,13815970,201705.0
59,A13509006,15430,0,0,0,0,0,2862790,8352650,0,5176510,201705.0
60,A13509003,0,0,0,0,0,0,1621500,7534310,0,0,201705.0
61,A13509012,9556670,0,0,0,27992290,0,62822520,0,19754030,0,201705.0
62,A13509007,3766280,986490,0,0,0,4027500,3959910,10346880,345590,5619280,201705.0
63,A13570502,,,,,,,,,,,201705.0
64,A13509013,,,,,,,,,,,201705.0
65,A13509101,0,0,0,0,0,0,1639780,5840060,806750,2744840,201705.0
66,A13509009,16440260,3788400,0,0,-12070070,12070070,13973130,52612260,1526340,10296100,201705.0
67,A13509014,,,,,,,,,,,201705.0
68,A10026350,,,,,,,,,,,201705.0
69,A10026934,,,,,,,,,,,201705.0
70,A10024131,,,,,,,,,,,201705.0
71,A10023939,,,,,,,,,,,201705.0
72,A10024819,,,,,,,,,,,201705.0
73,A13528102,5403150,1838040,0,0,0,16616360,10679010,44612980,545670,14659760,201705.0
74,A13528103,6724340,2465580,0,0,0,17871780,15046144,64148330,0,19008030,201705.0
75,A13528004,19872550,4114920,0,9828610,0,46969200,16395710,114539130,0,48935980,201705.0
76,A13583604,-2668444,0,0,0,0,16512500,8624004,44545070,647420,16360480,201705.0
77,A13583701,2887240,677730,0,2369240,2152000,17216000,5841450,21890320,0,10239150,201705.0
78,A13528003,4863144,2307380,0,3652330,0,30140180,11642840,35053790,1597720,14488180,201705.0
79,A13528007,3074180,308790,0,0,0,6671700,6154020,20828930,490820,6978710,201705.0
80,A13528105,0,0,0,0,0,22820000,2743550,54210020,1691250,14790350,201705.0
81,A13584101,2424330,1715230,0,0,0,5740980,4631431,18593980,0,5963490,201705.0
82,A13583507,11560,27930420,0,0,0,86066400,23081970,146294120,2144420,54732040,201705.0
83,A13583403,4165950,0,0,0,9743580,0,20404470,0,5999230,0,201705.0
84,A13583404,16094340,0,0,0,-7560000,7560000,6121121,26336630,604110,9042650,201705.0
85,A13583402,3545530,5125400,0,0,-4700000,4700000,3978680,11991480,2589800,4472390,201705.0
86,A10027800,8625939,0,0,0,34826100,0,120358407,0,30752594,0,201705.0
87,A10025646,,,,,,,,,,,201705.0
88,A10026526,,,,,,,,,,,201705.0
89,A10024102,,,,,,,,,,,201705.0
90,A10024815,,,,,,,,,,,201705.0
91,A10026924,,,,,,,,,,,201705.0
92,A10024799,,,,,,,,,,,201705.0
93,A10028094,,,,,,,,,,,201705.0
94,A10024029,,,,,,,,,,,201705.0
95,A10024814,,,,,,,,,,,201705.0
96,A10024805,,,,,,,,,,,201705.0
97,A13501004,0,0,0,0,0,0,7558510,14796210,523700,8227040,201705.0
98,A13501001,5081740,0,0,0,0,0,7740571,25441500,1275560,2878510,201705.0
99,A13582002,0,6687150,0,0,0,10710000,4904240,20626490,0,0,201705.0
100,A13501007,,,,,,,,,,,201705.0
101,A13501008,,,,,,,,,,,201705.0
102,A13583301,0,0,0,0,0,0,2085472,7712690,0,2632330,201705.0
103,A13501006,8489610,332790,0,0,-6341730,6313160,4731478,18356970,0,6033912,201705.0
104,A13501005,,,,,,,,,,,201705.0
105,A10024501,,,,,,,,,,,201705.0
106,A13590204,17192544,0,0,0,0,13818000,-1351526,38694740,1013031,0,201705.0
107,A13589802,23612242,79663408,0,0,-39894000,39894000,1339347,177336240,16729460,40651660,201705.0
108,A13511201,15956810,0,0,0,0,0,20744231,0,3500000,0,201705.0
109,A13551103,-14803617,30845957,0,0,0,12134000,8708292,34843020,12875280,0,201705.0
110,A13590602,14160480,0,0,0,0,7687680,4949769,19601170,3036100,0,201705.0
111,A13511001,0,2456370,0,0,0,9145440,1328250,15555760,1305800,0,201705.0
112,A13511004,4100,30368520,0,0,0,34842240,17923096,89887050,3520900,0,201705.0
113,A13511101,0,13597980,0,0,0,9759000,0,33686130,0,13027760,201705.0
114,A13511003,0,1417564,0,0,0,21840000,7820700,32904630,3892300,0,201705.0
115,A13519002,0,0,0,0,0,0,1560450,11363580,215670,6445820,201705.0
116,A13519006,6073130,694300,0,0,-1380,15088770,10794897,24896800,0,16722260,201705.0
117,A13519007,18972290,1527720,0,0,-13713820,13677210,5668050,26941780,946360,12497310,201705.0
118,A13519004,0,0,0,0,0,0,14919760,0,5284290,0,201705.0
119,A13519005,0,0,0,0,0,0,6179048,19146430,21636,9301860,201705.0
120,A13519003,0,0,95760,0,0,0,5309625,10009525,409440,5658750,201705.0
121,A13519001,0,0,125150,0,0,0,3674420,9332540,0,6020470,201705.0
122,A10028172,4404540,456400,0,0,0,11998520,7721521,21739120,0,11561260,201705.0
123,A13519008,-56110,1086000,0,0,0,13215800,2955870,15989620,-1634830,10382390,201705.0
124,A13520003,6731410,1051930,0,0,0,16609180,9990472,49634200,0,17232300,201705.0
125,A13520004,2396500,164150,0,0,0,7563670,5482715,11225500,251890,6810910,201705.0
126,A10027985,30610340,0,0,0,0,0,46805210,0,19011800,0,201705.0
127,A13520002,0,0,0,0,0,0,12433148,47914242,1902690,19749850,201705.0
128,A10023314,,,,,,,,,,,201705.0
129,A13520001,0,0,31540,0,0,0,9925829,30517810,548720,16413290,201705.0
130,A10027909,0,0,67220,0,0,0,2049880,5979390,16640,2588010,201705.0
131,A10027912,0,0,21460,0,0,0,1221860,11954290,945790,4461080,201705.0
132,A13594702,3355970,4943940,0,0,0,14192080,3609900,348150,0,0,201705.0
133,A13523005,4363980,3331440,0,0,0,13751500,7756405,23140973,0,12815275,201705.0
134,A13523004,6088380,3759030,0,0,0,12553880,669200,27206060,0,9548300,201705.0
135,A13594701,3161440,4673820,0,0,0,12436340,7825402,14596150,739240,7392360,201705.0
136,A13593802,4913680,7156880,0,0,0,12189510,4898920,0,740786,0,201705.0
137,A13523003,3689930,3045160,0,0,0,9357200,473140,16745950,-80,9186290,201705.0
138,A13594402,3950330,0,19760,0,3554000,0,14134660,0,1658020,0,201705.0
139,A13593801,6187900,0,0,2589230,-5537082,7868022,3748190,20312040,2888410,8405280,201705.0
140,A13594203,18432472,2495028,0,0,0,17462300,1340680,28041340,5598600,11862000,201705.0
141,A13594403,3609510,0,0,0,0,17232000,7298050,22846140,730330,0,201705.0
142,A10027571,,,,,,,,,,,201705.0
143,A10025823,,,,,,,,,,,201705.0
144,A10024216,,,,,,,,,,,201705.0
145,A13522003,1134160,4694530,0,0,0,6890000,2131760,0,2396870,0,201705.0
146,A13522008,0,7300450,0,0,0,26757000,0,0,0,0,201705.0
147,A13522004,3207320,3480420,0,2601140,0,15951690,9334401,18364950,512320,12403750,201705.0
148,A13588402,13393970,1504230,0,0,-9123200,9036800,5980350,19855500,3550010,0,201705.0
149,A13522007,5009630,2236400,0,0,0,17479560,3612550,0,1602150,0,201705.0
150,A13522006,4491180,938820,0,0,0,13759200,1398390,20060270,0,0,201705.0
151,A13552001,0,1250290,0,0,0,13891500,0,499490,0,5000,201705.0
152,A13552002,0,0,0,0,0,0,1157405,30415450,90950,11067380,201705.0
153,A13588601,4727400,635170,0,0,0,3623200,3130730,10099940,1016400,4615210,201705.0
154,A10025204,,,,,,,,,,,201705.0
155,A10027446,3739040,726180,0,0,-8499190,16824330,6078080,23820200,-13270,6501060,201705.0
156,A13550502,4195270,2318160,0,0,0,15831280,9145180,30097990,0,14485150,201705.0
157,A13527004,1078300,882440,0,0,0,3393000,818210,5604250,0,3108620,201705.0
158,A13585404,146770,4539000,0,0,0,11512000,5513670,18800230,0,7564620,201705.0
159,A13527002,17962,690440,0,0,0,3057000,1761281,6337520,0,3207440,201705.0
160,A13527008,0,0,6880,0,0,0,2332589,11008820,17450,5681870,201705.0
161,A13527013,3434020,4085530,0,0,0,10378290,4406339,17055420,582980,5614890,201705.0
162,A13527203,17343480,946480,0,0,0,76249860,44565830,167626160,429160,54705380,201705.0
163,A13585401,0,557600,0,0,0,3651900,1939403,4394030,0,1841490,201705.0
164,A13586102,1039740,722030,0,0,0,3354000,728201,7453990,537940,3486780,201705.0
165,A13585804,5764840,3725120,0,0,0,27625500,14756030,36515570,2344250,0,201705.0
166,A13527007,2111410,661330,0,0,0,6508260,6739883,17248530,311560,5565120,201705.0
167,A13527016,4709400,2190910,0,0,0,8501500,6788680,12387360,895920,8377200,201705.0
168,A13550403,2136880,2665560,0,0,0,7070000,2700441,12370740,1270610,6627930,201705.0
169,A13586101,0,0,0,0,0,0,654390,0,0,0,201705.0
170,A13527010,-112840,1965000,0,0,0,7328000,2741997,10070630,-100,6995630,201705.0
171,A13527019,2814710,751510,0,0,0,7367100,5629955,20978860,329150,6236930,201705.0
172,A13527006,5591700,0,0,0,2276300,0,10441260,0,4931970,0,201705.0
173,A10027319,,,,,,,,,,,201705.0
174,A13550404,,,,,,,,,,,201705.0
175,A10024793,,,,,,,,,,,201705.0
