,kaptCode,heatC,heatP,gasC,gasP,waterHotC,waterHotP,electC,electP,waterCoolC,waterCoolP,Date
0,A13508012,2154950,1611890,0,0,0,6683350,4290690,16434700,21990,6297400,201710.0
1,A13579501,2385600,2850100,0,0,0,6123240,3941073,17121250,-113430,5979040,201710.0
2,A13592604,4367740,6410740,0,2579470,0,11498470,7264739,22059050,0,12318100,201710.0
3,A13508009,3259020,3875760,0,0,0,10794440,6520241,20575380,163800,8169360,201710.0
4,A13508004,0,0,0,0,0,2917900,1836824,6900460,0,3836700,201710.0
5,A13508003,0,0,0,0,0,0,1633343,0,0,0,201710.0
6,A13579506,1886840,2404800,4450,0,0,2898560,3465644,15321580,0,4423400,201710.0
7,A13508006,4208530,3539440,0,0,0,6046920,3743542,20919580,123300,5026550,201710.0
8,A13508011,2697760,4273880,0,0,1130,7416730,8786920,24767480,350860,7508610,201710.0
9,A13592601,2610300,3387860,0,0,0,9202380,410395,20946420,0,7424710,201710.0
10,A13592706,3665390,8488040,0,4511460,0,19235700,9763890,28943220,0,16657560,201710.0
11,A13579505,9760350,4051740,0,0,-7230950,7161060,6086108,25903490,-1006660,9774590,201710.0
12,A13508005,0,0,0,0,0,0,349060,3169230,51630,1883730,201710.0
13,A13579503,0,0,0,0,0,0,2436590,6846970,0,5314040,201710.0
14,A13592605,3431540,6712850,0,3420270,0,13162060,6506430,31084920,0,11724670,201710.0
15,A13591402,0,0,0,0,0,0,1582316,9352120,0,3840160,201710.0
16,A10027474,2467890,2067660,0,0,0,6429000,6595580,16894680,323530,6130880,201710.0
17,A10023825,,,,,,,,,,,201710.0
18,A10024820,,,,,,,,,,,201710.0
19,A10024813,,,,,,,,,,,201710.0
20,A13599303,0,8340100,0,0,0,11252500,6575974,27145270,6240,0,201710.0
21,A13594007,82910,6752400,0,3157900,0,11151700,2967850,0,305790,5205370,201710.0
22,A13580602,5377580,17835490,0,0,0,10487400,6764790,22850710,-796,12773406,201710.0
23,A13524004,-260,15662100,0,0,0,7729800,4061210,13487910,0,6315450,201710.0
24,A13599402,0,8774000,0,3471050,0,10322500,3084360,28218260,0,14352220,201710.0
25,A13524005,3039360,10782450,0,0,0,6115200,3809800,18968490,1643200,0,201710.0
26,A13593908,1240693,11708680,0,0,0,11449200,0,0,0,0,201710.0
27,A13580001,1417270,4837810,0,0,0,4465000,1693049,7294310,-480,3810720,201710.0
28,A13524006,0,27323880,0,0,0,8302200,5552370,24155770,2607910,8028970,201710.0
29,A13593901,2106696,2402100,0,0,0,4306800,3946380,14181850,0,2705300,201710.0
30,A13524009,17732890,0,0,0,18528000,0,32943930,0,10799720,0,201710.0
31,A13580002,-2079,4280400,0,0,0,5325120,1498582,8127480,215830,3585110,201710.0
32,A13599301,29816100,0,0,0,0,7282000,8846490,23050310,27620,0,201710.0
33,A10025203,,,,,,,,,,,201710.0
34,A10025675,,,,,,,,,,,201710.0
35,A10023565,,,,,,,,,,,201710.0
36,A10024564,,,,,,,,,,,201710.0
37,A10023996,,,,,,,,,,,201710.0
38,A13510003,1411130,3630600,0,0,0,3137500,2913030,11354480,96090,4586440,201710.0
39,A13510001,0,0,0,0,0,0,989220,5209640,95230,2575490,201710.0
40,A13510201,867720,1820450,0,0,0,2840400,649316,6049500,0,2619690,201710.0
41,A13510203,0,0,0,0,0,0,1000020,8436700,0,3410460,201710.0
42,A13510102,1617680,3497660,0,0,0,4992000,3327020,11439910,0,5099310,201710.0
43,A13510006,0,0,0,0,0,0,2548612,13519170,0,0,201710.0
44,A13510103,2579860,7379900,0,0,0,6050520,1279940,15062800,0,6294270,201710.0
45,A13510202,6096230,0,3090,0,0,3063000,1696620,7774720,151830,2893300,201710.0
46,A13576201,0,0,0,0,0,0,1002940,8805210,20220,0,201710.0
47,A13510005,4863600,13401180,0,0,0,13401180,7637750,31320530,1714130,9021010,201710.0
48,A13510009,0,0,0,0,0,0,2885430,12024360,3470,2853250,201710.0
49,A13510007,14695110,4549840,0,0,-10252400,9556600,10858926,24009840,207850,7376920,201710.0
50,A10025280,,,,,,,,,,,201710.0
51,A10025755,,,,,,,,,,,201710.0
52,A10024640,,,,,,,,,,,201710.0
53,A13509001,0,0,10870,0,0,0,1563950,5551830,0,2910040,201710.0
54,A13570501,6340920,10008600,0,0,98000,10580000,12549087,36328420,160460,14127820,201710.0
55,A13550701,3254524,0,0,0,3658354,4375646,-1056929,22844140,-948010,6591760,201710.0
56,A13509005,67300,3045600,0,0,4212000,4212000,3342888,15019260,62560,4476460,201710.0
57,A13509004,0,0,0,0,0,0,1063700,8272410,81860,4062530,201710.0
58,A13509010,5274870,8526330,0,0,0,14917100,11774820,41936630,190570,12593950,201710.0
59,A13509006,20450,0,0,0,0,0,2757156,8080020,0,4967360,201710.0
60,A13509003,0,0,0,0,0,0,1364590,7206130,-2200,7605300,201710.0
61,A13509012,12710260,0,0,0,22074000,0,57405300,0,16701260,0,201710.0
62,A13509007,3378830,4738910,0,0,0,3880000,3741380,10584400,173310,5237880,201710.0
63,A13570502,,,,,,,,,,,201710.0
64,A13509013,,,,,,,,,,,201710.0
65,A13509101,0,0,0,0,0,0,1650200,6029790,800550,2997730,201710.0
66,A13509009,22289500,874880,0,0,-8529840,8529840,8826630,55480270,1229170,10235320,201710.0
67,A13509014,,,,,,,,,,,201710.0
68,A10026350,,,,,,,,,,,201710.0
69,A10026934,,,,,,,,,,,201710.0
70,A10024131,,,,,,,,,,,201710.0
71,A10023939,,,,,,,,,,,201710.0
72,A10024819,,,,,,,,,,,201710.0
73,A13528102,5403550,11548310,0,0,0,15009070,11369820,42884500,692240,14581220,201710.0
74,A13528103,6724340,12147480,0,0,0,15592300,15497988,64395290,0,16787590,201710.0
75,A13528004,19119370,35733680,0,10676000,0,40111200,16874970,115686890,0,51187230,201710.0
76,A13583604,27799500,0,0,0,1017500,12145000,2934911,49367290,1225860,14774240,201710.0
77,A13583701,2887240,6553030,0,2628860,1855500,14844000,6564595,21845520,0,9998880,201710.0
78,A13528003,4863144,14010170,0,4014330,0,28784720,11690460,34713590,386780,13697180,201710.0
79,A13528007,3223320,2393820,0,0,0,5480200,6373470,21929310,563400,7146360,201710.0
80,A13528105,-700,30019200,0,0,0,17003000,4921760,53503530,895330,17840100,201710.0
81,A13584101,2424330,2485410,0,0,0,8090280,4464740,19256780,0,5750850,201710.0
82,A13583507,-970,122520580,0,0,0,81072180,34579180,146391400,4168930,57343260,201710.0
83,A13583403,20745640,0,0,0,8844480,0,4054950,0,1106880,0,201710.0
84,A13583404,26134850,0,0,0,-6262200,6262200,6569191,27262950,722770,9400900,201710.0
85,A13583402,3292740,10909920,0,0,-4176000,4176000,3975180,12531600,2098140,5274030,201710.0
86,A10027800,8002918,3318820,0,115800,0,31984720,30699309,90111450,1734683,29580730,201710.0
87,A10025646,,,,,,,,,,,201710.0
88,A10026526,,,,,,,,,,,201710.0
89,A10024102,,,,,,,,,,,201710.0
90,A10024815,,,,,,,,,,,201710.0
91,A10026924,1466990,3727220,0,0,0,2993260,4858850,7323060,350800,2229310,201710.0
92,A10024799,,,,,,,,,,,201710.0
93,A10028094,,,,,,,,,,,201710.0
94,A10024029,,,,,,,,,,,201710.0
95,A10024814,,,,,,,,,,,201710.0
96,A10024805,,,,,,,,,,,201710.0
97,A13501004,0,0,0,0,0,0,7628860,14087330,241790,8223430,201710.0
98,A13501001,2581000,0,0,0,0,0,7538095,25056840,1669920,3404440,201710.0
99,A13582002,0,19093980,0,0,0,9730800,4923850,20107260,0,0,201710.0
100,A13501007,,,,,,,,,,,201710.0
101,A13501008,,,,,,,,,,,201710.0
102,A13583301,0,0,0,0,0,0,1853973,8050500,0,2513130,201710.0
103,A13501006,7813703,1835987,0,0,-5666303,5639980,6730783,18794917,0,5073590,201710.0
104,A13501005,,,,,,,,,,,201710.0
105,A10024501,,,,,,,,,,,201710.0
106,A13590204,41056390,0,0,0,0,11553000,-4188257,41295750,-315340,0,201710.0
107,A13589802,19773408,164203752,0,0,-33318000,33318000,1266211,182101680,14139770,44522040,201710.0
108,A13511201,20206480,0,0,0,0,0,21630078,0,3000000,0,201710.0
109,A13551103,-8531815,50186165,0,0,0,10482000,9890928,35050700,6000000,0,201710.0
110,A13590602,25462480,0,0,0,0,7057920,4414550,19684240,935000,0,201710.0
111,A13511001,0,5600266,0,0,0,7616160,1433640,15812520,0,0,201710.0
112,A13511004,2800,93183780,0,0,0,28517760,17138732,90443890,1816590,0,201710.0
113,A13511101,0,23121540,0,0,0,9384000,0,26545660,0,13252880,201710.0
114,A13511003,0,7958581,0,0,0,21907850,7463524,32962710,0,0,201710.0
115,A13519002,0,0,23210,0,0,0,1500610,11098550,481600,6258930,201710.0
116,A13519006,6232500,3710230,0,0,-720,13335940,12035145,23632100,0,16335540,201710.0
117,A13519007,17758470,5636090,0,0,-12530440,12495610,4012970,26813570,407850,13081560,201710.0
118,A13519004,0,0,0,0,0,0,14492470,0,5187890,0,201710.0
119,A13519005,0,0,0,0,0,0,4233182,19687430,359350,9225120,201710.0
120,A13519003,0,0,18610,0,0,0,3284280,9641160,118970,5795660,201710.0
121,A13519001,0,0,40240,0,0,0,3006190,9165890,0,5536350,201710.0
122,A10028172,15044390,2919700,0,0,-10575870,10535120,8875838,21508220,-375310,11296140,201710.0
123,A13519008,353900,4402570,0,0,-74720,11858220,2101670,17657170,-904770,10303620,201710.0
124,A13520003,6817990,7068530,0,0,0,17761100,10505323,49604200,0,13466400,201710.0
125,A13520004,2396500,2700610,0,0,0,7227470,5712977,11325300,151130,6668700,201710.0
126,A10027985,33715750,0,0,0,0,0,47870830,0,19118340,0,201710.0
127,A13520002,0,0,0,0,0,0,13072990,47459500,1013140,17534980,201710.0
128,A10023314,,,,,,,,,,,201710.0
129,A13520001,0,0,3460,0,0,0,11432511,29731710,157160,15789170,201710.0
130,A10027909,0,0,770,0,0,0,1989870,5965580,137860,2492900,201710.0
131,A10027912,0,0,28040,0,0,0,1553490,10201810,338940,4889650,201710.0
132,A13594702,3355970,12534580,0,0,0,11310240,3403310,372260,0,0,201710.0
133,A13523005,4363980,8674820,0,0,0,14944000,7587159,23623430,0,12559800,201710.0
134,A13523004,6699420,14164080,0,0,0,8150000,588230,27235280,418480,8411590,201710.0
135,A13594701,3796370,10384230,0,0,0,11099880,4746290,15938930,752530,7525340,201710.0
136,A13593802,5045660,0,0,0,0,0,4580530,0,741880,0,201710.0
137,A13523003,4042500,6407200,0,0,0,9068450,296800,17025010,-670,9471330,201710.0
138,A13594402,11804870,0,8280,0,0,2918000,3315280,10695000,30490,0,201710.0
139,A13593801,7612058,2448492,0,2940850,-6490500,8783810,3654990,21731540,0,0,201710.0
140,A13594203,17822822,10335528,0,0,0,15075300,1001800,27753660,4863900,12035220,201710.0
141,A13594403,14166900,0,0,0,0,16100000,7651540,22809830,124080,0,201710.0
142,A10027571,,,,,,,,,,,201710.0
143,A10025823,,,,,,,,,,,201710.0
144,A10024216,,,,,,,,,,,201710.0
145,A13522003,1516720,7339250,0,4424220,0,8344000,2671500,0,271380,0,201710.0
146,A13522008,0,10146310,0,0,0,24558000,0,0,0,0,201710.0
147,A13522004,3207320,10959430,0,2785690,0,14382720,8471854,18411270,405860,11988200,201710.0
148,A13588402,10525850,8319750,0,0,-7078400,6995200,4276070,21656290,3158340,0,201710.0
149,A13522007,5565610,10656310,0,0,0,13270450,3433430,0,1049450,0,201710.0
150,A13522006,5013360,5513670,0,0,0,13500000,-1350550,22277970,3284680,0,201710.0
151,A13552001,597466,0,0,0,0,11942334,0,485530,0,5000,201710.0
152,A13552002,0,0,0,0,0,0,4452260,30181180,870280,11574070,201710.0
153,A13588601,4240840,3038440,0,0,0,5556600,2835510,10071710,1156790,4788190,201710.0
154,A10025204,,,,,,,,,,,201710.0
155,A10027446,3015240,4395970,0,0,-8183170,16306870,5902540,25449760,363870,6766750,201710.0
156,A13550502,4195270,9250540,0,0,0,19203880,9130480,30028040,0,11920680,201710.0
157,A13527004,376410,3585570,0,0,0,2877000,1044270,5244410,84070,3083130,201710.0
158,A13585404,0,0,0,0,0,4908720,6265290,18752480,0,6926160,201710.0
159,A13527002,7462,1944000,0,0,0,2627400,2057229,6039790,0,3218320,201710.0
160,A13527008,0,0,5420,0,0,0,2217234,10894630,11630,5834770,201710.0
161,A13527013,3434004,10753400,0,0,0,8849520,3837937,17886190,490990,5782990,201710.0
162,A13527203,17342550,26698140,0,0,0,72713520,3675600,133334770,-2478860,55884800,201710.0
163,A13585401,0,2163000,0,0,0,3594800,1940760,4520210,0,1245640,201710.0
164,A13586102,1039910,3205460,0,0,0,2546100,656880,7585880,349590,3260590,201710.0
165,A13585804,5764840,8756160,0,0,0,28980000,16921460,35755500,52560,0,201710.0
166,A13527007,2111410,1969000,0,0,0,6930000,6552042,16660530,170570,5142620,201710.0
167,A13527016,4709520,5685870,0,0,0,6937000,6003087,12594660,1610000,7716170,201710.0
168,A13550403,2135990,8545600,0,0,0,6160000,3327589,11828380,0,6315250,201710.0
169,A13586101,0,0,0,0,0,0,508380,0,0,0,201710.0
170,A13527010,-128120,11154000,0,0,0,7016000,2395278,10699390,100,6626630,201710.0
171,A13527019,2844350,3495000,0,0,0,6345500,5615580,20293560,509150,6187660,201710.0
172,A13527006,13778170,0,0,0,1844500,0,10552160,0,4686050,0,201710.0
173,A10027319,,,,,,,,,,,201710.0
174,A13550404,,,,,,,,,,,201710.0
175,A10024793,,,,,,,,,,,201710.0
