,kaptCode,heatC,heatP,gasC,gasP,waterHotC,waterHotP,electC,electP,waterCoolC,waterCoolP,Date
0,A13508012,2154950,13862810,0,0,0,10166240,5190210,16921920,71560,6474900,201711.0
1,A13579501,2646770,20213600,0,0,0,9792900,5340020,18015600,-182790,6219650,201711.0
2,A13592604,3946700,33586270,0,3165440,0,15915000,8324496,23135400,0,12378020,201711.0
3,A13508009,3259020,29469640,0,0,0,13063500,8900956,19459660,487680,8356900,201711.0
4,A13508004,5477080,8686590,0,0,0,3887250,2496731,6912620,0,3776560,201711.0
5,A13508003,0,0,0,0,0,0,2554993,0,0,0,201711.0
6,A13579506,1886840,14452500,0,0,0,2429720,4733862,15447040,0,4899500,201711.0
7,A13508006,5450410,19447150,0,0,0,9094400,5176402,21425480,141480,5471640,201711.0
8,A13508011,2697760,28983230,0,0,-730,6395250,8705017,29434413,509510,7258410,201711.0
9,A13592601,4942820,22028540,0,0,0,12475800,1245785,21768890,0,7915290,201711.0
10,A13592706,3662700,43987380,0,3910710,0,26039040,11354440,31138090,-50020,17119380,201711.0
11,A13579505,34515250,0,0,0,0,0,34794371,0,8750610,0,201711.0
12,A13508005,0,0,0,0,0,0,344760,3379710,90340,1855290,201711.0
13,A13579503,0,0,0,0,0,0,2316300,7661880,0,0,201711.0
14,A13592605,3431540,33879230,0,3087240,0,20861940,9453660,30836530,0,12957370,201711.0
15,A13591402,0,0,0,0,0,0,2271346,9405350,0,3669930,201711.0
16,A10027474,2464160,14953950,0,0,1251440,8972600,7688430,18223340,432340,6470100,201711.0
17,A10023825,,,,,,,,,,,201711.0
18,A10024820,,,,,,,,,,,201711.0
19,A10024813,,,,,,,,,,,201711.0
20,A13599303,-150,88973100,0,0,0,15315000,10890648,26023320,3400,0,201711.0
21,A13594007,264350,27058490,0,2672680,0,15920500,4224900,0,531190,4485510,201711.0
22,A13580602,5377580,62433670,0,0,0,14873100,8573120,27026660,-1238,14368728,201711.0
23,A13524004,-1210,44039100,0,0,0,10190700,5041100,14456840,0,5970060,201711.0
24,A13599402,0,31027300,0,4456350,0,10425000,6169880,27582770,0,12399890,201711.0
25,A13524005,3039360,42676810,0,0,0,7798400,6696990,21425080,2000960,0,201711.0
26,A13593908,1639297,32198120,0,0,0,16031600,0,0,0,0,201711.0
27,A13580001,1417250,19885290,0,0,0,5320400,3075477,8009020,-840,3948060,201711.0
28,A13524006,0,78289300,0,0,0,7106310,7171530,26285800,3194410,7937840,201711.0
29,A13593901,2291920,16895850,0,0,0,3739500,5296660,14431720,0,2592960,201711.0
30,A13524009,53180760,0,0,0,28723150,0,36556720,0,15909710,0,201711.0
31,A13580002,-2136,16646580,0,0,0,6783340,2241094,8318970,34790,3187180,201711.0
32,A13599301,71419220,0,0,0,0,8774000,8070420,22978240,27620,0,201711.0
33,A10025203,,,,,,,,,,,201711.0
34,A10025675,,,,,,,,,,,201711.0
35,A10023565,,,,,,,,,,,201711.0
36,A10024564,,,,,,,,,,,201711.0
37,A10023996,,,,,,,,,,,201711.0
38,A13510003,1411930,18294910,0,0,0,3747500,3754190,11590030,97510,3582490,201711.0
39,A13510001,0,0,0,0,0,0,907160,5678150,0,2526880,201711.0
40,A13510201,867390,10806550,0,0,0,3128400,724537,6450620,0,3279420,201711.0
41,A13510203,0,0,0,0,0,0,1131270,8618570,0,3559780,201711.0
42,A13510102,1617790,18178890,0,0,0,5718000,3903700,11889340,-1220,4763930,201711.0
43,A13510006,0,0,0,0,0,0,3061779,14052990,-25600,9599320,201711.0
44,A13510103,3327080,28702300,0,0,0,7137000,2380520,16206200,415670,5833840,201711.0
45,A13510202,21981020,0,3090,0,0,3483000,2173500,7650290,196260,2569160,201711.0
46,A13576201,0,0,0,0,0,0,1008770,9308000,0,0,201711.0
47,A13510005,4863600,50004620,0,0,0,17674020,13007070,32483020,838320,8660770,201711.0
48,A13510009,0,0,0,0,0,0,3525460,10777000,1550,2920960,201711.0
49,A13510007,22053410,29446980,0,0,-10472000,9039250,12911520,21686330,1167150,7627260,201711.0
50,A10025280,,,,,,,,,,,201711.0
51,A10025755,,,,,,,,,,,201711.0
52,A10024640,,,,,,,,,,,201711.0
53,A13509001,0,0,69650,0,0,0,1876560,5945330,0,2909610,201711.0
54,A13570501,11032140,48250800,0,0,170000,7578000,18409817,35867080,238180,11501410,201711.0
55,A13550701,16035178,1479946,0,0,3598500,8034000,6075698,18495250,384320,5643750,201711.0
56,A13509005,50160,16138740,0,0,5115180,5115180,5063167,15509360,91800,4642740,201711.0
57,A13509004,0,0,0,0,0,0,1376760,9160330,141820,3753920,201711.0
58,A13509010,5111940,43278180,0,0,0,18417000,15600940,41328110,60470,13211650,201711.0
59,A13509006,38860,0,0,0,0,0,2699803,8766330,0,5202650,201711.0
60,A13509003,0,0,0,0,0,0,1300290,8048240,0,0,201711.0
61,A13509012,52927640,0,0,0,29386500,0,58508060,0,18766620,0,201711.0
62,A13509007,3829900,20706640,0,0,0,3720200,4177780,11829340,239490,5521390,201711.0
63,A13570502,,,,,,,,,,,201711.0
64,A13509013,,,,,,,,,,,201711.0
65,A13509101,0,0,0,0,0,0,2116170,6974270,233590,2839120,201711.0
66,A13509009,20446930,42080000,0,0,-16101400,16101400,20931220,49561120,557940,9831710,201711.0
67,A13509014,,,,,,,,,,,201711.0
68,A10026350,,,,,,,,,,,201711.0
69,A10026934,,,,,,,,,,,201711.0
70,A10024131,,,,,,,,,,,201711.0
71,A10023939,,,,,,,,,,,201711.0
72,A10024819,,,,,,,,,,,201711.0
73,A13528102,5403350,57504800,0,0,0,16527850,15584010,42905230,1040440,14753020,201711.0
74,A13528103,6724340,69432390,0,0,0,18277820,23818253,63782039,0,17641800,201711.0
75,A13528004,29371550,187077810,0,9477000,0,50236200,21601060,126619330,0,52271300,201711.0
76,A13583604,111860740,0,0,0,0,17387500,14419093,40484670,1029220,14909110,201711.0
77,A13583701,2887240,35596850,0,2330300,2439500,19516000,5550352,22638320,0,9524700,201711.0
78,A13528003,4863144,51715130,0,3617000,0,32361800,15069560,37777480,5404510,12082100,201711.0
79,A13528007,4146980,15566750,0,0,0,7159900,7410910,23168210,284880,6998950,201711.0
80,A13528105,1510,103082100,0,0,0,30752400,4787250,61581720,0,16146450,201711.0
81,A13584101,2424330,21438320,0,0,0,8919300,6349569,19401870,0,5771830,201711.0
82,A13583507,-830,508912460,0,0,0,87701530,44752484,144645880,6223560,49073780,201711.0
83,A13583403,57732280,0,0,0,10233090,0,5068920,0,497680,0,201711.0
84,A13583404,70581350,0,0,0,-8163000,8163000,11748820,27018370,284120,7798490,201711.0
85,A13583402,3696660,36028720,0,0,-5358000,5358000,5382120,13478900,1612340,4945010,201711.0
86,A10027800,8896822,62623120,0,114600,0,46940270,40659509,91387050,89640,29542670,201711.0
87,A10025646,,,,,,,,,,,201711.0
88,A10026526,,,,,,,,,,,201711.0
89,A10024102,,,,,,,,,,,201711.0
90,A10024815,,,,,,,,,,,201711.0
91,A10026924,1466790,12470630,0,0,50,4105210,4966230,9097270,195000,2557600,201711.0
92,A10024799,,,,,,,,,,,201711.0
93,A10028094,,,,,,,,,,,201711.0
94,A10024029,,,,,,,,,,,201711.0
95,A10024814,,,,,,,,,,,201711.0
96,A10024805,,,,,,,,,,,201711.0
97,A13501004,0,0,0,0,0,0,8555540,14933370,1026390,7992670,201711.0
98,A13501001,2581000,0,0,0,0,0,9530201,27507190,1141660,3967600,201711.0
99,A13582002,0,62782400,0,0,0,11811600,7008530,19583920,0,0,201711.0
100,A13501007,,,,,,,,,,,201711.0
101,A13501008,,,,,,,,,,,201711.0
102,A13583301,0,0,0,0,0,0,2322693,7276200,0,2410470,201711.0
103,A13501006,11167968,13102182,0,0,-9020568,8966278,7860170,19323730,0,5703260,201711.0
104,A13501005,,,,,,,,,,,201711.0
105,A10024501,,,,,,,,,,,201711.0
106,A13590204,125645445,0,0,0,0,14535000,6027997,40536380,-287175,0,201711.0
107,A13589802,16892852,519232018,0,0,-36558000,36558000,1988289,179582810,20038750,38132430,201711.0
108,A13511201,63109760,0,0,0,0,0,24713768,0,3000000,0,201711.0
109,A13551103,-11181752,166473432,0,0,0,10756000,5231121,38893160,8930960,0,201711.0
110,A13590602,74933690,0,0,0,0,9011200,5808900,19879480,2394450,0,201711.0
111,A13511001,0,36035608,0,0,0,9663840,2096360,17220490,1167360,0,201711.0
112,A13511004,-1820,298654910,0,0,0,36290880,23990675,89652090,2011130,0,201711.0
113,A13511101,0,77744620,0,0,0,11091000,0,33408040,0,13358690,201711.0
114,A13511003,0,81800645,0,0,0,26568300,11433836,32153420,2230130,0,201711.0
115,A13519002,0,0,91370,0,0,0,2028140,11850460,204000,6019740,201711.0
116,A13519006,9154680,27527950,0,0,850,16144420,10428530,26742400,0,15911760,201711.0
117,A13519007,23708730,23740370,0,0,-16481460,16416250,3708280,28358100,364350,12697860,201711.0
118,A13519004,0,0,0,0,0,0,15952730,0,4864870,0,201711.0
119,A13519005,0,0,0,0,0,0,5486775,20777440,523900,8825530,201711.0
120,A13519003,0,0,105980,0,0,0,4428030,9935520,139820,5676460,201711.0
121,A13519001,0,0,138580,0,0,0,3495640,9778040,0,5814020,201711.0
122,A10028172,19456630,17290000,0,0,-14039340,13964840,10168321,21727700,299590,11643230,201711.0
123,A13519008,1499310,16774040,0,0,0,14300800,3007360,18599040,-1004560,9560870,201711.0
124,A13520003,8891610,30838900,0,0,0,29203510,14447739,49481040,0,15488000,201711.0
125,A13520004,2396500,15823350,0,0,0,9053570,6208432,11711600,74720,6629650,201711.0
126,A10027985,67479500,0,0,0,0,0,50350820,0,18196840,0,201711.0
127,A13520002,0,0,0,0,0,0,15190357,51456470,3633210,16936450,201711.0
128,A10023314,,,,,,,,,,,201711.0
129,A13520001,0,0,2850,0,0,0,11450815,32053911,210020,15273350,201711.0
130,A10027909,0,0,3860,0,0,0,2261270,6522530,0,2473390,201711.0
131,A10027912,0,0,141320,0,0,0,1131700,10858110,319970,4886520,201711.0
132,A13594702,3355970,40101130,0,0,0,14607340,5429040,381650,0,0,201711.0
133,A13523005,4363980,42317196,0,0,0,18822510,9202256,24575377,0,11528922,201711.0
134,A13523004,10451490,53285410,0,0,0,5142500,671460,28674190,649680,7353060,201711.0
135,A13594701,6601170,35629710,0,0,0,12967500,6852916,17523800,685370,6853730,201711.0
136,A13593802,9299250,26268530,0,0,0,10820040,5953790,0,763190,0,201711.0
137,A13523003,6378610,26137350,0,0,0,10425480,640490,17980920,-380,9260230,201711.0
138,A13594402,31835420,0,4750,0,0,3446000,4459670,10786890,25350,0,201711.0
139,A13593801,8951426,8723784,0,2449920,-7449000,10080980,5047850,20878240,2705030,8786880,201711.0
140,A13594203,24078777,40453463,0,0,0,19815200,2989460,30614060,5598600,11148020,201711.0
141,A13594403,73620360,0,0,0,0,17028000,7268330,25106010,0,0,201711.0
142,A10027571,,,,,,,,,,,201711.0
143,A10025823,,,,,,,,,,,201711.0
144,A10024216,,,,,,,,,,,201711.0
145,A13522003,3628490,23232560,0,0,0,11613000,3540820,0,131740,0,201711.0
146,A13522008,0,46754620,0,0,0,26313000,0,0,0,0,201711.0
147,A13522004,3207320,33535130,0,2502850,0,16656900,11338348,19114390,264660,11322460,201711.0
148,A13588402,12289050,31724040,0,0,-8841600,8732800,7197150,21752160,4176490,0,201711.0
149,A13522007,8654010,34709400,0,0,0,17225630,4651800,0,669890,0,201711.0
150,A13522006,8014860,28858460,0,0,0,17168000,3799348,21166600,0,0,201711.0
151,A13552001,4816760,7297680,0,0,0,15644000,0,572370,0,5000,201711.0
152,A13552002,0,0,0,0,0,0,3489648,32496100,93160,12027660,201711.0
153,A13588601,4556560,17669170,0,0,0,6945200,3830800,11004360,167520,4422770,201711.0
154,A10025204,,,,,,,,,,,201711.0
155,A10027446,2121680,22345510,0,0,-7978840,18609531,6879120,26355480,151360,7213100,201711.0
156,A13550502,4195270,50007460,0,0,0,22724120,12567070,32878680,0,14578420,201711.0
157,A13527004,1713010,12760550,0,0,0,3585000,925560,5996330,0,3107620,201711.0
158,A13585404,0,0,0,0,0,7114500,8379232,19830940,0,7481380,201711.0
159,A13527002,67352,7021600,0,0,0,3438000,2513319,6195160,0,3293020,201711.0
160,A13527008,0,0,6830,0,0,0,2288776,12284670,17390,5679500,201711.0
161,A13527013,3434020,40182690,0,0,0,11090800,8195114,17038710,875860,5604880,201711.0
162,A13527203,17343600,165391850,0,0,0,96863040,3761280,131396890,-2199950,55871730,201711.0
163,A13585401,0,9538500,0,0,0,4308600,2305040,5253660,0,1492980,201711.0
164,A13586102,1854340,11286780,0,0,0,3148200,1095600,7516320,284120,3269080,201711.0
165,A13585804,272590,56726470,0,0,5492250,32953500,21852100,34641110,986690,0,201711.0
166,A13527007,2111410,18134090,0,0,0,8291400,8785417,16899730,167790,5333240,201711.0
167,A13527016,4709070,28271150,0,0,0,9425500,8175723,12942260,461580,8223190,201711.0
168,A13550403,2136100,25725970,0,0,0,10435500,5179186,11919320,0,6214510,201711.0
169,A13586101,0,0,0,0,0,0,421890,0,0,0,201711.0
170,A13527010,-836600,39364200,0,0,0,7984000,4117185,10199600,140,6995390,201711.0
171,A13527019,3402340,22001680,0,0,0,8685600,7878871,20464510,448780,6279740,201711.0
172,A13527006,30761380,0,0,0,2422500,0,11986400,0,4825770,0,201711.0
173,A10027319,,,,,,,,,,,201711.0
174,A13550404,,,,,,,,,,,201711.0
175,A10024793,,,,,,,,,,,201711.0
