,kaptCode,heatC,heatP,gasC,gasP,waterHotC,waterHotP,electC,electP,waterCoolC,waterCoolP,Date
0,A13508012,2154950,26930,0,0,0,4600690,6453880,21022210,90880,6551200,201709.0
1,A13579501,2385600,0,0,0,0,3915280,4749573,21213300,-174960,6240350,201709.0
2,A13592604,2807120,66800,0,2954470,-830,9682190,7375503,27767990,0,12822840,201709.0
3,A13508009,3259020,707090,0,0,0,7036570,9797286,22290550,259980,8460990,201709.0
4,A13508004,0,0,0,0,0,2500040,2228690,8320070,0,3906910,201709.0
5,A13508003,0,0,0,0,0,0,1598508,0,0,0,201709.0
6,A13579506,1886840,0,0,0,0,2540450,4105762,20427570,0,4671080,201709.0
7,A13508006,2937700,23560,0,0,0,4704480,2994589,26707700,234940,4783500,201709.0
8,A13508011,2697760,220130,0,0,-120,6146950,10072980,32038530,192720,7312030,201709.0
9,A13592601,2595940,61560,0,0,0,5431230,2594124,25444280,58130,7893750,201709.0
10,A13592706,3665641,274890,0,3844240,0,11051600,11015640,32948200,0,17517520,201709.0
11,A13579505,8236400,0,0,0,-5707000,5682180,6737113,24333450,-579960,9109140,201709.0
12,A13508005,0,0,0,0,0,0,368210,3983780,51630,2013240,201709.0
13,A13579503,0,0,0,0,0,0,1673680,9800930,0,0,201709.0
14,A13592605,3431540,242590,0,2527280,0,7872360,6008780,30910970,0,12934860,201709.0
15,A13591402,0,0,0,0,0,0,2251662,10878940,0,3774470,201709.0
16,A10027474,2469620,0,0,0,0,4646400,7450170,24587070,515950,6428190,201709.0
17,A10023825,,,,,,,,,,,201709.0
18,A10024820,,,,,,,,,,,201709.0
19,A10024813,,,,,,,,,,,201709.0
20,A13599303,0,7120500,0,0,0,10597500,6342110,46502030,5110,0,201709.0
21,A13594007,17870,2344400,0,2300360,0,9027700,3163230,0,518880,5093950,201709.0
22,A13580602,5377580,0,0,0,0,10019160,3059130,28379490,0,13162343,201709.0
23,A13524004,180,3055950,0,0,0,7140900,3679260,14900670,0,7054190,201709.0
24,A13599402,0,8028600,0,3888130,0,8112500,4109090,47341350,0,14291380,201709.0
25,A13524005,3039360,0,0,0,0,7149660,2993630,22485390,1643200,0,201709.0
26,A13593908,563747,0,0,0,0,6693000,0,0,0,0,201709.0
27,A13580001,1422250,0,0,0,0,3087980,1408234,8050640,-970,4338490,201709.0
28,A13524006,0,3962300,0,0,0,9490320,3514860,26392950,1817530,8930930,201709.0
29,A13593901,1870950,12120,0,0,0,2999750,4326880,16030070,0,2659720,201709.0
30,A13524009,4391670,0,0,0,12923520,0,36781060,0,14887710,0,201709.0
31,A13580002,-320,1197990,0,0,0,4299740,1893339,7525710,83650,3468640,201709.0
32,A13599301,13865150,0,0,0,0,7770000,6693370,23563950,27620,0,201709.0
33,A10025203,,,,,,,,,,,201709.0
34,A10025675,,,,,,,,,,,201709.0
35,A10023565,,,,,,,,,,,201709.0
36,A10024564,,,,,,,,,,,201709.0
37,A10023996,,,,,,,,,,,201709.0
38,A13510003,1411870,38070,0,0,0,2258400,3625810,15268000,100670,4581860,201709.0
39,A13510001,0,0,0,0,0,0,736180,6815780,0,2515930,201709.0
40,A13510201,863640,0,0,0,0,2269200,507299,7921820,0,2752190,201709.0
41,A13510203,0,0,0,0,0,0,733890,10896000,0,3783300,201709.0
42,A13510102,1617620,356030,0,0,0,3296800,1664240,12685500,0,5419210,201709.0
43,A13510006,0,0,0,0,0,0,3567314,17270500,-25090,9800900,201709.0
44,A13510103,2116770,0,0,0,0,4886280,816160,15272000,263270,6064340,201709.0
45,A13510202,1271800,0,3090,0,0,2685000,1708130,7287110,82080,2851550,201709.0
46,A13576201,0,0,0,0,0,0,694750,11294310,0,0,201709.0
47,A13510005,4863600,0,0,0,0,10967140,6340500,30910030,658650,9764070,201709.0
48,A13510009,0,0,0,0,0,0,4198150,18467610,2580,2880460,201709.0
49,A13510007,9561270,0,0,0,-5903110,5761380,16457764,41968280,149130,7510540,201709.0
50,A10025280,,,,,,,,,,,201709.0
51,A10025755,,,,,,,,,,,201709.0
52,A10024640,,,,,,,,,,,201709.0
53,A13509001,0,0,45690,0,0,0,1579420,6641470,0,2982050,201709.0
54,A13570501,5788770,1152000,0,0,148050,8789000,13215287,38086540,283230,13130450,201709.0
55,A13550701,0,1479946,0,0,4375646,8034000,27669058,18495250,6591760,5643750,201709.0
56,A13509005,39050,65930,0,0,2683850,2863850,4492656,18514640,95310,4781090,201709.0
57,A13509004,0,0,0,0,0,0,873880,10004690,116760,4027630,201709.0
58,A13509010,5264980,0,0,0,12009750,0,54469060,0,14414640,0,201709.0
59,A13509006,7940,0,0,0,0,0,3297993,9702860,0,5150380,201709.0
60,A13509003,0,0,0,0,0,0,1203950,8681920,0,0,201709.0
61,A13509012,6036230,0,0,0,12939050,0,53364190,0,19061690,0,201709.0
62,A13509007,1996750,0,0,0,0,3362500,4168490,12999840,413340,5728520,201709.0
63,A13570502,,,,,,,,,,,201709.0
64,A13509013,,,,,,,,,,,201709.0
65,A13509101,0,0,0,0,0,0,1765060,6920410,24360,3073390,201709.0
66,A13509009,12895590,874880,0,0,-8529840,8529840,13141710,55480270,1196390,10235320,201709.0
67,A13509014,,,,,,,,,,,201709.0
68,A10026350,,,,,,,,,,,201709.0
69,A10026934,,,,,,,,,,,201709.0
70,A10024131,,,,,,,,,,,201709.0
71,A10023939,,,,,,,,,,,201709.0
72,A10024819,,,,,,,,,,,201709.0
73,A13528102,5403350,0,0,0,0,11653360,10225370,44888630,675940,14861630,201709.0
74,A13528103,6724340,0,0,0,0,10443860,15660228,64181980,0,19423200,201709.0
75,A13528004,17366990,0,0,8952140,0,36506700,16350710,135415850,0,52760650,201709.0
76,A13583604,1422190,0,0,0,0,11375000,7348120,43103900,948800,16526700,201709.0
77,A13583701,2887240,0,0,2131250,1619500,12956000,7627711,27361100,0,10607670,201709.0
78,A13528003,4863144,0,0,3410700,0,25187720,12565500,44699140,2799080,15508420,201709.0
79,A13528007,2851710,209820,0,0,0,4024200,8266880,28514350,363120,6677330,201709.0
80,A13528105,0,0,0,0,0,14532000,-7687550,60902220,0,21873240,201709.0
81,A13584101,2424330,1392530,0,0,0,4439780,5923470,22896260,0,5986150,201709.0
82,A13583507,12050,18555460,0,0,0,61723690,23394760,143759690,8219490,52225380,201709.0
83,A13583403,3070960,0,0,0,7565760,0,3531450,0,560130,0,201709.0
84,A13583404,9959250,0,0,0,-5227200,5227200,6444429,25029260,367720,10027790,201709.0
85,A13583402,2970430,3553480,0,0,-3578000,3578000,4392670,13154450,1583810,6306430,201709.0
86,A10027800,7387677,6340,0,0,0,22639110,29863306,94062800,2280810,30205560,201709.0
87,A10025646,,,,,,,,,,,201709.0
88,A10026526,,,,,,,,,,,201709.0
89,A10024102,,,,,,,,,,,201709.0
90,A10024815,,,,,,,,,,,201709.0
91,A10026924,1466850,333360,0,0,0,1873100,3291820,8314610,365460,1835390,201709.0
92,A10024799,,,,,,,,,,,201709.0
93,A10028094,,,,,,,,,,,201709.0
94,A10024029,,,,,,,,,,,201709.0
95,A10024814,,,,,,,,,,,201709.0
96,A10024805,,,,,,,,,,,201709.0
97,A13501004,0,0,0,0,0,0,8017730,18341570,259750,7992530,201709.0
98,A13501001,1700630,0,0,0,0,0,5909485,24046740,1301820,3847360,201709.0
99,A13582002,0,3814810,0,0,0,7826400,4974510,19973710,0,0,201709.0
100,A13501007,,,,,,,,,,,201709.0
101,A13501008,,,,,,,,,,,201709.0
102,A13583301,0,0,0,0,0,0,2424046,9904400,0,2506380,201709.0
103,A13501006,5981305,13195,0,0,-3833905,3815096,8210750,25366690,0,6369600,201709.0
104,A13501005,,,,,,,,,,,201709.0
105,A10024501,,,,,,,,,,,201709.0
106,A13590204,11840213,0,0,0,0,10164000,-2020635,48476070,79237,0,201709.0
107,A13589802,15895288,53130292,0,0,-28478000,28478000,1349277,183914100,13208240,45465180,201709.0
108,A13511201,10927400,0,0,0,0,0,23969890,0,3000000,0,201709.0
109,A13551103,-7508211,19893921,0,0,0,8928000,8734176,40924190,5548160,0,201709.0
110,A13590602,9468540,0,0,0,0,6085120,3978500,19894920,1718630,0,201709.0
111,A13511001,0,2513196,0,0,0,6415200,1492140,13931250,223580,0,201709.0
112,A13511004,-710,24276310,0,0,0,25021440,16784736,93551110,2863210,0,201709.0
113,A13511101,0,7191480,0,0,0,7086000,0,31875910,0,11123920,201709.0
114,A13511003,0,0,0,0,0,18272450,5230144,34886170,3149290,0,201709.0
115,A13519002,0,0,25510,0,0,0,1688710,14205930,156890,6389750,201709.0
116,A13519006,5427320,169190,0,0,1460,9568120,10044769,33415500,0,16196600,201709.0
117,A13519007,14662040,915360,0,0,-9336980,9305770,2874760,33619070,622860,12989910,201709.0
118,A13519004,0,0,0,0,0,0,13905560,0,4906050,0,201709.0
119,A13519005,0,0,0,0,0,0,2417480,18391440,726630,8951330,201709.0
120,A13519003,0,0,17370,0,0,0,4512870,12221590,84300,6125440,201709.0
121,A13519001,0,0,37110,0,0,0,3883410,11663190,0,5755290,201709.0
122,A10028172,12188340,185500,0,0,-8000000,7961600,9022942,20486470,2772120,10964380,201709.0
123,A13519008,-57130,483810,0,0,0,8838840,2841820,15528080,-1199810,9867770,201709.0
124,A13520003,6676290,904460,0,0,0,11455830,9555238,48020150,0,18036800,201709.0
125,A13520004,2396500,0,0,0,0,4966990,5431421,10832800,220930,6532610,201709.0
126,A10027985,22771740,0,0,0,0,0,59441840,0,18436780,0,201709.0
127,A13520002,0,0,0,0,0,0,18752230,57751200,1869580,17246910,201709.0
128,A10023314,,,,,,,,,,,201709.0
129,A13520001,0,0,3460,0,0,0,48530269,0,15664940,0,201709.0
130,A10027909,0,0,3860,0,0,0,2982970,7866320,119460,2443090,201709.0
131,A10027912,0,0,10830,0,0,0,8060090,9632130,1099610,4981670,201709.0
132,A13594702,3355970,0,0,0,0,11164510,2185670,502590,-30,0,201709.0
133,A13523005,4363980,889980,0,0,0,8175600,5489159,28102448,0,11711390,201709.0
134,A13523004,5495080,727280,0,0,0,9369000,759740,32470540,0,9181810,201709.0
135,A13594701,2814610,1552530,0,0,0,9207000,3530483,18691010,753910,7539110,201709.0
136,A13593802,3154610,0,0,0,0,0,5320740,0,743900,0,201709.0
137,A13523003,3017650,610090,0,0,0,5491800,329980,19534590,-970,9335280,201709.0
138,A13594402,3280300,0,0,0,0,2610000,2508680,10864690,53590,0,201709.0
139,A13593801,5341170,0,0,2339430,-4689837,6783867,3901800,27853360,2875320,9846720,201709.0
140,A13594203,13496030,0,0,0,0,12369620,1017340,30688220,4305900,12561040,201709.0
141,A13594403,3668180,0,0,0,0,11956000,4791210,24795000,693880,0,201709.0
142,A10027571,,,,,,,,,,,201709.0
143,A10025823,,,,,,,,,,,201709.0
144,A10024216,,,,,,,,,,,201709.0
145,A13522003,0,2113500,0,0,0,6654960,2872410,0,178800,0,201709.0
146,A13522008,0,1366490,0,0,0,16308000,0,0,0,0,201709.0
147,A13522004,3207320,628310,0,2380530,0,11887920,7696639,22008080,301940,11300540,201709.0
148,A13588402,9069850,0,0,0,-5622400,5571200,5163670,23053230,3154190,0,201709.0
149,A13522007,4386300,2006530,0,0,0,10543480,3117510,0,2084100,0,201709.0
150,A13522006,3874120,0,0,0,0,8673600,-481150,25043070,0,0,201709.0
151,A13552001,0,363150,0,0,0,7711200,0,606090,0,5000,201709.0
152,A13552002,0,0,0,0,0,0,4997575,37879940,333030,11447630,201709.0
153,A13588601,4209120,422000,0,0,0,2530000,2560490,11745980,251900,5207230,201709.0
154,A10025204,,,,,,,,,,,201709.0
155,A10027446,3739310,0,0,0,-14064240,20218759,11213076,33626750,0,6303570,201709.0
156,A13550502,4195270,529760,0,0,0,12244990,10407830,35826020,0,14363310,201709.0
157,A13527004,775140,0,0,0,0,2727000,394550,5538610,0,2849450,201709.0
158,A13585404,2269080,0,0,0,0,3938000,8063400,23666680,0,7507150,201709.0
159,A13527002,8572,334800,0,0,0,2082200,1366927,5916010,0,3321210,201709.0
160,A13527008,0,0,6960,0,0,0,1991223,12892320,13220,5743460,201709.0
161,A13527013,3434020,0,0,0,0,8559611,4601748,16304420,525000,6161440,201709.0
162,A13527203,17343350,867800,0,0,-7410,47003480,3749850,136156020,-1852260,55745050,201709.0
163,A13585401,0,0,0,0,0,3262500,1230339,4923340,0,1355750,201709.0
164,A13586102,1039820,0,0,0,2710,729280,476970,7225300,273280,3370700,201709.0
165,A13585804,5764840,0,0,0,0,15522320,13264640,34822670,1799310,0,201709.0
166,A13527007,2111410,0,0,0,0,3904610,7253786,19068990,237000,5099680,201709.0
167,A13527016,2786160,22400,0,0,0,6405000,2835694,13984780,49720,8367650,201709.0
168,A13550403,2136880,17090,0,0,0,5115060,2595841,11805960,0,6828940,201709.0
169,A13586101,0,0,0,0,0,0,642130,0,0,0,201709.0
170,A13527010,-113120,587700,0,0,0,5964000,3152353,8873960,-100,6291560,201709.0
171,A13527019,2828780,0,0,0,0,4524000,5237183,20042550,218830,6477980,201709.0
172,A13527006,2725410,0,0,0,1878500,0,11290110,0,5144390,0,201709.0
173,A10027319,,,,,,,,,,,201709.0
174,A13550404,,,,,,,,,,,201709.0
175,A10024793,,,,,,,,,,,201709.0
