,kaptCode,heatC,heatP,gasC,gasP,waterHotC,waterHotP,electC,electP,waterCoolC,waterCoolP,Date
0,A13508012,2154950,4270500,0,0,0,10799240,7442180,17301880,291740,6519500,201704.0
1,A13579501,2401730,5472200,0,0,0,9920740,5045770,17880750,-141980,6521830,201704.0
2,A13592604,5072710,13372860,0,3183030,0,13854000,7712358,23720860,0,13005870,201704.0
3,A13508009,3259020,12473240,0,0,0,11902300,6861040,19903610,611120,7867000,201704.0
4,A13508004,2803430,9753390,0,0,0,3423690,2543420,6219990,0,3202250,201704.0
5,A13508003,0,0,0,0,0,0,1740437,0,0,0,201704.0
6,A13579506,1886840,4425520,0,0,0,4666650,4177307,15513370,0,4850050,201704.0
7,A13508006,3442580,5985550,0,0,0,8536200,4769094,22515420,335120,5174100,201704.0
8,A13508011,2697760,7628610,0,0,-1940,12480220,8366130,27547900,244780,6964030,201704.0
9,A13592601,3173590,6592840,0,0,0,13156640,919909,21794350,327940,7469920,201704.0
10,A13592706,3665641,17190810,0,4088710,0,27609590,11869159,31015520,0,17550110,201704.0
11,A13579505,2529400,7476700,0,0,0,11487480,7261288,23260690,0,8648480,201704.0
12,A13508005,0,0,0,0,0,0,4041680,0,1762460,0,201704.0
13,A13579503,0,0,0,0,0,0,2356020,7481040,0,5234150,201704.0
14,A13592605,3431540,11815200,0,3131470,0,21029760,11481184,38869470,0,12877000,201704.0
15,A13591402,0,0,0,0,0,0,2564365,9894330,0,3858540,201704.0
16,A10027474,2464170,2709090,0,0,714990,10869100,7191110,18006950,287490,5870750,201704.0
17,A10023825,,,,,,,,,,,201704.0
18,A10024820,,,,,,,,,,,201704.0
19,A10024813,,,,,,,,,,,201704.0
20,A13599303,0,104416900,0,0,0,16465000,8406070,20158060,12431600,0,201704.0
21,A13594007,148630,12021370,0,2754740,0,17692350,3727560,0,1238880,4189650,201704.0
22,A13580602,3628410,23572630,0,0,0,13988700,6716380,25518020,-634340,13389240,201704.0
23,A13524004,-730,29737500,0,0,0,8457600,3813140,18322080,646570,6202990,201704.0
24,A13599402,0,73385900,0,4045140,0,21542500,4806580,24251430,0,10598490,201704.0
25,A13524005,3039360,15669870,0,0,0,8108800,4755120,22126320,2358720,0,201704.0
26,A13593908,3028066,12591660,0,0,0,21992000,0,0,0,0,201704.0
27,A13580001,1417270,6521350,0,0,0,6001900,1474924,9676870,-230,3780310,201704.0
28,A13524006,0,34885320,0,0,0,7338150,4731480,24532330,3575340,7723970,201704.0
29,A13593901,2062970,5682300,0,0,0,5604000,3910610,14892130,576880,2606890,201704.0
30,A13524009,24826910,0,0,0,25999080,0,36781730,0,13117140,0,201704.0
31,A13580002,-401,6728580,0,0,0,7388180,1950341,7621330,11860,3335330,201704.0
32,A13599301,54943330,0,0,0,0,14324000,4457850,23143080,27620,0,201704.0
33,A10025203,,,,,,,,,,,201704.0
34,A10025675,,,,,,,,,,,201704.0
35,A10023565,,,,,,,,,,,201704.0
36,A10024564,,,,,,,,,,,201704.0
37,A10023996,,,,,,,,,,,201704.0
38,A13510003,1411890,7929000,0,0,0,4258800,3578330,12311890,0,4013690,201704.0
39,A13510001,0,0,0,0,0,0,1005040,5893350,0,2329160,201704.0
40,A13510201,869130,4520570,0,0,0,3337200,1288502,6499840,0,3188850,201704.0
41,A13510203,0,0,0,0,0,0,1099170,9294440,0,3486810,201704.0
42,A13510102,1617700,8108860,0,0,0,5574000,3603700,10974580,0,4442450,201704.0
43,A13510006,0,0,0,0,0,0,3113194,14301580,0,0,201704.0
44,A13510103,2515800,10812000,0,0,0,8372100,1980590,14619200,0,6109850,201704.0
45,A13510202,10981780,0,74900,0,0,3498000,1680420,7021180,56830,2317650,201704.0
46,A13576201,0,0,0,0,0,0,481060,10033210,23440,0,201704.0
47,A13510005,4863600,20887500,0,0,0,18944350,5522456,29184800,1001800,7921010,201704.0
48,A13510009,0,0,0,0,0,0,2521950,11240630,2110,3144090,201704.0
49,A13510007,3969190,6855630,0,0,0,13632500,13657536,22603850,0,7987660,201704.0
50,A10025280,,,,,,,,,,,201704.0
51,A10025755,,,,,,,,,,,201704.0
52,A10024640,,,,,,,,,,,201704.0
53,A13509001,0,0,263670,0,0,0,1746990,6241740,0,2948960,201704.0
54,A13570501,7601610,19843000,0,0,191400,11917400,13338531,34431740,251000,14567650,201704.0
55,A13550701,6832445,875157,0,0,11742120,8268000,24765985,18584650,5663940,6233040,201704.0
56,A13509005,69880,6028890,0,0,6041760,6041760,4384444,15647120,76540,4303530,201704.0
57,A13509004,0,0,0,0,0,0,1408820,9080280,218930,4000800,201704.0
58,A13509010,17120150,1716030,0,0,4757200,17821650,8972640,43423470,-1286760,13815970,201704.0
59,A13509006,95640,0,0,0,0,0,2658960,9295430,0,5032710,201704.0
60,A13509003,0,0,0,0,0,0,2186130,7966050,7181760,0,201704.0
61,A13509012,33919300,0,0,0,33948000,0,59403690,0,16813370,0,201704.0
62,A13509007,4088450,7191120,0,0,0,4805000,4238830,11216510,84090,5566590,201704.0
63,A13570502,,,,,,,,,,,201704.0
64,A13509013,,,,,,,,,,,201704.0
65,A13509101,0,0,0,0,0,0,1683940,6791630,166650,2862480,201704.0
66,A13509009,18340370,16800930,0,0,-13845700,13845700,14268930,46877130,242030,10019170,201704.0
67,A13509014,,,,,,,,,,,201704.0
68,A10026350,,,,,,,,,,,201704.0
69,A10026934,,,,,,,,,,,201704.0
70,A10024131,,,,,,,,,,,201704.0
71,A10023939,,,,,,,,,,,201704.0
72,A10024819,,,,,,,,,,,201704.0
73,A13528102,5403350,21667730,0,0,0,18534900,11142500,42226190,288440,14393690,201704.0
74,A13528103,6724340,29497360,0,0,0,15500000,17040165,59789090,0,18697070,201704.0
75,A13528004,23293430,65377640,0,10207660,0,53411400,17334610,124234290,0,50836160,201704.0
76,A13583604,28119090,0,0,0,0,17387500,8371250,40878580,685740,13628090,201704.0
77,A13583701,2887240,12547880,0,2424070,2151000,21510000,5219090,23011650,0,8288120,201704.0
78,A13528003,4863144,19962220,0,3768800,0,33007500,13143880,37828960,820790,13807890,201704.0
79,A13528007,6796090,308790,0,0,2310700,6671700,8149710,20828930,703880,6978710,201704.0
80,A13528105,2650,28670850,0,0,-420000,24493000,3084290,54642220,2598460,14027660,201704.0
81,A13584101,2424330,6255180,0,0,0,9999900,4938363,19643990,0,5724540,201704.0
82,A13583507,6990,235604460,0,0,0,75364030,37246780,138525920,17117750,42717560,201704.0
83,A13583403,21238270,0,0,0,10457700,0,20186770,0,5832830,0,201704.0
84,A13583404,37697980,0,0,0,-7605000,7605000,7037251,25215070,338750,9324000,201704.0
85,A13583402,3231130,14876680,0,0,-5200000,5200000,5011920,12808970,2499120,4415030,201704.0
86,A10027800,26625834,0,0,0,43901380,0,116250112,0,29650970,0,201704.0
87,A10025646,,,,,,,,,,,201704.0
88,A10026526,,,,,,,,,,,201704.0
89,A10024102,,,,,,,,,,,201704.0
90,A10024815,,,,,,,,,,,201704.0
91,A10026924,,,,,,,,,,,201704.0
92,A10024799,,,,,,,,,,,201704.0
93,A10028094,,,,,,,,,,,201704.0
94,A10024029,,,,,,,,,,,201704.0
95,A10024814,,,,,,,,,,,201704.0
96,A10024805,,,,,,,,,,,201704.0
97,A13501004,0,0,0,0,0,0,8135250,15951260,806400,8055120,201704.0
98,A13501001,6864090,0,0,0,0,0,6496691,23176690,1227980,2412500,201704.0
99,A13582002,0,34619670,0,0,0,10908000,5284620,18501310,0,0,201704.0
100,A13501007,,,,,,,,,,,201704.0
101,A13501008,,,,,,,,,,,201704.0
102,A13583301,0,0,0,0,0,0,2284274,8199510,0,2477250,201704.0
103,A13501006,11444410,3953580,0,0,-9296280,9237190,6335560,19220870,0,5381845,201704.0
104,A13501005,,,,,,,,,,,201704.0
105,A10024501,,,,,,,,,,,201704.0
106,A13590204,50170345,0,0,0,0,15219000,25563,39865980,1355020,0,201704.0
107,A13589802,22112758,251279442,0,0,-44094000,44094000,24935722,164624220,18305080,38873330,201704.0
108,A13511201,28424270,0,0,0,0,0,22461766,0,2700000,0,201704.0
109,A13551103,-10664513,75904703,0,0,0,12542000,12756166,36944130,6000000,0,201704.0
110,A13590602,33910550,0,0,0,0,8302080,6007056,18487930,892500,0,201704.0
111,A13511001,0,14831516,0,0,0,9668160,1331580,15635420,0,0,201704.0
112,A13511004,-1770,124363370,0,0,0,33871020,15671416,86405580,599808,0,201704.0
113,A13511101,0,42952950,0,0,0,11028000,0,27572830,0,11464950,201704.0
114,A13511003,0,32296379,0,0,0,21892500,6614007,31695260,0,0,201704.0
115,A13519002,0,0,0,0,0,0,16573730,0,6790300,0,201704.0
116,A13519006,7402000,9412730,0,0,700,18391080,12019101,27109800,0,15881270,201704.0
117,A13519007,25402490,6681280,0,0,-20296880,20220560,6784960,29331660,917520,12401030,201704.0
118,A13519004,0,0,0,0,0,0,14393810,0,4949940,0,201704.0
119,A13519005,0,0,0,0,0,0,6547480,18418830,0,8814490,201704.0
120,A13519003,0,0,165710,0,0,0,5902390,11262800,241390,5917360,201704.0
121,A13519001,0,0,311280,0,0,0,4423140,10438160,0,5663580,201704.0
122,A10028172,4837410,5217750,0,0,0,15432860,7918609,20611830,0,11045400,201704.0
123,A13519008,178250,5836680,0,0,0,17237760,2727810,15804880,-1443400,9834920,201704.0
124,A13520003,7602480,8316990,0,0,0,23542730,8732495,46104390,0,15287500,201704.0
125,A13520004,2396500,4604660,0,0,0,9842850,5467434,11192800,375780,6549250,201704.0
126,A10027985,47035350,0,0,0,0,0,52655880,0,18932250,0,201704.0
127,A13520002,0,0,0,0,0,0,13267318,51856972,864070,15147490,201704.0
128,A10023314,,,,,,,,,,,201704.0
129,A13520001,0,0,81640,0,0,0,11849953,32214940,297508,15314742,201704.0
130,A10027909,0,0,80960,0,0,0,2214930,6669690,113790,2485820,201704.0
131,A10027912,0,0,71660,0,0,0,14757040,0,5046680,0,201704.0
132,A13594702,3355970,19442790,0,0,0,16934240,4522265,328155,0,0,201704.0
133,A13523005,4363980,15248800,0,0,0,17761660,9754050,24118310,0,10508555,201704.0
134,A13523004,7784080,23675520,0,0,0,9862000,567000,29256980,0,8533540,201704.0
135,A13594701,4554580,17210980,0,0,0,13456200,5493655,18842670,654340,6543440,201704.0
136,A13593802,7179640,16264780,0,0,0,13996990,5673180,0,740807,0,201704.0
137,A13523003,4976060,12562240,0,0,0,11498880,1051800,17772560,-850,9119110,201704.0
138,A13594402,17959960,0,96930,0,3612000,0,14935700,0,289380,0,201704.0
139,A13593801,8077278,4627932,0,2757310,-6823500,9234470,4464250,21270710,0,0,201704.0
140,A13594203,20224503,19464067,0,0,0,18758100,2993230,30347620,5821800,10348350,201704.0
141,A13594403,26900910,0,0,0,0,17796000,5890530,23916780,1033730,0,201704.0
142,A10027571,,,,,,,,,,,201704.0
143,A10025823,,,,,,,,,,,201704.0
144,A10024216,,,,,,,,,,,201704.0
145,A13522003,2163680,12609990,0,4556500,0,8582500,2922070,0,2058370,0,201704.0
146,A13522008,0,23785500,0,0,0,25464000,0,0,0,0,201704.0
147,A13522004,3207320,14271090,0,2564020,0,16301600,11684572,19103980,225020,11150200,201704.0
148,A13588402,15712300,9571680,0,0,-10729600,10611200,5494320,23830060,3467780,0,201704.0
149,A13522007,6718530,11440200,0,0,0,23961260,4092960,0,534080,0,201704.0
150,A13522006,5869510,9633430,0,0,0,17604000,2898520,22926160,2523760,0,201704.0
151,A13552001,1317774,4422846,1530,0,0,19041600,0,487930,0,5000,201704.0
152,A13552002,0,0,0,0,0,0,6672041,33812840,1415600,11600000,201704.0
153,A13588601,4158240,5475810,0,0,0,5652500,3454130,11036250,1640100,4402690,201704.0
154,A10025204,,,,,,,,,,,201704.0
155,A10027446,3738870,6590720,0,0,-9521130,20209370,7036520,25163610,-23350,7714680,201704.0
156,A13550502,4195270,16708810,0,0,0,20607070,9504830,32524840,0,12859020,201704.0
157,A13527004,1299020,4645790,0,0,0,3885000,1485030,5481690,0,2850310,201704.0
158,A13585404,373870,16999450,0,2874880,0,13236000,5738490,19606720,0,6604400,201704.0
159,A13527002,18842,3058200,0,0,0,3720000,1996149,5985150,0,3256190,201704.0
160,A13527008,0,0,50520,0,0,0,2499661,11733810,17370,5532370,201704.0
161,A13527013,3434004,15465270,0,0,0,12201600,4884258,16561380,964870,5285630,201704.0
162,A13527203,17343040,49093930,0,0,0,93439000,46092680,157806560,-4453270,54874070,201704.0
163,A13585401,0,3466300,0,0,0,4333400,2041941,4886790,0,2185140,201704.0
164,A13586102,1039810,4084360,0,0,0,3824800,604063,7444120,373050,3547800,201704.0
165,A13585804,5764840,28689710,0,0,0,24624000,17006830,34314660,4703755,0,201704.0
166,A13527007,2110660,5509390,0,0,0,8962600,7233623,18084440,193830,4508930,201704.0
167,A13527016,4709290,10540960,0,0,0,9677500,6278790,13148950,546970,7709050,201704.0
168,A13550403,2136880,11579210,0,0,0,10179000,4242360,11688520,1976150,6105490,201704.0
169,A13586101,0,0,0,0,0,0,664860,0,0,0,201704.0
170,A13527010,-96690,16553700,0,0,0,8048000,2489526,10201890,10,5956180,201704.0
171,A13527019,2884370,11971260,0,0,0,4540200,5747681,20075840,603980,6391240,201704.0
172,A13527006,20721380,0,0,0,2410600,0,11560650,0,5082490,0,201704.0
173,A10027319,,,,,,,,,,,201704.0
174,A13550404,,,,,,,,,,,201704.0
175,A10024793,,,,,,,,,,,201704.0
