,kaptCode,heatC,heatP,gasC,gasP,waterHotC,waterHotP,electC,electP,waterCoolC,waterCoolP,Date
0,A13508012,2154950,0,0,0,0,3774940,4867370,37939610,161190,6667200,201708.0
1,A13579501,2385600,0,0,0,0,2778900,5543908,38240860,-286010,6322870,201708.0
2,A13592604,2807120,11800,0,2848720,-480,7969300,12557226,46663010,0,12825630,201708.0
3,A13508009,3259020,0,0,0,0,5028650,9327084,39860140,522680,8502840,201708.0
4,A13508004,0,0,0,0,-46200,1869360,-470000,13112910,0,3791330,201708.0
5,A13508003,0,0,0,0,0,0,2757225,0,0,0,201708.0
6,A13579506,1886840,0,9500,0,0,2099570,5181620,36720890,0,4753640,201708.0
7,A13508006,2854620,0,0,0,0,3311570,2453410,40200800,170940,5475300,201708.0
8,A13508011,2697760,14040,0,0,-640,4545540,12040140,52907420,498650,7642640,201708.0
9,A13592601,2608730,7040,0,0,0,4408950,-234640,43242850,0,7800000,201708.0
10,A13592706,3665641,99710,0,3992810,0,8931890,17186957,56065830,0,17909430,201708.0
11,A13579505,7150860,0,0,0,-4621460,4596840,9543917,37713870,-687030,9955640,201708.0
12,A13508005,0,0,0,0,0,0,150220,7252640,34360,1959180,201708.0
13,A13579503,0,0,0,0,0,0,986790,15762640,0,5496570,201708.0
14,A13592605,3431540,0,0,3074300,0,5341990,11408440,51986540,0,13369990,201708.0
15,A13591402,0,0,0,0,0,0,2544943,19357120,0,4045110,201708.0
16,A10027474,2465150,0,0,0,0,3926730,9442060,43138490,1082110,6556300,201708.0
17,A10023825,,,,,,,,,,,201708.0
18,A10024820,,,,,,,,,,,201708.0
19,A10024813,,,,,,,,,,,201708.0
20,A13599303,0,8524800,0,0,0,8785000,5620740,41248690,8500,0,201708.0
21,A13594007,39150,2344400,0,2761310,0,6132900,3663190,0,407090,5697860,201708.0
22,A13580602,5377580,0,0,0,0,7880060,8400630,48585890,-1636,14893606,201708.0
23,A13524004,-220,2532300,0,0,-375010,5705700,6809640,25218250,0,7364480,201708.0
24,A13599402,0,7570500,0,3979840,0,8787500,767660,46902520,0,13812690,201708.0
25,A13524005,3039360,0,0,0,0,5448230,6002770,36633390,1356160,0,201708.0
26,A13593908,567580,0,0,0,0,4972800,0,0,0,0,201708.0
27,A13580001,1417210,17290,0,0,0,2475830,3320201,12948460,-1010,4091770,201708.0
28,A13524006,0,6560520,0,0,0,4431870,3483610,50369260,1538510,10093760,201708.0
29,A13593901,1870966,29650,0,0,0,2337000,5572830,26601170,0,2737400,201708.0
30,A13524009,4225040,0,0,0,10011480,0,57703100,0,16090230,0,201708.0
31,A13580002,-120,1197990,0,0,0,3325000,1275447,12452120,13210,3886250,201708.0
32,A13599301,13418540,0,0,0,0,4692000,5906570,38403410,27620,0,201708.0
33,A10025203,,,,,,,,,,,201708.0
34,A10025675,,,,,,,,,,,201708.0
35,A10023565,,,,,,,,,,,201708.0
36,A10024564,,,,,,,,,,,201708.0
37,A10023996,,,,,,,,,,,201708.0
38,A13510003,1411900,1890,0,0,0,1928550,3972170,27070280,100800,4582300,201708.0
39,A13510001,0,0,0,0,0,0,40630,11450100,0,2672090,201708.0
40,A13510201,867480,0,0,0,0,1995120,444643,13312360,0,2910530,201708.0
41,A13510203,0,0,0,0,0,0,761810,18678300,0,3485010,201708.0
42,A13510102,1616920,0,0,0,0,2792360,2240800,20947830,0,4990800,201708.0
43,A13510006,0,0,0,0,0,0,3995619,29928450,0,0,201708.0
44,A13510103,2116770,0,0,0,0,4094370,855420,18987700,0,6485110,201708.0
45,A13510202,1496020,0,5400,0,0,2085000,2332750,13166500,208300,3254800,201708.0
46,A13576201,0,0,0,0,0,0,346030,19968770,13340,0,201708.0
47,A13510005,4863600,0,0,0,0,8598520,6757720,51842050,1422260,10622040,201708.0
48,A13510009,0,0,0,0,0,0,4806140,29680780,2650,3314600,201708.0
49,A13510007,8616350,0,0,0,-4958520,4852670,15769620,78639530,-356830,7844900,201708.0
50,A10025280,,,,,,,,,,,201708.0
51,A10025755,,,,,,,,,,,201708.0
52,A10024640,,,,,,,,,,,201708.0
53,A13509001,0,0,20710,0,0,0,2692040,10959340,0,3210830,201708.0
54,A13570501,5441360,0,0,0,78200,7337000,19047679,68884290,182840,14345450,201708.0
55,A13550701,7850,0,0,0,991674,4375646,23666899,22844140,-230610,6591760,201708.0
56,A13509005,89650,89650,0,0,2456320,2456320,5906619,30049620,81900,4865420,201708.0
57,A13509004,0,0,0,0,0,0,809290,17179310,105580,3771620,201708.0
58,A13509010,5109440,0,0,0,10030300,0,88413300,0,13740430,0,201708.0
59,A13509006,7170,0,0,0,0,0,3439542,18195970,0,5594810,201708.0
60,A13509003,0,0,0,0,0,0,1145913,14255527,-230,7343260,201708.0
61,A13509012,6036230,0,0,0,9631620,0,108645810,0,18569940,0,201708.0
62,A13509007,1845880,0,0,0,0,2660000,5022280,22503530,444050,5608770,201708.0
63,A13570502,,,,,,,,,,,201708.0
64,A13509013,,,,,,,,,,,201708.0
65,A13509101,0,0,0,0,0,0,1793830,12887040,320650,3489230,201708.0
66,A13509009,11210710,930720,0,0,-6868800,6868800,25078420,108584220,679190,10823900,201708.0
67,A13509014,,,,,,,,,,,201708.0
68,A10026350,,,,,,,,,,,201708.0
69,A10026934,,,,,,,,,,,201708.0
70,A10024131,,,,,,,,,,,201708.0
71,A10023939,,,,,,,,,,,201708.0
72,A10024819,,,,,,,,,,,201708.0
73,A13528102,5403350,0,0,0,0,9803460,15198080,73879960,778080,15551830,201708.0
74,A13528103,6724340,0,0,0,0,8360600,19855275,131102610,0,19270930,201708.0
75,A13528004,17366990,0,0,9809420,0,31525200,20084300,247681400,0,53321410,201708.0
76,A13583604,-6478670,0,0,0,0,9370000,11402070,75945120,237840,19931630,201708.0
77,A13583701,2887240,0,0,2426280,1253500,10028000,8651405,49546090,0,10461730,201708.0
78,A13528003,4863144,0,3729200,0,0,0,95792400,0,331170,0,201708.0
79,A13528007,2855950,0,0,0,0,3189200,11008920,53074840,997870,7442080,201708.0
80,A13528105,0,0,0,0,0,12201000,-18213910,111240230,794920,19318010,201708.0
81,A13584101,2424330,0,0,0,0,3284180,6446625,40573720,0,6459090,201708.0
82,A13583507,12120,13186880,0,0,0,57946770,31356830,260116310,5762720,62990940,201708.0
83,A13583403,3034180,0,0,0,6530130,0,5805130,0,420260,0,201708.0
84,A13583404,8882790,0,0,0,-4903200,4903200,8093980,45953300,473740,8945980,201708.0
85,A13583402,2471120,3320800,0,0,-3116000,3116000,7083550,23907120,1543190,5856790,201708.0
86,A10027800,7914907,3640,0,0,0,19563390,48444916,157422470,220600,31253620,201708.0
87,A10025646,,,,,,,,,,,201708.0
88,A10026526,,,,,,,,,,,201708.0
89,A10024102,,,,,,,,,,,201708.0
90,A10024815,,,,,,,,,,,201708.0
91,A10026924,0,0,0,0,-30,1422320,0,11765940,0,860860,201708.0
92,A10024799,,,,,,,,,,,201708.0
93,A10028094,,,,,,,,,,,201708.0
94,A10024029,,,,,,,,,,,201708.0
95,A10024814,,,,,,,,,,,201708.0
96,A10024805,,,,,,,,,,,201708.0
97,A13501004,0,0,0,0,0,0,10164110,30485130,162720,9584930,201708.0
98,A13501001,2142930,0,0,0,0,0,8228746,32459950,1436490,3747620,201708.0
99,A13582002,0,3372650,0,0,0,7243200,7069170,37217090,58160,0,201708.0
100,A13501007,,,,,,,,,,,201708.0
101,A13501008,,,,,,,,,,,201708.0
102,A13583301,0,0,0,0,0,0,2638738,18809820,0,2663040,201708.0
103,A13501006,5212270,0,0,0,-3064315,3055855,10233246,41025070,0,5425180,201708.0
104,A13501005,,,,,,,,,,,201708.0
105,A10024501,,,,,,,,,,,201708.0
106,A13590204,12157439,0,0,0,0,8691000,-9665434,87624990,1644821,0,201708.0
107,A13589802,19529760,40934380,0,0,-26586000,26586000,1871284,356456560,7439620,49912370,201708.0
108,A13511201,10066230,0,0,0,0,0,42023114,0,3500000,0,201708.0
109,A13551103,-8464788,19294408,0,0,0,8080000,12815747,74927460,6000000,0,201708.0
110,A13590602,8251790,0,0,0,0,5724160,7080060,35131810,850000,0,201708.0
111,A13511001,0,2023658,0,0,0,6298560,1240950,37352950,0,0,201708.0
112,A13511004,1410,20076970,0,0,0,22763520,21142401,173017990,5530480,0,201708.0
113,A13511101,0,6098370,0,0,0,6717000,0,50628740,0,13228930,201708.0
114,A13511003,0,0,0,0,0,18592000,9536801,62613920,0,0,201708.0
115,A13519002,0,0,21650,0,0,0,3722210,23165260,296700,6491590,201708.0
116,A13519006,5199682,0,0,0,1048,8049440,21623392,51312000,0,16900100,201708.0
117,A13519007,10461940,0,0,0,-6122540,6111840,23774370,32281680,-68850,14237720,201708.0
118,A13519004,0,0,0,0,0,0,15828760,0,5216110,0,201708.0
119,A13519005,0,0,0,0,0,0,3344145,22639030,109060,9563370,201708.0
120,A13519003,0,0,18920,0,0,0,5889650,20039620,159330,6242230,201708.0
121,A13519001,0,0,23180,0,0,0,4718800,19269340,0,5961270,201708.0
122,A10028172,4089140,70700,0,0,0,6427750,14074063,31046130,0,11751580,201708.0
123,A13519008,-29030,32700,0,0,-32870,6294960,3222520,22121990,-1699490,10729420,201708.0
124,A13520003,6647350,2390,0,0,0,7338900,14739020,69525120,0,16730700,201708.0
125,A13520004,2396500,0,0,0,0,3991860,7864426,18001100,105660,6988670,201708.0
126,A10027985,18939540,0,0,0,0,0,92913090,0,17981260,0,201708.0
127,A13520002,0,0,0,0,0,0,24067050,102500540,707620,18736180,201708.0
128,A10023314,,,,,,,,,,,201708.0
129,A13520001,0,0,2840,0,0,0,80171907,0,17307620,0,201708.0
130,A10027909,0,0,6940,0,0,0,3690400,13393880,94970,2640090,201708.0
131,A10027912,0,0,7730,0,0,0,28000290,0,5336930,0,201708.0
132,A13594702,3355970,0,0,0,0,9901760,2218790,542250,850,0,201708.0
133,A13523005,4363980,0,0,0,0,5281500,10254455,46496931,0,12265800,201708.0
134,A13523004,5295450,0,0,0,0,6471500,850420,54390020,0,11860270,201708.0
135,A13594701,2687420,407080,0,0,0,7488000,137706,28956520,856980,8569830,201708.0
136,A13593802,1471100,1288080,0,0,0,7059560,6158870,0,742130,0,201708.0
137,A13523003,2775520,8630,0,0,0,3960000,322120,32116170,-1580,9531090,201708.0
138,A13594402,2616100,0,2620,0,0,2290000,1909660,17523810,58810,0,201708.0
139,A13593801,1925220,0,0,2648990,-1273965,3027735,4496730,45367440,0,0,201708.0
140,A13594203,10457300,0,0,0,0,9020220,1562230,51745970,3747900,14299090,201708.0
141,A13594403,3197780,0,0,0,0,10596000,6769060,42157530,1346040,0,201708.0
142,A10027571,,,,,,,,,,,201708.0
143,A10025823,,,,,,,,,,,201708.0
144,A10024216,,,,,,,,,,,201708.0
145,A13522003,0,2119950,0,4325450,0,5497470,3262160,0,398100,0,201708.0
146,A13522008,0,0,0,0,0,16497000,0,0,0,0,201708.0
147,A13522004,3207320,90920,0,2516780,0,9090000,12699233,37799540,282180,12150010,201708.0
148,A13588402,8596250,0,0,0,-5148800,5072000,4793680,44577430,2926370,0,201708.0
149,A13522007,3985430,0,0,0,0,8611310,3902060,0,840130,0,201708.0
150,A13522006,3714290,0,0,0,0,6851430,2431480,35378750,4198540,0,201708.0
151,A13552001,0,59420,0,0,0,4784600,0,1192120,0,5000,201708.0
152,A13552002,0,0,0,0,0,0,3652773,58268200,521900,12388590,201708.0
153,A13588601,3567000,54570,0,0,0,1580800,3239050,20191300,230800,5610880,201708.0
154,A10025204,,,,,,,,,,,201708.0
155,A10027446,3739310,0,0,0,-14918250,19077730,14012900,59552340,0,7437790,201708.0
156,A13550502,4195270,0,0,0,0,9451310,11233500,62411860,0,14564100,201708.0
157,A13527004,632580,0,0,0,0,2226000,33810,9726470,0,3246640,201708.0
158,A13585404,0,0,0,0,0,4947600,8648400,42403830,0,7505520,201708.0
159,A13527002,1712,0,0,0,0,1713400,1592044,8726060,0,3361260,201708.0
160,A13527008,0,0,7730,0,0,0,3498355,20421240,20170,5977010,201708.0
161,A13527013,3434020,0,0,0,0,6950588,5603517,29709940,488900,6574730,201708.0
162,A13527203,17343430,10910,0,0,30,35970330,3775410,219016780,-3043920,58724900,201708.0
163,A13585401,0,0,0,0,0,2787100,1586243,8480580,0,1245300,201708.0
164,A13586102,1039570,85800,0,0,0,1965000,370940,10913130,358690,3460260,201708.0
165,A13585804,5764840,0,0,0,0,13384440,11387750,46310640,1818680,0,201708.0
166,A13527007,2111410,0,0,0,0,3416320,9244282,30000590,301890,4987820,201708.0
167,A13527016,1945050,35000,0,0,0,5631500,1833819,24737820,12590,8405640,201708.0
168,A13550403,2136880,9320,0,0,0,3166600,1429914,20233050,0,7359200,201708.0
169,A13586101,0,0,0,0,0,0,420290,0,0,0,201708.0
170,A13527010,-79680,96300,0,0,0,4776050,1594016,16364020,-220,7263960,201708.0
171,A13527019,2878490,0,0,0,0,3703300,7650045,39220470,13080,5990650,201708.0
172,A13527006,2556070,0,0,0,1336200,0,18893710,0,4698300,0,201708.0
173,A10027319,,,,,,,,,,,201708.0
174,A13550404,,,,,,,,,,,201708.0
175,A10024793,,,,,,,,,,,201708.0
