,kaptCode,heatC,heatP,gasC,gasP,waterHotC,waterHotP,electC,electP,waterCoolC,waterCoolP,Date
0,A13508012,2154950,23439710,0,0,0,11631870,11506370,18480720,689360,6321500,201802.0
1,A13579501,2426450,33284400,0,0,0,12784100,7236624,19278170,-216220,6199800,201802.0
2,A13592604,8468410,54692540,0,2894200,0,17511000,10079584,25367750,0,12513250,201802.0
3,A13508009,3259020,50675930,0,0,0,14746500,7986181,19488090,437380,8315320,201802.0
4,A13508004,7538920,13267300,0,0,0,4365450,3630520,7871160,0,3622060,201802.0
5,A13508003,0,0,0,0,0,0,3378193,0,0,0,201802.0
6,A13579506,1886840,24510730,1810,0,0,2295550,6297064,15770560,0,4724120,201802.0
7,A13508006,8017270,31072050,0,0,0,10334100,4633731,26798480,264690,5175210,201802.0
8,A13508011,2697760,45691250,0,0,1130,8690870,13693360,29144490,262600,6888000,201802.0
9,A13592601,6655340,35482930,0,0,0,15086760,7322036,23126070,455330,7260410,201802.0
10,A13592706,3666530,69084790,0,3869470,0,33998400,12716840,33900240,4550,16776650,201802.0
11,A13579505,2529400,38094980,0,0,0,10858320,8352631,21920890,0,8898970,201802.0
12,A13508005,0,0,0,0,0,0,1375150,3890320,23730,1854380,201802.0
13,A13579503,0,0,0,0,0,0,2818400,8531260,0,5380640,201802.0
14,A13592605,3431540,55560700,0,2868060,0,27516280,11142150,27825300,0,12550920,201802.0
15,A13591402,0,0,0,0,0,0,3642637,11741260,0,3588100,201802.0
16,A10027474,2464160,24793450,0,0,1947620,12183500,12362940,22188180,442440,6514400,201802.0
17,A10023825,,,,,,,,,,,201802.0
18,A10024820,,,,,,,,,,,201802.0
19,A10024813,,,,,,,,,,,201802.0
20,A13599303,1260,107783600,0,0,0,25352500,13932940,27339050,698440,0,201802.0
21,A13594007,394980,33264740,0,2707480,0,24328840,5193160,0,548350,2962820,201802.0
22,A13580602,5377580,93085600,0,0,0,21316000,10147330,30095320,-1240,13444880,201802.0
23,A13524004,490,71423700,0,0,0,11583000,8730140,16656680,-23720,5495150,201802.0
24,A13599402,0,123745900,0,3777490,0,14650000,6360220,32725880,0,12418110,201802.0
25,A13524005,3039360,62379410,0,0,0,8566400,8850030,23735640,2966080,0,201802.0
26,A13593908,4032964,47288890,0,0,0,26247000,0,0,0,0,201802.0
27,A13580001,1418670,27381310,0,0,0,7026600,4451367,9327070,-990,4106320,201802.0
28,A13524006,0,113759840,0,0,0,9074880,7131150,27152860,4550800,7043370,201802.0
29,A13593901,2168800,24484250,0,0,0,6913200,6982070,15231870,0,2399830,201802.0
30,A13524009,68082290,63242050,0,0,50623200,53034690,40589570,28650860,11187250,7439080,201802.0
31,A13580002,-864,26689860,0,0,0,9292520,2472173,7593900,132710,2817730,201802.0
32,A13599301,93500470,0,0,0,0,11940000,8180910,21770290,27620,0,201802.0
33,A10025203,,,,,,,,,,,201802.0
34,A10025675,,,,,,,,,,,201802.0
35,A10023565,,,,,,,,,,,201802.0
36,A10024564,,,,,,,,,,,201802.0
37,A10023996,,,,,,,,,,,201802.0
38,A13510003,1411860,27620660,0,0,0,4402500,5763440,13464580,0,4231970,201802.0
39,A13510001,0,0,0,0,0,0,1115100,6661580,0,2297150,201802.0
40,A13510201,868670,16621440,0,0,0,3682800,1869270,7904710,0,3093580,201802.0
41,A13510203,0,0,0,0,0,0,1050760,10468360,0,3852080,201802.0
42,A13510102,1617660,27970710,0,0,0,6827200,4380700,11531230,0,4665670,201802.0
43,A13510006,0,0,0,0,0,0,4203499,16433040,0,0,201802.0
44,A13510103,2604880,44448000,0,0,0,6517500,2625410,14134700,0,5392630,201802.0
45,A13510202,29035100,0,87210,0,0,4173000,2179400,7335680,337350,2232980,201802.0
46,A13576201,0,0,0,0,0,0,695990,12148760,16910,0,201802.0
47,A13510005,4863600,79324790,0,0,0,23406250,13831400,32766030,2426430,7598900,201802.0
48,A13510009,0,0,0,0,0,0,5329520,10197870,1640,2965250,201802.0
49,A13510007,13217130,44758610,0,0,0,18543600,28817283,24673300,-914350,7397240,201802.0
50,A10025280,,,,,,,,,,,201802.0
51,A10025755,,,,,,,,,,,201802.0
52,A10024640,,,,,,,,,,,201802.0
53,A13509001,0,0,604630,0,0,0,2683480,6943090,0,2928630,201802.0
54,A13570501,12861040,67385400,0,0,0,13776000,16971778,33343140,-8800,14999180,201802.0
55,A13550701,28104737,0,0,0,12190860,0,29060621,0,6496610,0,201802.0
56,A13509005,70270,25951690,0,0,5814930,5814930,6607917,16422110,105200,4981920,201802.0
57,A13509004,0,0,0,0,0,0,1550310,10775510,130110,4059140,201802.0
58,A13509010,6775930,67015200,0,0,0,21013200,15559680,37618860,74320,14115220,201802.0
59,A13509006,320510,0,0,0,0,0,2938680,10428860,0,5488620,201802.0
60,A13509003,0,0,0,0,0,0,1082580,10766390,-2010,6717260,201802.0
61,A13509012,70492380,0,0,0,46839100,0,56338970,0,19204300,0,201802.0
62,A13509007,3403310,34852710,0,0,0,3929400,5917460,13325490,285600,5940720,201802.0
63,A13570502,,,,,,,,,,,201802.0
64,A13509013,,,,,,,,,,,201802.0
65,A13509101,0,0,0,0,0,0,2719730,8338140,363840,3049880,201802.0
66,A13509009,28684190,66318900,0,0,-18940320,18940320,24916470,48192170,1677030,9358420,201802.0
67,A13509014,,,,,,,,,,,201802.0
68,A10026350,,,,,,,,,,,201802.0
69,A10026934,,,,,,,,,,,201802.0
70,A10024131,,,,,,,,,,,201802.0
71,A10023939,,,,,,,,,,,201802.0
72,A10024819,,,,,,,,,,,201802.0
73,A13528102,5403850,89387200,0,0,0,19614570,16155150,38603700,530580,13284890,201802.0
74,A13528103,6724340,99633740,0,0,0,29737500,27883424,56848310,0,16307280,201802.0
75,A13528004,35045940,284792100,0,9378790,0,62761500,22999370,139600030,0,52881200,201802.0
76,A13583604,179152740,0,0,0,0,18485000,12446339,45071830,2496940,12190260,201802.0
77,A13583701,2887240,47195360,0,2193200,2361500,18892000,8400201,24825010,1708200,7809100,201802.0
78,A13528003,4863144,72928590,0,3286520,0,47408500,17373570,45755250,1591210,12570670,201802.0
79,A13528007,5260470,24829490,0,0,0,9581600,9941390,25071490,603100,6392520,201802.0
80,A13528105,360,173001300,0,0,0,35548800,4374890,68225670,1100580,14288980,201802.0
81,A13584101,2424330,29119110,0,0,0,13215300,8973908,20827250,0,5892320,201802.0
82,A13583507,-12250,717860220,0,0,0,96038390,41651600,138891810,8967060,47432120,201802.0
83,A13583403,73731420,0,0,0,0,11142100,5425110,15060060,636860,4716230,201802.0
84,A13583404,109619280,0,0,0,-8938800,8938800,13153090,27716500,686610,9960280,201802.0
85,A13583402,1762970,58008720,0,0,-5834000,5834000,10564670,15696690,2927920,4341550,201802.0
86,A10027800,8925565,104291640,0,0,0,54331510,36800949,83955110,3446470,30316690,201802.0
87,A10025646,,,,,,,,,,,201802.0
88,A10026526,,,,,,,,,,,201802.0
89,A10024102,,,,,,,,,,,201802.0
90,A10024815,,,,,,,,,,,201802.0
91,A10026924,1466990,17828720,0,0,-1180,6570100,5838920,12979330,195000,3819330,201802.0
92,A10024799,,,,,,,,,,,201802.0
93,A10028094,,,,,,,,,,,201802.0
94,A10024029,,,,,,,,,,,201802.0
95,A10024814,,,,,,,,,,,201802.0
96,A10024805,,,,,,,,,,,201802.0
97,A13501004,0,0,0,0,0,0,8961790,17765930,196870,7071590,201802.0
98,A13501001,7344790,0,0,0,0,0,8964915,23481080,415330,3557690,201802.0
99,A13582002,0,95931430,0,0,0,11851200,7154680,18081080,0,0,201802.0
100,A13501007,,,,,,,,,,,201802.0
101,A13501008,,,,,,,,,,,201802.0
102,A13583301,0,0,0,0,0,0,3779434,9097220,0,2436500,201802.0
103,A13501006,13038814,21228966,0,0,-10891414,10823444,11082400,21890640,0,5571920,201802.0
104,A13501005,,,,,,,,,,,201802.0
105,A10024501,,,,,,,,,,,201802.0
106,A13590204,177424416,0,0,0,0,18240000,6582060,48537480,-442711,0,201802.0
107,A13589802,16708992,713182738,0,0,-49022000,49022000,41954910,171811480,19426530,37632470,201802.0
108,A13511201,87955290,0,0,0,0,0,33748698,0,3000000,0,201802.0
109,A13551103,-15015282,236273682,0,0,0,10860000,20431728,43693720,6000000,0,201802.0
110,A13590602,113425440,0,0,0,0,10572800,9198540,19024600,807500,0,201802.0
111,A13511001,0,59478314,0,0,0,9650880,5207810,14628660,0,0,201802.0
112,A13511004,-980,401972060,0,0,0,39450240,26161951,86456280,3539320,0,201802.0
113,A13511101,0,107288310,0,0,0,11907000,0,34576950,0,7907020,201802.0
114,A13511003,0,126819735,0,0,0,31847100,19045226,30893340,0,0,201802.0
115,A13519002,0,0,486550,0,0,0,4308690,14231630,116060,5636190,201802.0
116,A13519006,11695250,46804040,0,0,-1440,20063610,15243181,30582480,0,14529930,201802.0
117,A13519007,31517130,38288510,0,0,-23765540,23698720,9271620,31451710,393770,12118930,201802.0
118,A13519004,0,0,0,0,0,0,15677470,0,4756420,0,201802.0
119,A13519005,0,0,0,0,0,0,6180099,19371470,469890,8468270,201802.0
120,A13519003,0,0,515400,0,0,0,7205880,12183380,187540,5378900,201802.0
121,A13519001,0,0,454800,0,0,0,6102820,12091480,0,5667980,201802.0
122,A10028172,24609920,29234100,0,0,-18331530,18240070,12693075,20505580,766610,11362670,201802.0
123,A13519008,2517920,27846510,0,0,0,18895500,6688069,16253590,-1324260,8674200,201802.0
124,A13520003,5572680,53341640,0,0,0,39736500,17134462,46928120,0,15285700,201802.0
125,A13520004,2396500,26714710,0,0,0,10417920,7707955,11280400,308080,6110920,201802.0
126,A10027985,98088610,0,0,0,0,0,81657600,0,16687760,0,201802.0
127,A13520002,0,0,0,0,0,0,27566650,60933350,608220,16458520,201802.0
128,A10023314,,,,,,,,,,,201802.0
129,A13520001,0,0,72860,0,0,0,25379961,37883520,306160,14220900,201802.0
130,A10027909,0,0,75160,0,0,0,4542090,7837850,150440,2347850,201802.0
131,A10027912,0,0,337560,0,0,0,16158380,9973580,4765570,0,201802.0
132,A13594702,3355970,59271000,0,0,-550,17673060,6485380,0,0,0,201802.0
133,A13523005,4363980,64505684,0,0,0,26150080,13301987,26968900,0,10996700,201802.0
134,A13523004,13233030,78396260,0,0,0,5821200,3103890,34535080,702410,6527220,201802.0
135,A13594701,10372590,52742740,0,0,0,17071600,7889138,20620240,551880,5518770,201802.0
136,A13593802,10023300,35754090,0,0,0,14960900,9545140,0,684459,0,201802.0
137,A13523003,8143710,42398690,0,0,0,10191870,1221760,19539030,-510,8910700,201802.0
138,A13594402,41003090,0,83680,0,0,6628000,5271280,9807620,460460,0,201802.0
139,A13593801,9266674,13756356,0,2581660,-7497000,10145940,6309520,22153400,0,0,201802.0
140,A13594203,32022056,60636314,0,0,0,26887900,4615900,33152900,6026400,9213080,201802.0
141,A13594403,89530310,0,0,0,0,19624000,6441810,24617480,529750,0,201802.0
142,A10027571,,,,,,,,,,,201802.0
143,A10025823,,,,,,,,,,,201802.0
144,A10024216,,,,,,,,,,,201802.0
145,A13522003,5183640,34367590,0,4246440,0,13471500,0,0,0,0,201802.0
146,A13522008,0,73882630,0,0,0,36342000,0,0,0,0,201802.0
147,A13522004,0,50278460,0,2426970,0,20932800,13550758,19814180,164940,10662060,201802.0
148,A13588402,25033310,41467560,0,0,-14272000,14244000,9636180,23019510,5290740,0,201802.0
149,A13522007,11857230,50904100,0,0,0,32743110,6583370,0,592100,0,201802.0
150,A13522006,10417010,47381730,0,0,0,20444000,7963222,20760360,3035250,0,201802.0
151,A13552001,7239114,25226046,91820,0,0,23404800,0,561210,0,5000,201802.0
152,A13552002,0,0,0,0,0,0,10536300,40670350,822990,11528760,201802.0
153,A13588601,3372120,28827280,0,0,0,11046600,4771600,11577010,402650,3823980,201802.0
154,A10025204,,,,,,,,,,,201802.0
155,A10027446,1101820,33580080,0,0,-10407930,23851080,10187210,29246940,375760,7515120,201802.0
156,A13550502,4195270,74239350,0,0,0,27967110,15995810,36029960,0,12912900,201802.0
157,A13527004,2454500,18296290,0,0,0,4284000,1058600,5754510,0,3048450,201802.0
158,A13585404,0,33713520,0,0,0,17389640,8761435,20725110,0,7073080,201802.0
159,A13527002,64892,11507640,0,0,0,3966000,2320680,5597580,0,3294610,201802.0
160,A13527008,0,0,170320,0,0,0,2790110,14198630,16730,5593330,201802.0
161,A13527013,3434020,57251820,0,0,0,16599930,8876901,15951640,377010,4823790,201802.0
162,A13527203,17342570,269588780,0,0,0,116257400,80757829,119024480,-2464660,52768660,201802.0
163,A13585401,0,15501600,0,0,0,4891500,2742963,6600830,0,1956600,201802.0
164,A13586102,6614300,15512370,0,0,-4468220,4468220,1462220,7511120,585330,3815920,201802.0
165,A13585804,494590,93856390,0,0,5270250,35135000,20325760,32495940,2628635,0,201802.0
166,A13527007,2111410,28800380,0,0,0,11314100,10200733,18419550,207630,5386900,201802.0
167,A13527016,4709380,45923170,0,0,0,11917500,5258570,16912610,544760,8049850,201802.0
168,A13550403,2132760,40867350,0,0,0,11965500,5776208,11845470,0,5266410,201802.0
169,A13586101,0,0,0,0,0,0,755760,0,0,0,201802.0
170,A13527010,-1107980,57319200,0,0,0,8528000,4537358,9254290,0,6091340,201802.0
171,A13527019,3758350,33990940,0,0,0,10900800,8461664,18939350,478870,6186680,201802.0
172,A13527006,42989600,0,0,0,2485400,0,14033550,0,5299430,0,201802.0
173,A10027319,,,,,,,,,,,201802.0
174,A13550404,,,,,,,,,,,201802.0
175,A10024793,,,,,,,,,,,201802.0
