,kaptCode,heatC,heatP,gasC,gasP,waterHotC,waterHotP,electC,electP,waterCoolC,waterCoolP,Date
0,A13508012,15489130,21156510,0,0,0,13057230,7562900,17393800,-183370,6474100,201812.0
1,A13579501,2385600,31904300,0,0,0,12369000,6569619,17894190,-742120,6607560,201812.0
2,A13592604,26359170,57650480,0,0,-17663540,17640700,8832587,23838390,0,13657340,201812.0
3,A13508009,18527550,50637500,0,0,-15268530,15133500,12923229,22009158,504610,8908810,201812.0
4,A13508004,0,15093440,0,0,0,3502170,3176900,7274100,0,3257960,201812.0
5,A13508003,0,0,0,0,0,0,3292140,0,0,0,201812.0
6,A13579506,1886840,24466740,4370,0,0,2075570,5533656,15693800,0,4528890,201812.0
7,A13508006,9262430,30774620,0,0,0,10368400,2842296,22968730,304570,5185550,201812.0
8,A13508011,1106360,36105310,0,0,-750,18540980,10911640,27798580,1170170,6974070,201812.0
9,A13592601,6739270,37966740,0,0,0,14684560,4567626,22597260,7040,7863150,201812.0
10,A13592706,3665640,74865890,0,7603180,1380810,33014480,14248970,32334150,1208390,17087230,201812.0
11,A13579505,2529400,39980710,0,0,0,10836440,8822146,25428040,0,10305010,201812.0
12,A13508005,0,0,0,0,0,0,844040,3549300,266460,1913490,201812.0
13,A13579503,0,0,0,0,0,0,2322220,7666840,0,5601150,201812.0
14,A13592605,3431540,56285620,0,5945170,0,25184680,4663720,34060380,0,12401100,201812.0
15,A13591402,0,0,0,0,0,0,3091445,10691810,-250,3745800,201812.0
16,A10027474,2464160,24230800,0,0,1941070,12657700,10792140,21236480,190030,6915630,201812.0
17,A10023825,,,,,,,,,,,201812.0
18,A10024820,,,,,,,,,,,201812.0
19,A10024813,,,,,,,,,,,201812.0
20,A13599303,0,118976500,0,0,0,20267500,10898550,27042370,445280,0,201812.0
21,A13594007,379020,39850020,0,2686770,0,17814410,5038570,0,333760,4465370,201812.0
22,A13580602,5377550,97131950,0,0,0,18864000,7616760,28887230,20,13348470,201812.0
23,A13524004,-970,70351050,0,0,0,10888800,5232680,14968840,444470,5415660,201812.0
24,A13599402,0,65742200,0,0,0,12807500,5200430,27347850,0,11776130,201812.0
25,A13524005,3039920,66976090,0,0,0,8592000,12240850,17787540,2036320,0,201812.0
26,A13593908,3917121,53305830,0,0,0,18985600,0,0,0,0,201812.0
27,A13580001,1417200,27578580,0,0,0,6953100,3951775,7579640,-550,4004020,201812.0
28,A13524006,0,123227080,0,0,0,8012970,17017430,22685280,4036750,7363180,201812.0
29,A13593901,2506930,24761800,0,0,0,6956000,7047640,14404320,0,2831170,201812.0
30,A13524009,4973000,93144480,0,0,-4105200,35080800,7753120,26542540,4334520,9073220,201812.0
31,A13580002,-1647,26251380,0,0,0,7732400,2344788,8796410,47930,3159630,201812.0
32,A13599301,98859250,0,0,0,0,11626000,9314690,24331360,27620,0,201812.0
33,A10025203,,,,,,,,,,,201812.0
34,A10025675,,,,,,,,,,,201812.0
35,A10023565,,,,,,,,,,,201812.0
36,A10024564,,,,,,,,,,,201812.0
37,A10023996,,,,,,,,,,,201812.0
38,A13510003,1411810,28591910,0,0,0,4675000,4672670,12475500,0,4618160,201812.0
39,A13510001,0,0,0,0,0,0,725340,5558610,-88700,2274810,201812.0
40,A13510201,860840,15928180,0,0,0,3866400,1141070,6394830,0,2945120,201812.0
41,A13510203,0,0,0,0,0,0,1039100,8979000,0,3564870,201812.0
42,A13510102,1617700,30465040,0,0,0,7163800,5081710,12839610,0,4812860,201812.0
43,A13510006,0,0,0,0,0,0,3780278,14402070,0,0,201812.0
44,A13510103,2790010,44122000,0,0,0,8033200,3489400,16260600,0,6932430,201812.0
45,A13510202,32225010,0,29370,0,0,3849000,2984190,7035460,309390,2258530,201812.0
46,A13576201,0,0,0,0,0,0,1517910,9738210,21190,0,201812.0
47,A13510005,4863600,81338350,0,0,0,21357200,15693170,30008850,2431690,7930970,201812.0
48,A13510009,0,0,0,0,0,0,4995330,11880170,1690,3412820,201812.0
49,A13510007,12905770,46422760,0,0,0,19114800,13798376,22987780,-207900,7533080,201812.0
50,A10025280,,,,,,,,,,,201812.0
51,A10025755,,,,,,,,,,,201812.0
52,A10024640,,,,,,,,,,,201812.0
53,A13509001,0,0,298840,0,0,0,1916740,6394860,0,2739560,201812.0
54,A13570501,9433570,70674750,0,0,0,13990900,14679172,39391490,-9710,15254470,201812.0
55,A13550701,28338180,29365472,0,0,13896960,13400640,25574492,21801920,6364040,6576520,201812.0
56,A13509005,82420,25378570,0,0,7177440,7177440,6121350,15766860,86540,4802140,201812.0
57,A13509004,0,0,0,0,0,0,1817960,9847280,0,4279550,201812.0
58,A13509010,75297000,0,0,0,21644000,0,63647705,0,13452990,0,201812.0
59,A13509006,170390,0,0,0,0,0,4014924,8741520,0,5082030,201812.0
60,A13509003,0,0,0,0,0,0,1997890,8302890,-520,7593650,201812.0
61,A13509012,75722010,0,0,0,41115900,0,468672,0,414015,0,201812.0
62,A13509007,1432620,34891360,0,0,0,6714600,240920,11617700,66980,5824880,201812.0
63,A13570502,,,,,,,,,,,201812.0
64,A13509013,,,,,,,,,,,201812.0
65,A13509101,0,0,0,0,0,0,1475770,6572180,0,2711190,201812.0
66,A13509009,23871780,71140300,0,0,-19261900,19261900,26868210,56920640,1659990,9913630,201812.0
67,A13509014,,,,,,,,,,,201812.0
68,A10026350,5550720,18078810,0,0,0,13003200,8802700,20239740,490790,6033250,201812.0
69,A10026934,,,,,,,,,,,201812.0
70,A10024131,,,,,,,,,,,201812.0
71,A10023939,,,,,,,,,,,201812.0
72,A10024819,,,,,,,,,,,201812.0
73,A13528102,5403350,89437400,0,0,0,20264400,18646810,46216520,1716570,15593110,201812.0
74,A13528103,19517020,93640960,0,0,0,26439000,29181863,69830739,0,18966020,201812.0
75,A13528004,35306660,300069450,0,0,0,52488000,23780140,130142660,0,50076860,201812.0
76,A13583604,187446990,0,0,0,19135000,19135000,18007116,45437860,1321500,13682130,201812.0
77,A13583701,2887240,40549160,0,0,2931980,32157200,8256996,22111650,0,9048070,201812.0
78,A13528003,10022860,78528260,0,0,0,43020100,11089732,39563810,469350,12756220,201812.0
79,A13528007,3980540,25606940,0,0,0,8280000,8112960,24483660,719960,7037190,201812.0
80,A13528105,4420,189642000,0,0,0,29001000,5350410,62477580,361060,15760600,201812.0
81,A13584101,2424330,27114990,0,0,0,14347200,7331535,19873330,0,6235520,201812.0
82,A13583507,281863060,451256260,0,0,8718500,81101790,65289920,142695300,6204640,50989450,201812.0
83,A13583403,87706990,0,0,0,0,11820480,5075500,17531080,344920,5428490,201812.0
84,A13583404,107744390,0,0,0,-8004600,8004600,15650511,29557270,642620,9134710,201812.0
85,A13583402,61812710,0,0,0,0,0,25402580,0,6978810,0,201812.0
86,A10027800,8946124,97439060,0,0,0,47892960,40030451,103615580,403310,30580280,201812.0
87,A10025646,,,,,,,,,,,201812.0
88,A10026526,,,,,,,,,,,201812.0
89,A10024102,,,,,,,,,,,201812.0
90,A10024815,,,,,,,,,,,201812.0
91,A10026924,1600560,18058640,0,0,0,5949300,5738670,12439020,241720,3950330,201812.0
92,A10024799,,,,,,,,,,,201812.0
93,A10028094,,,,,,,,,,,201812.0
94,A10024029,,,,,,,,,,,201812.0
95,A10024814,,,,,,,,,,,201812.0
96,A10024805,,,,,,,,,,,201812.0
97,A13501004,0,0,0,0,0,0,8570410,15922260,233340,8782340,201812.0
98,A13501001,8518930,0,0,0,0,0,11083604,29704780,1624700,3359650,201812.0
99,A13582002,0,93663660,0,0,0,12002400,7758180,17492870,211660,0,201812.0
100,A13501007,,,,,,,,,,,201812.0
101,A13501008,,,,,,,,,,,201812.0
102,A13583301,0,0,0,0,0,0,4787805,6875960,0,2715270,201812.0
103,A13501006,13015868,21930057,0,0,-10868468,10801646,4715320,21656180,0,6210920,201812.0
104,A13501005,,,,,,,,,,,201812.0
105,A10024501,,,,,,,,,,,201812.0
106,A13590204,174540361,0,0,0,0,16200000,6508229,42185850,-108141,0,201812.0
107,A13589802,19082292,736332828,0,0,-41606000,41606000,2806611,182067360,22942680,39284450,201812.0
108,A13511201,92452480,0,0,0,0,0,23586921,0,3000000,0,201812.0
109,A13551103,220315720,0,0,0,11950000,0,38436107,0,6000000,0,201812.0
110,A13590602,122004660,0,0,0,0,8852480,10097350,22114940,883000,0,201812.0
111,A13511001,0,59201114,0,0,0,10730880,3633140,17134290,0,0,201812.0
112,A13511004,-340,403809810,0,0,0,34765770,30240619,97948910,2595175,0,201812.0
113,A13511101,0,110187310,0,0,0,11517000,0,33274100,0,11549270,201812.0
114,A13511003,0,136360174,0,0,0,27377550,20158332,35442850,0,0,201812.0
115,A13519002,0,0,306400,0,0,0,1150772,11752130,4980,6217300,201812.0
116,A13519006,11941370,47029070,0,0,-980,21511060,5762684,28088600,0,14041150,201812.0
117,A13519007,27186720,42208860,0,0,-16513480,16443160,12703200,24482100,1362720,13366710,201812.0
118,A13519004,0,0,0,0,0,0,18830240,0,4967050,0,201812.0
119,A13519005,0,0,0,0,0,0,5712918,22650280,0,8933010,201812.0
120,A13519003,0,0,320620,0,0,0,3184640,10581680,87610,5507290,201812.0
121,A13519001,0,0,262090,0,0,0,2346550,10315080,0,5876730,201812.0
122,A10028172,26058290,28303100,0,0,-19879030,19789400,18547197,24558910,1284520,12283790,201812.0
123,A13519008,32374180,0,0,0,19934800,0,29301340,0,9776860,0,201812.0
124,A13520003,3990730,55968200,0,0,0,42018030,16741860,54733100,0,17417700,201812.0
125,A13520004,2396500,27137320,0,0,0,10802040,6903661,13481900,198640,6883650,201812.0
126,A10027985,98798700,0,0,0,0,0,55929390,0,21203480,0,201812.0
127,A13520002,0,0,0,0,0,0,18879190,53380010,676510,18183010,201812.0
128,A10023314,,,,,,,,,,,201812.0
129,A13520001,0,0,0,0,0,0,2799201,32437500,478350,15243520,201812.0
130,A10027909,0,0,30110,0,0,0,2627110,7113340,26300,2725830,201812.0
131,A10027912,0,0,276030,0,0,0,13359211,0,5410450,0,201812.0
132,A13594702,3355970,61262100,0,0,190,17274070,5848430,0,0,0,201812.0
133,A13523005,4363980,70250198,0,0,0,26171840,13643199,26150890,0,13268000,201812.0
134,A13523004,13462220,71527500,0,0,0,15045000,1361960,32365730,1382480,7226220,201812.0
135,A13594701,8175991,51966730,0,0,0,18022200,7280246,18100570,639699,6396990,201812.0
136,A13593802,10524620,35783920,0,0,0,14471960,7991020,0,739691,0,201812.0
137,A13523003,8574360,41599380,0,0,0,14683680,1054050,17464740,159460,9490690,201812.0
138,A13594402,41881490,0,2950,0,0,7383600,5047030,12069210,749840,0,201812.0
139,A13593801,22877600,0,2577670,0,2536050,0,26253870,0,0,0,201812.0
140,A13594203,27884450,63687530,0,0,0,21678460,4845600,32116690,6026400,10870140,201812.0
141,A13594403,105486280,0,0,0,0,17924000,10989380,24183480,37690,0,201812.0
142,A10027571,,,,,,,,,,,201812.0
143,A10025823,23887500,57571630,0,0,0,3464300,2636210,17004290,1300230,3513530,201812.0
144,A10024216,,,,,,,,,,,201812.0
145,A13522003,0,38049200,0,4103520,0,12078500,3696720,0,60065,0,201812.0
146,A13522008,0,84445500,0,0,0,21174000,0,0,0,0,201812.0
147,A13522004,0,50149290,0,4688430,0,22309700,12008337,19261920,269570,11908800,201812.0
148,A13588402,24727480,43845580,0,0,-13964000,13916000,9361450,21879780,2655050,0,201812.0
149,A13522007,11935100,60286660,0,0,0,21671620,5900850,0,544400,0,201812.0
150,A13522006,10807770,52274940,0,0,0,18872000,1984733,24302970,3245470,0,201812.0
151,A13552001,7130842,11796908,38390,0,0,21285000,0,563600,0,5000,201812.0
152,A13552002,0,0,0,0,0,0,3382906,35307900,2192890,11409710,201812.0
153,A13588601,6810790,24775740,0,0,0,11086500,5128160,9952680,417630,4053830,201812.0
154,A10025204,,,,,,,,,,,201812.0
155,A10027446,467942,37665670,0,0,0,22531790,8224260,30050050,471670,7496810,201812.0
156,A13550502,4195270,69138060,0,0,0,39656930,15442860,34980840,0,13101220,201812.0
157,A13527004,2455970,19644800,0,0,0,3396000,1483250,5677040,148100,2879800,201812.0
158,A13585404,0,12196340,0,2859830,0,11151130,9110433,21852960,0,7397480,201812.0
159,A13527002,4172600,12444040,0,0,3165000,3165000,3451687,6061720,0,3259000,201812.0
160,A13527008,0,0,20610,0,0,0,2845121,12597340,18710,6364930,201812.0
161,A13527013,3434057,65408210,0,0,0,14642910,10435562,17874850,534370,5129280,201812.0
162,A13527203,17343470,273018930,0,0,0,122838100,7634880,141943740,-4173230,60366200,201812.0
163,A13585401,0,15038200,0,0,0,4966500,1859795,6383630,0,1536150,201812.0
164,A13586102,22935450,17073090,0,0,0,4040400,9655020,8115160,3923850,3431090,201812.0
165,A13585804,5764840,91492440,0,0,0,40155000,23857950,36115770,966165,0,201812.0
166,A13527007,2111410,27584880,0,0,0,12044200,9617300,17068080,217540,5174390,201812.0
167,A13527016,4709500,50223070,0,0,0,9089500,10549591,14786270,2092250,8102160,201812.0
168,A13550403,10336564,44890550,0,0,-10521000,10521000,6497542,12602920,2320820,5655290,201812.0
169,A13586101,0,0,0,0,0,0,903940,0,0,0,201812.0
170,A13527010,50,60435600,0,0,0,9052000,6233261,10381870,-20,11357380,201812.0
171,A13527019,3314690,35913360,0,0,0,10838520,11014389,18199930,262490,6315330,201812.0
172,A13527006,48205710,0,0,0,2184500,0,4004070,8232430,4877390,0,201812.0
173,A10027319,,,,,,,,,,,201812.0
174,A13550404,,,,,,,,,,,201812.0
175,A10024793,,,,,,,,,,,201812.0
