,kaptCode,heatC,heatP,gasC,gasP,waterHotC,waterHotP,electC,electP,waterCoolC,waterCoolP,Date
0,A13508012,2154950,29465270,0,0,0,12719170,9868420,18418840,87060,6452000,201801.0
1,A13579501,2555010,42455500,0,0,0,14229600,7085455,19290070,-476070,6526230,201801.0
2,A13592604,9631090,68484800,0,3060780,0,19170000,9686865,26076740,0,12607680,201801.0
3,A13508009,3259020,61659950,0,0,0,16794000,14950599,21872190,197670,8434900,201801.0
4,A13508004,8948560,16768780,0,0,0,4152900,3731460,7895390,0,3614210,201801.0
5,A13508003,0,0,0,0,0,0,3067391,0,0,0,201801.0
6,A13579506,1886840,29689890,4210,0,0,2446500,5903150,16700080,0,4817710,201801.0
7,A13508006,9892000,39689190,0,0,0,11456200,8475066,22757930,147950,5045790,201801.0
8,A13508011,2823040,57351050,0,0,-350,7977070,12788230,30370200,834880,7857080,201801.0
9,A13592601,7236930,44812570,0,0,0,16609740,6549014,23233770,214670,7823350,201801.0
10,A13592706,73201060,16152570,319080,3596920,10415460,27841500,16216270,30513800,-1723330,19279300,201801.0
11,A13579505,2529400,47175590,0,0,0,11283210,9134197,24669770,0,9823270,201801.0
12,A13508005,0,0,0,0,0,0,2017490,3651890,107550,1835680,201801.0
13,A13579503,0,0,0,0,0,0,2765760,8632270,0,0,201801.0
14,A13592605,3431540,69691910,0,3051170,0,30557240,13396560,35183440,0,12506890,201801.0
15,A13591402,0,0,0,0,0,0,3646428,11556020,0,4089800,201801.0
16,A10027474,2464160,30836300,0,0,1613160,13520000,11463480,19528320,132680,6741640,201801.0
17,A10023825,,,,,,,,,,,201801.0
18,A10024820,,,,,,,,,,,201801.0
19,A10024813,,,,,,,,,,,201801.0
20,A13599303,11577550,129060700,0,0,0,15325000,15948750,25390600,2729300,0,201801.0
21,A13594007,576210,47864840,0,2711200,0,19825410,4991610,0,816660,4736200,201801.0
22,A13580602,5377580,120411800,0,0,0,19904000,10554050,30117670,423,13451047,201801.0
23,A13524004,-120,82411050,0,0,0,11949600,9650020,14856990,216450,5742100,201801.0
24,A13599402,0,115753900,0,3786420,0,13800000,5430730,26833570,0,11881010,201801.0
25,A13524005,3039360,76216230,0,0,0,10204800,8738970,24401250,2966080,0,201801.0
26,A13593908,4597846,64069350,0,0,0,18358400,0,0,0,0,201801.0
27,A13580001,1417220,35017880,0,0,0,7217700,4673773,9001460,-90,4336010,201801.0
28,A13524006,0,134679440,0,0,0,8613270,9699710,29471270,4553390,6818130,201801.0
29,A13593901,3087580,28633950,0,0,0,7911000,6697320,15575390,0,2655840,201801.0
30,A13524009,105574800,0,0,0,38992100,0,40799720,0,16384860,0,201801.0
31,A13580002,-1113,34399800,0,0,0,8163030,2706882,9469030,132060,3041900,201801.0
32,A13599301,113629890,0,0,0,0,13704000,9483320,26920320,27620,0,201801.0
33,A10025203,,,,,,,,,,,201801.0
34,A10025675,,,,,,,,,,,201801.0
35,A10023565,,,,,,,,,,,201801.0
36,A10024564,,,,,,,,,,,201801.0
37,A10023996,,,,,,,,,,,201801.0
38,A13510003,1411930,33629270,0,0,0,5217500,5579650,13829250,93450,5041340,201801.0
39,A13510001,0,0,0,0,0,0,1152510,6539260,184090,2528960,201801.0
40,A13510201,861590,19935900,0,0,0,4082400,1854300,7815000,0,3267190,201801.0
41,A13510203,0,0,0,0,0,0,949900,10456490,0,3577070,201801.0
42,A13510102,1617780,34270990,0,0,0,7704400,6851560,13908790,0,5509110,201801.0
43,A13510006,0,0,0,0,0,0,4101225,16212050,-25740,10314690,201801.0
44,A13510103,3018430,52783000,0,0,0,9045000,2248760,17008700,289740,6338790,201801.0
45,A13510202,34009460,0,78820,0,0,4770000,2126260,8873150,202670,2620090,201801.0
46,A13576201,0,0,0,0,0,0,830450,11582380,0,0,201801.0
47,A13510005,4863600,97761760,0,0,0,23641650,15323280,39626670,1228010,7898500,201801.0
48,A13510009,0,0,0,0,0,0,9612260,18672590,31750,3158720,201801.0
49,A13510007,14936781,55743080,0,0,0,21065000,27133947,24306480,-333260,7912790,201801.0
50,A10025280,,,,,,,,,,,201801.0
51,A10025755,,,,,,,,,,,201801.0
52,A10024640,,,,,,,,,,,201801.0
53,A13509001,0,0,551210,0,0,0,2338590,7127240,0,2975300,201801.0
54,A13570501,16370570,81138000,0,0,0,16007500,18598223,40531660,-13150,12879450,201801.0
55,A13550701,7843068,26330159,0,0,1597530,12190860,6952066,21610950,106900,6496610,201801.0
56,A13509005,93630,31127690,0,0,6717240,6717240,6606630,15829410,85200,4678560,201801.0
57,A13509004,0,0,0,0,0,0,1829300,10567750,119720,3941480,201801.0
58,A13509010,5468870,84776300,0,0,0,23590800,17022320,46290250,49010,13526570,201801.0
59,A13509006,210500,0,0,0,0,0,4005310,9394290,0,4896510,201801.0
60,A13509003,0,0,0,0,0,0,2424140,8974260,-7043220,7043220,201801.0
61,A13509012,96045610,0,0,0,45246600,0,72481170,0,18570290,0,201801.0
62,A13509007,3470260,43169910,0,0,0,4395600,6979830,11827860,285880,5964430,201801.0
63,A13570502,,,,,,,,,,,201801.0
64,A13509013,,,,,,,,,,,201801.0
65,A13509101,0,0,0,0,0,0,3119690,7250570,328930,3072210,201801.0
66,A13509009,24644410,88507950,0,0,-20222300,20222300,28461580,61304890,523260,10269070,201801.0
67,A13509014,,,,,,,,,,,201801.0
68,A10026350,,,,,,,,,,,201801.0
69,A10026934,,,,,,,,,,,201801.0
70,A10024131,,,,,,,,,,,201801.0
71,A10023939,,,,,,,,,,,201801.0
72,A10024819,,,,,,,,,,,201801.0
73,A13528102,5403380,108623530,0,0,0,21598870,17631800,46335530,587010,15004630,201801.0
74,A13528103,6724340,129184000,0,0,0,30441250,28052375,72919882,0,18187410,201801.0
75,A13528004,39313530,372620080,0,9695590,0,56065500,22753990,143474870,0,53436080,201801.0
76,A13583604,218499080,0,0,0,0,23075000,18086553,50934650,2028800,14848950,201801.0
77,A13583701,2887240,59538280,0,2292060,2695000,21560000,9465312,24271190,173840,9009960,201801.0
78,A13528003,4863144,88525800,0,3645480,0,53757900,20137640,41078220,701790,12881440,201801.0
79,A13528007,4745330,31531620,0,0,0,10643000,9588640,25162580,696840,7022920,201801.0
80,A13528105,2940,207240600,0,0,0,32268600,5534520,67690020,1908640,13862160,201801.0
81,A13584101,2424330,37278400,0,0,0,14229600,9088258,21256450,0,5998400,201801.0
82,A13583507,8580,835215920,0,0,0,96018650,42576830,169879050,12686420,47472910,201801.0
83,A13583403,92937500,0,0,0,0,12465350,8004320,18333730,464990,5252400,201801.0
84,A13583404,127152720,0,0,0,-9797400,9797400,14112680,34728010,420780,9022380,201801.0
85,A13583402,2481820,70073640,0,0,-6464000,6464000,9542810,15133090,2899680,4346530,201801.0
86,A10027800,9033189,130346280,0,176400,0,60338730,41669973,102742340,152190,30676210,201801.0
87,A10025646,,,,,,,,,,,201801.0
88,A10026526,,,,,,,,,,,201801.0
89,A10024102,,,,,,,,,,,201801.0
90,A10024815,,,,,,,,,,,201801.0
91,A10026924,1466990,21770810,0,0,0,6860080,5953320,12323160,195080,3572150,201801.0
92,A10024799,,,,,,,,,,,201801.0
93,A10028094,,,,,,,,,,,201801.0
94,A10024029,,,,,,,,,,,201801.0
95,A10024814,,,,,,,,,,,201801.0
96,A10024805,,,,,,,,,,,201801.0
97,A13501004,0,0,0,0,0,0,8916310,17290630,760150,8284410,201801.0
98,A13501001,9311190,0,0,0,0,0,11936857,29863500,1496570,3932730,201801.0
99,A13582002,0,114273740,0,0,0,13086000,7627830,21982160,0,0,201801.0
100,A13501007,,,,,,,,,,,201801.0
101,A13501008,,,,,,,,,,,201801.0
102,A13583301,0,0,0,0,0,0,3193879,8903550,0,2485970,201801.0
103,A13501006,16257560,24879660,0,0,-11560170,11489920,12224025,20670710,-143490,5777700,201801.0
104,A13501005,,,,,,,,,,,201801.0
105,A10024501,,,,,,,,,,,201801.0
106,A13590204,215497347,0,0,0,0,16071000,6350967,47873690,174358,0,201801.0
107,A13589802,12244186,850645484,0,0,-47620000,47620000,31643753,222927210,24992510,36415370,201801.0
108,A13511201,100158630,0,0,0,0,0,27134369,0,3000000,0,201801.0
109,A13551103,-16333687,279834227,0,0,0,11372000,19750780,44268540,7649600,0,201801.0
110,A13590602,133981760,0,0,0,0,10342400,10985820,24144800,3058290,0,201801.0
111,A13511001,0,67832982,0,0,0,10139040,4153050,21324870,164160,0,201801.0
112,A13511004,1210,466920130,0,0,0,37920960,28746089,104329690,3992550,0,201801.0
113,A13511101,0,123048910,0,0,0,14055000,0,39029430,0,13907800,201801.0
114,A13511003,0,162564328,0,0,0,28298850,9929891,38238370,1881100,0,201801.0
115,A13519002,0,0,689850,0,0,0,2129310,13655630,487900,6100070,201801.0
116,A13519006,13005000,55737600,0,0,1790,21817860,16079529,28352500,0,16222310,201801.0
117,A13519007,32832460,47291700,0,0,-22763910,22678320,9178460,31739170,335760,13460660,201801.0
118,A13519004,0,0,0,0,0,0,21441590,0,4663130,0,201801.0
119,A13519005,0,0,0,0,0,0,10308281,23538250,138560,9398410,201801.0
120,A13519003,0,0,424520,0,0,0,6818160,11964980,149540,5757570,201801.0
121,A13519001,0,0,280270,0,0,0,4825550,11819300,0,5738650,201801.0
122,A10028172,26142880,36358000,0,0,-19427500,19319230,12943804,24824450,347070,13010630,201801.0
123,A13519008,3165480,34411930,0,0,0,20642700,11380700,19109170,-183170,9559320,201801.0
124,A13520003,14349030,59029110,0,0,0,44497200,22490983,53945520,0,17509300,201801.0
125,A13520004,2396500,32922780,0,0,0,11275400,11833685,13427000,259850,6791000,201801.0
126,A10027985,114061880,0,0,0,0,0,68195490,0,21059780,0,201801.0
127,A13520002,0,0,0,0,0,0,26107200,60426100,1280,16850430,201801.0
128,A10023314,,,,,,,,,,,201801.0
129,A13520001,0,0,76010,0,0,0,16671350,37147060,114810,15916580,201801.0
130,A10027909,0,0,61070,0,0,0,4219010,7814590,126570,2468110,201801.0
131,A10027912,0,0,613620,0,0,0,15611100,0,5436250,0,201801.0
132,A13594702,3355970,72130070,0,0,340,18297470,6247540,0,0,0,201801.0
133,A13523005,4363980,78956416,0,0,0,30594560,14348512,26048800,0,13100630,201801.0
134,A13523004,14970420,94316710,0,0,0,6272200,3958620,32840500,714140,6955440,201801.0
135,A13594701,9706200,63574110,0,0,0,18414200,7651294,20496130,607910,6079080,201801.0
136,A13593802,12187080,42248630,0,0,0,16480820,8070040,0,743246,0,201801.0
137,A13523003,9389670,52137180,0,0,0,11510100,1429800,19411260,-290,9833750,201801.0
138,A13594402,54669210,0,62310,0,0,3460000,6035620,11420490,460460,0,201801.0
139,A13593801,9574214,16655076,0,2599840,-7644000,10344880,6009630,21798810,1847920,8658720,201801.0
140,A13594203,31442928,77042182,0,0,0,25430100,3988370,33747730,8016600,10669810,201801.0
141,A13594403,113397190,0,0,0,0,22556000,10392610,26195580,126600,0,201801.0
142,A10027571,,,,,,,,,,,201801.0
143,A10025823,,,,,,,,,,,201801.0
144,A10024216,,,,,,,,,,,201801.0
145,A13522003,6174630,44675750,0,0,0,13149500,4166700,0,122840,0,201801.0
146,A13522008,0,99827800,0,0,0,26697000,0,0,0,0,201801.0
147,A13522004,0,61394630,0,2544880,0,24210900,12842134,20742050,362810,12065100,201801.0
148,A13588402,21811530,59625150,0,0,-12681600,12646400,8446980,24667150,5276780,0,201801.0
149,A13522007,13446880,72309270,0,0,0,23008550,6201050,0,609280,0,201801.0
150,A13522006,11946120,60041900,0,0,0,21732000,5133148,23869250,0,0,201801.0
151,A13552001,8987466,26457964,142660,0,0,23577600,0,627780,0,5000,201801.0
152,A13552002,0,0,0,0,0,0,11114118,40041870,623240,11695670,201801.0
153,A13588601,6342490,33703580,0,0,0,11610900,4705450,11779420,389320,4165560,201801.0
154,A10025204,,,,,,,,,,,201801.0
155,A10027446,131570,43971840,0,0,-8952170,22921370,9948860,30056900,127570,5938000,201801.0
156,A13550502,4195270,93798730,0,0,0,31292520,15390930,35935460,0,14732650,201801.0
157,A13527004,2809440,23311540,0,0,0,4251000,1457660,6523420,26850,3233820,201801.0
158,A13585404,0,31308180,0,0,0,15334000,9684166,21512220,0,6841000,201801.0
159,A13527002,25262,14619240,0,0,0,3867000,3014358,6783480,0,3197220,201801.0
160,A13527008,0,0,139900,0,0,0,2026952,14261080,16700,5748080,201801.0
161,A13527013,3434020,75212300,0,0,0,15963030,10598482,19210470,514790,4947300,201801.0
162,A13527203,17343680,339039690,0,0,0,129775710,97829964,145064590,-4046110,60269410,201801.0
163,A13585401,0,19181750,0,0,0,5553000,2399710,6174340,0,1838660,201801.0
164,A13586102,2395040,20418320,0,0,10000,4279500,1302170,8765600,310880,3488680,201801.0
165,A13585804,5764840,117963090,0,0,0,39735000,29953260,39121010,1938635,0,201801.0
166,A13527007,2110060,34820160,0,0,0,12847800,10645125,19276230,175630,5405640,201801.0
167,A13527016,4709000,59172530,0,0,0,10293500,8611894,17828210,2928140,7983420,201801.0
168,A13550403,2135920,51273990,0,0,0,11322000,6260612,14280200,0,5597300,201801.0
169,A13586101,0,0,0,0,0,0,743430,0,0,0,201801.0
170,A13527010,-1568010,68807100,0,0,0,9856000,5729196,10643270,-90,6889430,201801.0
171,A13527019,3499050,43001810,0,0,0,11740600,9143424,22935540,47630,6244430,201801.0
172,A13527006,51137710,0,0,0,2351100,0,13596190,0,5299430,0,201801.0
173,A10027319,,,,,,,,,,,201801.0
174,A13550404,,,,,,,,,,,201801.0
175,A10024793,,,,,,,,,,,201801.0
