,kaptCode,heatC,heatP,gasC,gasP,waterHotC,waterHotP,electC,electP,waterCoolC,waterCoolP,Date
0,A13508012,5181220,0,0,0,0,2933190,-1004210,46114410,581350,6844700,201808.0
1,A13579501,2385600,0,0,0,0,1187280,5299130,53346660,-212360,6638950,201808.0
2,A13592604,7751180,2480,0,0,-4944060,4936480,12000949,55038720,0,13983010,201808.0
3,A13508009,7464050,0,0,0,-4205030,4115280,3311609,47913820,1022300,8880480,201808.0
4,A13508004,0,0,0,0,0,1395990,2820940,16048610,0,3580980,201808.0
5,A13508003,0,0,0,0,0,0,2152244,0,0,0,201808.0
6,A13579506,1886840,0,8500,0,2383830,1481820,5170213,58608080,560290,5080440,201808.0
7,A13508006,2854620,0,0,0,0,1709000,1116112,47509890,637120,5501880,201808.0
8,A13508011,2697760,14810,0,0,980,2046210,13539870,60523190,509850,7666060,201808.0
9,A13592601,2598160,0,0,0,0,3085600,-8258315,55684850,383550,8032080,201808.0
10,A13592706,3665640,0,0,7015390,338140,8010270,12337163,64088500,900300,19823900,201808.0
11,A13579505,2529400,0,0,0,0,2894110,7892682,35467530,0,10313660,201808.0
12,A13508005,0,0,0,0,0,0,437050,7491770,53790,2060800,201808.0
13,A13579503,0,0,0,0,0,0,1708710,16812640,0,6238650,201808.0
14,A13592605,3431540,0,0,5270180,0,3360700,11714880,49741110,0,12447760,201808.0
15,A13591402,0,0,0,0,0,0,2435399,24713240,-240,4321240,201808.0
16,A10027474,2464160,0,0,0,148200,2768280,10731520,54595000,780040,6891450,201808.0
17,A10023825,,,,,,,,,,,201808.0
18,A10024820,,,,,,,,,,,201808.0
19,A10024813,,,,,,,,,,,201808.0
20,A13599303,0,5694100,0,0,0,7472500,9373840,56478010,0,0,201808.0
21,A13594007,18276,2132260,0,2460550,0,4292110,3802490,0,229860,6053130,201808.0
22,A13580602,5377580,0,0,0,0,5131040,1099590,71261720,0,15641410,201808.0
23,A13524004,-1420,2772000,0,0,0,4235400,1680580,36561460,381850,7842330,201808.0
24,A13599402,0,4330700,0,3500460,0,9745000,995350,44380040,0,14507160,201808.0
25,A13524005,3039920,0,0,0,0,4600300,4276500,43784420,1589120,0,201808.0
26,A13593908,277480,108240,0,0,0,3587100,0,0,0,0,201808.0
27,A13580001,1414140,0,0,0,0,1612680,2345792,15884460,-140,4202960,201808.0
28,A13524006,0,5954060,0,0,0,3274740,3242590,49319500,2187540,10003450,201808.0
29,A13593901,1871080,2080,0,0,0,786000,5416830,37582240,0,2786370,201808.0
30,A13524009,4214340,0,0,0,-1912200,7871890,11321280,58797985,2488080,12690920,201808.0
31,A13580002,-790,1197990,0,0,0,2537880,771093,12262060,99870,4319610,201808.0
32,A13599301,9418580,0,0,0,0,4122000,723580,36976520,27620,0,201808.0
33,A10025203,,,,,,,,,,,201808.0
34,A10025675,,,,,,,,,,,201808.0
35,A10023565,,,,,,,,,,,201808.0
36,A10024564,,,,,,,,,,,201808.0
37,A10023996,,,,,,,,,,,201808.0
38,A13510003,641730,0,0,0,0,1600000,4680540,37881740,0,4585360,201808.0
39,A13510001,0,0,0,0,0,0,1186090,15520360,5830,2598980,201808.0
40,A13510201,865860,0,0,0,0,1492850,654110,18313010,0,2713510,201808.0
41,A13510203,0,0,0,0,0,0,765410,20000170,0,3487610,201808.0
42,A13510102,1618800,0,0,0,0,2084800,1390670,20703680,0,5143650,201808.0
43,A13510006,0,0,0,0,0,0,4514997,39303980,0,0,201808.0
44,A13510103,2116770,0,0,0,0,2842000,4241030,12533000,0,6806070,201808.0
45,A13510202,1536850,0,1440,0,0,1683000,2288550,13099480,172440,3328550,201808.0
46,A13576201,0,0,0,0,0,0,3725020,20903750,15510,0,201808.0
47,A13510005,4863600,0,0,0,0,8166240,9144840,59194330,1454540,11040140,201808.0
48,A13510009,0,0,0,0,0,0,4841970,26020490,1760,3336700,201808.0
49,A13510007,3657830,0,0,0,0,3314320,16897525,106172370,-222910,7831690,201808.0
50,A10025280,,,,,,,,,,,201808.0
51,A10025755,,,,,,,,,,,201808.0
52,A10024640,,,,,,,,,,,201808.0
53,A13509001,0,0,15460,0,0,0,2181080,13462090,0,2845260,201808.0
54,A13570501,4833920,0,0,0,0,5594300,16056852,70966220,-9120,13939750,201808.0
55,A13550701,1774578,0,0,0,2539389,0,63807331,0,7630370,0,201808.0
56,A13509005,38710,50490,0,0,1531020,1531020,5556942,40148270,101250,5497950,201808.0
57,A13509004,0,0,0,0,0,0,456850,19464590,197130,4074940,201808.0
58,A13509010,5240430,0,0,0,7306000,0,96956860,0,15165740,0,201808.0
59,A13509006,5390,0,0,0,0,0,4287964,19577280,0,5598780,201808.0
60,A13509003,0,0,0,0,0,0,1109914,15873356,-920,7506760,201808.0
61,A13509012,6036230,0,0,0,6475470,0,92826680,0,21238430,0,201808.0
62,A13509007,1686140,0,0,0,0,2054400,5001560,30157250,166970,6327740,201808.0
63,A13570502,,,,,,,,,,,201808.0
64,A13509013,,,,,,,,,,,201808.0
65,A13509101,0,0,0,0,0,0,-905620,13600710,890,3101860,201808.0
66,A13509009,9896540,315360,0,0,-5878800,5878800,26890960,163003730,1105520,10747560,201808.0
67,A13509014,,,,,,,,,,,201808.0
68,A10026350,5262340,0,0,0,0,4892200,8818070,45847280,188620,5457980,201808.0
69,A10026934,,,,,,,,,,,201808.0
70,A10024131,,,,,,,,,,,201808.0
71,A10023939,,,,,,,,,,,201808.0
72,A10024819,,,,,,,,,,,201808.0
73,A13528102,5403350,0,0,0,0,7320290,20148800,79252250,450000,16074670,201808.0
74,A13528103,6724340,0,0,0,0,6305250,27003619,214921700,0,18734300,201808.0
75,A13528004,17366990,0,0,0,0,24810300,26112390,307709120,0,55826280,201808.0
76,A13583604,-13375300,0,0,0,6490000,6490000,7121913,85059230,293160,20208160,201808.0
77,A13583701,2887240,0,0,0,5451810,3994000,11483920,56508820,0,11501650,201808.0
78,A13528003,5027250,0,0,0,0,7917000,16968857,97848740,408630,17915340,201808.0
79,A13528007,2696500,0,0,0,0,1968200,10904390,69051920,622890,7095150,201808.0
80,A13528105,0,0,0,0,0,8302000,-51791140,150490920,2132980,19059310,201808.0
81,A13584101,2424330,0,0,0,0,1969260,6864253,60992020,0,6752330,201808.0
82,A13583507,7650,16273460,0,0,0,42010010,5983380,249382840,1799380,68156020,201808.0
83,A13583403,2218580,0,0,0,0,5470550,3900610,32789490,980580,7516490,201808.0
84,A13583404,8491820,0,0,0,-3623400,3623400,8373680,57705410,337570,8785610,201808.0
85,A13583402,1885070,2160760,0,0,-2358000,2358000,2503290,34156210,1145930,5946060,201808.0
86,A10027800,6157261,620,0,0,0,8752170,47425679,168918810,2436824,32674110,201808.0
87,A10025646,,,,,,,,,,,201808.0
88,A10026526,,,,,,,,,,,201808.0
89,A10024102,,,,,,,,,,,201808.0
90,A10024815,,,,,,,,,,,201808.0
91,A10026924,1466990,0,0,0,0,1456610,7866530,43871130,360030,4345770,201808.0
92,A10024799,,,,,,,,,,,201808.0
93,A10028094,,,,,,,,,,,201808.0
94,A10024029,,,,,,,,,,,201808.0
95,A10024814,,,,,,,,,,,201808.0
96,A10024805,,,,,,,,,,,201808.0
97,A13501004,0,0,0,0,0,0,6591430,35143780,398080,8934840,201808.0
98,A13501001,1021720,0,0,0,0,0,8521798,41105850,1288240,3492100,201808.0
99,A13582002,0,3257650,0,0,0,5454000,7537750,42337020,660620,0,201808.0
100,A13501007,,,,,,,,,,,201808.0
101,A13501008,,,,,,,,,,,201808.0
102,A13583301,0,0,0,0,0,0,2583776,23883760,0,2968600,201808.0
103,A13501006,4012320,0,0,0,-1864920,1850220,4580550,50966220,0,5744570,201808.0
104,A13501005,,,,,,,,,,,201808.0
105,A10024501,,,,,,,,,,,201808.0
106,A13590204,10301593,0,0,0,0,7077000,-24108441,112321030,2493312,0,201808.0
107,A13589802,15892832,35880738,0,0,-21536000,21536000,2412048,428859390,6001260,53584320,201808.0
108,A13511201,7196880,0,0,0,0,0,53765265,0,3000000,0,201808.0
109,A13551103,-8880889,17580659,0,0,0,7022000,14713263,98780050,6000000,0,201808.0
110,A13590602,7718620,0,0,0,0,4436480,2736490,43643150,976800,0,201808.0
111,A13511001,0,2582790,0,0,0,4700160,3695930,38089530,0,0,201808.0
112,A13511004,-740,18679180,0,0,0,18330090,22276646,201122640,9881760,0,201808.0
113,A13511101,0,6583680,0,0,0,4956000,0,47223770,0,13492860,201808.0
114,A13511003,0,0,0,0,0,13537300,13581261,70579730,0,0,201808.0
115,A13519002,0,0,16130,0,0,0,2745480,30902770,7010,6969080,201808.0
116,A13519006,4981597,0,0,0,6370933,0,90669781,0,17093880,0,201808.0
117,A13519007,9319000,0,0,0,-4281170,4265940,3880080,70780630,1812860,13709520,201808.0
118,A13519004,0,0,0,0,0,0,7299740,0,5324950,0,201808.0
119,A13519005,0,0,0,0,0,0,1740291,16026320,0,9659430,201808.0
120,A13519003,0,0,22420,0,0,0,3819900,28179210,117050,6163080,201808.0
121,A13519001,0,0,17600,0,0,0,5627290,26131800,0,6943440,201808.0
122,A10028172,8407430,51100,0,0,-4462350,4445310,9309349,26394110,810590,12553140,201808.0
123,A13519008,25220,0,0,0,3653700,0,16058705,0,10577020,0,201808.0
124,A13520003,0,6683690,0,0,0,4681160,17550094,64465090,0,15457100,201808.0
125,A13520004,2396500,0,0,0,0,2934440,8486027,15293300,475590,6074260,201808.0
126,A10027985,14254690,0,0,0,0,0,97716840,0,21552280,0,201808.0
127,A13520002,0,0,0,0,0,0,23828590,123056580,692100,19449830,201808.0
128,A10023314,,,,,,,,,,,201808.0
129,A13520001,0,0,0,0,0,0,19056556,69530920,696970,16957710,201808.0
130,A10027909,0,0,6510,0,0,0,3368740,17632120,37590,2625780,201808.0
131,A10027912,0,0,13940,0,0,0,29079940,0,5980400,0,201808.0
132,A13594702,3355970,0,0,0,0,9450010,2390190,0,0,0,201808.0
133,A13523005,4363980,0,0,0,0,4593600,8168525,56770150,0,12291700,201808.0
134,A13523004,5049100,0,0,0,0,5075840,857960,61371940,561030,10520190,201808.0
135,A13594701,2404370,0,0,0,0,4904200,2396375,31013380,0,8972420,201808.0
136,A13593802,880760,1231020,0,0,0,5190520,6928815,0,686627,0,201808.0
137,A13523003,2676360,200,0,0,0,3169360,169310,35912830,-180,9992670,201808.0
138,A13594402,1877420,0,2200,0,0,1772000,640000,19299430,964600,0,201808.0
139,A13593801,1633900,0,0,2295390,-982800,2471040,4152610,50048140,0,0,201808.0
140,A13594203,9337730,0,0,0,0,6982800,1268670,56913640,2641200,15571410,201808.0
141,A13594403,2948010,0,0,0,0,8632000,1825090,47257470,2081250,0,201808.0
142,A10027571,,,,,,,,,,,201808.0
143,A10025823,,,,,,,,,,,201808.0
144,A10024216,,,,,,,,,,,201808.0
145,A13522003,0,2123250,0,3926770,0,3714560,2038370,0,1154875,0,201808.0
146,A13522008,0,0,0,0,0,9756000,0,0,0,0,201808.0
147,A13522004,0,107120,0,2241720,0,6591600,12115272,45213110,290870,12354770,201808.0
148,A13588402,7671450,0,0,0,-4224000,4214400,7010660,53317780,4425630,0,201808.0
149,A13522007,3602080,0,0,0,0,5514250,3628650,0,1224150,0,201808.0
150,A13522006,3537190,0,0,0,0,5007170,2656570,37310420,1778320,0,201808.0
151,A13552001,0,23710,0,0,0,2993700,0,1220100,0,5000,201808.0
152,A13552002,0,0,0,0,0,0,6774520,71417920,307990,12559960,201808.0
153,A13588601,2453220,28210,0,0,0,1101000,4399270,25659460,633130,5688930,201808.0
154,A10025204,,,,,,,,,,,201808.0
155,A10027446,3796890,0,0,0,-14235780,17705220,13655070,77763250,229250,7714620,201808.0
156,A13550502,4195270,0,0,0,0,8346950,14547780,73474620,0,14274540,201808.0
157,A13527004,524250,0,0,0,0,1917000,-480730,9679710,0,2801830,201808.0
158,A13585404,0,0,0,2574660,0,3670810,9383905,56880460,0,9935850,201808.0
159,A13527002,1979230,0,0,0,-1020600,1020600,2188392,7253490,0,3293550,201808.0
160,A13527008,0,0,5130,0,0,0,3883272,22706830,20520,6517840,201808.0
161,A13527013,3434020,0,0,0,129,4977736,2814878,31800310,393530,7175730,201808.0
162,A13527203,17343471,0,0,0,-6904,27691470,7473960,224120089,-2661110,59945590,201808.0
163,A13585401,0,0,0,0,0,2178000,1929333,10724900,0,721160,201808.0
164,A13586102,2459620,0,0,0,0,0,9692720,0,3728500,0,201808.0
165,A13585804,5764840,0,0,0,0,9406220,7202950,39145830,1835595,0,201808.0
166,A13527007,2111410,0,0,0,0,2420490,9340089,37123460,283940,5307870,201808.0
167,A13527016,2454470,-36480,0,0,0,4011000,36360,28639980,613610,9307640,201808.0
168,A13550403,4000380,0,0,0,-2533840,2533840,-2208347,20518060,670160,7493050,201808.0
169,A13586101,0,0,0,0,0,0,493970,0,0,0,201808.0
170,A13527010,340,61200,0,0,0,4028700,129938,15549710,-870,6924910,201808.0
171,A13527019,2829310,0,0,0,0,2544000,6665955,52835970,239660,6373660,201808.0
172,A13527006,1476430,0,0,0,1042100,0,1166600,18841090,4481690,0,201808.0
173,A10027319,,,,,,,,,,,201808.0
174,A13550404,,,,,,,,,,,201808.0
175,A10024793,,,,,,,,,,,201808.0
