,kaptCode,heatC,heatP,gasC,gasP,waterHotC,waterHotP,electC,electP,waterCoolC,waterCoolP,Date
0,A13508012,9602190,3035210,0,0,0,7327240,4251920,16149340,-521080,7025100,201810.0
1,A13579501,2385600,6670800,0,0,0,5538170,4610019,16966990,-420130,6551380,201810.0
2,A13592604,13967120,16447720,0,0,-11160000,11145600,7222036,21324510,0,12738780,201810.0
3,A13508009,14635150,8468680,0,0,-11376130,11266800,7091659,20277330,409280,8343430,201810.0
4,A13508004,2216080,2282200,0,0,0,2929920,1694540,6540020,0,3469220,201810.0
5,A13508003,0,0,0,0,0,0,878839,0,0,0,201810.0
6,A13579506,1886840,4987200,6150,0,0,2840290,3583416,15168210,0,4914740,201810.0
7,A13508006,2854620,6216030,0,0,0,6376460,4276306,21554470,471830,4494650,201810.0
8,A13508011,2697760,7073370,0,0,-1250,9654450,7226770,27687710,0,7489110,201810.0
9,A13592601,2598860,6177170,0,0,0,11100220,577960,20497770,320790,7861100,201810.0
10,A13592706,3665640,18678220,0,7497000,717580,21140020,13398818,28225330,823030,18593470,201810.0
11,A13579505,2529400,7764680,0,0,0,8003370,6641317,24151770,0,10196260,201810.0
12,A13508005,0,0,0,0,0,0,815440,2911110,0,1923020,201810.0
13,A13579503,0,0,0,0,0,0,1009280,9135900,0,5574510,201810.0
14,A13592605,3431540,11995250,0,5339550,0,14760220,3572960,30704270,0,12741700,201810.0
15,A13591402,0,0,0,0,0,0,1935584,8975890,-140,3973710,201810.0
16,A10027474,2464160,3756500,0,0,578270,9034200,6200100,21782590,333960,8112280,201810.0
17,A10023825,,,,,,,,,,,201810.0
18,A10024820,,,,,,,,,,,201810.0
19,A10024813,,,,,,,,,,,201810.0
20,A13599303,0,44353100,0,0,0,14252500,7570300,24694900,1086040,0,201810.0
21,A13594007,110913,12124060,0,2667230,0,11283960,3030520,0,225350,4869110,201810.0
22,A13580602,5377580,28057220,0,0,0,10847100,5558240,23463130,0,12842350,201810.0
23,A13524004,-690,25465800,0,0,0,8330400,3986740,13032750,298690,6191890,201810.0
24,A13599402,0,10738900,0,0,0,9342500,2151730,29018490,0,14308220,201810.0
25,A13524005,3039360,16742490,0,0,0,7004800,4820640,15875420,1551680,0,201810.0
26,A13593908,1548538,17771220,0,0,0,11492000,0,0,0,0,201810.0
27,A13580001,1417260,8781590,0,0,0,4184700,2425992,5989380,-690,4079160,201810.0
28,A13524006,0,45621020,0,0,0,6321780,6917910,20762950,3123800,7874670,201810.0
29,A13593901,1944470,6380220,0,0,0,4623500,4283450,13951080,0,2878000,201810.0
30,A13524009,4976350,24416500,0,0,-2008200,25536000,3324170,25261230,2212340,10367860,201810.0
31,A13580002,-1528,8137980,0,0,0,5677070,1531863,7704460,51330,3481300,201810.0
32,A13599301,45534140,0,0,0,0,7958000,8102510,22486360,27620,0,201810.0
33,A10025203,,,,,,,,,,,201810.0
34,A10025675,,,,,,,,,,,201810.0
35,A10023565,,,,,,,,,,,201810.0
36,A10024564,,,,,,,,,,,201810.0
37,A10023996,,,,,,,,,,,201810.0
38,A13510003,1411940,7086300,0,0,0,3587500,3302860,11250630,0,4807760,201810.0
39,A13510001,0,0,0,0,0,0,1093230,5206570,0,2649500,201810.0
40,A13510201,868700,3308090,0,0,0,3070800,651300,6083780,0,3045400,201810.0
41,A13510203,0,0,0,0,0,0,963260,8389420,0,4414490,201810.0
42,A13510102,1617580,7283710,0,0,0,5034000,1545880,13540650,0,4942060,201810.0
43,A13510006,0,0,0,0,0,0,2684549,13406290,0,0,201810.0
44,A13510103,2656410,12010600,0,0,0,6216000,3294350,13240300,0,6913620,201810.0
45,A13510202,13473570,0,0,0,0,3339000,2311410,6293690,335880,2836300,201810.0
46,A13576201,0,0,0,0,0,0,1124700,8623600,17810,0,201810.0
47,A13510005,4793087,18761110,0,0,0,15104340,3098710,30581540,833690,9035660,201810.0
48,A13510009,0,0,0,0,0,0,3552300,10665840,1900,3085960,201810.0
49,A13510007,6905000,7702200,0,0,0,9679320,11096035,23229990,-1085900,7512610,201810.0
50,A10025280,,,,,,,,,,,201810.0
51,A10025755,,,,,,,,,,,201810.0
52,A10024640,,,,,,,,,,,201810.0
53,A13509001,0,0,18300,0,0,0,1561150,5540520,0,2803350,201810.0
54,A13570501,6381650,20159750,0,0,0,8177000,10179279,35681160,-14860,15808600,201810.0
55,A13550701,12952500,11177922,0,0,12154670,12154670,24778348,19496930,6213470,6213470,201810.0
56,A13509005,44460,5730190,0,0,4548320,4548320,3838123,14583260,60860,4706930,201810.0
57,A13509004,0,0,0,0,0,0,854720,8167200,33110,4438380,201810.0
58,A13509010,19083900,0,0,0,17549850,0,53922890,0,13262680,0,201810.0
59,A13509006,19680,0,0,0,0,0,3344522,10479960,0,5328220,201810.0
60,A13509003,0,0,0,0,0,0,1222220,7449650,-930,8042480,201810.0
61,A13509012,20165690,0,0,0,23762700,0,56890750,0,18583740,0,201810.0
62,A13509007,2085610,7963580,0,0,0,4947400,3583330,10552500,134610,5365410,201810.0
63,A13570502,,,,,,,,,,,201810.0
64,A13509013,,,,,,,,,,,201810.0
65,A13509101,0,0,0,0,0,0,1264360,5611170,521150,3037210,201810.0
66,A13509009,14734000,15252900,0,0,-10245600,10245600,15087990,47502130,1931450,9961570,201810.0
67,A13509014,,,,,,,,,,,201810.0
68,A10026350,3453110,3841440,0,0,0,6702500,5839588,17085070,567170,5471630,201810.0
69,A10026934,,,,,,,,,,,201810.0
70,A10024131,,,,,,,,,,,201810.0
71,A10023939,,,,,,,,,,,201810.0
72,A10024819,,,,,,,,,,,201810.0
73,A13528102,5403350,24966760,0,0,0,13417360,13367980,43259520,0,15318320,201810.0
74,A13528103,6724340,16348500,0,0,0,22208660,19909805,64423470,0,19990500,201810.0
75,A13528004,22955750,68240520,0,0,0,41790600,18484900,111549290,0,50834830,201810.0
76,A13583604,40938450,0,0,0,16120000,16120000,9184641,43745000,979540,16751490,201810.0
77,A13583701,2887240,4151610,0,0,2975600,19722000,6711596,21178410,0,10113360,201810.0
78,A13528003,5765370,21721720,0,0,0,29270100,10622336,35338160,569310,14445040,201810.0
79,A13528007,3513080,4269770,0,0,0,6260600,6288890,22432990,208990,6659160,201810.0
80,A13528105,1890,42821850,0,0,0,21056000,4622360,48504750,0,18819040,201810.0
81,A13584101,2424330,5329060,0,0,0,8915400,4560439,19019560,0,6433370,201810.0
82,A13583507,-16960,208310900,0,0,0,81756500,34992210,147409240,-769890,60046540,201810.0
83,A13583403,20758820,0,0,0,0,9852350,4251340,16222190,666850,6052910,201810.0
84,A13583404,39915640,0,0,0,-6744600,6744600,7751709,26253170,751330,8492400,201810.0
85,A13583402,17084190,0,0,0,4616000,0,2753780,0,0,0,201810.0
86,A10027800,8115943,9704510,0,0,0,32715920,29047332,95185830,2489700,32671350,201810.0
87,A10025646,,,,,,,,,,,201810.0
88,A10026526,,,,,,,,,,,201810.0
89,A10024102,,,,,,,,,,,201810.0
90,A10024815,,,,,,,,,,,201810.0
91,A10026924,1467700,4377220,0,0,0,4201110,4368630,11620440,377620,3922550,201810.0
92,A10024799,,,,,,,,,,,201810.0
93,A10028094,,,,,,,,,,,201810.0
94,A10024029,,,,,,,,,,,201810.0
95,A10024814,,,,,,,,,,,201810.0
96,A10024805,,,,,,,,,,,201810.0
97,A13501004,0,0,0,0,0,0,7810880,14527540,218440,8942540,201810.0
98,A13501001,3912370,0,0,0,0,0,8439039,25159090,1375050,3645450,201810.0
99,A13582002,0,28962900,0,0,0,9813600,6033820,16246470,0,0,201810.0
100,A13501007,,,,,,,,,,,201810.0
101,A13501008,,,,,,,,,,,201810.0
102,A13583301,0,0,0,0,0,0,3414240,8607690,0,2848880,201810.0
103,A13501006,8682485,3222370,0,0,-6535085,6491161,4351210,25606670,0,5466230,201810.0
104,A13501005,,,,,,,,,,,201810.0
105,A10024501,,,,,,,,,,,201810.0
106,A13590204,59710662,0,0,0,0,12627000,-357890,36959020,119738,0,201810.0
107,A13589802,21015784,305524036,0,0,-33346000,33346000,1543749,182332620,13134170,46920050,201810.0
108,A13511201,33760540,0,0,0,0,0,19554996,0,3000000,0,201810.0
109,A13551103,58310860,0,0,0,11200000,0,35849820,0,6000000,0,201810.0
110,A13590602,38756990,0,0,0,0,7505920,4699340,19436710,806000,0,201810.0
111,A13511001,0,17550960,0,0,0,8199360,3270820,14423250,0,0,201810.0
112,A13511004,-60,169090190,0,0,0,30546270,17351706,87831430,2575310,0,201810.0
113,A13511101,0,38070690,0,0,0,9735000,0,32464320,0,12480060,201810.0
114,A13511003,0,17553481,0,0,0,21978400,3915645,32397850,0,0,201810.0
115,A13519002,0,0,50540,0,0,0,1938420,10211970,71450,6372540,201810.0
116,A13519006,6729330,11532960,0,0,310130,13065990,5939957,26034900,0,16293230,201810.0
117,A13519007,19383440,11114400,0,0,-11651130,11613140,3984130,27464840,389000,12798490,201810.0
118,A13519004,0,0,0,0,0,0,14468550,0,4912670,0,201810.0
119,A13519005,0,0,0,0,0,0,1904071,19909390,0,9127650,201810.0
120,A13519003,0,0,47080,0,0,0,2340460,9062020,137180,5824350,201810.0
121,A13519001,0,0,51280,0,0,0,2405410,9198050,0,6006350,201810.0
122,A10028172,16935140,5905900,0,0,-12221430,12160530,8392466,22141040,-113840,12332810,201810.0
123,A13519008,9454120,0,0,0,10292500,0,22883980,0,10052830,0,201810.0
124,A13520003,1858170,18030720,0,0,0,21104460,11407360,50736520,0,16126900,201810.0
125,A13520004,2396500,4824420,0,0,0,8322560,4443751,12658210,257730,7213060,201810.0
126,A10027985,40974900,0,0,0,0,0,49775250,0,18016620,0,201810.0
127,A13520002,0,0,0,0,0,0,13097310,48198380,829610,18872970,201810.0
128,A10023314,,,,,,,,,,,201810.0
129,A13520001,0,0,0,0,0,0,7777715,30679500,432910,15566980,201810.0
130,A10027909,0,0,730,0,0,0,1582860,6618240,65790,2707710,201810.0
131,A10027912,0,0,65540,0,0,0,10659640,0,5410450,0,201810.0
132,A13594702,3355970,20458000,0,0,200,12644190,3448040,0,0,0,201810.0
133,A13523005,4363980,24725232,0,0,0,25906390,8968689,46365150,0,20838250,201810.0
134,A13523004,7561140,18899460,0,0,0,11793600,567580,34712940,1290350,8554160,201810.0
135,A13594701,4312979,17199670,0,0,0,11368500,4792260,16127010,736171,7361710,201810.0
136,A13593802,6957230,19403070,0,0,0,9222000,3343250,0,741720,0,201810.0
137,A13523003,4938550,10844070,0,0,0,10982400,110830,16349520,-110,9375520,201810.0
138,A13594402,15731600,0,2190,0,0,3488000,4213600,10588440,482300,0,201810.0
139,A13593801,7558370,4242960,0,2404360,-6349500,8592990,3835320,20690820,0,0,201810.0
140,A13594203,17906028,18997572,0,0,0,15720100,2301420,36326840,4966200,12664990,201810.0
141,A13594403,29290260,0,0,0,0,16512000,4774030,22539230,320060,0,201810.0
142,A10027571,,,,,,,,,,,201810.0
143,A10025823,,,,,,,,,,,201810.0
144,A10024216,,,,,,,,,,,201810.0
145,A13522003,0,2123250,0,0,0,6397400,2539170,0,162900,0,201810.0
146,A13522008,0,26576350,0,0,0,21624000,0,0,0,0,201810.0
147,A13522004,0,16341690,0,4554350,0,14660100,9831303,17798870,343150,12599380,201810.0
148,A13588402,12893950,8858400,0,0,-9446500,9432500,4538630,20524840,3853750,0,201810.0
149,A13522007,6188020,15946460,0,0,0,14363160,3359390,0,558900,0,201810.0
150,A13522006,6011720,11513160,0,0,0,14684000,-2844140,23193780,1877300,0,201810.0
151,A13552001,1025936,1224394,0,0,0,12392800,0,476060,0,5000,201810.0
152,A13552002,0,0,0,0,0,0,2555506,29789670,984160,11669830,201810.0
153,A13588601,4327730,5317150,0,0,0,6286020,3467300,11198800,381250,4714820,201810.0
154,A10025204,,,,,,,,,,,201810.0
155,A10027446,480880,7738150,0,0,0,16408360,4918780,26173770,0,6940160,201810.0
156,A13550502,4195270,18260760,0,0,0,22463530,13534010,33929040,0,12646920,201810.0
157,A13527004,1222360,6104440,0,0,0,2700000,1088350,5284510,134360,2934650,201810.0
158,A13585404,0,0,0,2649080,0,0,8034508,21654430,-280,8313410,201810.0
159,A13527002,3120900,2907280,0,0,2159470,2159470,2803081,5430930,0,3201020,201810.0
160,A13527008,0,0,6600,0,0,0,2180723,10622420,16870,5811090,201810.0
161,A13527013,3434718,17545410,0,0,0,9153690,5254577,16248250,915650,5951540,201810.0
162,A13527203,17343060,56649440,0,0,0,77785500,7697160,133568140,-1330910,59774200,201810.0
163,A13585401,0,4394500,0,0,0,4118400,2258186,4256600,0,1750320,201810.0
164,A13586102,8077450,0,0,0,0,0,8415950,0,3904410,0,201810.0
165,A13585804,1532590,20744370,0,0,4232250,25393500,18013460,34161550,10000,0,201810.0
166,A13527007,2111410,4352420,0,0,0,7390500,6825675,15535240,226100,5394280,201810.0
167,A13527016,4709240,10150780,0,0,0,7973000,4108840,13314260,382270,8763990,201810.0
168,A13550403,5985060,16244550,0,0,-6083000,6083000,4640434,11341240,2040680,6272210,201810.0
169,A13586101,0,0,0,0,0,0,427300,0,0,0,201810.0
170,A13527010,-420,17667300,0,0,0,7152000,3892541,9594000,-90,7028210,201810.0
171,A13527019,2845810,6934780,0,0,0,7488800,8964174,16401210,113000,6329620,201810.0
172,A13527006,19931120,0,0,0,1963500,0,2855390,7600250,4833410,0,201810.0
173,A10027319,,,,,,,,,,,201810.0
174,A13550404,,,,,,,,,,,201810.0
175,A10024793,,,,,,,,,,,201810.0
