,kaptCode,heatC,heatP,gasC,gasP,waterHotC,waterHotP,electC,electP,waterCoolC,waterCoolP,Date
0,A13508012,2154950,64920,0,0,0,5530530,6477230,18585110,308460,6803500,201806.0
1,A13579501,2385600,0,0,0,0,4600830,5163675,19428340,-160690,6587280,201806.0
2,A13592604,12775820,30020,0,2488190,-9968700,9952250,7685614,24510770,0,13656330,201806.0
3,A13508009,10610550,279380,0,0,-7351530,7257000,10474024,24725670,714290,8566700,201806.0
4,A13508004,0,0,0,0,0,2096850,2241050,7435380,0,3687560,201806.0
5,A13508003,0,0,0,0,0,0,1983257,0,0,0,201806.0
6,A13579506,1886840,0,0,0,0,3036680,4105063,18858260,0,4996580,201806.0
7,A13508006,2854620,131700,0,0,0,2810170,3912335,24491700,412600,5420070,201806.0
8,A13508011,2697760,119270,0,0,-1320,6961050,9692030,30908540,832070,7813850,201806.0
9,A13592601,2607380,137510,0,0,0,7328880,123007,23679940,649180,7883340,201806.0
10,A13592706,3665640,110350,0,3743600,550530,14443120,13104100,33609640,885920,19559610,201806.0
11,A13579505,2529400,110880,0,0,0,6427440,9497540,29068550,0,10159730,201806.0
12,A13508005,0,0,0,0,0,0,551950,3591680,36520,1959240,201806.0
13,A13579503,0,0,0,0,0,0,2211100,8322150,0,5523880,201806.0
14,A13592605,3431540,0,0,2587420,0,8308310,10408630,35405220,0,13612510,201806.0
15,A13591402,0,0,0,0,0,0,2878309,9614660,0,3931790,201806.0
16,A10027474,2464160,80000,0,0,269070,5275000,6869930,23235150,523440,6899780,201806.0
17,A10023825,,,,,,,,,,,201806.0
18,A10024820,,,,,,,,,,,201806.0
19,A10024813,,,,,,,,,,,201806.0
20,A13599303,0,8162900,0,0,0,12862500,9297830,25596250,3047400,0,201806.0
21,A13594007,22176,2132260,0,2472180,0,9865110,3432910,0,1394310,4850560,201806.0
22,A13580602,5377580,0,0,0,0,10105260,4846110,27379390,0,15275110,201806.0
23,A13524004,280,3019650,0,0,0,7885800,3447870,14490820,356860,6784610,201806.0
24,A13599402,0,24523300,0,3413570,0,12462500,5148300,26429000,0,11452140,201806.0
25,A13524005,3039360,0,0,0,0,7923630,3242800,18120330,1959360,0,201806.0
26,A13593908,887320,0,0,0,0,9003600,0,0,0,0,201806.0
27,A13580001,1417240,27120,0,0,0,3584750,1622526,7933950,-750,3781240,201806.0
28,A13524006,0,6867960,0,0,0,6087870,5453250,22243860,2954000,8690390,201806.0
29,A13593901,1870930,29700,0,0,0,3096800,4875800,15932280,0,2759520,201806.0
30,A13524009,4192400,332700,0,0,-2562300,17127000,7279050,28808550,3132170,12226820,201806.0
31,A13580002,-420,1197990,0,0,0,4389560,1677171,8213590,93750,3510580,201806.0
32,A13599301,15021170,0,0,0,0,7534000,6649900,24326860,27620,0,201806.0
33,A10025203,,,,,,,,,,,201806.0
34,A10025675,,,,,,,,,,,201806.0
35,A10023565,,,,,,,,,,,201806.0
36,A10024564,,,,,,,,,,,201806.0
37,A10023996,,,,,,,,,,,201806.0
38,A13510003,0,0,0,0,0,2735000,3511590,13631920,0,4185040,201806.0
39,A13510001,0,0,0,0,0,0,1092800,5823280,45360,2714060,201806.0
40,A13510201,864370,0,0,0,0,2584760,786810,6735860,0,3124440,201806.0
41,A13510203,0,0,0,0,0,0,907220,9408050,0,3564970,201806.0
42,A13510102,1617810,0,0,0,0,3843480,1519460,13959230,0,5250710,201806.0
43,A13510006,0,0,0,0,0,0,3036516,15486800,0,0,201806.0
44,A13510103,2116770,0,0,0,0,5442000,2291760,15554900,0,6662430,201806.0
45,A13510202,1835270,0,24850,0,0,2775000,2449790,8303990,309180,2931040,201806.0
46,A13576201,0,0,0,0,0,0,1072820,9393010,14960,0,201806.0
47,A13510005,4863600,0,0,0,0,10853700,8618860,34039340,1575840,9459180,201806.0
48,A13510009,0,0,0,0,0,0,4498870,17153750,1620,3169520,201806.0
49,A13510007,3660330,0,0,0,0,6347810,16372406,29094520,305770,7743560,201806.0
50,A10025280,,,,,,,,,,,201806.0
51,A10025755,,,,,,,,,,,201806.0
52,A10024640,,,,,,,,,,,201806.0
53,A13509001,0,0,46780,0,0,0,1708220,6210920,0,2902140,201806.0
54,A13570501,5580660,911000,0,0,0,9996000,15396598,45174260,-11310,16336210,201806.0
55,A13550701,1777347,0,0,0,4760880,0,26196431,0,6045860,0,201806.0
56,A13509005,64310,60300,0,0,3277950,3277950,4478705,16991410,76470,5033660,201806.0
57,A13509004,0,0,0,0,0,0,1229770,9856500,106900,4135250,201806.0
58,A13509010,5148250,0,0,0,12653550,0,64260680,0,14212620,0,201806.0
59,A13509006,28110,0,0,0,0,0,2047132,9581970,0,5706990,201806.0
60,A13509003,0,0,0,0,0,0,1294200,8346720,-790,7461760,201806.0
61,A13509012,6036230,0,0,0,19478300,0,61855200,0,18288270,0,201806.0
62,A13509007,2091670,28620,0,0,0,3547200,4940050,12045860,250840,5793130,201806.0
63,A13570502,,,,,,,,,,,201806.0
64,A13509013,,,,,,,,,,,201806.0
65,A13509101,0,0,0,0,0,0,744620,7117610,342260,3328860,201806.0
66,A13509009,13156640,1463000,0,0,-8647200,8647200,22508580,62668460,991640,9867170,201806.0
67,A13509014,,,,,,,,,,,201806.0
68,A10026350,3464900,3771940,0,0,0,2983000,8441300,13010830,3893640,4672180,201806.0
69,A10026934,,,,,,,,,,,201806.0
70,A10024131,,,,,,,,,,,201806.0
71,A10023939,,,,,,,,,,,201806.0
72,A10024819,,,,,,,,,,,201806.0
73,A13528102,5403350,9320,0,0,0,14652800,16124300,51006980,0,15517500,201806.0
74,A13528103,6724340,735420,0,0,0,12222560,19717861,78921030,0,19638150,201806.0
75,A13528004,17366990,0,0,8395410,0,41850000,22199910,131875570,0,53694180,201806.0
76,A13583604,-2658280,0,0,0,0,13012500,10312982,43835920,407980,16821720,201806.0
77,A13583701,2887240,0,0,2021190,2182700,8395000,8216105,23968190,0,10149230,201806.0
78,A13528003,4863144,0,0,3157390,0,17543260,12624070,41135910,340140,16403940,201806.0
79,A13528007,2868020,154760,0,0,0,4937100,7573100,25961140,792550,7177300,201806.0
80,A13528105,0,0,0,0,0,17062500,-6454040,63580630,1530940,17576780,201806.0
81,A13584101,2424330,17040,0,0,0,4511300,5349494,21642830,0,5868880,201806.0
82,A13583507,6570,25365480,0,0,0,64720880,28618300,152384720,7476270,53999130,201806.0
83,A13583403,3311380,0,0,0,0,8194100,3287230,17790320,548060,6342090,201806.0
84,A13583404,12318220,0,0,0,-6022800,6022800,8651839,26829450,588720,9302940,201806.0
85,A13583402,3228360,3383800,0,0,-4512000,4512000,3651600,13298890,2737480,4750350,201806.0
86,A10027800,7868542,370,0,18600,0,27342190,40510406,109339050,541520,31903030,201806.0
87,A10025646,,,,,,,,,,,201806.0
88,A10026526,,,,,,,,,,,201806.0
89,A10024102,,,,,,,,,,,201806.0
90,A10024815,,,,,,,,,,,201806.0
91,A10026924,1466990,17410,0,0,-430,3293800,4826260,14653270,245350,4154400,201806.0
92,A10024799,,,,,,,,,,,201806.0
93,A10028094,,,,,,,,,,,201806.0
94,A10024029,,,,,,,,,,,201806.0
95,A10024814,,,,,,,,,,,201806.0
96,A10024805,,,,,,,,,,,201806.0
97,A13501004,0,0,0,0,0,0,8039200,16223040,231330,8986950,201806.0
98,A13501001,2384650,0,0,0,0,0,10209381,34446580,2927770,3367970,201806.0
99,A13582002,0,4314510,0,0,0,8362800,7301100,21804780,739940,0,201806.0
100,A13501007,,,,,,,,,,,201806.0
101,A13501008,,,,,,,,,,,201806.0
102,A13583301,0,0,0,0,0,0,2450572,8507830,0,2654230,201806.0
103,A13501006,6583196,66684,0,0,-4435796,4408296,1558692,24256550,0,6186400,201806.0
104,A13501005,,,,,,,,,,,201806.0
105,A10024501,,,,,,,,,,,201806.0
106,A13590204,12048718,0,0,0,0,12462000,2452119,44113640,1817477,0,201806.0
107,A13589802,18164650,57050770,0,0,-35154000,35154000,1986741,201000500,17716720,42617540,201806.0
108,A13511201,10325390,0,0,0,0,0,26533121,0,417840,0,201806.0
109,A13551103,-8077153,21337843,0,0,0,10226000,9721527,40439290,6000000,0,201806.0
110,A13590602,12944160,0,0,0,0,7073280,4038700,23142560,924000,0,201806.0
111,A13511001,0,190190,0,0,0,7369920,4438310,18275100,0,0,201806.0
112,A13511004,280,24883820,0,0,0,27679920,26695419,98576850,7908580,0,201806.0
113,A13511101,0,9704970,0,0,0,7836000,0,29349020,0,12428470,201806.0
114,A13511003,0,0,0,0,0,20513450,7329615,36575450,0,0,201806.0
115,A13519002,0,0,58080,0,0,0,2524580,11960520,94690,6854820,201806.0
116,A13519006,5630943,176720,0,0,1517,13038770,9929905,28359300,0,16454310,201806.0
117,A13519007,15154850,1033400,0,0,-8748860,8720190,3336360,30372370,780510,13449100,201806.0
118,A13519004,0,0,0,0,0,0,14942300,0,5289850,0,201806.0
119,A13519005,0,0,0,0,0,0,2247470,21554550,433050,9758120,201806.0
120,A13519003,0,0,42750,0,0,0,3474940,10376170,72810,6392250,201806.0
121,A13519001,0,0,53810,0,0,0,3480850,10283810,41040,6470800,201806.0
122,A10028172,13361740,54600,0,0,-9124820,9084160,9247351,24102260,390920,12333090,201806.0
123,A13519008,-82540,117860,0,0,0,7724640,3230009,16846820,-239,9012665,201806.0
124,A13520003,139240,7085570,0,0,0,11955250,14912517,56420990,0,15736400,201806.0
125,A13520004,2396500,0,0,0,0,5831680,5608662,12318000,67720,7014300,201806.0
126,A10027985,23540620,0,0,0,0,0,54085270,0,18483080,0,201806.0
127,A13520002,0,0,0,0,0,0,16345430,53921980,1243340,18863860,201806.0
128,A10023314,,,,,,,,,,,201806.0
129,A13520001,0,0,0,0,0,0,12497588,32940140,369670,16380470,201806.0
130,A10027909,0,0,12070,0,0,0,2508370,6880040,0,2716420,201806.0
131,A10027912,0,0,38810,0,0,0,11520370,11099580,5569220,5094590,201806.0
132,A13594702,3355970,0,0,0,0,13791800,3097430,0,0,0,201806.0
133,A13523005,4363980,149880,0,0,0,8796600,5319744,26019750,0,11873510,201806.0
134,A13523004,5556990,431080,0,0,0,10687800,771530,29553560,412460,8956650,201806.0
135,A13594701,2739820,3041150,0,0,0,9208800,4843268,17290020,733280,7332770,201806.0
136,A13593802,2113960,1432510,0,0,0,8991480,5072620,0,744800,0,201806.0
137,A13523003,3050020,502470,0,0,0,6074400,234170,18185750,1110,9811040,201806.0
138,A13594402,2989220,0,2120,0,0,2972000,2997000,11628390,2042040,0,201806.0
139,A13593801,2692270,0,0,2289980,-2041060,4304160,3667670,23930450,0,0,201806.0
140,A13594203,15255100,0,0,0,0,14437170,-419670,30691590,4705800,13141800,201806.0
141,A13594403,2780520,0,0,0,0,14424000,5443960,26835630,779590,0,201806.0
142,A10027571,,,,,,,,,,,201806.0
143,A10025823,,,,,,,,,,,201806.0
144,A10024216,,,,,,,,,,,201806.0
145,A13522003,0,4123780,0,0,0,10850000,2713640,0,845595,0,201806.0
146,A13522008,0,568080,0,0,0,20250000,0,0,0,0,201806.0
147,A13522004,0,730360,0,2286430,0,11163600,9801355,20158730,220790,12095380,201806.0
148,A13588402,10589850,0,0,0,-7142400,7132800,5604240,22306640,5135720,0,201806.0
149,A13522007,4136910,0,0,0,0,10938860,3628240,0,389400,0,201806.0
150,A13522006,4028460,0,0,0,0,10152560,1470500,21831100,6556180,0,201806.0
151,A13552001,0,17130,0,0,0,6479600,0,604990,0,5000,201806.0
152,A13552002,0,0,0,0,0,0,3334069,31558540,1670020,12494400,201806.0
153,A13588601,4168990,67520,0,0,0,2589800,3072420,10848910,1691610,5182160,201806.0
154,A10025204,,,,,,,,,,,201806.0
155,A10027446,3798660,86090,0,0,-10173380,17258180,6425870,28270870,1069820,7803690,201806.0
156,A13550502,4195270,222350,0,0,0,13962960,11870020,34187360,0,14666750,201806.0
157,A13527004,588380,0,0,0,0,2949000,380600,6317570,0,3192310,201806.0
158,A13585404,0,401890,0,2621530,0,8784000,8267295,23186510,0,7498760,201806.0
159,A13527002,17892,0,0,0,0,2007780,2353180,6752370,0,3405150,201806.0
160,A13527008,0,0,14170,0,0,0,1903095,12933780,19820,6363820,201806.0
161,A13527013,3434020,0,0,0,60,8356934,3908389,17342330,490320,6223110,201806.0
162,A13527203,17343380,8440,0,0,0,50890080,7378020,152908780,-3419260,59416600,201806.0
163,A13585401,0,235800,0,0,0,3411000,1702635,4918920,0,1129420,201806.0
164,A13586102,3637630,0,0,0,0,0,8225540,0,3865330,0,201806.0
165,A13585804,8787650,0,0,0,-2504630,19427130,10663120,42707580,3849550,0,201806.0
166,A13527007,2111410,0,0,0,0,4438650,8758493,18368870,317870,4874180,201806.0
167,A13527016,2951800,3040,0,0,0,7049000,6075776,13310490,1721570,8805610,201806.0
168,A13550403,2136250,17090,0,0,0,5554460,2849087,12535720,0,6817970,201806.0
169,A13586101,0,0,0,0,0,0,451570,0,0,0,201806.0
170,A13527010,1460,92400,0,0,0,6175500,3372391,9811940,-20,6889360,201806.0
171,A13527019,2949770,16750,0,0,0,4982200,7407729,22412840,539310,6722650,201806.0
172,A13527006,2502220,0,0,0,2085900,0,2664690,8470310,4765300,0,201806.0
173,A10027319,,,,,,,,,,,201806.0
174,A13550404,,,,,,,,,,,201806.0
175,A10024793,,,,,,,,,,,201806.0
