,kaptCode,heatC,heatP,gasC,gasP,waterHotC,waterHotP,electC,electP,waterCoolC,waterCoolP,Date
0,A13508012,2154950,4598560,0,0,0,9769310,7617920,17859730,85990,6461900,201804.0
1,A13579501,2385600,6985900,0,0,0,9321000,4950230,18211860,-222100,6353350,201804.0
2,A13592604,5179570,12485040,0,2938110,0,16113000,8281839,23165590,10,12866920,201804.0
3,A13508009,16316150,11371060,0,0,-13057130,12943700,7260986,20058440,473650,8478700,201804.0
4,A13508004,2837190,2838750,0,0,0,3822630,429740,6523760,33380,3663400,201804.0
5,A13508003,0,0,0,0,0,0,1109287,0,0,0,201804.0
6,A13579506,1886840,5670080,5970,0,0,3977920,3214625,17453920,0,4895000,201804.0
7,A13508006,2930340,6326790,0,0,0,7644000,4382217,22652270,209280,5385590,201804.0
8,A13508011,2697760,8886660,0,0,950,11865000,9233950,26255190,317460,7367660,201804.0
9,A13592601,4304140,7265660,0,0,0,12429970,934203,22405810,325290,7856600,201804.0
10,A13592706,3664860,16152570,0,3596920,0,27841500,11447280,30513800,-6500,19279300,201804.0
11,A13579505,2529400,8095010,0,0,0,10527900,5887455,24059570,0,10067470,201804.0
12,A13508005,0,0,0,0,0,0,1413760,2898260,36520,1832030,201804.0
13,A13579503,0,0,0,0,0,0,2355030,7946300,0,5335760,201804.0
14,A13592605,3431540,11988590,0,2730180,0,19661310,6730320,30168480,0,12818950,201804.0
15,A13591402,0,0,0,0,0,0,2572842,10010650,0,3704060,201804.0
16,A10027474,2464160,4847700,0,0,730570,9059040,6889590,18735040,508700,6852630,201804.0
17,A10023825,,,,,,,,,,,201804.0
18,A10024820,,,,,,,,,,,201804.0
19,A10024813,,,,,,,,,,,201804.0
20,A13599303,1520,47537320,0,0,0,16277500,9992560,25501780,1927300,0,201804.0
21,A13594007,227550,8131600,0,2464010,0,19748950,3617920,0,508260,4225280,201804.0
22,A13580602,5377290,23572630,0,0,0,13988700,6787340,25518020,660,13389240,201804.0
23,A13524004,-530,22175400,0,0,0,10307700,5642230,13431890,109680,5881790,201804.0
24,A13599402,0,68955700,0,3547820,0,20647500,5360570,24384320,0,6673050,201804.0
25,A13524005,3039920,17829750,0,0,0,8070400,5200060,20906600,2662400,0,201804.0
26,A13593908,3653602,12878820,0,0,0,19843200,0,0,0,0,201804.0
27,A13580001,1417130,8858110,0,0,0,5190900,3013328,7614470,-410,4193820,201804.0
28,A13524006,0,34217560,0,0,0,7507890,0,26905620,3913840,7576850,201804.0
29,A13593901,1920630,5940900,0,0,0,5892000,4268140,14905430,0,2609950,201804.0
30,A13524009,4300240,30356180,0,0,-3108200,25746320,8447310,27041850,3627890,9043470,201804.0
31,A13580002,-181,5334840,0,0,0,7512500,1904405,7756820,99870,3198420,201804.0
32,A13599301,45262460,0,0,0,0,9958000,7672360,22397590,27620,0,201804.0
33,A10025203,,,,,,,,,,,201804.0
34,A10025675,,,,,,,,,,,201804.0
35,A10023565,,,,,,,,,,,201804.0
36,A10024564,,,,,,,,,,,201804.0
37,A10023996,,,,,,,,,,,201804.0
38,A13510003,1412020,9408020,0,0,0,4239200,4116690,11080690,0,4158290,201804.0
39,A13510001,0,0,0,0,0,0,1411100,5330160,0,2674650,201804.0
40,A13510201,868390,4495940,0,0,0,3499200,1284790,6751670,0,2741030,201804.0
41,A13510203,0,0,0,0,0,0,998440,9462770,0,3333180,201804.0
42,A13510102,1617660,7755690,0,0,0,5736000,3376970,11547880,0,4807790,201804.0
43,A13510006,0,0,0,0,0,0,2772593,15275530,0,0,201804.0
44,A13510103,2530130,12902000,0,0,0,6285000,2244780,13668800,0,6659380,201804.0
45,A13510202,12636180,0,92830,0,0,3573000,1657410,7345400,99690,2436380,201804.0
46,A13576201,0,0,0,0,0,0,1325640,9539900,14620,0,201804.0
47,A13510005,4863600,20251870,0,0,0,21207400,9023280,30431640,1008140,8353170,201804.0
48,A13510009,0,0,0,0,0,0,2647630,10805290,1500,3074340,201804.0
49,A13510007,7164040,7632170,0,0,0,11988000,13154437,22449980,-932120,7714810,201804.0
50,A10025280,,,,,,,,,,,201804.0
51,A10025755,,,,,,,,,,,201804.0
52,A10024640,,,,,,,,,,,201804.0
53,A13509001,0,0,162330,0,0,0,1579690,6163270,0,2869980,201804.0
54,A13570501,6505530,21838140,0,0,0,11005620,11434371,35972470,-5830,15814910,201804.0
55,A13550701,7406567,0,0,0,9607840,0,24509831,0,6231470,0,201804.0
56,A13509005,54320,6171050,0,0,5699700,5699700,4504976,15826040,54470,5154950,201804.0
57,A13509004,0,0,0,0,0,0,1640210,9244820,20950,4515760,201804.0
58,A13509010,5381130,15204150,0,0,0,21172000,11408810,41245930,129030,13950980,201804.0
59,A13509006,211300,0,0,0,0,0,3097718,8257240,0,5084700,201804.0
60,A13509003,0,0,0,0,0,0,1842910,7761110,-2000,7507840,201804.0
61,A13509012,15950380,0,0,0,33165600,0,55566950,0,19306070,0,201804.0
62,A13509007,2899030,9992610,0,0,0,3526200,3955240,11866730,500180,5605500,201804.0
63,A13570502,,,,,,,,,,,201804.0
64,A13509013,,,,,,,,,,,201804.0
65,A13509101,0,0,0,0,0,0,1598860,6219100,400220,3176390,201804.0
66,A13509009,16764370,19310200,0,0,-12359100,12359100,14362700,45898410,1462450,9236600,201804.0
67,A13509014,,,,,,,,,,,201804.0
68,A10026350,0,0,0,0,0,0,8541560,5147250,3105740,1244220,201804.0
69,A10026934,,,,,,,,,,,201804.0
70,A10024131,,,,,,,,,,,201804.0
71,A10023939,,,,,,,,,,,201804.0
72,A10024819,,,,,,,,,,,201804.0
73,A13528102,5403350,26000110,0,0,0,16140700,11777100,42860180,190730,15196050,201804.0
74,A13528103,6724340,20924400,0,0,0,25807460,15545610,61710760,0,18236870,201804.0
75,A13528004,23598050,70229530,0,8641650,0,53867700,17875030,124342500,0,53142800,201804.0
76,A13583604,26948590,0,0,0,0,18212500,8253657,40709630,2033940,13868570,201804.0
77,A13583701,2887240,13729210,0,2118630,2393000,19144000,5289952,22406040,0,9765290,201804.0
78,A13528003,4863144,22700220,0,3124650,0,32735900,12590745,39126050,916880,13952560,201804.0
79,A13528007,3571280,4296050,0,0,0,8537200,6397250,23686760,1173450,6827890,201804.0
80,A13528105,-2210,37785450,0,0,0,23702000,3018160,55361450,1624710,14520290,201804.0
81,A13584101,2424330,6997120,0,0,0,9734400,5239843,19981370,0,6211860,201804.0
82,A13583507,5110,233941820,0,0,0,85997310,33464080,138531900,8340710,49563520,201804.0
83,A13583403,27199080,0,0,0,0,10274450,4235930,15812970,712230,5620640,201804.0
84,A13583404,34877390,0,0,0,-8010000,8010000,7408890,24506450,557290,8708000,201804.0
85,A13583402,3931630,14791840,0,0,-5672000,5672000,4547080,13078370,2481830,3978330,201804.0
86,A10027800,8156951,14176920,0,0,0,46707050,26538336,92628520,1551410,31352210,201804.0
87,A10025646,,,,,,,,,,,201804.0
88,A10026526,,,,,,,,,,,201804.0
89,A10024102,,,,,,,,,,,201804.0
90,A10024815,,,,,,,,,,,201804.0
91,A10026924,1466990,6470430,0,0,-930,11543610,4985230,25205630,467620,7849310,201804.0
92,A10024799,,,,,,,,,,,201804.0
93,A10028094,,,,,,,,,,,201804.0
94,A10024029,,,,,,,,,,,201804.0
95,A10024814,,,,,,,,,,,201804.0
96,A10024805,,,,,,,,,,,201804.0
97,A13501004,0,0,0,0,0,0,8251720,15341980,211380,8490160,201804.0
98,A13501001,5447750,0,0,0,0,0,7205135,22727910,1499770,3430390,201804.0
99,A13582002,0,32649470,0,0,0,11286000,5188320,19137410,135650,0,201804.0
100,A13501007,,,,,,,,,,,201804.0
101,A13501008,,,,,,,,,,,201804.0
102,A13583301,0,0,0,0,0,0,2290577,7849540,0,2622490,201804.0
103,A13501006,10809202,4134270,0,0,-8661802,8612530,0,19595550,0,5625000,201804.0
104,A13501005,,,,,,,,,,,201804.0
105,A10024501,,,,,,,,,,,201804.0
106,A13590204,61688152,0,0,0,0,14478000,2436873,43230970,2408608,0,201804.0
107,A13589802,22684308,272212362,0,0,-42206000,42206000,23017636,168797160,15806700,39455680,201804.0
108,A13511201,40472720,0,0,0,0,0,26134580,0,3000000,0,201804.0
109,A13551103,-11643693,96184783,0,0,0,12562000,13181285,38084830,6000000,0,201804.0
110,A13590602,40998830,0,0,0,0,9054720,5103520,19429590,807500,0,201804.0
111,A13511001,0,15242234,0,0,0,8726400,3300750,14898850,0,0,201804.0
112,A13511004,2010,144644010,0,0,0,32912100,23671635,77060910,9313850,0,201804.0
113,A13511101,0,43847880,0,0,0,10926000,0,32694110,0,12847090,201804.0
114,A13511003,0,34809282,0,0,0,25248600,8642506,31428630,0,0,201804.0
115,A13519002,0,0,131720,0,0,0,2882810,12480720,341630,6187930,201804.0
116,A13519006,7495460,9711830,0,0,-1920,19103870,12027872,29321700,0,16061380,201804.0
117,A13519007,23582640,9043880,0,0,-16206120,16150610,4099600,30348520,207970,13230710,201804.0
118,A13519004,0,0,0,0,0,0,14575390,0,4530990,0,201804.0
119,A13519005,0,0,0,0,0,0,1643309,19234320,539230,9215540,201804.0
120,A13519003,0,0,222670,0,0,0,3751860,10872400,21240,6254440,201804.0
121,A13519001,0,0,137820,0,0,0,3538830,10625880,124440,6040990,201804.0
122,A10028172,20193880,5152700,0,0,-15381300,15298800,8407112,21108160,-401010,12045490,201804.0
123,A13519008,394190,6132300,0,0,0,14505600,3304533,16089750,-635,8995114,201804.0
124,A13520003,2121860,15721150,0,0,0,23054040,9352916,49417390,0,15497900,201804.0
125,A13520004,2396500,4677170,0,0,0,9825830,5686374,11602300,375460,6624160,201804.0
126,A10027985,46545750,0,0,0,0,0,55816380,0,19781590,0,201804.0
127,A13520002,0,0,0,0,0,0,13775030,53371220,1014970,18159380,201804.0
128,A10023314,,,,,,,,,,,201804.0
129,A13520001,0,0,54730,0,0,0,11705284,33307480,205560,15505110,201804.0
130,A10027909,0,0,43220,0,0,0,2135760,6882990,23330,2604810,201804.0
131,A10027912,0,0,158010,0,0,0,3099210,9624910,221400,4975650,201804.0
132,A13594702,3355970,18015120,0,0,0,16726180,4649890,0,0,0,201804.0
133,A13523005,4363980,14930580,0,0,0,19485000,8919331,24157670,0,11970600,201804.0
134,A13523004,7907140,26574930,0,0,0,8757000,576910,30110520,807070,7670490,201804.0
135,A13594701,4432200,18272650,0,0,0,12745200,7473102,17432390,645970,6459710,201804.0
136,A13593802,6922450,18494840,0,0,0,10933320,5419290,0,757560,0,201804.0
137,A13523003,4902850,11801360,0,0,0,11579040,1013980,17658190,-160,9561170,201804.0
138,A13594402,18887870,0,4240,0,0,3764000,3112220,11538630,886340,0,201804.0
139,A13593801,8846898,3256332,0,2262190,-7623000,10316460,4376100,20673510,0,0,201804.0
140,A13594203,19079060,20428650,0,0,0,17970700,3410840,29896480,6528600,10590960,201804.0
141,A13594403,21663320,0,0,0,0,19540000,5526460,24313450,878140,0,201804.0
142,A10027571,,,,,,,,,,,201804.0
143,A10025823,,,,,,,,,,,201804.0
144,A10024216,,,,,,,,,,,201804.0
145,A13522003,2218460,22870260,0,0,0,11571000,2978280,0,1096900,0,201804.0
146,A13522008,0,32573210,0,0,0,25068000,0,0,0,0,201804.0
147,A13522004,0,14943530,0,2263720,0,16582800,11683650,18986100,366360,12263130,201804.0
148,A13588402,17715810,8667250,0,0,-11616500,11585000,5612410,21978950,5239670,0,201804.0
149,A13522007,6589410,14935820,0,0,0,19791570,3959860,0,751370,0,201804.0
150,A13522006,5904780,9474950,0,0,0,18228000,2278320,22566430,2474700,0,201804.0
151,A13552001,761371,6852339,6360,0,0,16935400,0,468840,0,5000,201804.0
152,A13552002,0,0,0,0,0,0,3275392,34264620,677090,12789120,201804.0
153,A13588601,4162210,5451580,0,0,0,7580800,3460140,10622410,61460,4503700,201804.0
154,A10025204,,,,,,,,,,,201804.0
155,A10027446,3817000,5931240,0,0,-9817840,19856440,6530490,27549230,470160,7481570,201804.0
156,A13550502,4195270,18288780,0,0,0,23354030,10446410,31778990,0,12912900,201804.0
157,A13527004,1422070,4522260,0,0,0,3900000,729480,5634130,0,3007350,201804.0
158,A13585404,0,12069920,0,0,0,14796600,4612195,19493700,0,7255230,201804.0
159,A13527002,9782,2654080,0,0,0,3382400,2116450,6009870,0,3110960,201804.0
160,A13527008,0,0,71530,0,0,0,2142877,12364030,17790,6056420,201804.0
161,A13527013,3434020,17060500,0,0,0,11189440,5357939,15827400,959490,5122410,201804.0
162,A13527203,17342730,68067980,0,0,0,88459800,7333200,130394880,-3389510,58195630,201804.0
163,A13585401,0,4183200,0,0,0,4522500,1955821,5052100,0,1497450,201804.0
164,A13586102,8663370,1240020,0,0,0,2904200,8022660,7445060,3579910,3236420,201804.0
165,A13585804,5764840,22266870,0,0,0,31851000,18301320,33629090,3330900,0,201804.0
166,A13527007,2111410,5289590,0,0,0,8400600,7261528,17271700,224760,4710290,201804.0
167,A13527016,4707470,11390000,0,0,0,9590000,5796458,13979770,1160830,8426760,201804.0
168,A13550403,2136670,11999240,0,0,0,10035000,4353546,11147010,0,5919560,201804.0
169,A13586101,0,0,0,0,0,0,824100,0,0,0,201804.0
170,A13527010,-227540,10693200,0,0,0,8512000,3126809,9143460,10,7132200,201804.0
171,A13527019,4381830,7110450,0,0,0,8256300,5817138,19935180,333050,6314400,201804.0
172,A13527006,18645730,0,0,0,2441200,0,3100000,8011640,4635560,0,201804.0
173,A10027319,,,,,,,,,,,201804.0
174,A13550404,,,,,,,,,,,201804.0
175,A10024793,,,,,,,,,,,201804.0
