,kaptCode,heatC,heatP,gasC,gasP,waterHotC,waterHotP,electC,electP,waterCoolC,waterCoolP,Date
0,A13508012,2154950,899560,0,0,0,7981810,4567520,16570000,113230,6543000,201805.0
1,A13579501,2385600,1334800,0,0,0,7228440,4598313,16894250,-377750,6243190,201805.0
2,A13592604,19248140,1165660,0,2557020,-15009000,14985000,7752964,21783040,50,12541010,201805.0
3,A13508009,15151750,1769060,0,0,-11892730,11787500,10508773,21389130,530480,8229430,201805.0
4,A13508004,1493690,0,0,0,0,3526860,1709990,7017300,0,3534870,201805.0
5,A13508003,0,0,0,0,0,0,1200367,0,0,0,201805.0
6,A13579506,1886840,1428840,0,0,0,3922510,3726049,15698780,0,4679860,201805.0
7,A13508006,2854620,1226900,0,0,0,4822340,4780614,20863600,274630,5101670,201805.0
8,A13508011,2697760,1767180,0,0,460,9934080,7540170,27530540,713330,7502210,201805.0
9,A13592601,3165040,1692770,0,0,0,10569000,939143,21081350,413540,7534580,201805.0
10,A13592706,3666290,4054350,0,3523960,0,22400730,10357880,29305580,-29240,19051550,201805.0
11,A13579505,2529400,1864170,0,0,0,9131250,7315317,25752190,0,10112370,201805.0
12,A13508005,0,0,0,0,0,0,798060,3046750,14920,1986510,201805.0
13,A13579503,0,0,0,0,0,0,2067600,7393380,0,0,201805.0
14,A13592605,3431540,2280950,0,2781750,0,14091270,6580990,32516820,0,12773680,201805.0
15,A13591402,0,0,0,0,0,0,2407930,8805940,0,3942280,201805.0
16,A10027474,2464160,762500,0,0,418960,7417430,5757680,18536380,299280,6701140,201805.0
17,A10023825,,,,,,,,,,,201805.0
18,A10024820,,,,,,,,,,,201805.0
19,A10024813,,,,,,,,,,,201805.0
20,A13599303,0,24496670,0,0,0,15105000,7819920,24874220,1616480,0,201805.0
21,A13594007,73220,3940120,0,2498260,0,13613610,3186370,0,468580,4835190,201805.0
22,A13580602,5377580,0,0,0,0,12926100,5365890,24481610,389,12692221,201805.0
23,A13524004,-280,8406750,0,0,0,8821800,3883080,13452110,314210,5979770,201805.0
24,A13599402,0,45175000,0,3345440,0,16062500,3878070,28079490,0,11841940,201805.0
25,A13524005,3039920,0,0,0,0,11639730,4463320,15906600,1959360,0,201805.0
26,A13593908,2858575,3372150,0,0,0,15306000,0,0,0,0,201805.0
27,A13580001,1417160,3036490,0,0,0,4465500,1726123,7305940,-710,3798910,201805.0
28,A13524006,0,22753160,0,0,0,6665400,5751590,20535570,3256410,7462870,201805.0
29,A13593901,1876150,1163250,0,0,0,5228300,4152660,14158560,0,2735360,201805.0
30,A13524009,4314890,9703040,0,0,-2795040,21021600,6380240,26304570,3187210,10691060,201805.0
31,A13580002,-2445,2414250,0,0,0,6344950,2042324,7913180,71380,3263240,201805.0
32,A13599301,19000821,0,0,0,0,9460000,6708940,23980580,27620,0,201805.0
33,A10025203,,,,,,,,,,,201805.0
34,A10025675,,,,,,,,,,,201805.0
35,A10023565,,,,,,,,,,,201805.0
36,A10024564,,,,,,,,,,,201805.0
37,A10023996,,,,,,,,,,,201805.0
38,A13510003,1411890,1834500,0,0,0,3605000,3514150,11112470,-1020,4495130,201805.0
39,A13510001,0,0,0,0,0,0,1342170,5125360,51970,2538770,201805.0
40,A13510201,862970,632500,0,0,0,3526280,1029120,6124580,0,3249440,201805.0
41,A13510203,0,0,0,0,0,0,1176070,8328890,0,3834900,201805.0
42,A13510102,1617520,2161700,0,0,0,5193000,2853310,12057630,0,5338190,201805.0
43,A13510006,0,0,0,0,0,0,2774516,13586930,-26290,10125980,201805.0
44,A13510103,3031970,1956000,0,0,0,6345000,2555150,16045500,195740,5148270,201805.0
45,A13510202,5467060,0,55110,0,0,3612000,1680570,7679260,63520,2970560,201805.0
46,A13576201,0,0,0,0,0,0,1312040,8744490,0,0,201805.0
47,A13510005,4863600,7502060,0,0,0,17943900,7668720,30117860,1539440,8504080,201805.0
48,A13510009,0,0,0,0,0,0,3533410,12273010,1860,3073980,201805.0
49,A13510007,3971740,490950,0,0,0,9262800,11666900,21119020,223370,7449900,201805.0
50,A10025280,,,,,,,,,,,201805.0
51,A10025755,,,,,,,,,,,201805.0
52,A10024640,,,,,,,,,,,201805.0
53,A13509001,0,0,109220,0,0,0,1609370,5692670,0,2797200,201805.0
54,A13570501,5922880,6760600,0,0,0,11840400,11167307,38516430,-4850,13080070,201805.0
55,A13550701,2247698,2769,0,0,2764140,4760880,1961011,21284210,265140,6045860,201805.0
56,A13509005,31150,1399610,0,0,5058020,5058020,4135461,14892130,110610,5123280,201805.0
57,A13509004,0,0,0,0,0,0,1571980,8641190,181080,4094870,201805.0
58,A13509010,5363520,3559710,0,0,0,18426200,11648880,44343350,73960,14061020,201805.0
59,A13509006,26170,0,0,0,0,0,2712945,8111880,0,5084700,201805.0
60,A13509003,0,0,0,0,0,0,1344200,7642870,0,0,201805.0
61,A13509012,6036230,0,0,0,24236780,0,58262490,0,19611410,0,201805.0
62,A13509007,2550110,3767040,0,0,0,3616000,3813570,11102900,244100,5890320,201805.0
63,A13570502,,,,,,,,,,,201805.0
64,A13509013,,,,,,,,,,,201805.0
65,A13509101,0,0,0,0,0,0,1068560,6119450,819880,2738030,201805.0
66,A13509009,15730940,5655750,0,0,-11310000,11310000,14289470,49746840,1385550,9638700,201805.0
67,A13509014,,,,,,,,,,,201805.0
68,A10026350,5577660,7566480,0,0,0,1521000,7492560,7680060,0,0,201805.0
69,A10026934,,,,,,,,,,,201805.0
70,A10024131,,,,,,,,,,,201805.0
71,A10023939,,,,,,,,,,,201805.0
72,A10024819,,,,,,,,,,,201805.0
73,A13528102,5403350,5206150,0,0,0,19788600,11344330,45305030,0,15184890,201805.0
74,A13528103,6724340,3970930,0,0,0,20692000,14730293,66968850,0,21521480,201805.0
75,A13528004,20512420,14352870,0,8360430,0,49261500,17142380,114542190,0,52018380,201805.0
76,A13583604,-5949110,0,0,0,-7071500,24524000,-1689513,51612580,1567030,14374020,201805.0
77,A13583701,2887240,2951880,0,2159730,1981500,15852000,4839087,21021060,732520,9331960,201805.0
78,A13528003,4863144,6778560,0,3170100,0,25634700,11060497,34978450,147900,14923630,201805.0
79,A13528007,3177490,733650,0,0,0,7092500,6126930,22455590,837670,7258100,201805.0
80,A13528105,0,0,0,0,0,24090500,-3140260,53302740,0,14868600,201805.0
81,A13584101,2424330,1285120,0,0,0,9309300,4790037,18861780,0,5966590,201805.0
82,A13583507,-8640,38950520,0,0,0,90570410,23626210,147264310,-4468830,58560650,201805.0
83,A13583403,5329350,0,0,0,0,9859050,3894130,16503790,1248570,5834660,201805.0
84,A13583404,16834300,0,0,0,-7943400,7943400,5619310,27674860,1458830,9250290,201805.0
85,A13583402,4362720,5059600,0,0,-5182000,5182000,3921570,12338790,2205800,4393050,201805.0
86,A10027800,7964176,1679810,0,0,0,37711230,27915787,97686480,318889,30384330,201805.0
87,A10025646,,,,,,,,,,,201805.0
88,A10026526,,,,,,,,,,,201805.0
89,A10024102,,,,,,,,,,,201805.0
90,A10024815,,,,,,,,,,,201805.0
91,A10026924,1466990,706550,0,0,-680,5039920,4309580,12292290,228780,3931970,201805.0
92,A10024799,,,,,,,,,,,201805.0
93,A10028094,,,,,,,,,,,201805.0
94,A10024029,,,,,,,,,,,201805.0
95,A10024814,,,,,,,,,,,201805.0
96,A10024805,,,,,,,,,,,201805.0
97,A13501004,0,0,0,0,0,0,7395780,14402530,287640,8585870,201805.0
98,A13501001,3012100,0,0,0,0,0,8490805,26288860,1402230,3401450,201805.0
99,A13582002,0,10175900,0,0,0,10090800,5178110,20282530,427150,0,201805.0
100,A13501007,,,,,,,,,,,201805.0
101,A13501008,,,,,,,,,,,201805.0
102,A13583301,0,0,0,0,0,0,2098788,7160750,0,2777670,201805.0
103,A13501006,5022492,4134270,0,0,-8661802,8612530,-1750510,19595550,98250,5625000,201805.0
104,A13501005,,,,,,,,,,,201805.0
105,A10024501,,,,,,,,,,,201805.0
106,A13590204,18165897,0,0,0,0,14601000,-3054582,40186020,1185648,0,201805.0
107,A13589802,21681652,91127688,0,0,-40678000,40678000,1592077,187875150,19857010,41853520,201805.0
108,A13511201,15556400,0,0,0,0,0,23662963,0,6582160,0,201805.0
109,A13551103,-16129495,45740045,0,0,0,11898000,10587863,35112820,12913760,0,201805.0
110,A13590602,18186680,0,0,0,0,8960000,4431930,20240390,3384310,0,201805.0
111,A13511001,0,3531934,0,0,0,9244800,2868230,16034800,976640,0,201805.0
112,A13511004,-3130,36345310,0,0,0,35813370,25752640,100992830,5413920,0,201805.0
113,A13511101,0,17331280,0,0,0,9525000,0,32027440,0,12309500,201805.0
114,A13511003,0,0,0,0,0,27070450,7396745,32879840,7160710,0,201805.0
115,A13519002,0,0,114250,0,0,0,2678490,11386900,41760,6375810,201805.0
116,A13519006,6254040,1374050,0,0,1410,15828130,12200867,25827400,0,15915040,201805.0
117,A13519007,20199490,3141590,0,0,-13792100,13749400,3499100,27989050,227610,13789650,201805.0
118,A13519004,0,0,0,0,0,0,15006490,0,5290270,0,201805.0
119,A13519005,0,0,0,0,0,0,871862,20326120,87910,9668190,201805.0
120,A13519003,0,0,91660,0,0,0,3396570,9813480,117300,5888060,201805.0
121,A13519001,0,0,117800,0,0,0,3460370,9743100,105090,5892630,201805.0
122,A10028172,17495760,1077300,0,0,-13045760,12985380,8678730,22576400,1408940,12906980,201805.0
123,A13519008,28920,1966700,0,0,0,11832800,3841685,16984080,-460,9078839,201805.0
124,A13520003,340260,8933940,0,0,0,18056880,10387320,52522000,0,15614500,201805.0
125,A13520004,2396500,807390,0,0,0,8641220,5979453,12032200,159970,6915770,201805.0
126,A10027985,33408050,0,0,0,0,0,49271990,0,19663540,0,201805.0
127,A13520002,0,0,0,0,0,0,13070660,48793980,743470,18989590,201805.0
128,A10023314,,,,,,,,,,,201805.0
129,A13520001,0,0,6550,0,0,0,10947090,30517810,268940,16413290,201805.0
130,A10027909,0,0,43100,0,0,0,2095590,6216130,0,2745800,201805.0
131,A10027912,0,0,72920,0,0,0,10715170,0,5268580,0,201805.0
132,A13594702,3355970,5412410,0,0,0,16829860,4008820,0,0,0,201805.0
133,A13523005,4363980,4814700,0,0,0,14814000,7338889,23670850,0,12571623,201805.0
134,A13523004,6430950,6563100,0,0,0,14250600,579250,27312460,0,8463440,201805.0
135,A13594701,3030730,5659330,0,0,0,12066600,6295899,16544830,709660,7096550,201805.0
136,A13593802,5292780,11503840,0,0,0,10357500,4639950,0,732605,0,201805.0
137,A13523003,3857820,4167820,0,0,0,9806720,813170,16591490,410,9861790,201805.0
138,A13594402,4848220,0,2180,0,0,3142000,3321660,10756700,1772680,0,201805.0
139,A13593801,7567740,519840,0,2273790,-6544500,8856890,3895460,20936480,2109430,8309760,201805.0
140,A13594203,18875972,5052858,0,0,0,17719600,1335180,28281310,5449800,12167390,201805.0
141,A13594403,4847700,0,0,0,0,16656000,7145320,23303110,472690,0,201805.0
142,A10027571,,,,,,,,,,,201805.0
143,A10025823,,,,,,,,,,,201805.0
144,A10024216,,,,,,,,,,,201805.0
145,A13522003,1367620,4123780,0,0,0,10850000,2621050,0,1286960,0,201805.0
146,A13522008,0,11583110,0,0,0,22836000,0,0,0,0,201805.0
147,A13522004,0,5005530,0,2210160,0,14547000,9815355,18273180,374500,12072830,201805.0
148,A13588402,14330410,2332590,0,0,-9278500,9257500,5323160,20393780,5135730,0,201805.0
149,A13522007,5255020,3954160,0,0,0,17384540,3681160,0,689480,0,201805.0
150,A13522006,4712410,2769880,0,0,0,13778800,1658330,20494540,0,0,201805.0
151,A13552001,0,523580,700,0,0,15592000,0,463930,0,5000,201805.0
152,A13552002,0,0,0,0,0,0,3218188,29778340,1032270,11465200,201805.0
153,A13588601,4241840,1475920,0,0,0,5870000,2703200,10243710,1283190,4658550,201805.0
154,A10025204,,,,,,,,,,,201805.0
155,A10027446,3819890,1425820,0,0,-9362550,18383250,5850270,25212740,685450,7354340,201805.0
156,A13550502,4195270,4887110,0,0,0,19462920,9773370,30458900,0,13889910,201805.0
157,A13527004,1086740,1437840,0,0,0,3285000,1215910,5383690,0,2781270,201805.0
158,A13585404,0,4190180,0,0,0,10678800,4144615,18910400,0,7590960,201805.0
159,A13527002,16277,886160,0,0,0,2592000,2131800,6287200,0,3142490,201805.0
160,A13527008,0,0,17010,0,0,0,2045430,11429650,18670,5777030,201805.0
161,A13527013,3434020,4993800,0,0,0,10221860,4471214,16754860,537050,5561220,201805.0
162,A13527203,17344470,10124790,0,0,0,80866500,7459560,139406910,-3447140,59000370,201805.0
163,A13585401,0,1148400,0,0,0,4144500,1660181,4610790,0,1372290,201805.0
164,A13586102,5456810,0,0,0,-2415850,2415850,323780,7761390,215320,3411060,201805.0
165,A13585804,1438090,7355820,0,0,4326750,25960500,15623440,36602410,4312650,0,201805.0
166,A13527007,2111410,675490,0,0,0,7698600,6997353,16182200,276620,5174830,201805.0
167,A13527016,5334290,2994430,0,0,651000,7882000,8285213,12002990,363580,8396520,201805.0
168,A13550403,2137610,4414850,0,0,0,7098000,3473332,11481120,0,6273710,201805.0
169,A13586101,0,0,0,0,0,0,435570,0,0,0,201805.0
170,A13527010,-47380,2183700,0,0,0,8276000,1631215,11034440,-60,6993490,201805.0
171,A13527019,3182000,1297280,0,0,0,7596200,5793589,20870160,432860,6146300,201805.0
172,A13527006,10449760,0,0,0,2125000,0,2766490,7801240,4745470,0,201805.0
173,A10027319,,,,,,,,,,,201805.0
174,A13550404,,,,,,,,,,,201805.0
175,A10024793,,,,,,,,,,,201805.0
