,kaptCode,heatC,heatP,gasC,gasP,waterHotC,waterHotP,electC,electP,waterCoolC,waterCoolP,Date
0,A13508012,2154950,9580670,0,0,0,9612310,6829840,17733960,430210,6589400,201811.0
1,A13579501,2385600,16364500,0,0,0,7325400,5682677,17944300,66470,6596370,201811.0
2,A13592604,17800120,31307370,0,5305510,-14993000,14966900,8353801,23550550,0,12536830,201811.0
3,A13508009,16777050,22743160,0,0,-13518030,13414500,7967275,20027670,402400,8402910,201811.0
4,A13508004,0,6869260,0,0,0,3564300,2684980,6673180,0,3771920,201811.0
5,A13508003,0,0,0,0,0,0,878839,0,0,0,201811.0
6,A13579506,1886840,12495420,0,0,0,1928510,4846659,16003890,0,4870420,201811.0
7,A13508006,3065130,15928620,0,0,0,8521500,5695317,20160050,135780,5606410,201811.0
8,A13508011,2697760,21676630,0,0,310,8131680,9316550,27688130,538080,7370630,201811.0
9,A13592601,4709920,16896930,0,0,0,11880440,1142167,22151260,343400,7916390,201811.0
10,A13592706,3665640,39709410,0,0,1083260,24428200,14785054,31020920,1110270,18306230,201811.0
11,A13579505,2529400,19178390,0,0,0,9140180,8830386,23764540,0,9539750,201811.0
12,A13508005,0,0,0,0,0,0,524210,3450880,0,1925640,201811.0
13,A13579503,0,0,0,0,0,0,2246680,7704310,0,0,201811.0
14,A13592605,3431540,26937820,0,0,0,18684810,5003260,30228540,0,13004370,201811.0
15,A13591402,0,0,0,0,0,0,2711515,9395570,-620,2573500,201811.0
16,A10027474,2464160,10723350,0,0,1066690,9476580,11940050,24308020,489090,6973650,201811.0
17,A10023825,,,,,,,,,,,201811.0
18,A10024820,,,,,,,,,,,201811.0
19,A10024813,,,,,,,,,,,201811.0
20,A13599303,0,71410900,0,0,0,15162500,11455890,24885720,1603600,0,201811.0
21,A13594007,218786,21041860,0,2610640,0,15785260,4335600,0,492130,4369440,201811.0
22,A13580602,5377580,50184790,0,0,0,13906200,8894910,25755850,0,14012660,201811.0
23,A13524004,-300,37215000,0,0,0,10393500,4665250,14167500,344010,5912010,201811.0
24,A13599402,0,41591600,0,7177740,0,10747500,5969530,28255420,0,11935240,201811.0
25,A13524005,3039360,36604300,0,0,0,7779200,10967930,17561500,2036320,0,201811.0
26,A13593908,201953,30374390,0,0,0,14837500,0,0,0,0,201811.0
27,A13580001,1417320,15558360,0,0,0,5452200,3426280,7526900,-1120,4284940,201811.0
28,A13524006,0,69364840,0,0,0,7412670,8055900,20591650,3918500,7694450,201811.0
29,A13593901,2128530,13861540,0,0,0,4380000,4564860,14618940,0,2763860,201811.0
30,A13524009,5948360,49189200,0,0,-5152000,27968000,6453600,27445640,6629810,9099060,201811.0
31,A13580002,-1365,14498550,0,0,0,6685130,2130591,7724930,66260,3264950,201811.0
32,A13599301,62203450,0,0,0,0,9412000,6996450,22066860,27620,0,201811.0
33,A10025203,,,,,,,,,,,201811.0
34,A10025675,,,,,,,,,,,201811.0
35,A10023565,,,,,,,,,,,201811.0
36,A10024564,,,,,,,,,,,201811.0
37,A10023996,,,,,,,,,,,201811.0
38,A13510003,1412000,14585450,0,0,0,3837500,4540410,11033230,0,3961360,201811.0
39,A13510001,0,0,0,0,0,0,713930,6033330,0,2639950,201811.0
40,A13510201,867100,8711510,0,0,0,3448800,765350,6445700,0,2733530,201811.0
41,A13510203,0,0,0,0,0,0,1020570,8950400,0,3776750,201811.0
42,A13510102,1617660,15830570,0,0,0,5382000,2344150,13688570,0,4745350,201811.0
43,A13510006,0,0,0,0,0,0,3123964,14134790,-26620,9967270,201811.0
44,A13510103,2609830,24309000,0,0,0,6330000,3090630,15221900,205190,4536660,201811.0
45,A13510202,19325930,0,2190,0,0,3873000,2343660,6220810,0,2648950,201811.0
46,A13576201,0,0,0,0,0,0,1231580,9364240,0,0,201811.0
47,A13510005,4863600,40358440,0,0,0,18042540,13186980,33025780,1372160,8551550,201811.0
48,A13510009,0,0,0,0,0,0,4607740,10665840,-324740,3085960,201811.0
49,A13510007,10862560,21597850,0,0,0,12739980,13583595,21868260,-1083090,7538450,201811.0
50,A10025280,,,,,,,,,,,201811.0
51,A10025755,,,,,,,,,,,201811.0
52,A10024640,,,,,,,,,,,201811.0
53,A13509001,0,0,117080,0,0,0,1723490,6209800,0,2885070,201811.0
54,A13570501,7603830,38610000,0,0,0,9105200,14898052,35698420,-11790,13241590,201811.0
55,A13550701,12952500,0,0,0,12154670,0,24778346,0,6213470,0,201811.0
56,A13509005,12733290,12733290,0,0,5448400,5448400,5175367,15828850,79610,5275060,201811.0
57,A13509004,0,0,0,0,0,0,1585960,9153960,79970,4452070,201811.0
58,A13509010,38576230,0,0,0,18992500,0,59049893,0,14531380,0,201811.0
59,A13509006,27630,0,0,0,0,0,3486881,8212300,0,5165870,201811.0
60,A13509003,0,0,0,0,0,0,1021540,8653420,0,0,201811.0
61,A13509012,39729510,0,0,0,29538600,0,56975740,0,19599790,0,201811.0
62,A13509007,2298340,16639230,0,0,0,5582500,4497280,11802440,419640,6105230,201811.0
63,A13570502,,,,,,,,,,,201811.0
64,A13509013,,,,,,,,,,,201811.0
65,A13509101,0,0,0,0,0,0,1739200,6094650,0,3163260,201811.0
66,A13509009,17488250,34373010,0,0,-12768600,12768600,21008420,48206830,1874330,9379890,201811.0
67,A13509014,,,,,,,,,,,201811.0
68,A10026350,4171450,8629130,0,0,0,9088000,5985590,19668110,684300,5974630,201811.0
69,A10026934,,,,,,,,,,,201811.0
70,A10024131,,,,,,,,,,,201811.0
71,A10023939,,,,,,,,,,,201811.0
72,A10024819,,,,,,,,,,,201811.0
73,A13528102,5403350,47062840,0,0,0,15319650,16539430,43412620,0,14986840,201811.0
74,A13528103,6724340,40194470,0,0,0,31076680,25080058,64044226,0,18818490,201811.0
75,A13528004,27452750,148842770,0,17718770,0,50136300,23828970,126420190,0,52418580,201811.0
76,A13583604,100984610,0,0,0,16982500,16982500,12167405,39764550,1141700,13879550,201811.0
77,A13583701,2887240,17079540,0,4303550,2570520,22388400,5874953,22179158,0,9444740,201811.0
78,A13528003,8083780,43018780,0,6459930,0,30985800,10881422,38155850,1228170,13000940,201811.0
79,A13528007,3302740,11019350,0,0,0,7527500,7357360,24130770,476540,6926730,201811.0
80,A13528105,420,90340050,0,0,0,26917800,4816490,63947070,0,18018100,201811.0
81,A13584101,2424330,14092710,0,0,0,9999600,6283704,19939020,0,6286460,201811.0
82,A13583507,-4760,451256260,0,0,0,81101790,46078650,142695300,-1662260,50989450,201811.0
83,A13583403,49402100,0,0,0,0,10331400,4894020,16086940,1106070,5615180,201811.0
84,A13583404,67959400,0,0,0,-7304400,7304400,11857490,25997900,719690,9256610,201811.0
85,A13583402,0,57823640,0,0,0,5712000,0,18999186,0,4880880,201811.0
86,A10027800,8569836,38285260,0,0,0,35154380,38028218,95595030,910980,31603000,201811.0
87,A10025646,,,,,,,,,,,201811.0
88,A10026526,,,,,,,,,,,201811.0
89,A10024102,,,,,,,,,,,201811.0
90,A10024815,,,,,,,,,,,201811.0
91,A10026924,1486860,9477880,0,0,0,4880740,5001490,12562410,195860,3944600,201811.0
92,A10024799,,,,,,,,,,,201811.0
93,A10028094,,,,,,,,,,,201811.0
94,A10024029,,,,,,,,,,,201811.0
95,A10024814,,,,,,,,,,,201811.0
96,A10024805,,,,,,,,,,,201811.0
97,A13501004,0,0,0,0,0,0,8601532,15498130,251860,7820100,201811.0
98,A13501001,5753050,0,0,0,0,0,10323861,26396670,1306960,3785800,201811.0
99,A13582002,0,53244820,0,0,0,10346400,6834720,15788800,0,0,201811.0
100,A13501007,,,,,,,,,,,201811.0
101,A13501008,,,,,,,,,,,201811.0
102,A13583301,0,0,0,0,0,0,3590475,6204390,0,2618520,201811.0
103,A13501006,10699375,9628142,0,0,-8569989,8504569,3232090,19312860,0,5943360,201811.0
104,A13501005,,,,,,,,,,,201811.0
105,A10024501,,,,,,,,,,,201811.0
106,A13590204,101463660,0,0,0,0,14781000,3628881,42068240,310060,0,201811.0
107,A13589802,18005778,462707132,0,0,-36910000,36910000,2201048,175604100,19097140,40962750,201811.0
108,A13511201,55791360,0,0,0,0,0,22195870,0,3000000,0,201811.0
109,A13551103,126590510,0,0,0,11418000,0,41483224,0,7630640,0,201811.0
110,A13590602,69749050,0,0,0,0,9218560,5380800,18912360,2815780,0,201811.0
111,A13511001,0,34589744,0,0,0,8074080,3044710,14640930,338360,0,201811.0
112,A13511004,-650,248219430,0,0,0,32944110,28967704,86370740,3154985,0,201811.0
113,A13511101,0,64692400,0,0,0,10908000,0,25984230,0,12657250,201811.0
114,A13511003,0,56619544,0,0,0,26842200,5424633,32414310,2386980,0,201811.0
115,A13519002,0,0,154080,0,0,0,1475519,11089800,17720,6592530,201811.0
116,A13519006,8734900,22777540,0,0,171640,19154860,7114287,27474690,0,13964950,201811.0
117,A13519007,21888870,21008900,0,0,-13483240,13432950,4766610,46037450,350350,13084770,201811.0
118,A13519004,0,0,0,0,0,0,15853630,0,5317790,0,201811.0
119,A13519005,0,0,0,0,0,0,3760352,20476900,884760,9111600,201811.0
120,A13519003,0,0,121820,0,0,0,2611870,9845510,122910,6097330,201811.0
121,A13519001,0,0,181220,0,0,0,3063230,10080060,0,6166220,201811.0
122,A10028172,20683400,12933900,0,0,-15427650,15342620,10516285,22623790,1474770,11921750,201811.0
123,A13519008,17649080,0,0,0,12821200,0,23538750,0,9625470,0,201811.0
124,A13520003,3011810,30059130,0,0,0,28306100,14701163,51203180,0,15093900,201811.0
125,A13520004,2396500,12714710,0,0,0,9399480,5314041,12080700,196570,6524200,201811.0
126,A10027985,61297910,0,0,0,0,0,54050080,0,19078910,0,201811.0
127,A13520002,0,0,0,0,0,0,15633240,52265010,596830,18050740,201811.0
128,A10023314,,,,,,,,,,,201811.0
129,A13520001,0,0,0,0,0,0,8177640,31596110,406140,15606990,201811.0
130,A10027909,0,0,6590,0,0,0,2134700,6870640,0,2754870,201811.0
131,A10027912,0,0,188630,0,0,0,11920828,0,5200420,0,201811.0
132,A13594702,3355970,34577720,0,0,110,16021590,4956440,0,0,0,201811.0
133,A13523005,4363980,38617326,0,0,0,18398170,8213499,24164610,0,14815461,201811.0
134,A13523004,9746410,39810040,0,0,0,12924900,800230,28502690,1292570,7876900,201811.0
135,A13594701,5845551,30992770,0,0,0,12889500,7044077,17551560,685469,6854690,201811.0
136,A13593802,8514280,24950540,0,0,0,10893300,6310840,0,748381,0,201811.0
137,A13523003,6142400,22970710,0,0,0,11607000,716890,17450860,-1390,9394540,201811.0
138,A13594402,22828150,0,3660,0,0,6688800,4469380,10739280,749840,0,201811.0
139,A13593801,8312286,6536424,0,2392770,-6951000,9407020,5067990,20811030,1642970,8472000,201811.0
140,A13594203,20296033,34972737,0,0,0,17567700,4648330,27533600,5449800,11283790,201811.0
141,A13594403,61586100,0,0,0,0,16788000,6874550,24691820,193890,0,201811.0
142,A10027571,,,,,,,,,,,201811.0
143,A10025823,,,,,,,,,,,201811.0
144,A10024216,,,,,,,,,,,201811.0
145,A13522003,0,17870160,0,0,0,11259500,3121820,0,96195,0,201811.0
146,A13522008,0,43494690,0,0,0,19542000,0,0,0,0,201811.0
147,A13522004,0,28069900,0,0,0,15611700,11239790,19557220,204960,11787760,201811.0
148,A13588402,13700450,21051900,0,0,-10339000,10307500,9374540,26755280,2653310,0,201811.0
149,A13522007,7937250,27071940,0,0,0,15347690,4862010,0,802040,0,201811.0
150,A13522006,7444700,24860690,0,0,0,16032000,5152900,20424420,0,0,201811.0
151,A13552001,1986857,4582413,3660,0,0,14185500,0,544560,0,5000,201811.0
152,A13552002,0,0,0,0,0,0,2326358,33166810,551520,11918980,201811.0
153,A13588601,2377550,12421490,0,0,0,10060500,4561980,9621670,396710,4280530,201811.0
154,A10025204,,,,,,,,,,,201811.0
155,A10027446,1639832,18631130,0,0,0,25479330,12720750,41247570,247780,7323500,201811.0
156,A13550502,4195270,38842710,0,0,0,26239310,14670530,31191880,0,13882380,201811.0
157,A13527004,1522550,10804050,0,0,0,3336000,694990,5592850,0,2863490,201811.0
158,A13585404,0,4357050,0,0,0,5517140,8023012,19735610,70,7098110,201811.0
159,A13527002,3431230,6183360,0,0,2459640,2459640,3201892,5747540,0,3399100,201811.0
160,A13527008,0,0,10270,0,0,0,2573972,12222810,17700,5686460,201811.0
161,A13527013,3433993,33581740,0,0,0,10595480,7861002,16318810,527700,5458950,201811.0
162,A13527203,17343380,143953720,0,0,0,86681400,7476300,132517350,-3427200,58028520,201811.0
163,A13585401,0,8719300,0,0,0,4391200,2194001,5371330,0,2175640,201811.0
164,A13586102,12652970,0,0,0,0,0,8399130,0,3656950,0,201811.0
165,A13585804,5764840,43535650,0,0,0,31243500,18988180,36544940,1782165,0,201811.0
166,A13527007,2111410,12362380,0,0,0,8303100,8857446,17358180,207710,4955780,201811.0
167,A13527016,4709120,24161090,0,0,0,8736000,7115083,14073650,722390,8037710,201811.0
168,A13550403,10171369,23847560,0,0,-9634500,9634500,5361290,11190990,1600410,6263460,201811.0
169,A13586101,0,0,0,0,0,0,448140,0,0,0,201811.0
170,A13527010,100,32278800,0,0,0,8108000,4561099,10019340,-30,9040500,201811.0
171,A13527019,3352310,16653650,0,0,0,9132750,9253408,16625480,644000,6344850,201811.0
172,A13527006,28454750,0,0,0,2325600,0,3390730,8225220,4569580,0,201811.0
173,A10027319,,,,,,,,,,,201811.0
174,A13550404,,,,,,,,,,,201811.0
175,A10024793,,,,,,,,,,,201811.0
