,kaptCode,heatC,heatP,gasC,gasP,waterHotC,waterHotP,electC,electP,waterCoolC,waterCoolP,Date
0,A13508012,6590170,0,0,0,0,4333300,5962100,24319470,64710,6754800,201807.0
1,A13579501,2385600,0,0,0,0,3133650,5218935,24916010,-328360,6843530,201807.0
2,A13592604,10541540,8670,0,2718830,-7734420,7721390,6856976,30591930,0,13064420,201807.0
3,A13508009,8985880,0,0,0,-5726860,5639800,10148561,51234570,622510,8556670,201807.0
4,A13508004,0,0,0,0,0,1948300,2609790,8868880,0,3566050,201807.0
5,A13508003,0,0,0,0,0,0,2152244,0,0,0,201807.0
6,A13579506,1886840,0,4110,0,0,2383830,4735322,24660990,0,5082910,201807.0
7,A13508006,2854620,0,0,0,0,1852170,3553877,29005150,250770,5498230,201807.0
8,A13508011,2733930,0,0,0,4880290,0,49003580,0,8692950,0,201807.0
9,A13592601,2603580,0,0,0,0,5382000,1457136,29680450,378260,7881530,201807.0
10,A13592706,3665640,0,0,0,487010,12311030,18253000,51669750,855780,19681600,201807.0
11,A13579505,2529400,0,0,0,0,4826440,7897370,59460710,0,10609880,201807.0
12,A13508005,0,0,0,0,0,0,703670,4755990,94660,2215010,201807.0
13,A13579503,0,0,0,0,0,0,1823780,10880430,0,0,201807.0
14,A13592605,3431540,0,0,0,0,6127600,10769530,68897080,0,13323450,201807.0
15,A13591402,0,0,0,0,0,0,2781212,12208050,0,4283010,201807.0
16,A10027474,2464160,0,0,0,220620,4250400,9352460,28018970,865890,6757780,201807.0
17,A10023825,,,,,,,,,,,201807.0
18,A10024820,,,,,,,,,,,201807.0
19,A10024813,,,,,,,,,,,201807.0
20,A13599303,0,7964500,0,0,0,9377500,8425490,40913750,2899440,0,201807.0
21,A13594007,58286,2132260,0,2514980,0,6966340,3625620,0,323310,5857680,201807.0
22,A13580602,5377580,0,0,0,0,8291450,12477920,41797960,0,14255130,201807.0
23,A13524004,-450,3164250,0,0,0,6165900,4948850,22172120,376360,7117450,201807.0
24,A13599402,0,8378800,0,3398120,0,12502500,1730970,27450380,0,13777690,201807.0
25,A13524005,3039920,0,0,0,0,6612990,8790280,27082940,1589120,0,201807.0
26,A13593908,803130,196110,0,0,0,6308400,0,0,0,0,201807.0
27,A13580001,1417310,0,0,0,0,2726700,3230861,11741170,-1240,4793420,201807.0
28,A13524006,0,6168040,0,0,0,5030100,16557300,44491850,2429190,9183760,201807.0
29,A13593901,1871280,1350,0,0,0,2251840,4881640,22374050,0,2918370,201807.0
30,A13524009,4408430,194400,0,0,-1308650,11355750,14041190,35245120,1353610,12153030,201807.0
31,A13580002,-640,1197990,0,0,0,3552900,3651918,15618820,72420,3877650,201807.0
32,A13599301,14221840,0,0,0,0,6810000,11019720,46769430,27620,0,201807.0
33,A10025203,,,,,,,,,,,201807.0
34,A10025675,,,,,,,,,,,201807.0
35,A10023565,,,,,,,,,,,201807.0
36,A10024564,,,,,,,,,,,201807.0
37,A10023996,,,,,,,,,,,201807.0
38,A13510003,0,0,0,0,0,2370000,4207450,14471760,-120,5213840,201807.0
39,A13510001,0,0,0,0,0,0,638360,6354180,35600,2808120,201807.0
40,A13510201,865910,0,0,0,0,2103680,607600,7332170,0,3071500,201807.0
41,A13510203,0,0,0,0,0,0,750770,10316700,0,3893590,201807.0
42,A13510102,1617560,0,0,0,0,3131100,1387020,27909650,90,5572010,201807.0
43,A13510006,0,0,0,0,0,0,4120459,16503830,-26830,10273520,201807.0
44,A13510103,2116770,0,0,0,0,4379000,4201850,39994800,350260,6104030,201807.0
45,A13510202,2243370,0,9200,0,0,2319000,2295360,16862210,86700,3316820,201807.0
46,A13576201,0,0,0,0,0,0,851210,10136610,0,0,201807.0
47,A13510005,4863600,0,0,0,0,11965670,11600130,66054660,1195500,10263470,201807.0
48,A13510009,0,0,0,0,0,0,4799110,29339670,1740,2937930,201807.0
49,A13510007,3657970,0,0,0,0,5270490,17071150,39904460,881270,7722990,201807.0
50,A10025280,,,,,,,,,,,201807.0
51,A10025755,,,,,,,,,,,201807.0
52,A10024640,,,,,,,,,,,201807.0
53,A13509001,0,0,17240,0,0,0,1519590,7809960,0,2948300,201807.0
54,A13570501,5060230,13200,0,0,0,8517600,15908604,92207620,-7120,13698290,201807.0
55,A13550701,1774578,0,0,0,1231040,2539389,27672520,57273350,6629190,7630370,201807.0
56,A13509005,40080,53180,0,0,2473380,2473380,6111045,20390750,125120,5082830,201807.0
57,A13509004,0,0,0,0,0,0,1109260,12635040,41790,4714610,201807.0
58,A13509010,5179310,0,0,0,0,10177650,16623190,92715430,45450,13535690,201807.0
59,A13509006,16550,0,0,0,0,0,2601867,11855080,0,5598780,201807.0
60,A13509003,0,0,0,0,0,0,1077050,10058810,0,0,201807.0
61,A13509012,6036230,0,0,0,10246890,0,119182430,0,19691630,0,201807.0
62,A13509007,1735980,0,0,0,0,2971200,5151070,15559200,92540,6070610,201807.0
63,A13570502,,,,,,,,,,,201807.0
64,A13509013,,,,,,,,,,,201807.0
65,A13509101,0,0,0,0,0,0,2446840,9060810,1280,3319870,201807.0
66,A13509009,11999940,766570,0,0,-7578000,7578000,24738790,150557760,2515110,10336110,201807.0
67,A13509014,,,,,,,,,,,201807.0
68,A10026350,2759130,233290,0,0,0,3447500,8579130,21447290,844080,4141620,201807.0
69,A10026934,,,,,,,,,,,201807.0
70,A10024131,,,,,,,,,,,201807.0
71,A10023939,,,,,,,,,,,201807.0
72,A10024819,,,,,,,,,,,201807.0
73,A13528102,5403350,0,0,0,0,11377420,17982870,94864680,0,18989630,201807.0
74,A13528103,6724340,0,0,0,0,10246370,24155357,196404970,0,20618700,201807.0
75,A13528004,17366990,0,0,8368610,0,33542100,37159640,186632420,0,51867610,201807.0
76,A13583604,-3033920,0,0,0,0,10032500,22201365,81657190,371320,18471170,201807.0
77,A13583701,2887240,0,0,2132790,929250,6649300,10689740,27316960,0,7559130,201807.0
78,A13528003,4918410,0,0,3141650,0,12871000,15124507,49841160,326780,16989210,201807.0
79,A13528007,2854280,0,0,0,0,3817100,9154070,34516920,789570,7463580,201807.0
80,A13528105,0,0,0,0,0,13188000,8469670,107013400,2536880,17577340,201807.0
81,A13584101,2424330,0,0,0,0,3335480,6145263,26486690,0,6556440,201807.0
82,A13583507,13520,18378500,0,0,0,59141040,68173740,303878690,-480320,67105630,201807.0
83,A13583403,2681820,0,0,0,0,7075200,8277720,37161150,889130,7118720,201807.0
84,A13583404,10619470,0,0,0,-5094000,5094000,11576281,58470990,628870,8802610,201807.0
85,A13583402,2125830,3172400,0,0,-3306000,3306000,7843140,20732630,2347790,5426180,201807.0
86,A10027800,6973395,0,0,0,0,14404450,46429703,202754110,141920,33206030,201807.0
87,A10025646,,,,,,,,,,,201807.0
88,A10026526,,,,,,,,,,,201807.0
89,A10024102,,,,,,,,,,,201807.0
90,A10024815,,,,,,,,,,,201807.0
91,A10026924,1466990,0,0,0,20,2423760,7656100,21095460,273040,4142980,201807.0
92,A10024799,,,,,,,,,,,201807.0
93,A10028094,,,,,,,,,,,201807.0
94,A10024029,,,,,,,,,,,201807.0
95,A10024814,,,,,,,,,,,201807.0
96,A10024805,,,,,,,,,,,201807.0
97,A13501004,0,0,0,0,0,0,7935570,18847740,236150,9154080,201807.0
98,A13501001,1846030,0,0,0,0,0,10807077,99985760,2115620,3434080,201807.0
99,A13582002,0,3482060,0,0,0,7153200,8797150,50194210,1035950,0,201807.0
100,A13501007,,,,,,,,,,,201807.0
101,A13501008,,,,,,,,,,,201807.0
102,A13583301,0,0,0,0,0,0,2541062,10495990,0,2896130,201807.0
103,A13501006,5421260,0,0,0,-3273860,3247390,3529550,28028420,0,6634410,201807.0
104,A13501005,,,,,,,,,,,201807.0
105,A10024501,,,,,,,,,,,201807.0
106,A13590204,10284774,0,0,0,0,11067000,-1846990,74036710,1319351,0,201807.0
107,A13589802,16876248,49272412,0,0,-30210000,30210000,2202178,399952390,13995090,48282600,201807.0
108,A13511201,8933160,0,0,0,0,0,40852123,0,3000000,0,201807.0
109,A13551103,-15883522,27976112,0,0,0,7486000,14129934,65620200,13155040,0,201807.0
110,A13590602,10483520,0,0,0,0,5836800,9487050,45854860,4410730,0,201807.0
111,A13511001,0,-935662,0,0,0,5581440,7363550,31316170,767160,0,201807.0
112,A13511004,1610,21641120,0,0,0,23195610,35910415,195168720,8392800,0,201807.0
113,A13511101,0,10358980,0,0,0,6336000,0,68900530,0,12684510,201807.0
114,A13511003,0,0,0,0,0,17533750,22123687,67349780,4923940,0,201807.0
115,A13519002,0,0,18050,0,0,0,2988040,12566880,125450,6963030,201807.0
116,A13519006,5306790,0,0,0,4250,8858460,11037403,29853460,1032530,17792560,201807.0
117,A13519007,12571060,251840,0,0,-6540630,6520830,3112240,32156550,687200,14473410,201807.0
118,A13519004,0,0,0,0,0,0,29225010,0,6041480,0,201807.0
119,A13519005,0,0,0,0,0,0,4065146,48742980,228770,10349140,201807.0
120,A13519003,0,0,23860,0,0,0,4039400,10812270,260600,6676580,201807.0
121,A13519001,0,0,28080,0,0,0,3110580,10913070,39570,6460240,201807.0
122,A10028172,11479400,53200,0,0,-7334900,7297130,15484012,51249730,487330,13690950,201807.0
123,A13519008,-100040,88270,0,0,-2043650,5686700,3050495,36739870,1885561,10862830,201807.0
124,A13520003,31290,6639310,0,0,0,8850390,18193579,116884840,0,16944400,201807.0
125,A13520004,2396500,27137320,0,0,0,10802040,9417115,13481900,231120,6883650,201807.0
126,A10027985,19406610,0,0,0,0,0,56963390,0,22142510,0,201807.0
127,A13520002,0,0,0,0,0,0,19486500,62739460,788560,20163530,201807.0
128,A10023314,,,,,,,,,,,201807.0
129,A13520001,0,0,0,0,0,0,12275024,37632570,612830,17389080,201807.0
130,A10027909,0,0,9910,0,0,0,3078870,7340310,0,2833670,201807.0
131,A10027912,0,0,20990,0,0,0,12438330,25292620,5233950,5588490,201807.0
132,A13594702,3355970,0,0,0,0,11408130,2416350,0,0,0,201807.0
133,A13523005,4363980,0,0,0,0,6888000,4649904,30020570,0,12859606,201807.0
134,A13523004,5343430,0,0,0,0,8160880,892730,36926930,308600,10042100,201807.0
135,A13594701,2438610,330340,0,0,0,7894800,4940636,19185430,865580,8655750,201807.0
136,A13593802,1225610,774380,0,0,0,7176280,6282580,0,753748,0,201807.0
137,A13523003,2865790,79820,0,0,0,4844070,368450,21180690,-890,10081420,201807.0
138,A13594402,2335670,0,5020,0,0,2600000,6400190,21235730,964600,0,201807.0
139,A13593801,2407540,0,0,2399390,-1756066,3643926,3982180,31456840,2784320,9558240,201807.0
140,A13594203,12660860,0,0,0,0,11359600,2044790,32770890,4138500,14647550,201807.0
141,A13594403,3446200,0,0,0,0,11124000,19073400,44845190,1738600,0,201807.0
142,A10027571,,,,,,,,,,,201807.0
143,A10025823,,,,,,,,,,,201807.0
144,A10024216,,,,,,,,,,,201807.0
145,A13522003,0,2123250,0,0,0,6336540,1799910,0,1160355,0,201807.0
146,A13522008,0,0,0,0,0,14931000,0,0,0,0,201807.0
147,A13522004,0,116390,0,2242190,0,9662400,7639825,26101660,274810,12752220,201807.0
148,A13588402,9706650,0,0,0,-6259200,6236800,6944660,25242700,4429180,0,201807.0
149,A13522007,3930820,0,0,0,0,8947850,3749290,0,1095210,0,201807.0
150,A13522006,3788640,0,0,0,0,7726050,235080,27974070,0,0,201807.0
151,A13552001,0,23070,0,0,0,4928000,0,891150,0,5000,201807.0
152,A13552002,0,0,0,0,0,0,3832671,33467860,319960,12645880,201807.0
153,A13588601,3452480,41830,0,0,0,1220000,3927180,14188990,288670,5452240,201807.0
154,A10025204,,,,,,,,,,,201807.0
155,A10027446,3809470,47070,0,0,-12091340,17029340,8946690,31300700,1010870,7702360,201807.0
156,A13550502,4195270,0,0,0,0,11577560,16506220,45580760,0,14160980,201807.0
157,A13527004,737990,0,0,0,0,2301000,359230,11399980,354600,3228210,201807.0
158,A13585404,0,0,0,0,0,5283450,8824427,36390280,0,6867610,201807.0
159,A13527002,2527150,0,0,0,-1578840,1578840,1974060,15850330,-74030,3315600,201807.0
160,A13527008,0,0,7130,0,0,0,3196352,15911850,19660,6611510,201807.0
161,A13527013,3434020,0,0,0,0,7264721,10415899,32034030,507520,6423440,201807.0
162,A13527203,17343471,0,0,0,-2309,40723760,7548840,279764250,-2809990,61546030,201807.0
163,A13585401,0,0,0,0,0,2961000,1320997,6913140,0,980420,201807.0
164,A13586102,3153240,0,0,0,0,0,15536500,0,3865870,0,201807.0
165,A13585804,5764840,0,0,0,0,13966910,27657330,95148540,2066995,0,201807.0
166,A13527007,2111410,0,0,0,-850,3573030,9079439,25437220,310530,5681040,201807.0
167,A13527016,2205200,10640,0,0,0,5684000,10323848,21633940,19520,8577760,201807.0
168,A13550403,2133320,17090,0,0,0,5266410,5672648,24934450,0,7370040,201807.0
169,A13586101,0,0,0,0,0,0,691030,0,0,0,201807.0
170,A13527010,-650,38400,0,0,0,5276000,4287835,21312070,-80,6993510,201807.0
171,A13527019,2941510,0,0,0,0,3839040,7501408,52356500,937310,6290520,201807.0
172,A13527006,2365250,0,0,0,1599700,0,3933610,13009750,5097220,0,201807.0
173,A10027319,,,,,,,,,,,201807.0
174,A13550404,,,,,,,,,,,201807.0
175,A10024793,,,,,,,,,,,201807.0
