,kaptCode,heatC,heatP,gasC,gasP,waterHotC,waterHotP,electC,electP,waterCoolC,waterCoolP,Date
0,A13508012,6823510,115340,0,0,0,4575660,5900300,25116290,-260780,6774400,201809.0
1,A13579501,2385600,239700,0,0,0,3352320,4735188,25129930,29460,6662940,201809.0
2,A13592604,11502320,222010,0,5145720,-8695200,8683200,22348898,15283720,0,12409750,201809.0
3,A13508009,10380600,0,0,0,-7121580,7022350,8421062,22134710,133770,8722400,201809.0
4,A13508004,0,0,0,0,0,2319640,2025170,9344170,0,3837460,201809.0
5,A13508003,0,0,0,0,0,0,1214092,0,0,0,201809.0
6,A13579506,1886840,0,0,0,0,2583070,4358177,24430980,0,4765270,201809.0
7,A13508006,2854620,239250,0,0,0,2325300,167351,11390280,242020,5738030,201809.0
8,A13508011,2697760,230940,0,0,-90,5565900,9951170,38828910,1137320,7429610,201809.0
9,A13592601,2612580,250740,0,0,0,5570560,1738121,29861060,655650,8110640,201809.0
10,A13592706,3665140,963190,0,0,458560,12067030,12860661,34173510,876710,19380450,201809.0
11,A13579505,2529400,327250,0,0,0,5148850,5101491,24018420,0,9933660,201809.0
12,A13508005,0,0,0,0,0,0,194420,5499120,0,2143970,201809.0
13,A13579503,0,0,0,0,0,0,1843530,3139600,0,0,201809.0
14,A13592605,3431540,0,0,0,0,6767670,3659950,30752950,0,13934160,201809.0
15,A13591402,0,0,0,0,0,0,2925819,14024720,-2020,4040730,201809.0
16,A10027474,2464160,193500,0,0,251490,4637500,6509000,32974150,433220,7111770,201809.0
17,A10023825,,,,,,,,,,,201809.0
18,A10024820,,,,,,,,,,,201809.0
19,A10024813,,,,,,,,,,,201809.0
20,A13599303,0,8666200,0,0,0,9900000,7072430,28727380,1310370,0,201809.0
21,A13594007,97106,2132260,0,2611860,0,7484450,3132170,0,272370,5195300,201809.0
22,A13580602,5377580,0,0,0,0,9954990,3974620,28680290,0,14336670,201809.0
23,A13524004,-370,4787400,0,0,0,6653400,3281920,15692770,325480,6988730,201809.0
24,A13599402,0,5996100,0,3428250,0,7412500,4522540,63003540,0,16755900,201809.0
25,A13524005,3039360,0,0,0,0,7097910,6908220,17735350,1551680,0,201809.0
26,A13593908,1107844,2349280,0,0,0,6978000,0,0,0,0,201809.0
27,A13580001,1412050,0,0,0,0,2756430,842341,8939840,40,3865240,201809.0
28,A13524006,0,8395140,0,0,0,4930740,3639890,22262180,2436030,9077610,201809.0
29,A13593901,1876460,159390,0,0,0,2480000,4481450,16902410,0,2801690,201809.0
30,A13524009,4706890,1130560,0,0,-1203750,13000900,5062670,33538520,1911380,11590950,201809.0
31,A13580002,-171,1623420,0,0,0,3841370,1842958,7767260,69600,3639140,201809.0
32,A13599301,12542840,0,0,0,0,5800000,6216670,23118720,27620,0,201809.0
33,A10025203,,,,,,,,,,,201809.0
34,A10025675,,,,,,,,,,,201809.0
35,A10023565,,,,,,,,,,,201809.0
36,A10024564,,,,,,,,,,,201809.0
37,A10023996,,,,,,,,,,,201809.0
38,A13510003,1411830,186480,0,0,0,2553200,3531950,15238630,-80,5136890,201809.0
39,A13510001,0,0,0,0,0,0,147730,4417550,155710,2392880,201809.0
40,A13510201,866780,0,0,0,0,2084960,199450,5841930,0,2828960,201809.0
41,A13510203,0,0,0,0,0,0,725910,11309800,0,2927900,201809.0
42,A13510102,1617730,495220,0,0,0,3304600,1969670,12706810,0,5055910,201809.0
43,A13510006,0,0,0,0,0,0,3216471,15815630,-26230,9996160,201809.0
44,A13510103,2116770,0,0,0,0,4698280,2143500,10039000,443080,7607160,201809.0
45,A13510202,1624570,0,0,0,0,2331000,1650760,7550740,108990,2787110,201809.0
46,A13576201,0,0,0,0,0,0,890050,7849990,0,0,201809.0
47,A13510005,4863600,0,0,0,0,8166240,6448860,32348970,996760,10411150,201809.0
48,A13510009,0,0,0,0,0,0,3596130,13443890,1860,3046730,201809.0
49,A13510007,3674890,225760,0,0,0,5725590,11403760,56772050,1076370,7395860,201809.0
50,A10025280,,,,,,,,,,,201809.0
51,A10025755,,,,,,,,,,,201809.0
52,A10024640,,,,,,,,,,,201809.0
53,A13509001,0,0,12590,0,0,0,1489990,7683630,0,3055710,201809.0
54,A13570501,5213750,2227000,0,0,0,7591500,11004288,38117500,-7300,19753470,201809.0
55,A13550701,1990270,0,0,0,4366500,0,31501580,0,7510250,0,201809.0
56,A13509005,33410,314970,0,0,2908500,2908500,4672995,20910760,84990,5343040,201809.0
57,A13509004,0,0,0,0,0,0,461810,12066920,0,4309620,201809.0
58,A13509010,5251890,0,0,0,0,12150000,10870710,44320390,94140,14314460,201809.0
59,A13509006,5390,0,0,0,0,0,2135962,11847010,0,5734060,201809.0
60,A13509003,0,0,0,0,0,0,1035050,9928930,0,0,201809.0
61,A13509012,6036230,0,0,0,12751690,0,56119900,0,19913980,0,201809.0
62,A13509007,1752230,0,0,0,0,3616300,4738350,13473420,292000,6112280,201809.0
63,A13570502,,,,,,,,,,,201809.0
64,A13509013,,,,,,,,,,,201809.0
65,A13509101,0,0,0,0,0,0,-469670,8403370,0,3059470,201809.0
66,A13509009,11923550,1881880,0,0,-7516800,7516800,15946970,54693370,1337240,10595700,201809.0
67,A13509014,,,,,,,,,,,201809.0
68,A10026350,2793840,442660,0,0,0,3431170,7436740,27239040,690930,5280470,201809.0
69,A10026934,,,,,,,,,,,201809.0
70,A10024131,,,,,,,,,,,201809.0
71,A10023939,,,,,,,,,,,201809.0
72,A10024819,,,,,,,,,,,201809.0
73,A13528102,5403350,0,0,0,0,11284930,11826220,44908390,1329520,15349990,201809.0
74,A13528103,6724340,467120,0,0,0,11804240,18807069,70199690,0,20721980,201809.0
75,A13528004,17366990,0,0,16744120,0,32494500,15175430,152970470,0,53509490,201809.0
76,A13583604,-1323130,0,0,0,10832500,10832500,8402307,43047350,1448080,18197260,201809.0
77,A13583701,2887240,0,0,4231720,947100,7035600,5808225,35467150,0,12182980,201809.0
78,A13528003,5032110,0,0,6287120,0,14904000,13039742,51481920,686110,15706340,201809.0
79,A13528007,3093500,262800,0,0,0,3727800,8348170,35800890,1366720,6760520,201809.0
80,A13528105,0,0,0,0,0,13349000,-9705240,72083810,0,23436170,201809.0
81,A13584101,2424330,878980,0,0,0,4256520,5716213,27705140,0,6703050,201809.0
82,A13583507,5220,22783040,0,0,0,54910100,20619100,149548790,7357500,54917340,201809.0
83,A13583403,2601760,0,0,0,0,7530800,3305620,16329550,986860,6557210,201809.0
84,A13583404,10797370,0,0,0,-4795200,4795200,6272751,25926880,421110,9604080,201809.0
85,A13583402,2802650,3221400,0,0,-3324000,3324000,3502760,13882290,1407310,7143980,201809.0
86,A10027800,7504156,500,0,0,0,16882310,29605608,97155280,2972042,31843660,201809.0
87,A10025646,,,,,,,,,,,201809.0
88,A10026526,,,,,,,,,,,201809.0
89,A10024102,,,,,,,,,,,201809.0
90,A10024815,,,,,,,,,,,201809.0
91,A10026924,1466990,0,0,0,0,2616690,6094290,20989810,270250,4219150,201809.0
92,A10024799,,,,,,,,,,,201809.0
93,A10028094,,,,,,,,,,,201809.0
94,A10024029,,,,,,,,,,,201809.0
95,A10024814,,,,,,,,,,,201809.0
96,A10024805,,,,,,,,,,,201809.0
97,A13501004,0,0,0,0,0,0,7652830,22667240,351440,8293680,201809.0
98,A13501001,1938190,0,0,0,0,0,5886303,23476710,1575210,3589810,201809.0
99,A13582002,0,3425210,0,0,0,7804800,5869970,16258750,87940,0,201809.0
100,A13501007,,,,,,,,,,,201809.0
101,A13501008,,,,,,,,,,,201809.0
102,A13583301,0,0,0,0,0,0,2316747,11602220,0,2780930,201809.0
103,A13501006,5784180,0,0,0,-3636780,3613270,1836470,32198080,0,6088060,201809.0
104,A13501005,,,,,,,,,,,201809.0
105,A10024501,,,,,,,,,,,201809.0
106,A13590204,10839549,0,0,0,0,9783000,-6767227,56773680,955071,0,201809.0
107,A13589802,8774782,58667058,0,0,-21300000,21300000,3454266,183739490,12986880,46978290,201809.0
108,A13511201,9196450,0,0,0,0,0,25436988,0,3000000,0,201809.0
109,A13551103,-1913548,14306408,0,0,0,8246000,4954600,41956120,816640,0,201809.0
110,A13590602,8186080,0,0,0,0,5598720,2675050,20446100,-2647550,0,201809.0
111,A13511001,0,3170020,0,0,0,6484320,2084830,18987980,942100,0,201809.0
112,A13511004,2110,22874750,0,0,0,22945350,15719485,97555080,4907110,0,201809.0
113,A13511101,0,4438520,0,0,0,8115000,0,28477070,0,12747570,201809.0
114,A13511003,0,0,0,0,0,18011000,2360601,36082450,3388760,0,201809.0
115,A13519002,0,0,15400,0,0,0,808800,8922180,0,6837570,201809.0
116,A13519006,5415910,237330,0,0,-2680,9638000,19015188,24276700,756090,15755010,201809.0
117,A13519007,12510980,870740,0,0,-7793310,7776090,3093760,22245790,487270,13034140,201809.0
118,A13519004,0,0,0,0,0,0,13537690,0,5255370,0,201809.0
119,A13519005,0,0,0,0,0,0,2199970,18383190,632480,9462010,201809.0
120,A13519003,0,0,17510,0,0,0,1267830,8253930,143350,6162860,201809.0
121,A13519001,0,0,15400,0,0,0,0,8022680,0,6429510,201809.0
122,A10028172,12140790,416500,0,0,-7945590,7912400,8489631,20661480,160770,13582340,201809.0
123,A13519008,902460,0,0,0,6690200,0,20743630,0,10134650,0,201809.0
124,A13520003,9050,7758170,0,0,0,10797350,10690451,48407690,0,16353900,201809.0
125,A13520004,2396500,0,0,0,0,4906300,3495786,12774300,295210,7330250,201809.0
126,A10027985,21619650,0,0,0,0,0,60395860,0,18844970,0,201809.0
127,A13520002,0,0,0,0,0,0,18422240,73049690,586070,18302110,201809.0
128,A10023314,,,,,,,,,,,201809.0
129,A13520001,0,0,0,0,0,0,5702305,20196420,431810,13044970,201809.0
130,A10027909,0,0,730,0,0,0,3453470,4393000,-20290,2750000,201809.0
131,A10027912,0,0,11730,0,0,0,6370310,9086600,5113670,5247210,201809.0
132,A13594702,3355970,700330,0,0,-150,11609170,2246120,0,0,0,201809.0
133,A13523005,4363980,843840,0,0,0,10167300,3946142,30010370,0,13847910,201809.0
134,A13523004,5506860,1221540,0,0,0,9269100,2374850,35470510,1233040,9309510,201809.0
135,A13594701,2629120,2044930,0,0,0,8892000,1187537,21116910,766060,7660600,201809.0
136,A13593802,2445220,4769230,0,0,0,7901520,5534045,0,689452,0,201809.0
137,A13523003,3089180,840230,0,0,0,6072200,336090,21075110,70610,9418200,201809.0
138,A13594402,2329010,0,1460,0,0,2452000,1613750,10777220,482300,0,201809.0
139,A13593801,4570880,0,0,2351270,-3919356,5884596,3565240,31249970,564860,10121280,201809.0
140,A13594203,13857802,1172648,0,0,0,11708700,1082090,32665400,4296600,13141130,201809.0
141,A13594403,4225940,0,0,0,0,11160000,1289860,25497420,1055960,0,201809.0
142,A10027571,,,,,,,,,,,201809.0
143,A10025823,,,,,,,,,,,201809.0
144,A10024216,,,,,,,,,,,201809.0
145,A13522003,0,2123250,0,0,0,6397400,2655200,0,507600,0,201809.0
146,A13522008,0,4234630,0,0,0,15759000,0,0,0,0,201809.0
147,A13522004,0,1263990,0,0,0,10241400,6176461,25388770,375540,11411650,201809.0
148,A13588402,10223450,0,0,0,-6776000,6755000,3959840,28481300,3849330,0,201809.0
149,A13522007,4167590,2396840,0,0,0,8280530,3444620,0,1398490,0,201809.0
150,A13522006,3807210,0,0,0,0,7906500,-3263730,30562290,0,0,201809.0
151,A13552001,0,332630,0,0,0,7044800,0,860020,0,5000,201809.0
152,A13552002,0,0,0,0,0,0,3770833,25602390,1750380,11852220,201809.0
153,A13588601,4008580,412750,0,0,0,2314400,3476450,12541520,805010,4830990,201809.0
154,A10025204,,,,,,,,,,,201809.0
155,A10027446,122140,356460,0,0,0,11717200,2178580,43175990,673220,7811940,201809.0
156,A13550502,4195270,776140,0,0,0,13256410,10950180,39580080,0,14339630,201809.0
157,A13527004,953480,0,0,0,0,2484000,428370,5707150,0,3110110,201809.0
158,A13585404,0,0,0,0,0,1923740,6961203,27918900,0,7641660,201809.0
159,A13527002,2726400,0,0,0,1786200,1786200,1651686,5752230,0,3342290,201809.0
160,A13527008,0,0,2930,0,0,0,1718835,14104440,20020,6487390,201809.0
161,A13527013,3434020,0,0,0,0,8022535,3564006,17156510,526290,6287840,201809.0
162,A13527203,15611501,1719580,0,0,1731349,46961900,7281720,137224590,-4594130,57278880,201809.0
163,A13585401,0,0,0,0,0,3060000,2319625,4752180,0,1013200,201809.0
164,A13586102,-644400,4046700,0,0,-2587000,2587000,635110,7192760,10400,3475590,201809.0
165,A13585804,5764840,0,0,0,0,12621620,6245040,20170080,125910,0,201809.0
166,A13527007,2111410,0,0,0,0,3816410,7251489,19820190,271610,5377330,201809.0
167,A13527016,3108200,7600,0,0,0,5418000,21690,17315710,1271290,8096520,201809.0
168,A13550403,5918950,993620,0,0,-5197500,5197500,2626760,11602980,1414440,7122960,201809.0
169,A13586101,0,0,0,0,0,0,769730,0,0,0,201809.0
170,A13527010,360,199800,0,0,0,5760000,2258717,9833710,0,6507690,201809.0
171,A13527019,2833280,0,0,0,0,4274600,4440817,20480670,658480,6535220,201809.0
172,A13527006,3344010,0,0,0,1579300,0,2045910,9564340,4875120,0,201809.0
173,A10027319,,,,,,,,,,,201809.0
174,A13550404,,,,,,,,,,,201809.0
175,A10024793,,,,,,,,,,,201809.0
