,kaptCode,heatC,heatP,gasC,gasP,waterHotC,waterHotP,electC,electP,waterCoolC,waterCoolP,Date
0,A13508012,2154950,11579440,0,0,0,12400450,5472720,15640820,804850,6345900,201803.0
1,A13579501,2385600,18340100,0,0,0,10647000,5478240,15894630,74100,5998070,201803.0
2,A13592604,6649060,29726140,0,2570570,0,18396000,8127768,20629540,-1220,12802670,201803.0
3,A13508009,3259020,27890780,0,0,0,15268500,12038990,21241060,868950,7881900,201803.0
4,A13508004,5011520,7779440,0,0,0,3956700,3100070,5754400,0,3439560,201803.0
5,A13508003,0,0,0,0,0,0,1390570,0,0,0,201803.0
6,A13579506,1886840,14371660,0,0,0,3303360,4473450,13885050,0,4916360,201803.0
7,A13508006,5290360,15708160,0,0,0,8962200,7608119,17262420,113170,5277280,201803.0
8,A13508011,2697760,22008250,0,0,320,13583370,9173220,25244570,310880,7575200,201803.0
9,A13592601,5285100,17634600,0,0,0,15414220,2010439,19537480,262140,7218450,201803.0
10,A13592706,3665270,43665210,0,3744300,0,29691150,10897570,27050260,22360,16950430,201803.0
11,A13579505,2529400,19373970,0,0,0,12612740,7093064,25316270,0,10284230,201803.0
12,A13508005,0,0,0,0,0,0,593620,3482440,0,2004790,201803.0
13,A13579503,0,0,0,0,0,0,1361640,7072320,0,0,201803.0
14,A13592605,3431540,28004200,0,2968150,0,26237690,6944580,32121810,0,11582650,201803.0
15,A13591402,0,0,0,0,0,0,3006192,8748180,0,3891670,201803.0
16,A10027474,2464160,12435500,0,0,1272050,11733750,9451880,15632380,114000,6500440,201803.0
17,A10023825,,,,,,,,,,,201803.0
18,A10024820,,,,,,,,,,,201803.0
19,A10024813,,,,,,,,,,,201803.0
20,A13599303,360,88031000,0,0,0,14850000,9215420,23862360,1673600,0,201803.0
21,A13594007,401750,21528800,0,2577590,0,22664200,3641440,0,784600,3960160,201803.0
22,A13580602,5377580,51582290,0,0,0,13698300,4915320,24601240,7,12466063,201803.0
23,A13524004,530,44335050,0,0,0,10518300,5196570,12579930,0,5292810,201803.0
24,A13599402,0,98980400,0,3809080,0,18147500,5924180,31156080,0,13773610,201803.0
25,A13524005,3039360,35294160,0,0,0,9280000,6000280,18523630,2662400,0,201803.0
26,A13593908,5726691,31471310,0,0,0,18691200,0,0,0,0,201803.0
27,A13580001,1417170,17525500,0,0,0,4652700,2145896,7142980,-830,3644690,201803.0
28,A13524006,0,74947820,0,0,0,7507890,7683850,22683260,3646020,6775370,201803.0
29,A13593901,2113060,13854280,0,0,0,6790050,4532010,12922960,0,2714110,201803.0
30,A13524009,5182990,54565650,0,0,-4100440,35376440,6503800,23869910,5395350,7929020,201803.0
31,A13580002,-1779,14448960,0,0,0,7383340,1873799,8240170,163140,2753370,201803.0
32,A13599301,69935700,0,0,0,0,10774000,8374420,23779310,27620,0,201803.0
33,A10025203,,,,,,,,,,,201803.0
34,A10025675,,,,,,,,,,,201803.0
35,A10023565,,,,,,,,,,,201803.0
36,A10024564,,,,,,,,,,,201803.0
37,A10023996,,,,,,,,,,,201803.0
38,A13510003,1411920,17893900,0,0,0,4417500,3827370,12113130,270,4582840,201803.0
39,A13510001,0,0,0,0,0,0,852030,5503730,0,2480990,201803.0
40,A13510201,870910,9682880,0,0,0,3952800,1074787,6155230,0,3140620,201803.0
41,A13510203,0,0,0,0,0,0,1227380,8395790,0,3507020,201803.0
42,A13510102,1617540,16747280,0,0,0,6081000,3702530,12732850,0,4690880,201803.0
43,A13510006,0,0,0,0,0,0,3587698,12877790,-25990,9651420,201803.0
44,A13510103,2697260,25560000,0,0,0,7411600,2619290,15216200,659900,6925040,201803.0
45,A13510202,19956320,19955500,86160,0,0,4368000,1623950,8003230,19280,2595470,201803.0
46,A13576201,0,0,0,0,0,0,964740,8627560,0,0,201803.0
47,A13510005,4863600,43395450,0,0,0,23636600,10552040,33769300,1558580,6913740,201803.0
48,A13510009,0,0,0,0,0,0,3853780,11741780,1390,2706780,201803.0
49,A13510007,9734410,22310370,0,0,0,16262400,15247028,19951440,-430510,7284190,201803.0
50,A10025280,,,,,,,,,,,201803.0
51,A10025755,,,,,,,,,,,201803.0
52,A10024640,,,,,,,,,,,201803.0
53,A13509001,0,0,390990,0,0,0,1869840,5531200,0,2532480,201803.0
54,A13570501,8279950,42442880,0,0,0,12416000,10830669,38168580,-6470,12897200,201803.0
55,A13550701,12157228,5631989,0,0,914640,9607840,2538055,19837330,-609830,6231470,201803.0
56,A13509005,68360,14316710,0,0,6395200,6395200,4065288,14076750,102340,4299890,201803.0
57,A13509004,0,0,0,0,0,0,1743850,8450350,141510,3707240,201803.0
58,A13509010,5224090,34831300,0,0,0,25020900,11858520,43583720,17060,12254970,201803.0
59,A13509006,311410,0,0,0,0,0,2886904,7937680,0,4732980,201803.0
60,A13509003,0,0,0,0,0,0,1480750,7714570,0,0,201803.0
61,A13509012,46893600,0,0,0,32405100,0,59435790,0,16659800,0,201803.0
62,A13509007,3168040,19414580,0,0,0,3988800,4556040,10128500,203130,5272130,201803.0
63,A13570502,,,,,,,,,,,201803.0
64,A13509013,,,,,,,,,,,201803.0
65,A13509101,0,0,0,0,0,0,1863580,6160540,181480,2614630,201803.0
66,A13509009,18760040,43236000,0,0,-14363700,14363700,16844150,50135570,584780,9720770,201803.0
67,A13509014,,,,,,,,,,,201803.0
68,A10026350,,,,,,,,,,,201803.0
69,A10026934,,,,,,,,,,,201803.0
70,A10024131,,,,,,,,,,,201803.0
71,A10023939,,,,,,,,,,,201803.0
72,A10024819,,,,,,,,,,,201803.0
73,A13528102,5403350,53494930,0,0,0,19197000,12741240,45308980,122760,15673960,201803.0
74,A13528103,6724340,49321210,0,0,0,32064400,18339962,65294900,0,18320790,201803.0
75,A13528004,28382080,166440830,0,8981430,0,51084000,16553060,110569070,0,46980310,201803.0
76,A13583604,107460000,0,0,0,0,19052500,13206715,41738590,1650280,13072010,201803.0
77,A13583701,2887240,25491810,0,2181890,2347500,18780000,5263238,19547570,1246700,8284820,201803.0
78,A13528003,4863144,45094360,0,3300070,0,32804700,17746160,28308540,3703870,12440050,201803.0
79,A13528007,4719790,11826730,0,0,0,10036900,7146360,20426050,912610,7151690,201803.0
80,A13528105,470,77010000,0,0,0,32247600,4583380,56355880,0,14710070,201803.0
81,A13584101,2424330,17653380,0,0,0,10927800,6246035,17258520,0,6408850,201803.0
82,A13583507,-9780,440696060,0,0,0,105888650,43722100,147582870,-2742160,52134620,201803.0
83,A13583403,49585340,0,0,0,0,11430200,4190130,16923310,621100,5489720,201803.0
84,A13583404,72506700,0,0,0,-8199000,8199000,8291890,27793490,796940,8894590,201803.0
85,A13583402,2956610,36237880,0,0,-5638000,5638000,4467720,11541800,3435720,3776770,201803.0
86,A10027800,8416232,50198870,0,0,0,55789760,28797225,98819980,92640,27929630,201803.0
87,A10025646,,,,,,,,,,,201803.0
88,A10026526,,,,,,,,,,,201803.0
89,A10024102,,,,,,,,,,,201803.0
90,A10024815,,,,,,,,,,,201803.0
91,A10026924,1466990,8836010,0,0,-1310,7224460,5173538,11125490,418990,3515710,201803.0
92,A10024799,,,,,,,,,,,201803.0
93,A10028094,,,,,,,,,,,201803.0
94,A10024029,,,,,,,,,,,201803.0
95,A10024814,,,,,,,,,,,201803.0
96,A10024805,,,,,,,,,,,201803.0
97,A13501004,0,0,0,0,0,0,7116740,14309420,175590,9040910,201803.0
98,A13501001,6606260,0,0,0,0,0,7846647,25164030,1074150,3603050,201803.0
99,A13582002,0,60780420,0,0,0,11354400,5629230,20296660,792300,0,201803.0
100,A13501007,,,,,,,,,,,201803.0
101,A13501008,,,,,,,,,,,201803.0
102,A13583301,0,0,0,0,0,0,2858845,6916080,0,2798720,201803.0
103,A13501006,13400730,10389210,0,0,-11253330,11179990,0,17350190,0,6224800,201803.0
104,A13501005,,,,,,,,,,,201803.0
105,A10024501,,,,,,,,,,,201803.0
106,A13590204,110511557,0,0,0,0,16293000,5057398,37454880,1875263,0,201803.0
107,A13589802,14186180,486163950,0,0,-46188000,46188000,49319905,173910930,19510430,37745510,201803.0
108,A13511201,63690200,0,0,0,0,0,23663485,0,3000000,0,201803.0
109,A13551103,-22842988,155081068,0,0,0,24558000,18920541,31627530,14642080,0,201803.0
110,A13590602,69230180,0,0,0,0,9786880,6884230,20082910,4400340,0,201803.0
111,A13511001,0,35838558,0,0,0,11314080,3418740,16467660,1056400,0,201803.0
112,A13511004,100,262513790,0,0,0,39005640,18710464,93688810,7443970,0,201803.0
113,A13511101,0,71732610,0,0,0,11511000,0,31148060,0,11857390,201803.0
114,A13511003,0,72644897,0,0,0,27875550,11348549,32715850,4099930,0,201803.0
115,A13519002,0,0,211000,0,0,0,2470530,11572930,246800,6385700,201803.0
116,A13519006,9460890,24904720,0,0,2840,21202480,13037687,25628800,0,16802080,201803.0
117,A13519007,29363780,19735660,0,0,-20060240,19992880,7112860,26404710,476580,13682090,201803.0
118,A13519004,0,0,0,0,0,0,15945030,0,5314450,0,201803.0
119,A13519005,0,0,0,0,0,0,3051270,21001440,251680,9508660,201803.0
120,A13519003,0,0,335530,0,0,0,5363630,9880180,167510,5702450,201803.0
121,A13519001,0,0,311660,0,0,0,3904030,9902610,160630,5457950,201803.0
122,A10028172,24784120,13810300,0,0,-19631600,19529920,8856690,23044420,741450,12167660,201803.0
123,A13519008,1149640,14355810,0,0,0,18482400,3213630,17552030,-377,8439273,201803.0
124,A13520003,3644400,29122670,0,0,0,34077120,9906088,52765330,0,16583300,201803.0
125,A13520004,2396500,13551790,0,0,0,11323690,6239943,12602300,331320,6961810,201803.0
126,A10027985,70924680,0,0,0,0,0,56802160,0,18719180,0,201803.0
127,A13520002,0,0,0,0,0,0,19581830,48240240,327530,18703470,201803.0
128,A10023314,,,,,,,,,,,201803.0
129,A13520001,0,0,123880,0,0,0,14028644,30427870,213080,16166300,201803.0
130,A10027909,0,0,23300,0,0,0,2990410,6299030,38830,2690700,201803.0
131,A10027912,0,0,347580,0,0,0,12221060,0,0,0,201803.0
132,A13594702,3355970,38082460,0,0,0,16867170,4895710,0,0,0,201803.0
133,A13523005,4363980,35960400,0,0,0,21169370,8393765,22071570,0,12021786,201803.0
134,A13523004,10186360,50687310,0,0,0,6420000,1290690,24512450,837620,7039070,201803.0
135,A13594701,6318630,33088810,0,0,0,12002120,7291169,16009450,634340,6343440,201803.0
136,A13593802,8338190,28434340,0,0,0,11517120,6130120,0,761578,0,201803.0
137,A13523003,6376650,24972550,0,0,0,11793600,1183350,15980320,-1060,9542740,201803.0
138,A13594402,28127860,0,14860,0,0,3020000,5058280,10659160,886340,0,201803.0
139,A13593801,10541708,6962892,0,2364780,-9048000,12244960,4779370,17953380,2182340,7015200,201803.0
140,A13594203,24316900,40069940,0,0,0,21173000,3269360,26953220,6621600,10772460,201803.0
141,A13594403,53246220,0,0,0,0,19796000,10299770,22440710,842940,0,201803.0
142,A10027571,,,,,,,,,,,201803.0
143,A10025823,,,,,,,,,,,201803.0
144,A10024216,,,,,,,,,,,201803.0
145,A13522003,3510990,36490840,0,4246440,0,13471500,3310120,0,604490,0,201803.0
146,A13522008,0,56027940,0,0,0,28293000,0,0,0,0,201803.0
147,A13522004,0,28769280,0,2441010,0,17035200,9506729,18546890,179300,11697530,201803.0
148,A13588402,20109580,21699650,0,0,-11949000,11921000,5435540,20959630,5217550,0,201803.0
149,A13522007,8711680,34055960,0,0,0,21344990,4594690,0,3064940,0,201803.0
150,A13522006,7871710,27340720,0,0,0,17600000,119465,22098050,0,0,201803.0
151,A13552001,3239572,16656118,53100,0,0,20205000,0,460750,0,5000,201803.0
152,A13552002,0,0,0,0,0,0,4823957,32517720,805400,10383850,201803.0
153,A13588601,4426700,13073140,0,0,0,10203000,3694620,9524220,912090,4070870,201803.0
154,A10025204,,,,,,,,,,,201803.0
155,A10027446,4244850,16201920,0,0,-11337200,22709600,7729190,24586060,436600,7124110,201803.0
156,A13550502,4195270,41145900,0,0,0,26687360,9659480,28563560,0,13368850,201803.0
157,A13527004,1788490,10655900,0,0,0,3537000,1470090,5523450,237430,2667160,201803.0
158,A13585404,0,26194710,0,0,0,15579430,5014322,17689740,0,8043720,201803.0
159,A13527002,46002,6593630,0,0,0,3498000,2182640,6404030,0,2998290,201803.0
160,A13527008,0,0,193030,0,0,0,2638928,11036850,16190,5408210,201803.0
161,A13527013,3434010,33493350,0,0,0,11864830,8091333,17428240,564830,4697110,201803.0
162,A13527203,17344270,156577800,0,0,0,100315800,61940358,138201960,-4602800,61217670,201803.0
163,A13585401,0,9354600,0,0,0,5080500,1591955,4492250,0,1682210,201803.0
164,A13586102,10033900,3994970,0,0,-3195400,3195400,1743310,7199030,286230,3141230,201803.0
165,A13585804,-1534910,42004930,0,0,7299750,43798500,20583930,35874100,1339650,0,201803.0
166,A13527007,2111410,14122360,0,0,0,9519900,7496339,14925440,188470,4152620,201803.0
167,A13527016,4580210,26914340,0,0,0,9957500,9376431,12628500,999710,7762170,201803.0
168,A13550403,2137180,23729040,0,0,0,11700000,5392437,12395730,0,5310280,201803.0
169,A13586101,0,0,0,0,0,0,865340,0,0,0,201803.0
170,A13527010,-583630,28778400,0,0,0,9696000,4012323,9898020,-160,7340550,201803.0
171,A13527019,6061430,16870660,0,0,0,9126000,6125040,21566110,1376460,5919660,201803.0
172,A13527006,29861240,0,0,0,3253800,0,10520710,7214400,4349790,0,201803.0
173,A10027319,,,,,,,,,,,201803.0
174,A13550404,,,,,,,,,,,201803.0
175,A10024793,,,,,,,,,,,201803.0
