,kaptCode,heatC,heatP,gasC,gasP,waterHotC,waterHotP,electC,electP,waterCoolC,waterCoolP,Date
0,A13508012,12947290,5776190,0,0,0,10534960,7525970,18247790,496390,6713500,201904.0
1,A13579501,2385600,8012400,0,0,0,8232000,5295909,18172230,-168750,7094710,201904.0
2,A13592604,22005860,15764500,0,0,-16551000,16533000,8479296,23578640,0,13234090,201904.0
3,A13508009,16235520,16890050,0,0,-12976500,12976500,7216157,19421140,300000,9420290,201904.0
4,A13508004,3399380,4657300,0,0,0,3305970,2376400,7048370,320010,3207080,201904.0
5,A13508003,0,0,0,0,0,0,3065160,0,0,0,201904.0
6,A13579506,1886840,7864980,5120,0,0,3876260,4164234,15852660,0,4951280,201904.0
7,A13508006,4608340,8014200,0,0,0,7885800,4502869,22059000,0,5506040,201904.0
8,A13508011,2699220,9950720,0,0,360,13755200,8372770,28359590,1223440,8286080,201904.0
9,A13592601,4417150,9414560,0,0,0,12985280,3705829,22763230,282400,8867040,201904.0
10,A13592706,3665640,24638600,0,7178470,470,27670200,10457743,30366180,-3320,19090350,201904.0
11,A13579505,2529400,10974810,0,0,0,11212300,5817253,23605400,0,10451750,201904.0
12,A13508005,0,0,0,0,0,0,755150,3539880,0,1860750,201904.0
13,A13579503,0,0,0,0,0,0,1651410,8130290,0,5259080,201904.0
14,A13592605,3431540,15649440,0,5072180,0,19086660,8543140,28530360,0,13984660,201904.0
15,A13591402,0,0,0,0,0,0,2522711,8968820,-480,4109850,201904.0
16,A10027474,2464160,5230000,0,0,828320,10522070,6430720,18845050,384030,7107750,201904.0
17,A10023825,,,,,,,,,,,201904.0
18,A10024820,,,,,,,,,,,201904.0
19,A10024813,,,,,,,,,,,201904.0
20,A13599303,0,58914900,0,0,0,15832500,9943970,25480300,4722260,0,201904.0
21,A13594007,241806,17568860,0,2452100,0,14217580,3715890,0,463370,4387990,201904.0
22,A13580602,5377810,25352420,0,0,0,15510000,5869180,26133430,100,14422280,201904.0
23,A13524004,270,27240000,0,0,0,10413000,5145510,13547800,372760,6107740,201904.0
24,A13599402,0,69439200,0,0,0,19672500,3878430,23478710,0,8722030,201904.0
25,A13524005,3024010,21474910,0,0,0,8732800,6823130,16393260,2822560,0,201904.0
26,A13593908,4129089,17828730,0,0,0,18835200,0,0,0,0,201904.0
27,A13580001,1417200,10201270,0,0,0,5003700,3109190,7427230,-690,4136150,201904.0
28,A13524006,0,45618680,0,0,0,7445790,6882350,19901070,4136070,7449430,201904.0
29,A13593901,1935180,6674640,0,0,0,6501600,4548180,14247980,0,2633630,201904.0
30,A13524009,4875330,26086500,0,0,-1525600,27460800,9085930,26384080,1707530,8917180,201904.0
31,A13580002,-2081,7362810,0,0,0,7660610,1174438,7612010,103710,3430710,201904.0
32,A13599301,43636520,0,0,0,0,11936000,7938870,21294230,27620,0,201904.0
33,A10025203,,,,,,,,,,,201904.0
34,A10025675,14481160,38257940,0,0,0,22703340,6976410,46535580,426220,12136780,201904.0
35,A10023565,,,,,,,,,,,201904.0
36,A10024564,,,,,,,,,,,201904.0
37,A10023996,,,,,,,,,,,201904.0
38,A13510003,1411790,8882760,0,0,0,3990000,4405820,11360520,0,4181160,201904.0
39,A13510001,0,0,0,0,0,0,1012460,5940900,0,2799580,201904.0
40,A13510201,867500,5236850,0,0,0,3664800,1277270,6540530,0,3217080,201904.0
41,A13510203,0,0,0,0,0,0,833770,9455760,0,3278700,201904.0
42,A13510102,1617660,9526630,0,0,0,6114000,3633870,11998080,0,5600610,201904.0
43,A13510006,0,0,0,0,0,0,2959155,14902030,0,0,201904.0
44,A13510103,2580180,15017600,0,0,0,6500000,3074440,13046900,0,6947440,201904.0
45,A13510202,12969390,0,68360,0,0,5500000,2286430,6110190,81560,2736300,201904.0
46,A13576201,0,0,0,0,0,0,1376430,10024100,20760,0,201904.0
47,A13510005,4863040,24361170,0,0,0,20404900,5111812,29673826,2923670,7475390,201904.0
48,A13510009,0,0,0,0,0,0,2033910,11026970,2740,3120260,201904.0
49,A13510007,6915920,10154720,0,0,0,13988700,17842894,22778670,-841520,7668220,201904.0
50,A10025280,,,,,,,,,,,201904.0
51,A10025755,,,,,,,,,,,201904.0
52,A10024640,,,,,,,,,,,201904.0
53,A13509001,0,0,312330,0,0,0,1721630,6156840,19010,3050410,201904.0
54,A13570501,6809840,23319600,0,0,0,12986100,10004404,35740910,-11270,14301980,201904.0
55,A13550701,1774578,7716482,0,0,0,10955200,4380441,19626760,0,6253320,201904.0
56,A13509005,59570,8664170,0,0,5484510,5484510,3802856,15696510,80790,5119070,201904.0
57,A13509004,0,0,0,0,0,0,1475280,9398170,0,4601250,201904.0
58,A13509010,1437400,20098400,0,0,4463710,21422700,13415832,41092500,88290,13688150,201904.0
59,A13509006,126210,0,0,0,0,0,2640115,8027110,0,5110120,201904.0
60,A13509003,0,0,0,0,0,0,1652690,8164250,-630,7276640,201904.0
61,A13509012,18861790,0,0,0,33883200,0,55790110,0,18227470,0,201904.0
62,A13509007,1547100,10283950,0,0,0,5982150,4168630,11215530,161290,6143740,201904.0
63,A13570502,,,,,,,,,,,201904.0
64,A13509013,,,,,,,,,,,201904.0
65,A13509101,0,0,0,0,0,0,1059070,6593350,0,3059110,201904.0
66,A13509009,17179470,24050640,0,0,-12795900,12795900,15271650,47492030,908930,9423290,201904.0
67,A13509014,,,,,,,,,,,201904.0
68,A10026350,3079790,4974050,0,0,0,9695400,5792430,20909980,1440,6332710,201904.0
69,A10026934,,,,,,,,,,,201904.0
70,A10024131,,,,,,,,,,,201904.0
71,A10023939,,,,,,,,,,,201904.0
72,A10024819,,,,,,,,,,,201904.0
73,A13528102,5226470,27950140,0,0,0,18452500,11893720,41962850,1608660,15240940,201904.0
74,A13528103,8303500,19484200,0,0,0,31231200,19027995,62784310,513240,20037870,201904.0
75,A13528004,24260600,80459570,0,0,0,55998000,17791280,125958160,0,55944020,201904.0
76,A13583604,25008430,0,0,0,0,19740000,5843279,45109430,944100,14987550,201904.0
77,A13583701,2887240,23638720,0,0,3506640,10196940,5622936,21638730,0,8709910,201904.0
78,A13528003,5938360,27977110,0,0,0,29820500,12469142,36647100,1326330,13308290,201904.0
79,A13528007,3355170,5566250,0,0,0,8509200,6320600,24318990,1580710,7034120,201904.0
80,A13528105,-490,28910250,0,0,0,25956000,3104680,61094720,1452170,14088090,201904.0
81,A13584101,2424330,9167140,0,0,0,10015200,5462166,19832130,0,6379190,201904.0
82,A13583507,-12520,258829900,0,0,0,91860090,32162430,135471050,3699440,55145590,201904.0
83,A13583403,23060500,0,0,0,0,11000640,3042020,15510990,520920,5464610,201904.0
84,A13583404,41587870,0,0,0,-7900200,7900200,6742531,27082500,571870,8354450,201904.0
85,A13583402,4333830,20952960,0,0,-5330000,5330000,4635220,11929140,2641870,4884730,201904.0
86,A10027800,9259969,22175420,0,0,0,44688930,27411118,95145600,3479290,33151880,201904.0
87,A10025646,,,,,,,,,,,201904.0
88,A10026526,,,,,,,,,,,201904.0
89,A10024102,,,,,,,,,,,201904.0
90,A10024815,,,,,,,,,,,201904.0
91,A10026924,1508120,4545520,0,0,0,5778220,4108650,13251040,331260,4248800,201904.0
92,A10024799,,,,,,,,,,,201904.0
93,A10028094,,,,,,,,,,,201904.0
94,A10024029,,,,,,,,,,,201904.0
95,A10024814,,,,,,,,,,,201904.0
96,A10024805,,,,,,,,,,,201904.0
97,A13501004,0,0,0,0,0,0,8629410,15529690,53200,8968020,201904.0
98,A13501001,6795740,0,0,0,0,0,7457011,23957940,1342400,3543510,201904.0
99,A13582002,-4569200,35394830,0,0,0,11977200,7775450,16566770,2698200,0,201904.0
100,A13501007,,,,,,,,,,,201904.0
101,A13501008,,,,,,,,,,,201904.0
102,A13583301,0,0,0,0,0,0,2701789,6029090,0,2644120,201904.0
103,A13501006,11281670,5312360,0,0,-9134360,9050750,0,18752560,790870,5388790,201904.0
104,A13501005,,,,,,,,,,,201904.0
105,A10024501,,,,,,,,,,,201904.0
106,A13590204,65950622,0,0,0,0,16812000,3050655,41382690,1051723,0,201904.0
107,A13589802,12339200,321416150,0,0,-39344000,39344000,9968764,181240040,25471570,38494190,201904.0
108,A13511201,38378760,0,0,0,0,0,20829003,0,2500000,0,201904.0
109,A13551103,101384164,101384498,0,0,11568000,11568000,7139584,35660790,0,0,201904.0
110,A13590602,53266370,0,0,0,0,8990720,5077240,18710270,804380,0,201904.0
111,A13511001,0,19383070,0,0,0,8696160,3226120,14300380,0,0,201904.0
112,A13511004,1840,171400170,0,0,0,34526800,17919030,84072660,8124725,0,201904.0
113,A13511101,0,40949220,0,0,0,10941000,0,34521600,0,12303800,201904.0
114,A13511003,0,33137408,0,0,0,26568300,7681174,31036780,0,0,201904.0
115,A13519002,0,0,238110,0,0,0,840190,11818820,90830,6834500,201904.0
116,A13519006,7947640,12356040,0,0,1750,20557040,11133899,28720560,0,16964640,201904.0
117,A13519007,23714990,12653760,0,0,-16248960,16194900,13503290,18312550,335290,13442650,201904.0
118,A13519004,0,0,0,0,0,0,14088140,0,5416490,0,201904.0
119,A13519005,0,0,0,0,0,0,20068338,0,10370000,0,201904.0
120,A13519003,0,0,360810,0,0,0,2320240,10246660,198950,5942270,201904.0
121,A13519001,0,0,188880,0,0,0,1491070,10576280,0,6238010,201904.0
122,A10028172,23346420,5084100,0,0,-18347450,18264630,7513196,21814770,203160,12494630,201904.0
123,A13519008,677210,5895730,0,0,0,18762900,5440834,16402390,0,8552200,201904.0
124,A13520003,2404040,18778590,0,0,0,25210770,9911909,48817130,0,16594820,201904.0
125,A13520004,2396500,6758750,0,0,0,10281690,5014731,11745500,506980,6728430,201904.0
126,A10027985,5943800,16857580,0,8463180,0,27917840,15278670,39930870,564700,18131980,201904.0
127,A13520002,0,0,0,0,0,0,14315190,54132070,818950,18556000,201904.0
128,A10023314,,,,,,,,,,,201904.0
129,A13520001,0,0,0,0,0,0,7250457,34466470,330780,16876200,201904.0
130,A10027909,0,0,17630,0,0,0,2080200,7277620,0,2759980,201904.0
131,A10027912,0,0,226410,0,0,0,1615588,10519070,137360,5196180,201904.0
132,A13594702,3355970,22401580,0,0,170,17931010,4585470,0,0,0,201904.0
133,A13523005,4363980,22805955,0,0,0,17324330,9388551,21064820,0,11264300,201904.0
134,A13523004,8399950,26576100,0,0,0,13905000,591520,26867660,1489950,8375800,201904.0
135,A13594701,4876534,22271610,0,0,0,13248300,6393137,17156930,663566,6635660,201904.0
136,A13593802,6333230,18655690,0,0,0,11603820,5413720,0,739182,0,201904.0
137,A13523003,5126830,15037300,0,0,0,10350000,507510,17283200,-1580,9721670,201904.0
138,A13594402,13651440,0,2930,0,0,6746400,3744400,10192680,1543090,0,201904.0
139,A13593801,8556056,4960344,0,2223870,-7261500,9827230,4502280,20210450,0,0,201904.0
140,A13594203,21421444,22954976,0,0,-18910000,18910000,4205350,27811550,6128700,11731060,201904.0
141,A13594403,27257360,0,0,0,0,19364000,6618580,22558470,565500,0,201904.0
142,A10027571,,,,,,,,,,,201904.0
143,A10025823,23286330,12474650,0,0,16524600,16138800,12509440,36910420,0,13571490,201904.0
144,A10024216,,,,,,,,,,,201904.0
145,A13522003,2426050,12754740,0,3815230,0,12036500,2775780,0,1113280,0,201904.0
146,A13522008,0,26712370,0,0,0,27351000,0,0,0,0,201904.0
147,A13522004,3207320,17512600,0,4443930,0,16875300,11356656,18972420,289760,12321790,201904.0
148,A13588402,17337320,11355610,0,0,-10864000,10836000,5733848,20368700,3141030,0,201904.0
149,A13522007,6897050,17561230,0,0,0,20036620,4311300,0,406670,0,201904.0
150,A13522006,6345140,14256670,0,0,0,17255800,2292260,23023550,5123710,0,201904.0
151,A13552001,1159540,9428390,10280,0,0,16393200,0,440640,0,5000,201904.0
152,A13552002,0,0,0,0,0,0,3608820,33211390,820630,11310470,201904.0
153,A13588601,-615540,8011870,0,0,0,10527900,3904080,10083650,482500,4473700,201904.0
154,A10025204,,,,,,,,,,,201904.0
155,A10027446,403710,9338240,0,0,0,17808300,3908440,26212930,244240,7103470,201904.0
156,A13550502,4195270,23520830,0,0,0,22704050,9176920,30613790,0,14017030,201904.0
157,A13527004,1401040,5510140,0,0,0,3507000,-53000,5749320,274970,2969670,201904.0
158,A13585404,18234800,11476290,0,2962040,-16088030,16059530,6510280,19517860,0,8830900,201904.0
159,A13527002,3966460,3975890,0,0,-3010000,3010000,2516680,5400660,0,3386130,201904.0
160,A13527008,0,0,38960,0,0,0,2552044,11898290,19290,6124800,201904.0
161,A13527013,3434010,20047810,0,0,0,11683770,4973163,16004700,962600,5518530,201904.0
162,A13527203,17339400,89641380,0,0,0,90721800,7449300,130098640,-3001930,61225340,201904.0
163,A13585401,0,4889200,0,0,0,4601000,2170231,4909170,0,1423100,201904.0
164,A13586102,9842190,0,0,0,0,0,8584780,0,3958760,0,201904.0
165,A13585804,614590,30894100,0,0,5150250,30901500,16823110,35608020,3171900,0,201904.0
166,A13527007,2111410,7989590,0,0,0,8463000,7261589,16754150,271330,4906440,201904.0
167,A13527016,4780420,13822510,0,0,66500,9901500,6534517,13292690,1872170,8310280,201904.0
168,A13550403,8728280,17482230,0,0,-9598500,9598500,4728829,10854310,3007060,5863760,201904.0
169,A13586101,0,0,0,0,0,0,492270,0,0,0,201904.0
170,A13527010,-250,20280600,0,0,0,8624000,1661409,11421400,-900,7558230,201904.0
171,A13527019,3262610,9643490,0,0,0,9792720,8487993,16614310,399910,6642570,201904.0
172,A13527006,22657700,0,0,0,2592500,0,3633750,7549390,245080,4686470,201904.0
173,A10027319,,,,,,,,,,,201904.0
174,A13550404,,,,,,,,,,,201904.0
175,A10024793,,,,,,,,,,,201904.0
