,kaptCode,heatC,heatP,gasC,gasP,waterHotC,waterHotP,electC,electP,waterCoolC,waterCoolP,Date
0,A13508012,15008250,10553620,0,0,0,12604570,4830910,15899750,-42370,6521100,201903.0
1,A13579501,2385600,16309100,0,0,0,9797700,5694250,15998570,-566320,6751250,201903.0
2,A13592604,23765850,32178000,0,5368260,-17035760,17005330,7789932,20806220,0,11584750,201903.0
3,A13508009,19009020,27800240,0,0,-15750000,15750000,10933645,21121470,300000,9307800,201903.0
4,A13508004,5246970,8514590,0,0,0,3848790,2560770,6350390,293280,3540220,201903.0
5,A13508003,0,0,0,0,0,0,3294860,0,2191972,0,201903.0
6,A13579506,1886840,14333120,0,0,0,3129300,4450028,13859330,0,5044100,201903.0
7,A13508006,5900170,15781590,0,0,0,8806200,6167710,18720820,0,5388130,201903.0
8,A13508011,2697760,19979650,0,0,1830,16692240,7951010,27567830,383600,7522040,201903.0
9,A13592601,5355100,18500960,0,0,0,15236100,1850699,4783700,0,7767720,201903.0
10,A13592706,3665640,45410250,0,0,4740,30520100,9924044,26981370,-660,17817900,201903.0
11,A13579505,2529400,20524350,0,0,0,12644900,6121607,24997410,0,11094920,201903.0
12,A13508005,0,0,0,0,0,0,798360,3105000,58110,1983180,201903.0
13,A13579503,0,0,0,0,0,0,2344540,7358980,0,0,201903.0
14,A13592605,3431540,28818400,0,0,0,23742030,8017200,32124940,0,12427310,201903.0
15,A13591402,0,0,0,0,0,0,2769345,9931460,540,3649310,201903.0
16,A10027474,2464160,11926750,0,0,1263630,11815680,6965210,20487660,-48380,6749150,201903.0
17,A10023825,,,,,,,,,,,201903.0
18,A10024820,,,,,,,,,,,201903.0
19,A10024813,,,,,,,,,,,201903.0
20,A13599303,0,85734100,0,0,0,15612500,9720480,22360280,594740,0,201903.0
21,A13594007,348046,23072000,0,2508670,0,19418880,3722970,0,453280,3710000,201903.0
22,A13580602,5377650,50360210,0,0,0,14658600,5494950,23623670,0,13013900,201903.0
23,A13524004,-890,46864650,0,0,0,10409100,4749170,12332630,1012310,5545110,201903.0
24,A13599402,0,92433200,0,6981870,0,14900000,4692900,27651580,0,12776140,201903.0
25,A13524005,3034790,38112870,0,0,0,9244800,5166770,15389460,2822560,0,201903.0
26,A13593908,4407705,28485010,0,0,0,20620800,0,0,0,0,201903.0
27,A13580001,1417270,16489700,0,0,0,5497800,2377475,6347330,50,3493240,201903.0
28,A13524006,0,70217440,0,0,0,7124940,13282480,19274040,4007080,6821910,201903.0
29,A13593901,2066840,12852400,0,0,0,6959400,4595110,12481360,0,2712640,201903.0
30,A13524009,5181330,47302450,0,0,-3405160,33277700,6243350,23754200,4147250,8705080,201903.0
31,A13580002,106,14266260,0,0,0,7056720,2407037,7784790,56590,2948760,201903.0
32,A13599301,65892600,0,0,0,0,9666000,8562560,23007060,27620,0,201903.0
33,A10025203,,,,,,,,,,,201903.0
34,A10025675,0,57833690,0,0,0,14091870,16700,24656160,0,8919550,201903.0
35,A10023565,,,,,,,,,,,201903.0
36,A10024564,,,,,,,,,,,201903.0
37,A10023996,,,,,,,,,,,201903.0
38,A13510003,1411880,15816270,0,0,0,4307500,4870130,10684620,-1120,4204880,201903.0
39,A13510001,0,0,0,0,0,0,1083540,5291260,0,2461870,201903.0
40,A13510201,860140,9438260,0,0,0,3754800,1283260,5833560,0,3279170,201903.0
41,A13510203,0,0,0,0,0,0,1429830,8137400,0,3601500,201903.0
42,A13510102,1617660,18542430,0,0,0,5901000,5761620,11050390,4410,5524390,201903.0
43,A13510006,0,0,0,0,0,0,3470427,12720920,-27990,9542600,201903.0
44,A13510103,2851480,27813500,0,0,0,8290800,3289870,14616100,576900,6919050,201903.0
45,A13510202,19023770,0,102130,0,0,5008000,2343050,6514960,291600,2353410,201903.0
46,A13576201,0,0,0,0,0,0,1525010,9104240,0,0,201903.0
47,A13510005,4863600,43521910,0,0,0,20656350,10972210,32238390,2829790,7145960,201903.0
48,A13510009,0,0,0,0,0,0,3512730,11571950,1840,3234920,201903.0
49,A13510007,11087200,22405190,0,0,0,16583600,14878438,20373860,-367830,7372830,201903.0
50,A10025280,,,,,,,,,,,201903.0
51,A10025755,,,,,,,,,,,201903.0
52,A10024640,,,,,,,,,,,201903.0
53,A13509001,0,0,553000,0,0,0,1740110,5383990,0,2629130,201903.0
54,A13570501,7580290,41048150,0,0,0,13125200,11453434,38191870,-12440,13522070,201903.0
55,A13550701,1774578,16487722,0,0,0,10168000,4592883,17295580,0,6197900,201903.0
56,A13509005,68640,14295980,0,0,6440070,6440070,4972400,13779470,78030,4892010,201903.0
57,A13509004,0,0,0,0,0,0,1516160,8233440,99560,3971860,201903.0
58,A13509010,42256500,0,0,0,23758800,0,56721700,0,13380930,0,201903.0
59,A13509006,227270,0,0,0,0,0,3844070,8289650,0,5336160,201903.0
60,A13509003,0,0,0,0,0,0,1744100,7260000,0,0,201903.0
61,A13509012,51194930,0,0,0,31488600,0,59933780,0,18016150,0,201903.0
62,A13509007,1623060,18584050,0,0,0,6279000,4324570,10049710,36330,5733280,201903.0
63,A13570502,,,,,,,,,,,201903.0
64,A13509013,,,,,,,,,,,201903.0
65,A13509101,0,0,0,0,0,0,1404480,5504530,0,2834870,201903.0
66,A13509009,18619110,40592880,0,0,-14262300,14262300,16834250,51085700,0,9205840,201903.0
67,A13509014,,,,,,,,,,,201903.0
68,A10026350,4101160,9305400,0,0,0,11082300,6637890,18181090,324470,6572720,201903.0
69,A10026934,,,,,,,,,,,201903.0
70,A10024131,,,,,,,,,,,201903.0
71,A10023939,,,,,,,,,,,201903.0
72,A10024819,,,,,,,,,,,201903.0
73,A13528102,5403350,50523180,0,0,0,20717300,13461400,44836750,472900,14314830,201903.0
74,A13528103,9193700,46203240,0,0,0,33185100,19516478,66656161,60900,20110920,201903.0
75,A13528004,28153290,162441240,0,17154920,0,50762700,18244810,108879450,0,49557110,201903.0
76,A13583604,100953150,0,0,0,0,18790000,9390315,43630780,844640,13817190,201903.0
77,A13583701,2887240,27007710,0,4273230,4253040,22210320,5746324,19170470,0,7975000,201903.0
78,A13528003,10404230,46279850,0,6003550,0,33535700,11929274,33286460,1956460,13139370,201903.0
79,A13528007,3589770,11711390,0,0,0,9444600,6548980,21285050,1224780,6962490,201903.0
80,A13528105,-810,98041200,0,0,0,29135400,4289620,52747830,1132390,13756010,201903.0
81,A13584101,2424330,16541650,0,0,0,10939500,6848034,17219110,0,5763570,201903.0
82,A13583507,-7180,452618460,0,0,0,96383840,47160880,145986920,3395630,47576040,201903.0
83,A13583403,45714470,0,0,0,0,11803680,4370610,16899940,975880,5571400,201903.0
84,A13583404,67027210,0,0,0,-7905600,7905600,9674149,26428890,852910,8575940,201903.0
85,A13583402,4163100,35241640,0,0,-5532000,5532000,5636450,12767790,2896560,4573890,201903.0
86,A10027800,9258275,49441520,0,0,0,48954360,28415628,102874010,357250,34710140,201903.0
87,A10025646,,,,,,,,,,,201903.0
88,A10026526,,,,,,,,,,,201903.0
89,A10024102,,,,,,,,,,,201903.0
90,A10024815,,,,,,,,,,,201903.0
91,A10026924,1568750,8971120,0,0,0,6678720,4811640,11397330,198940,3677570,201903.0
92,A10024799,,,,,,,,,,,201903.0
93,A10028094,,,,,,,,,,,201903.0
94,A10024029,,,,,,,,,,,201903.0
95,A10024814,,,,,,,,,,,201903.0
96,A10024805,,,,,,,,,,,201903.0
97,A13501004,0,0,0,0,0,0,8062340,14103980,298500,8543050,201903.0
98,A13501001,6762630,0,0,0,0,0,8009883,25864370,1531850,3278530,201903.0
99,A13582002,-5412720,54084290,0,0,0,11736000,9424450,17063160,2995940,0,201903.0
100,A13501007,,,,,,,,,,,201903.0
101,A13501008,,,,,,,,,,,201903.0
102,A13583301,0,0,0,0,0,0,3712397,6467710,0,2754370,201903.0
103,A13501006,13118370,10036760,0,0,-10970970,10893500,0,20408240,655170,5521320,201903.0
104,A13501005,,,,,,,,,,,201903.0
105,A10024501,,,,,,,,,,,201903.0
106,A13590204,107269733,0,0,0,0,15930000,1488966,35138700,1320282,0,201903.0
107,A13589802,6689118,510720492,0,0,-41774000,41774000,47512156,173771540,23038550,38207970,201903.0
108,A13511201,56623920,0,0,0,0,0,18489853,0,2500000,0,201903.0
109,A13551103,143811500,143812075,0,0,21844000,21844000,7609932,31202480,0,0,201903.0
110,A13590602,76400990,0,0,0,0,9292800,6473680,20640290,4274390,0,201903.0
111,A13511001,0,37321550,0,0,0,7382880,3067530,14833380,290040,0,201903.0
112,A13511004,170,270496410,0,0,0,35874950,19939389,91408460,7704365,0,201903.0
113,A13511101,0,69926210,0,0,0,12171000,0,34170450,0,13304190,201903.0
114,A13511003,0,67649646,0,0,0,26373250,10847668,33293980,6459280,0,201903.0
115,A13519002,0,0,359280,0,0,0,1248241,10483730,189820,6710340,201903.0
116,A13519006,9533450,24978740,0,0,-1810,22354690,11041290,25451310,1055500,16749160,201903.0
117,A13519007,27766050,22155070,0,0,-18697800,18625200,9802365,25553915,1071340,13935170,201903.0
118,A13519004,0,0,0,0,0,0,15838170,0,5378660,0,201903.0
119,A13519005,0,0,0,0,0,0,2561070,20754560,495390,9975590,201903.0
120,A13519003,0,0,374690,0,0,0,2988070,9585170,230430,6357950,201903.0
121,A13519001,0,0,312240,0,0,0,2037950,9507750,0,5695900,201903.0
122,A10028172,27791930,11000500,0,0,-22272000,22129180,9062171,23567210,267370,12851950,201903.0
123,A13519008,-15694260,30488460,0,0,-315900,21079500,4989319,19237170,-1019650,9564940,201903.0
124,A13520003,3262590,29487960,0,0,0,31380300,10723194,52470600,0,17457400,201903.0
125,A13520004,2396500,13762770,0,0,0,11432990,5588483,12953400,525160,7091080,201903.0
126,A10027985,5943800,31481620,0,0,0,32339070,14787340,35046900,747580,18812520,201903.0
127,A13520002,0,0,0,0,0,0,17805130,47828150,690970,19304160,201903.0
128,A10023314,,,,,,,,,,,201903.0
129,A13520001,0,0,0,0,0,0,7879557,30784680,522660,14859950,201903.0
130,A10027909,0,0,22040,0,0,0,2686710,6462110,16500,2839330,201903.0
131,A10027912,0,0,334270,0,0,0,11400129,0,4888630,0,201903.0
132,A13594702,3355970,38502200,0,0,-130,17299980,4757380,0,0,0,201903.0
133,A13523005,4363980,38278017,0,0,0,21225660,6066338,27148760,0,13061100,201903.0
134,A13523004,10269440,43666600,0,0,0,13510800,546100,30066100,1299530,7509400,201903.0
135,A13594701,6599733,37780390,0,0,0,13517400,6369756,15378120,621237,6212370,201903.0
136,A13593802,8183840,26332910,0,0,0,11419320,6086765,0,684869,0,201903.0
137,A13523003,6447790,24050570,0,0,0,13218380,300200,15751660,260,9862470,201903.0
138,A13594402,24429330,0,2930,0,0,6872400,4393370,11023310,1543100,0,201903.0
139,A13593801,10324188,6072252,0,2265350,-8886000,12025720,4667260,17522610,1899520,7576800,201903.0
140,A13594203,22699528,40790202,0,0,-19154900,19154900,5637140,29955380,6482100,10773300,201903.0
141,A13594403,57702830,0,0,0,0,18708000,10425840,21822450,655700,0,201903.0
142,A10027571,,,,,,,,,,,201903.0
143,A10025823,3249730,23485250,0,0,5279650,17858100,15915800,31059160,0,10599740,201903.0
144,A10024216,,,,,,,,,,,201903.0
145,A13522003,3501980,23195630,0,0,0,11032000,2919520,0,636740,0,201903.0
146,A13522008,0,42713040,0,0,0,31320000,0,0,0,0,201903.0
147,A13522004,3207320,28208590,0,0,0,17206800,8935697,18267450,288990,12365240,201903.0
148,A13588402,39997760,22328550,0,0,-11609500,11567500,6757931,20681520,3089420,0,201903.0
149,A13522007,8631640,32722110,0,0,0,24692330,4522900,0,1304800,0,201903.0
150,A13522006,8022150,29509560,0,0,0,16596000,2549620,19470050,0,0,201903.0
151,A13552001,4151012,14587048,27920,0,0,19168000,0,431120,0,5000,201903.0
152,A13552002,0,0,0,0,0,0,4630549,31908930,1013840,10823810,201903.0
153,A13588601,3755460,12151610,0,0,0,9918000,3989540,8762700,-270890,3945700,201903.0
154,A10025204,,,,,,,,,,,201903.0
155,A10027446,617602,18024840,0,0,0,19003960,4328570,28697810,270000,6949310,201903.0
156,A13550502,4195270,40203320,0,0,0,28799560,11586840,32678300,0,14697230,201903.0
157,A13527004,1477370,11006180,0,0,0,3606000,1353470,5172760,0,2643570,201903.0
158,A13585404,18625990,21143850,0,0,-16479220,16447890,6731400,21211490,0,6847270,201903.0
159,A13527002,3851870,7370910,0,0,-2875000,2875000,2688560,5813940,0,3074790,201903.0
160,A13527008,0,0,202750,0,0,0,2258985,10730730,20220,6220860,201903.0
161,A13527013,3433950,35772960,0,0,0,11722410,8466976,17170320,522590,5097520,201903.0
162,A13527203,17344000,163580320,0,0,0,99013200,7663680,138692410,-4247660,64137260,201903.0
163,A13585401,0,8532800,0,0,0,4838400,1867922,4841450,0,1532160,201903.0
164,A13586102,9802210,4821860,0,0,-3488400,3488400,2004790,7124970,328390,3356760,201903.0
165,A13585804,1544590,58479310,0,0,4220250,25321500,22125750,34245850,4101900,0,201903.0
166,A13527007,2111410,15884150,0,0,0,9321000,7250846,14568750,238280,4641130,201903.0
167,A13527016,4918370,24897360,0,0,63000,11102000,9852005,12344620,2527970,8172340,201903.0
168,A13550403,8622960,27940670,0,0,-10332000,10332000,5601599,11619010,3845800,5656270,201903.0
169,A13586101,0,0,0,0,0,0,707930,0,0,0,201903.0
170,A13527010,-1590,32681700,0,0,0,8892000,5656331,9077910,-70,823800,201903.0
171,A13527019,3228820,18472960,0,0,0,11364900,9795018,18122220,667840,6053670,201903.0
172,A13527006,33695930,0,0,0,3002200,0,3225480,7188550,0,5070990,201903.0
173,A10027319,,,,,,,,,,,201903.0
174,A13550404,,,,,,,,,,,201903.0
175,A10024793,,,,,,,,,,,201903.0
