,kaptCode,heatC,heatP,gasC,gasP,waterHotC,waterHotP,electC,electP,waterCoolC,waterCoolP,Date
0,A13508012,0,0,0,0,0,4516100,5383700,24604460,461310,6763600,201909.0
1,A13579501,2385600,184900,0,0,0,2596950,4378291,19881190,-502350,7057800,201909.0
2,A13592604,11933340,0,0,4849700,-8291160,8282140,6307635,29739380,0,13984090,201909.0
3,A13508009,10527190,0,0,0,-7268170,7143400,9922910,24983770,0,9784740,201909.0
4,A13508004,0,0,0,0,0,2193500,1719260,9480580,212900,3555280,201909.0
5,A13508003,0,0,0,0,0,0,5895420,0,0,0,201909.0
6,A13579506,1886840,0,1910,0,0,2614430,2991571,19131980,0,5172490,201909.0
7,A13508006,2854620,0,0,0,0,4211290,1333973,38501620,0,5874960,201909.0
8,A13508011,2697760,142300,0,0,-1040,5752210,9795150,37187990,687920,7534660,201909.0
9,A13592601,2597840,0,0,0,0,5030190,-450086,39695540,190450,8470560,201909.0
10,A13592706,-6101280,10402510,-7196400,7196400,-6339440,19985290,15382514,29266340,1267990,19058620,201909.0
11,A13579505,2529400,153600,0,0,0,5292040,5692475,27630190,0,10538840,201909.0
12,A13508005,0,0,0,0,0,0,801950,4406470,58110,2247330,201909.0
13,A13579503,0,0,0,0,0,0,1612830,14648980,0,0,201909.0
14,A13592605,3431540,0,0,0,0,7269020,5702990,35209310,0,15322380,201909.0
15,A13591402,0,0,0,0,0,0,1716019,10217740,-350,4245860,201909.0
16,A10027474,2464160,70500,0,0,231730,4513300,6192230,25365630,624340,7386280,201909.0
17,A10023825,,,,,,,,,,,201909.0
18,A10024820,,,,,,,,,,,201909.0
19,A10024813,,,,,,,,,,,201909.0
20,A13599303,7501490,0,0,0,0,10825000,6844970,28715920,2575200,0,201909.0
21,A13594007,2398620,0,0,2690230,0,7311700,2966390,0,337860,5236520,201909.0
22,A13580602,5377580,0,0,0,-70,9712170,5049386,27593060,120,14285730,201909.0
23,A13524004,-200,3797550,0,0,0,6910800,2836940,16305690,407360,7374650,201909.0
24,A13599402,0,6228000,0,6583490,0,8730000,120860,53583400,0,16674450,201909.0
25,A13524005,3039360,0,0,0,-870,6102430,4735580,19136030,1661920,0,201909.0
26,A13593908,678963,4039790,0,0,0,7331550,0,0,0,0,201909.0
27,A13580001,1419883,0,0,0,0,3000670,1799585,7721050,-60,4347970,201909.0
28,A13524006,0,7204720,0,0,0,5166720,4370800,23743000,2904060,9170000,201909.0
29,A13593901,1883660,145080,0,0,0,3008330,3441500,15508480,0,2708540,201909.0
30,A13524009,4294050,278500,0,0,-1759350,12838500,4915160,33295740,2150980,10886710,201909.0
31,A13580002,-1870,1200600,0,0,0,4282800,1599471,8197370,66370,4048200,201909.0
32,A13599301,14648860,0,0,0,0,7190000,7249520,24142620,27620,0,201909.0
33,A10025203,7817950,7070150,0,295680,0,4413040,54173200,10304540,2587340,5630490,201909.0
34,A10025675,11307060,1110270,0,0,0,22499880,43230570,92926800,6710410,27727420,201909.0
35,A10023565,,,,,,,,,,,201909.0
36,A10024564,,,,,,,,,,,201909.0
37,A10023996,,,,,,,,,,,201909.0
38,A13510003,1493900,235600,0,0,0,2407600,3937380,20985510,-30,4191180,201909.0
39,A13510001,0,0,0,0,0,0,960310,6764440,0,2975690,201909.0
40,A13510201,868610,0,0,0,0,2195880,434470,9497750,0,2948870,201909.0
41,A13510203,0,0,0,0,0,0,729230,13720200,0,3440520,201909.0
42,A13510102,1617660,31030,0,0,210,3351280,394440,15550460,-4720,5235180,201909.0
43,A13510006,0,0,0,0,0,0,3552100,21737900,-28950,10957030,201909.0
44,A13510103,2116770,0,0,0,0,4931850,3829700,13680700,209070,6336670,201909.0
45,A13510202,222340,0,3080,0,0,3688000,2076230,6813560,303250,3044410,201909.0
46,A13576201,0,0,0,0,0,0,398800,13316220,0,0,201909.0
47,A13510005,4863600,0,0,0,0,5683200,3908665,33342540,1561780,9679110,201909.0
48,A13510009,0,0,0,0,0,0,3349930,16660670,4250,3246740,201909.0
49,A13510007,3671340,68740,0,0,0,5451290,17067696,59050870,-368410,7762740,201909.0
50,A10025280,,,,,,,,,,,201909.0
51,A10025755,,,,,,,,,,,201909.0
52,A10024640,,,,,,,,,,,201909.0
53,A13509001,0,0,18200,0,0,0,1265670,7012880,0,3244390,201909.0
54,A13570501,5353450,1195200,0,0,0,8777500,11027851,43944200,-9090,13946720,201909.0
55,A13550701,1774578,335872,0,0,0,4538700,5027553,24029510,0,6585780,201909.0
56,A13509005,33270,161420,0,0,2749880,2749880,3235494,17068930,91050,5466300,201909.0
57,A13509004,0,0,0,0,0,0,127080,11252790,0,4987700,201909.0
58,A13509010,5129980,281400,0,0,0,11203500,9713471,49864950,158090,15603760,201909.0
59,A13509006,7810,0,0,0,0,0,2738414,9448910,0,5505710,201909.0
60,A13509003,0,0,0,0,0,0,1139283,9130397,0,0,201909.0
61,A13509012,6036230,0,0,0,11506450,0,61183220,0,19290670,0,201909.0
62,A13509007,1867190,0,0,0,0,3471300,1618400,13812830,296370,6134640,201909.0
63,A13570502,,,,,,,,,,,201909.0
64,A13509013,,,,,,,,,,,201909.0
65,A13509101,0,0,0,0,0,0,674000,7324890,0,3223710,201909.0
66,A13509009,12196760,960000,0,0,-7963800,7963800,15708280,64748380,2351160,9856030,201909.0
67,A13509014,,,,,,,,,,,201909.0
68,A10026350,2575290,0,0,0,0,3774300,6316060,26523740,1412010,6203250,201909.0
69,A10026934,,,,,,,,,,,201909.0
70,A10024131,,,,,,,,,,,201909.0
71,A10023939,,,,,,,,,,,201909.0
72,A10024819,,,,,,,,,,,201909.0
73,A13528102,5403350,0,0,0,0,11948420,10684330,50284320,907420,17791810,201909.0
74,A13528103,6838070,222300,0,0,0,11009000,13709451,86323620,45310,19236540,201909.0
75,A13528004,17366990,0,0,16599260,0,34306200,17526900,151126820,0,57181290,201909.0
76,A13583604,-1455460,0,0,0,0,11025000,10422700,42867270,282690,17886410,201909.0
77,A13583701,2887240,0,0,4044130,1499040,6940000,5885998,26206370,0,11414930,201909.0
78,A13528003,-1636290,0,0,5710800,0,21796700,4016638,41657680,-166970,15734240,201909.0
79,A13528007,2999250,0,0,0,0,3158900,7305980,35665000,911840,6584730,201909.0
80,A13528105,0,0,0,0,0,13055000,2289710,65166710,16970,20327340,201909.0
81,A13584101,2424330,1170920,0,0,0,4993680,5353984,22695300,0,6968760,201909.0
82,A13583507,-5480,16848580,0,0,0,59861550,19024240,162786420,1564130,62119460,201909.0
83,A13583403,2318990,0,0,0,0,6830880,2842690,18377050,1089550,6878030,201909.0
84,A13583404,12536950,0,0,0,-5020200,5020200,6022401,27895630,850160,8564630,201909.0
85,A13583402,3714610,2177560,0,0,-3714000,3714000,3862640,13747010,1712000,6462700,201909.0
86,A10027800,7198096,0,0,0,0,18089500,27818518,114789440,2110470,39570010,201909.0
87,A10025646,,,,,,,,,,,201909.0
88,A10026526,,,,,,,,,,,201909.0
89,A10024102,,,,,,,,,,,201909.0
90,A10024815,,,,,,,,,,,201909.0
91,A10026924,1460020,0,0,0,0,2841960,6707980,21235770,219750,4386140,201909.0
92,A10024799,,,,,,,,,,,201909.0
93,A10028094,,,,,,,,,,,201909.0
94,A10024029,,,,,,,,,,,201909.0
95,A10024814,,,,,,,,,,,201909.0
96,A10024805,,,,,,,,,,,201909.0
97,A13501004,0,0,0,0,0,0,7016730,20231960,179720,8601930,201909.0
98,A13501001,1131050,0,0,0,0,0,5182537,25639840,1316000,3645410,201909.0
99,A13582002,-2534660,4077620,0,0,0,7423200,6103480,18665990,2255480,0,201909.0
100,A13501007,,,,,,,,,,,201909.0
101,A13501008,,,,,,,,,,,201909.0
102,A13583301,0,0,0,0,0,0,3479383,7143340,0,2763570,201909.0
103,A13501006,5966490,0,0,0,-3819650,3793900,0,24645420,249380,5364200,201909.0
104,A13501005,,,,,,,,,,,201909.0
105,A10024501,,,,,,,,,,,201909.0
106,A13590204,10897697,0,0,0,0,9609000,-6619699,57384430,792648,0,201909.0
107,A13589802,5441508,60010802,0,0,-24530000,24530000,1310593,217673540,19725030,48476330,201909.0
108,A13511201,8953940,0,0,0,0,0,25407079,0,3000000,0,201909.0
109,A13551103,22634530,22634500,0,0,8026000,8026000,2254831,46646810,0,0,201909.0
110,A13590602,6743760,0,0,0,0,5928960,4340390,21846000,2923530,0,201909.0
111,A13511001,0,2450476,0,0,0,5732640,2409420,19348430,892680,0,201909.0
112,A13511004,230,21456560,0,0,0,23650150,16640950,107421000,3694025,0,201909.0
113,A13511101,0,6758150,0,0,0,6462000,0,29096860,0,12238670,201909.0
114,A13511003,0,0,0,0,0,16716200,5804296,39114800,6074800,0,201909.0
115,A13519002,0,0,22340,0,0,0,17283476,0,7492650,0,201909.0
116,A13519006,5422216,0,0,0,-836,9375950,10889967,29796800,417540,17739000,201909.0
117,A13519007,13451020,484870,0,0,-9000850,8968620,9322030,25204230,630500,13397800,201909.0
118,A13519004,0,0,0,0,0,0,14266450,0,5899150,0,201909.0
119,A13519005,0,0,0,0,0,0,2107381,19620720,561700,10224800,201909.0
120,A13519003,0,0,21310,0,0,0,1928660,14485700,65130,6706210,201909.0
121,A13519001,0,0,73220,0,0,0,1186690,13518470,0,6942330,201909.0
122,A10028172,12024180,32200,0,0,-7825300,7795900,8401153,23829390,861800,12684980,201909.0
123,A13519008,0,110380,0,0,98640,6548655,4315477,18404690,0,8892920,201909.0
124,A13520003,49980,7596470,0,0,0,10614960,11879893,55585940,0,18274800,201909.0
125,A13520004,2396500,0,0,0,0,5357740,4379690,12514300,422350,6791450,201909.0
126,A10027985,5943800,696920,0,0,0,12399360,13916860,39789220,252180,18443560,201909.0
127,A13520002,0,0,0,0,0,0,17743100,66198330,315520,19821910,201909.0
128,A10023314,,,,,,,,,,,201909.0
129,A13520001,0,0,0,0,0,0,1103468,52902140,1003870,17520750,201909.0
130,A10027909,0,0,4630,0,0,0,2803930,9322670,77620,2710600,201909.0
131,A10027912,0,0,2270,0,0,0,1879067,14050160,17850,5044270,201909.0
132,A13594702,3355470,1411000,0,0,-370,9459350,2236700,0,0,0,201909.0
133,A13523005,4363980,622620,0,0,0,7322000,5559271,24960090,0,11436160,201909.0
134,A13523004,6504000,909970,0,0,0,8475300,642540,30272840,1609280,9677310,201909.0
135,A13594701,2508688,960990,0,0,0,8802300,1775301,18719610,775442,7754420,201909.0
136,A13593802,1613170,2498230,0,0,0,7153790,5363315,0,676686,0,201909.0
137,A13523003,3026900,643560,0,0,0,5624640,320590,18809230,-1280,9735030,201909.0
138,A13594402,1207890,0,1540,0,0,4100400,2168670,12095910,517640,0,201909.0
139,A13593801,3308320,0,0,2419630,-2657185,4583735,3235090,29294190,1544570,10071360,201909.0
140,A13594203,14056110,0,0,0,-13441350,13441350,2480210,29395590,5189400,13023830,201909.0
141,A13594403,4170130,0,0,0,0,10580000,5019740,26490330,750750,0,201909.0
142,A10027571,,,,,,,,,,,201909.0
143,A10025823,15465180,176180,0,0,-9299350,8640550,17353159,52874380,0,14243400,201909.0
144,A10024216,,,,,,,,,,,201909.0
145,A13522003,0,0,0,0,0,0,2440190,0,476870,0,201909.0
146,A13522008,0,0,0,0,0,16524000,0,0,0,0,201909.0
147,A13522004,3207320,1294630,0,0,0,12164100,7355391,23761240,76650,12749900,201909.0
148,A13588402,8292270,0,0,0,-6297480,6283760,-739497,24300540,2074990,0,201909.0
149,A13522007,4192480,1404460,0,0,0,10850690,3511040,0,1709490,0,201909.0
150,A13522006,3848890,0,0,0,0,8159820,-3970590,30138850,0,0,201909.0
151,A13552001,0,281680,0,0,0,7467200,0,697990,0,5000,201909.0
152,A13552002,0,0,0,0,0,0,2584460,42011380,1550300,12101460,201909.0
153,A13588601,-613280,247220,0,0,0,6458100,2967690,11977130,675400,4938050,201909.0
154,A10025204,,,,,,,,,,,201909.0
155,A10027446,156450,210540,0,0,0,14382550,3938210,30766770,508170,7687160,201909.0
156,A13550502,4195270,447650,0,0,0,10903700,10345130,34610500,0,14831560,201909.0
157,A13527004,895280,0,0,0,0,2343000,-39810,6084310,58850,3014060,201909.0
158,A13585404,7043790,0,0,0,-4682340,4670920,5893730,26104260,0,8035650,201909.0
159,A13527002,2776040,0,0,0,-1843650,1843650,1618477,6171350,0,3385770,201909.0
160,A13527008,0,0,3850,0,0,0,1436393,13837560,19720,6253690,201909.0
161,A13527013,3434020,0,0,0,0,7976303,4108127,17839280,461320,6544410,201909.0
162,A13527203,17822210,0,0,0,10326730,33422920,-41433900,240820430,-3717450,63625620,201909.0
163,A13585401,0,0,0,0,0,3393000,1284351,5353420,0,1319500,201909.0
164,A13586102,718830,2617850,0,0,-2171250,2171250,1011980,7591670,340470,4128070,201909.0
165,A13585804,6341320,0,0,0,0,14242730,9062670,40489400,1008530,0,201909.0
166,A13527007,2111410,0,0,0,0,3833680,6183062,18862040,301850,5888770,201909.0
167,A13527016,2985150,0,0,0,24500,5859000,2861293,16110190,440640,8475780,201909.0
168,A13550403,4387400,2040310,0,0,-4571000,4571000,3055195,11966760,2320790,6587330,201909.0
169,A13586101,0,0,0,0,0,0,730410,0,0,0,201909.0
170,A13527010,-720,295500,0,0,0,5856000,2904150,10197370,870,7663550,201909.0
171,A13527019,2856760,137290,0,0,0,4484480,8394932,19051800,224200,6604300,201909.0
172,A13527006,3025080,0,0,0,1599700,0,1921670,9829000,263130,4673190,201909.0
173,A10027319,,,,,,,,,,,201909.0
174,A13550404,,,,,,,,,,,201909.0
175,A10024793,,,,,,,,,,,201909.0
