,kaptCode,heatC,heatP,gasC,gasP,waterHotC,waterHotP,electC,electP,waterCoolC,waterCoolP,Date
0,A13508012,16410370,21987860,0,0,0,13891150,9160120,18852140,-286760,6640000,201901.0
1,A13579501,2614290,32823000,0,0,0,13621500,7091295,19614300,-296860,6737160,201901.0
2,A13592604,26615440,60970690,0,5501480,-17644500,17622900,9431615,25482010,0,12903220,201901.0
3,A13508009,18703020,53826140,0,0,-15440000,15444000,13778833,21454466,250390,8682830,201901.0
4,A13508004,0,14704610,0,0,0,4195410,3786660,7481400,90550,3672760,201901.0
5,A13508003,0,0,0,0,0,0,3292140,0,2337255,0,201901.0
6,A13579506,1886840,25418750,0,0,0,3037740,5803470,16573360,0,5477120,201901.0
7,A13508006,7926230,31385170,0,0,0,11074000,7664924,22253280,0,5468490,201901.0
8,A13508011,2697760,41085160,0,0,660,17132470,12057520,29687050,302950,7427260,201901.0
9,A13592601,6984000,38648560,0,0,0,16855440,6001888,24290130,521740,7948650,201901.0
10,A13592706,3665640,79062790,0,0,1619990,35978930,15486343,34034870,1027730,18393970,201901.0
11,A13579505,2529400,41546890,0,0,0,12452020,6802066,25715130,0,10433050,201901.0
12,A13508005,0,0,0,0,0,0,1294080,3792050,53790,1895580,201901.0
13,A13579503,0,0,0,0,0,0,2699650,8779020,0,0,201901.0
14,A13592605,3431540,57328520,0,0,0,28526160,10527310,33804980,0,13352310,201901.0
15,A13591402,0,0,0,0,0,0,3677060,11157690,-30,3902850,201901.0
16,A10027474,2464160,25327500,0,0,2053110,13812500,10635300,21374680,669020,6947420,201901.0
17,A10023825,,,,,,,,,,,201901.0
18,A10024820,,,,,,,,,,,201901.0
19,A10024813,,,,,,,,,,,201901.0
20,A13599303,0,122563700,0,0,0,17865000,12956010,27818720,998240,0,201901.0
21,A13594007,578856,41813980,0,2416910,0,19655730,5138550,0,540240,4383630,201901.0
22,A13580602,5377620,97254160,0,0,0,21040000,10025700,30896320,-40,14063380,201901.0
23,A13524004,390,75011100,0,0,0,11828700,8720290,15740400,612170,5698000,201901.0
24,A13599402,0,106975200,0,7223310,0,15167500,7153110,28969710,0,12579750,201901.0
25,A13524005,3039360,66996910,0,0,0,10131200,13353340,19037960,3109600,0,201901.0
26,A13593908,5989451,57629120,0,0,0,18988800,0,0,0,0,201901.0
27,A13580001,1417170,29280560,0,0,0,6879600,3778736,8674000,-100,4065990,201901.0
28,A13524006,0,127239560,0,0,0,8431110,15746740,23732160,4910950,7083260,201901.0
29,A13593901,2491790,25550980,0,0,0,7228000,6850620,15258030,0,2775380,201901.0
30,A13524009,5221920,91207080,0,0,-4125000,35250000,11208060,27719410,4468150,9585640,201901.0
31,A13580002,-2231,27757350,0,0,0,8123320,2632729,8743960,78380,3131250,201901.0
32,A13599301,104841970,0,0,0,0,11848000,9272210,24907690,27620,0,201901.0
33,A10025203,,,,,,,,,,,201901.0
34,A10025675,,,,,,,,,,,201901.0
35,A10023565,,,,,,,,,,,201901.0
36,A10024564,,,,,,,,,,,201901.0
37,A10023996,,,,,,,,,,,201901.0
38,A13510003,1411790,29452760,0,0,0,4632500,5169460,13500460,0,4535360,201901.0
39,A13510001,0,0,0,0,0,0,1080690,6600860,0,2665620,201901.0
40,A13510201,870790,16479150,0,0,0,4485600,1378770,7304090,0,2983410,201901.0
41,A13510203,0,0,0,0,0,0,1102040,10083360,0,3680530,201901.0
42,A13510102,1617760,31731110,0,0,0,7612600,4710650,13097990,4840,5529060,201901.0
43,A13510006,0,0,0,0,0,0,4203144,16030670,-27240,9911480,201901.0
44,A13510103,3339210,43257000,0,0,0,8349000,3377970,16104600,98110,5553410,201901.0
45,A13510202,30988320,0,84920,0,0,6112000,2970720,6872290,232930,2596960,201901.0
46,A13576201,0,0,0,0,0,0,1348620,11692470,0,0,201901.0
47,A13510005,4863600,82199680,0,0,0,24647450,15054420,38797250,556320,7985560,201901.0
48,A13510009,0,0,0,0,0,0,4853210,11855490,1480,2989370,201901.0
49,A13510007,13329380,48226450,0,0,0,21774500,,,-2200480,7851560,201901.0
50,A10025280,,,,,,,,,,,201901.0
51,A10025755,,,,,,,,,,,201901.0
52,A10024640,,,,,,,,,,,201901.0
53,A13509001,0,0,506260,0,0,0,2336950,6943840,0,2816710,201901.0
54,A13570501,9476850,73229250,0,0,0,14793600,16811784,39414100,-8460,13687990,201901.0
55,A13550701,8688138,22451912,0,0,785840,12614800,8108420,19466390,-286320,6862840,201901.0
56,A13509005,87620,25675160,0,0,8241900,8241900,6454312,16288160,75560,5219160,201901.0
57,A13509004,0,0,0,0,0,0,2586500,10602290,159390,4248800,201901.0
58,A13509010,5479450,71576400,0,0,0,23809500,16880527,46367040,76690,14212650,201901.0
59,A13509006,375670,0,0,0,0,0,3140001,9722440,0,5554240,201901.0
60,A13509003,0,0,0,0,0,0,1562190,9892330,0,0,201901.0
61,A13509012,70707520,0,0,0,44634100,0,69562640,0,19251020,0,201901.0
62,A13509007,1772940,35508540,0,0,0,6823700,5645540,12741740,28890,6217940,201901.0
63,A13570502,,,,,,,,,,,201901.0
64,A13509013,,,,,,,,,,,201901.0
65,A13509101,0,0,0,0,0,0,1864010,6810990,0,3069230,201901.0
66,A13509009,24067170,73150840,0,0,-19800900,19800900,27827920,57500210,919410,9819980,201901.0
67,A13509014,,,,,,,,,,,201901.0
68,A10026350,5663940,19283470,0,0,0,13286400,9503480,21643780,893690,6024120,201901.0
69,A10026934,,,,,,,,,,,201901.0
70,A10024131,,,,,,,,,,,201901.0
71,A10023939,,,,,,,,,,,201901.0
72,A10024819,,,,,,,,,,,201901.0
73,A13528102,5403350,92856780,0,0,0,21718680,18688470,46803350,0,14791210,201901.0
74,A13528103,19347680,101072510,0,0,0,24785600,30231464,69941906,441700,19633390,201901.0
75,A13528004,36098550,311730300,0,17375990,0,55757700,24966290,144100460,0,51848280,201901.0
76,A13583604,188311280,0,0,0,0,22460000,13085027,54576620,1410200,15063090,201901.0
77,A13583701,2887240,48731650,0,4283370,4021280,26972000,8734917,24231990,0,8408020,201901.0
78,A13528003,15084100,81078120,0,6019330,0,40513200,19299543,41629450,1852320,12636660,201901.0
79,A13528007,4273740,26123050,0,0,0,9890100,8861510,26104460,782940,7175090,201901.0
80,A13528105,230,200908800,0,0,0,35154000,5214470,68257340,119770,14146510,201901.0
81,A13584101,2424330,28576370,0,0,0,14920500,9091238,21436920,0,6238020,201901.0
82,A13583507,-9440,747435780,0,0,0,97212920,45947295,163088575,2509940,51361930,201901.0
83,A13583403,89501680,0,0,0,0,12401760,5372680,18276520,1080110,5587570,201901.0
84,A13583404,114091780,0,0,0,-9739800,9739800,14433069,32661170,590870,8382840,201901.0
85,A13583402,64723110,61214720,0,0,6150000,6150000,4660850,14508310,6838650,4408300,201901.0
86,A10027800,8926095,93239170,0,0,0,63294280,40778785,105010180,5160350,30100980,201901.0
87,A10025646,,,,,,,,,,,201901.0
88,A10026526,,,,,,,,,,,201901.0
89,A10024102,,,,,,,,,,,201901.0
90,A10024815,,,,,,,,,,,201901.0
91,A10026924,1476850,18813130,0,0,0,7004630,5952570,13706430,202100,4100190,201901.0
92,A10024799,,,,,,,,,,,201901.0
93,A10028094,,,,,,,,,,,201901.0
94,A10024029,,,,,,,,,,,201901.0
95,A10024814,,,,,,,,,,,201901.0
96,A10024805,,,,,,,,,,,201901.0
97,A13501004,0,0,0,0,0,0,9504360,17300770,303920,8238170,201901.0
98,A13501001,8481230,0,0,0,0,0,11210928,28737390,1770350,3478070,201901.0
99,A13582002,-6333970,97787180,0,0,0,13186800,10727870,17760330,3249080,0,201901.0
100,A13501007,,,,,,,,,,,201901.0
101,A13501008,,,,,,,,,,,201901.0
102,A13583301,0,0,0,0,0,0,4968661,6919500,0,2611570,201901.0
103,A13501006,14193726,22562612,0,0,-12046326,11965450,5536934,21466556,0,6193210,201901.0
104,A13501005,,,,,,,,,,,201901.0
105,A10024501,,,,,,,,,,,201901.0
106,A13590204,182025627,0,0,0,0,16731000,4864240,48833580,658788,0,201901.0
107,A13589802,8651564,767036756,0,0,-46614000,46614000,31235307,213203240,27656340,40725830,201901.0
108,A13511201,97910380,0,0,0,0,0,25836830,0,2500000,0,201901.0
109,A13551103,246239398,246239010,0,0,12258000,12258000,11339049,43209640,0,0,201901.0
110,A13590602,125337840,0,0,0,0,9359360,9860370,21891720,3274890,0,201901.0
111,A13511001,0,57768452,0,0,0,11331360,4183710,17116400,638000,0,201901.0
112,A13511004,410,421055340,0,0,0,38627340,29768620,101953020,4663795,0,201901.0
113,A13511101,0,110325430,0,0,0,13044000,0,38123330,0,12668850,201901.0
114,A13511003,0,132972696,0,0,0,29597800,19111494,36123470,3502800,0,201901.0
115,A13519002,0,0,565290,0,0,0,1079286,12993060,53630,6781890,201901.0
116,A13519006,12409400,50052880,0,0,940,23119850,13535393,30353770,608230,17526500,201901.0
117,A13519007,30558320,44078020,0,0,-19446900,19364400,10140110,27149280,666110,13138150,201901.0
118,A13519004,0,0,0,0,0,0,18195140,0,4874010,0,201901.0
119,A13519005,0,0,0,0,0,0,6246412,22671520,743170,9915350,201901.0
120,A13519003,0,0,601060,0,0,0,4454310,11644390,71780,6531390,201901.0
121,A13519001,0,0,359940,0,0,0,2872630,11649910,0,6456300,201901.0
122,A10028172,29454870,28841400,0,0,-22958550,22818070,18080174,25037950,-191560,12807580,201901.0
123,A13519008,3757810,30488460,0,0,0,21079500,9919030,19237170,0,9564940,201901.0
124,A13520003,3709950,56673550,0,0,0,42059160,16509481,56180830,0,17290300,201901.0
125,A13520004,2396500,28667030,0,0,0,11549960,7257691,13604800,544630,6976710,201901.0
126,A10027985,5943800,75552280,0,0,0,22625380,20275830,41653990,282990,18854670,201901.0
127,A13520002,0,0,0,0,0,0,23449250,62636990,902690,18738800,201901.0
128,A10023314,,,,,,,,,,,201901.0
129,A13520001,0,0,0,0,0,0,5136253,36603750,325260,16704190,201901.0
130,A10027909,0,0,14030,0,0,0,3563590,8107420,17310,2837700,201901.0
131,A10027912,0,0,469860,0,0,0,15204290,0,5269240,0,201901.0
132,A13594702,3355970,64226620,0,0,-210,18694060,6043510,0,0,0,201901.0
133,A13523005,4363980,70845843,0,0,0,26204480,14426579,24097720,0,12238400,201901.0
134,A13523004,13842620,73874310,0,0,0,16875000,3139880,32089740,1304240,7978340,201901.0
135,A13594701,8816331,57729740,0,0,0,18522000,7464224,19982800,622399,6223990,201901.0
136,A13593802,44376480,36959410,0,0,0,15948180,8168490,0,743430,0,201901.0
137,A13523003,8638730,47026090,0,0,0,9962160,847660,18633120,-680,10107560,201901.0
138,A13594402,42207800,0,2200,0,0,8046000,5202800,11780190,635180,0,201901.0
139,A13593801,8975382,15354528,0,2140090,-7140000,9662800,6141550,22232920,1776550,8197440,201901.0
140,A13594203,29540156,67750104,0,0,-23224900,23224900,5252590,33724510,6919200,11071460,201901.0
141,A13594403,100604270,0,0,0,0,22256000,9523960,25747070,252060,0,201901.0
142,A10027571,,,,,,,,,,,201901.0
143,A10025823,18201700,50562510,0,0,-11020100,12646900,7175460,24096610,0,7312660,201901.0
144,A10024216,,,,,,,,,,,201901.0
145,A13522003,5478060,39535560,0,0,0,12736500,4077240,0,49965,0,201901.0
146,A13522008,0,85982730,0,0,0,23259000,0,0,0,0,201901.0
147,A13522004,0,52601270,0,0,0,22638000,12250408,20755190,190140,12243460,201901.0
148,A13588402,25564610,44949450,0,0,-13844000,13800000,7565780,24792500,3698680,0,201901.0
149,A13522007,12428000,65121730,0,0,0,21472650,6366730,0,486600,0,201901.0
150,A13522006,11060980,53981810,0,0,0,19544000,6231250,22918340,0,0,201901.0
151,A13552001,7621088,20903632,69190,0,0,21856500,0,547260,0,5000,201901.0
152,A13552002,0,0,0,0,0,0,10041901,40522770,589520,11681850,201901.0
153,A13588601,2416800,28829080,0,0,0,12334800,5256500,10779330,353000,4026580,201901.0
154,A10025204,,,,,,,,,,,201901.0
155,A10027446,702762,38506190,0,0,0,21851040,6867940,29946560,140070,7613210,201901.0
156,A13550502,4195270,84573850,0,0,0,27031920,16146420,34870860,0,16113980,201901.0
157,A13527004,2000950,20432990,0,0,0,3810000,1262650,6173520,121510,3027140,201901.0
158,A13585404,0,27866080,0,0,0,16275540,9293771,22102160,560,7828460,201901.0
159,A13527002,13287370,12280700,0,0,3927000,3927000,5791340,5945320,0,3409710,201901.0
160,A13527008,0,0,261020,0,0,0,2765186,14379130,18840,5607930,201901.0
161,A13527013,3434053,65129900,0,0,0,15659380,10979739,18273050,427430,5165200,201901.0
162,A13527203,17342721,288669720,0,0,0,128889600,89620659,142560710,-1493520,61591060,201901.0
163,A13585401,0,15927300,0,0,0,5396500,1758995,5968150,0,1669150,201901.0
164,A13586102,9565870,13753830,0,0,-3486600,3486600,2509710,6934100,522140,3524460,201901.0
165,A13585804,-497660,95188980,0,0,6262500,41750000,22200730,38470550,2283390,0,201901.0
166,A13527007,2111410,29458890,0,0,0,12632200,10349138,18171510,197400,5107500,201901.0
167,A13527016,5514810,52167590,0,0,45500,9817500,9184891,16302250,1770340,8412110,201901.0
168,A13550403,10380912,45922800,0,0,-10993500,10993500,6158847,13465400,2750890,5565700,201901.0
169,A13586101,0,0,0,0,0,0,850580,0,0,0,201901.0
170,A13527010,-240,60566400,0,0,0,10064000,4551550,12221950,10,8717450,201901.0
171,A13527019,3323210,37125920,0,0,0,11702400,11695941,18686320,397760,6366420,201901.0
172,A13527006,51306850,0,0,0,2449700,0,4301130,8838400,890770,4448260,201901.0
173,A10027319,,,,,,,,,,,201901.0
174,A13550404,,,,,,,,,,,201901.0
175,A10024793,,,,,,,,,,,201901.0
