,kaptCode,heatC,heatP,gasC,gasP,waterHotC,waterHotP,electC,electP,waterCoolC,waterCoolP,Date
0,A13508012,2154950,0,0,0,4399640,4295610,4501980,20349010,347920,6732600,201907.0
1,A13579501,2385600,0,0,0,0,2575200,5728770,26638880,-221140,7054480,201907.0
2,A13592604,11119480,0,0,4986760,-7533990,7529690,6470777,25109780,0,15632320,201907.0
3,A13508009,8573160,0,0,0,-5314230,5222400,9608950,33145970,731170,9452370,201907.0
4,A13508004,0,0,0,0,0,2443480,2428510,7306420,285910,3536010,201907.0
5,A13508003,0,0,0,0,0,0,7528690,0,2424118,0,201907.0
6,A13579506,1886840,0,3720,0,0,2447870,4427230,25320590,422360,5287250,201907.0
7,A13508006,2854620,0,0,0,0,3862340,3734061,23304760,1093930,5659510,201907.0
8,A13508011,2697760,0,0,0,-650,5194880,10541520,30229640,265080,7966510,201907.0
9,A13592601,2611580,0,0,0,0,4633940,433000,22588260,439750,8343360,201907.0
10,A13592706,3260520,405120,-6928390,6928390,-3680030,14654580,12183847,32320230,-292420,20075530,201907.0
11,A13579505,2529400,0,0,0,0,4862910,8888450,37254260,0,11084770,201907.0
12,A13508005,0,0,0,0,0,0,514370,4023550,17080,2124630,201907.0
13,A13579503,0,0,0,0,0,0,2171370,8087490,0,0,201907.0
14,A13592605,3431540,0,0,0,0,6861850,10165260,41310100,0,14168890,201907.0
15,A13591402,0,0,0,0,0,0,2788006,11728290,350,4466410,201907.0
16,A10027474,2464160,0,0,0,199580,3926900,9541800,32668490,1777390,7153200,201907.0
17,A10023825,,,,,,,,,,,201907.0
18,A10024820,,,,,,,,,,,201907.0
19,A10024813,,,,,,,,,,,201907.0
20,A13599303,6483910,0,0,0,0,10772500,6058870,28226980,2586960,0,201907.0
21,A13594007,2220590,0,0,2552580,0,7188050,2789830,0,458050,5927880,201907.0
22,A13580602,5377580,0,0,0,10,7765540,5449010,28088050,0,14538710,201907.0
23,A13524004,410,3350400,0,0,0,6399900,2502670,15395980,715880,7295930,201907.0
24,A13599402,0,7694400,0,6525820,0,11462500,4688940,28837500,0,13559950,201907.0
25,A13524005,3039360,0,0,0,-1420,5782200,3641010,18595980,1855360,0,201907.0
26,A13593908,842050,0,0,0,0,4106,0,0,0,0,201907.0
27,A13580001,1111161,0,0,0,0,2687700,1552487,7484140,-840,4052050,201907.0
28,A13524006,0,5959640,0,0,0,4856220,10718530,27499890,2770090,9044580,201907.0
29,A13593901,1870530,0,0,0,0,2816100,5020860,19508420,0,2969060,201907.0
30,A13524009,4370270,3600,0,0,-1700500,11635000,7105140,29915600,3164230,11816000,201907.0
31,A13580002,-760,1197990,0,0,0,3517640,1469481,9792060,104190,3852610,201907.0
32,A13599301,11497840,0,0,0,0,7160000,5661460,29907260,27620,0,201907.0
33,A10025203,,,,,,,,,,,201907.0
34,A10025675,11535210,0,0,0,0,19815120,59757467,105794850,3746954,27801440,201907.0
35,A10023565,,,,,,,,,,,201907.0
36,A10024564,,,,,,,,,,,201907.0
37,A10023996,,,,,,,,,,,201907.0
38,A13510003,1381680,0,0,0,0,2535000,4055120,13656160,0,4387240,201907.0
39,A13510001,0,0,0,0,0,0,997330,5832310,0,2578780,201907.0
40,A13510201,868990,0,0,0,0,2179800,525640,7113570,0,2922680,201907.0
41,A13510203,0,0,0,0,0,0,749350,9458800,0,4327270,201907.0
42,A13510102,1617650,21400,0,0,0,2945940,880620,17465080,5510,5867660,201907.0
43,A13510006,0,0,0,0,0,0,3801857,15521500,-28020,10828240,201907.0
44,A13510103,2116770,0,0,0,0,4686000,4283340,24612100,271430,6906140,201907.0
45,A13510202,163710,0,11080,0,0,3760000,1729170,8524950,366420,3361690,201907.0
46,A13576201,0,0,0,0,0,0,399280,10021290,0,0,201907.0
47,A13510005,4863600,0,0,0,0,10092000,5676504,39418380,1675070,9781270,201907.0
48,A13510009,0,0,0,0,0,0,4825430,22903310,4030,2976760,201907.0
49,A13510007,3657020,0,0,0,0,4446450,16207740,39294090,299810,7855850,201907.0
50,A10025280,,,,,,,,,,,201907.0
51,A10025755,,,,,,,,,,,201907.0
52,A10024640,,,,,,,,,,,201907.0
53,A13509001,0,0,26380,0,0,0,1427440,6041440,0,3345090,201907.0
54,A13570501,5170610,0,0,0,0,8857500,16294994,56720950,-13550,16003370,201907.0
55,A13550701,1774578,14880,0,0,0,4204310,5790096,20240180,0,6945970,201907.0
56,A13509005,42470,48450,0,0,2404560,2404560,5861161,20201540,148140,5307070,201907.0
57,A13509004,0,0,0,0,0,0,221640,10071870,0,4260060,201907.0
58,A13509010,5081020,0,0,0,0,10328310,15515525,60380770,20880,15341730,201907.0
59,A13509006,9830,0,0,0,0,0,1740315,11965070,0,5562220,201907.0
60,A13509003,0,0,0,0,0,0,673650,8131390,0,0,201907.0
61,A13509012,6036230,0,0,0,9471260,0,80424910,0,21098110,0,201907.0
62,A13509007,1556700,0,0,0,0,3125000,2833850,11809060,49800,6255230,201907.0
63,A13570502,,,,,,,,,,,201907.0
64,A13509013,,,,,,,,,,,201907.0
65,A13509101,0,0,0,0,0,0,903250,6908300,0,3369380,201907.0
66,A13509009,11258210,78000,0,0,-7243200,7243200,26429260,97321070,4219860,10559090,201907.0
67,A13509014,,,,,,,,,,,201907.0
68,A10026350,2573300,0,0,0,0,3660300,12113870,38516230,666850,6343860,201907.0
69,A10026934,,,,,,,,,,,201907.0
70,A10024131,,,,,,,,,,,201907.0
71,A10023939,,,,,,,,,,,201907.0
72,A10024819,,,,,,,,,,,201907.0
73,A13528102,5403350,0,0,0,0,12382690,15732060,58246720,307830,17822900,201907.0
74,A13528103,6761580,62100,0,0,-2493780,12301800,60570213,74956600,35390,20888320,201907.0
75,A13528004,17366990,0,0,16140210,0,34298100,30109490,136070610,0,54809680,201907.0
76,A13583604,-6281240,0,0,0,0,11175000,8247344,57623440,1444350,20257220,201907.0
77,A13583701,2887240,0,0,3999840,2311500,6472200,9491168,27972460,0,10869020,201907.0
78,A13528003,677200,0,0,5621140,0,18572000,-3475247,68980530,-619800,16984600,201907.0
79,A13528007,2960710,9490,0,0,0,2769000,8725970,28320410,502150,7224660,201907.0
80,A13528105,0,0,0,0,0,15897000,1528030,69268720,874520,18399690,201907.0
81,A13584101,2424330,0,0,0,0,3556090,6775117,26292990,0,6149540,201907.0
82,A13583507,-2150560,13319600,0,0,3888780,59588480,-63860040,276725520,-1456060,65897720,201907.0
83,A13583403,2674070,0,0,0,0,6441760,3009140,23110880,1202290,7196850,201907.0
84,A13583404,12049770,0,0,0,-5099400,5099400,10550391,32642720,912420,8306100,201907.0
85,A13583402,3697710,1942080,0,0,-3698000,3698000,5414180,17096500,1998440,5247570,201907.0
86,A10027800,7456810,0,0,0,0,16601400,46572869,133322280,2770300,38842540,201907.0
87,A10025646,,,,,,,,,,,201907.0
88,A10026526,,,,,,,,,,,201907.0
89,A10024102,,,,,,,,,,,201907.0
90,A10024815,,,,,,,,,,,201907.0
91,A10026924,1460810,0,0,0,0,2572020,6906480,16878560,531890,4271010,201907.0
92,A10024799,,,,,,,,,,,201907.0
93,A10028094,,,,,,,,,,,201907.0
94,A10024029,,,,,,,,,,,201907.0
95,A10024814,,,,,,,,,,,201907.0
96,A10024805,,,,,,,,,,,201907.0
97,A13501004,0,0,0,0,0,0,7420910,16527050,194490,9186080,201907.0
98,A13501001,408360,0,0,0,0,0,9699220,74909320,1774960,3545160,201907.0
99,A13582002,-2414580,3719030,0,0,0,7538400,5656810,23219740,2888830,0,201907.0
100,A13501007,,,,,,,,,,,201907.0
101,A13501008,,,,,,,,,,,201907.0
102,A13583301,0,0,0,0,0,0,4135183,9128110,0,2917140,201907.0
103,A13501006,5607640,4730,0,0,-3460240,3435250,3071831,27917630,873870,5820120,201907.0
104,A13501005,,,,,,,,,,,201907.0
105,A10024501,,,,,,,,,,,201907.0
106,A13590204,12501082,0,0,0,0,9138000,751780,49840060,2304293,0,201907.0
107,A13589802,8420042,56069648,0,0,-27442000,27442000,7147184,254509920,20133400,46558570,201907.0
108,A13511201,9018550,0,0,0,0,0,22959054,0,3000000,0,201907.0
109,A13551103,17540850,17541125,0,0,8702000,8702000,824475,47834930,0,0,201907.0
110,A13590602,7831140,0,0,0,0,5939200,7847130,28814430,2767430,0,201907.0
111,A13511001,0,2565892,0,0,0,5784480,6992870,19155840,894540,0,201907.0
112,A13511004,2170,21980760,0,0,0,23974650,31379556,126171850,6908970,0,201907.0
113,A13511101,0,6156030,0,0,0,6981000,0,40235150,0,13818150,201907.0
114,A13511003,0,0,0,0,0,17737100,13929122,45747770,7710420,0,201907.0
115,A13519002,0,0,22370,0,0,0,1086347,11294470,511150,7363890,201907.0
116,A13519006,4570400,0,0,0,400,9133800,9703145,35007100,21770,18703990,201907.0
117,A13519007,12481340,0,0,0,-8125500,8085260,8333650,29467590,607680,13820780,201907.0
118,A13519004,0,0,0,0,0,0,17771140,0,5700640,0,201907.0
119,A13519005,0,0,0,0,0,0,4608513,31436790,0,10676240,201907.0
120,A13519003,0,0,29030,0,0,0,1253640,8884340,187040,6616850,201907.0
121,A13519001,0,0,43310,0,0,0,754460,9795770,15380,6576500,201907.0
122,A10028172,11278990,25200,0,0,-7328820,7298740,11378846,32482650,-1119700,13442980,201907.0
123,A13519008,0,0,0,0,0,5826515,1683246,22933550,0,8942150,201907.0
124,A13520003,45300,6711630,0,0,0,8316490,18495261,70984430,0,18124420,201907.0
125,A13520004,2396500,0,0,0,0,5001630,3965544,14973800,445240,7343360,201907.0
126,A10027985,5943800,83500,0,0,0,11144440,10053770,46792380,67550,19655550,201907.0
127,A13520002,0,0,0,0,0,0,19961020,51954400,772110,20535960,201907.0
128,A10023314,,,,,,,,,,,201907.0
129,A13520001,0,0,0,0,0,0,-441534,32171420,686900,17216750,201907.0
130,A10027909,0,0,4430,0,0,0,2677990,6662920,5860,3006690,201907.0
131,A10027912,0,0,6010,0,0,0,10932220,9592950,5133860,5047570,201907.0
132,A13594702,3355970,0,0,0,-310,10586210,2088630,0,0,0,201907.0
133,A13523005,4363980,0,0,0,0,7039200,5258794,28565760,0,12423622,201907.0
134,A13523004,5984790,0,0,0,0,7869600,931000,36805580,1673040,10669680,201907.0
135,A13594701,2507627,951460,0,0,0,8556600,2571129,16051640,890333,8903330,201907.0
136,A13593802,1127120,0,0,0,0,5982970,5416530,0,735801,0,201907.0
137,A13523003,2819170,48630,0,0,0,4394190,155210,16106490,-260,10186780,201907.0
138,A13594402,468790,0,2970,0,0,4510800,1472920,14606530,867610,0,201907.0
139,A13593801,2400010,0,0,2299330,-1748494,3540954,3549180,23790170,2221370,9420000,201907.0
140,A13594203,12739130,0,0,0,-12197110,12197110,4641890,31157070,4231500,15019910,201907.0
141,A13594403,2081510,0,0,0,0,12384000,5931330,30582480,675130,0,201907.0
142,A10027571,,,,,,,,,,,201907.0
143,A10025823,14380880,0,0,0,9101230,8496740,19316660,40222770,0,13005070,201907.0
144,A10024216,,,,,,,,,,,201907.0
145,A13522003,0,2123250,0,0,0,6066710,2693520,0,1670335,0,201907.0
146,A13522008,0,0,0,0,0,15465000,0,0,0,0,201907.0
147,A13522004,3207320,45840,0,0,0,10742400,7121974,20598980,126130,13355120,201907.0
148,A13588402,8001620,0,0,0,-6010960,5994410,1478998,24821790,2027860,0,201907.0
149,A13522007,3780380,0,0,0,0,9467870,3701920,0,518130,0,201907.0
150,A13522006,3721030,0,0,0,0,7447440,1419300,22210070,0,0,201907.0
151,A13552001,0,3900,0,0,0,4793160,0,767320,0,5000,201907.0
152,A13552002,0,0,0,0,0,0,2517438,30832650,2992050,12194880,201907.0
153,A13588601,2966990,36800,0,0,0,1804500,4415650,9995390,530400,5765620,201907.0
154,A10025204,,,,,,,,,,,201907.0
155,A10027446,80100,0,0,0,0,17489490,6071790,41167250,2272350,7314030,201907.0
156,A13550502,4195270,0,0,0,0,8731200,15829010,40119740,0,14355480,201907.0
157,A13527004,665790,0,0,0,0,2238000,-410650,7483930,39620,3076220,201907.0
158,A13585404,8509590,0,0,0,-6362820,6348250,9070750,33949160,0,8103630,201907.0
159,A13527002,2562730,0,0,0,-1630480,1630480,2075558,8384320,0,3277920,201907.0
160,A13527008,0,0,4420,0,0,0,1086289,13725890,20670,7287370,201907.0
161,A13527013,3434020,0,0,0,0,7256670,6146099,21714230,471730,6599930,201907.0
162,A13527203,17343471,0,0,0,2359,39684780,7778160,186555390,-4634040,63771260,201907.0
163,A13585401,0,0,0,0,0,3343500,1540700,5006990,0,1300250,201907.0
164,A13586102,3067850,0,0,0,-1658880,1658880,-2450160,12280110,267910,3953220,201907.0
165,A13585804,5764840,0,0,0,0,13556800,5848170,43525380,2542520,0,201907.0
166,A13527007,2111410,0,0,0,0,3601440,8012085,17966160,295250,5537440,201907.0
167,A13527016,781920,4560,0,0,42000,6254500,4765644,15636010,403850,7992770,201907.0
168,A13550403,5519950,5110,0,0,-4757340,4757340,2461688,13505990,1375570,7376230,201907.0
169,A13586101,0,0,0,0,0,0,684870,0,0,0,201907.0
170,A13527010,-650,126900,0,0,0,5237700,1439913,13001530,560,7012960,201907.0
171,A13527019,2869880,0,0,0,0,3946250,8971878,27398360,835570,7027190,201907.0
172,A13527006,2635790,0,0,0,1620100,0,2770480,8682330,383970,4813780,201907.0
173,A10027319,,,,,,,,,,,201907.0
174,A13550404,,,,,,,,,,,201907.0
175,A10024793,,,,,,,,,,,201907.0
