,kaptCode,heatC,heatP,gasC,gasP,waterHotC,waterHotP,electC,electP,waterCoolC,waterCoolP,Date
0,A13508012,2154950,1491550,0,0,128000,6771580,3129030,18178170,135220,6744600,201910.0
1,A13579501,2385600,4288100,0,0,0,3395700,5301186,18219060,-449870,6881810,201910.0
2,A13592604,16491880,5378250,0,0,-12147600,12139650,7586545,23037970,0,12684040,201910.0
3,A13508009,13599210,4010580,0,0,-10341500,10229500,9050190,21580190,0,8768140,201910.0
4,A13508004,0,0,0,0,0,3498680,1649220,6743083,245320,3648550,201910.0
5,A13508003,0,0,0,0,0,0,3577150,0,998730,0,201910.0
6,A13579506,1886840,2548500,3260,0,0,3153030,3881366,15438430,0,4748870,201910.0
7,A13508006,4059890,2680780,0,0,0,6282900,3172439,24440190,0,5333360,201910.0
8,A13508011,2676580,3330110,0,0,220,8627780,7859170,28312050,1235620,7895960,201910.0
9,A13592601,2605960,3379610,0,0,0,7802650,1931873,24698930,-186330,8725240,201910.0
10,A13592706,-30076520,44144670,7196400,0,-5188610,25009220,7826320,30919710,-1365700,20370240,201910.0
11,A13579505,2529400,3802400,0,0,0,7927200,6233412,24660420,0,10756380,201910.0
12,A13508005,0,0,0,0,0,0,544680,3087800,58110,1985220,201910.0
13,A13579503,0,0,0,0,0,0,2039270,8856510,0,5871420,201910.0
14,A13592605,3431540,6475040,0,5624640,0,11650090,7177130,32329290,0,12887170,201910.0
15,A13591402,0,0,0,0,0,0,1915905,8972640,-140,3990370,201910.0
16,A10027474,2464160,1117000,0,0,402720,6600930,6410150,21420430,224270,7064000,201910.0
17,A10023825,,,,,,,,,,,201910.0
18,A10024820,,,,,,,,,,,201910.0
19,A10024813,,,,,,,,,,,201910.0
20,A13599303,0,33419600,0,0,0,11697500,7463940,24432680,1251960,0,201910.0
21,A13594007,2251730,6176100,0,2549910,0,10825700,2664090,0,537480,5174390,201910.0
22,A13580602,5377720,14532770,0,0,0,10187350,5541037,23184620,-40,13934030,201910.0
23,A13524004,-1140,13828950,0,0,0,7854600,3712690,13120960,504880,6621710,201910.0
24,A13599402,0,7648400,0,0,0,9062500,3200980,31552060,0,14162320,201910.0
25,A13524005,3036710,8431530,0,0,0,7187200,2388230,16047170,1661920,0,201910.0
26,A13593908,1289853,14027600,0,0,0,10096000,0,0,0,0,201910.0
27,A13580001,1417304,4189540,0,0,0,4180800,1491308,6919210,-56,4202246,201910.0
28,A13524006,0,27929240,0,0,0,5911920,6659020,20904190,3403550,7873240,201910.0
29,A13593901,1921140,2496650,0,0,0,4703400,4092570,14173360,0,2781090,201910.0
30,A13524009,4853430,16593840,0,0,-2502450,16677000,4380970,26065630,4429690,10000580,201910.0
31,A13580002,-1287,5749830,0,0,0,5004420,1581528,7409590,89080,3572350,201910.0
32,A13599301,30317530,0,0,0,0,0,8013520,0,27620,0,201910.0
33,A10025203,850930,17016330,0,0,0,12556290,37401410,24277800,3576790,10731910,201910.0
34,A10025675,14422680,11314810,0,0,0,28296730,38951780,84120080,8325120,28616010,201910.0
35,A10023565,,,,,,,,,,,201910.0
36,A10024564,,,,,,,,,,,201910.0
37,A10023996,,,,,,,,,,,201910.0
38,A13510003,1411950,4203430,0,0,0,2982500,3148610,11843860,0,4148290,201910.0
39,A13510001,0,0,0,0,0,0,807740,5393860,0,2796140,201910.0
40,A13510201,866550,1805770,0,0,0,2800800,859580,6228420,0,3311160,201910.0
41,A13510203,0,0,0,0,0,0,651720,9257500,0,3763030,201910.0
42,A13510102,1617660,4104450,0,0,0,4470000,3792580,11608890,3196,5419410,201910.0
43,A13510006,0,0,0,0,0,0,2531352,14748690,0,0,201910.0
44,A13510103,2821120,6786000,0,0,0,5988000,3840650,12336300,0,6870730,201910.0
45,A13510202,7381110,0,3080,0,0,4084000,2169600,6054490,299270,2651500,201910.0
46,A13576201,0,0,0,0,0,0,1044740,9253330,17590,0,201910.0
47,A13510005,4863600,3775800,0,0,0,14865370,4289371,29926300,1929130,9099280,201910.0
48,A13510009,0,0,0,0,0,0,3195950,12466610,2080,3064040,201910.0
49,A13510007,4456530,3566270,0,0,0,9815750,14454619,28929460,-189620,7780540,201910.0
50,A10025280,,,,,,,,,,,201910.0
51,A10025755,,,,,,,,,,,201910.0
52,A10024640,,,,,,,,,,,201910.0
53,A13509001,0,0,27250,0,0,0,1521270,5509110,0,3110340,201910.0
54,A13570501,5766360,12422900,0,0,0,8303000,10947559,37908000,-12930,16059120,201910.0
55,A13550701,1774578,3394982,0,0,0,6531200,4078202,18735560,0,6973680,201910.0
56,A13509005,60320,3259730,0,0,4114850,4114850,3201864,15702630,112360,5266240,201910.0
57,A13509004,0,0,0,0,0,0,412430,8444810,0,4103250,201910.0
58,A13509010,5168040,6500200,0,0,0,16316300,11239348,45114790,62600,13796320,201910.0
59,A13509006,11680,0,0,0,0,0,2383277,8732230,0,5505710,201910.0
60,A13509003,0,0,0,0,0,0,1555140,6992070,-320,8213770,201910.0
61,A13509012,6726640,0,0,0,31877740,0,58031270,0,20247540,0,201910.0
62,A13509007,2294990,4638540,0,0,0,4678400,3488240,10581990,74210,6010350,201910.0
63,A13570502,,,,,,,,,,,201910.0
64,A13509013,,,,,,,,,,,201910.0
65,A13509101,0,0,0,0,0,0,982210,5977330,1860,3474970,201910.0
66,A13509009,14441330,9350400,0,0,-10050300,10050300,15322950,53729940,1327500,10212340,201910.0
67,A13509014,,,,,,,,,,,201910.0
68,A10026350,2822590,1714860,0,0,0,6473600,6630380,22069940,16880,5672570,201910.0
69,A10026934,,,,,,,,,,,201910.0
70,A10024131,,,,,,,,,,,201910.0
71,A10023939,,,,,,,,,,,201910.0
72,A10024819,,,,,,,,,,,201910.0
73,A13528102,5403350,22411590,0,0,0,4600960,11883470,45174220,890180,17667140,201910.0
74,A13528103,7540860,8325350,0,0,0,18029200,14998718,68332845,1646720,19873880,201910.0
75,A13528004,20928550,31367350,0,0,0,39398400,18026060,115304670,0,53727880,201910.0
76,A13583604,26089040,0,0,0,0,14390000,8919412,43444980,557390,17479620,201910.0
77,A13583701,2887240,1961600,0,0,2592780,14900280,6319077,21429510,0,10330260,201910.0
78,A13528003,4308740,12485300,0,0,0,26660000,9319953,37211430,-6510,14914570,201910.0
79,A13528007,3146660,1864940,0,0,0,4447830,6080120,24503200,1158610,6765540,201910.0
80,A13528105,1280,18058950,0,0,0,17843000,4764860,55455400,0,18576130,201910.0
81,A13584101,2424330,2186550,0,0,0,8734480,4625726,20010230,0,6508310,201910.0
82,A13583507,-1060,110457200,0,0,0,74436250,34729744,147636110,4853900,61087020,201910.0
83,A13583403,17350610,0,0,0,0,7679040,4301580,16401560,1656930,6443910,201910.0
84,A13583404,20454090,0,0,0,-6323400,6323400,6344499,26632820,807160,8922830,201910.0
85,A13583402,3982920,7780640,0,0,-4578000,4578000,3979794,12957026,1868410,5778690,201910.0
86,A10027800,7203097,4728100,0,0,0,31087700,28110556,101012940,1026780,36298800,201910.0
87,A10025646,,,,,,,,,,,201910.0
88,A10026526,,,,,,,,,,,201910.0
89,A10024102,,,,,,,,,,,201910.0
90,A10024815,,,,,,,,,,,201910.0
91,A10026924,1478020,1970340,0,0,0,4125350,3906010,13474460,210090,4208700,201910.0
92,A10024799,,,,,,,,,,,201910.0
93,A10028094,,,,,,,,,,,201910.0
94,A10024029,,,,,,,,,,,201910.0
95,A10024814,,,,,,,,,,,201910.0
96,A10024805,,,,,,,,,,,201910.0
97,A13501004,0,0,0,0,0,0,7927800,14795310,213820,8807400,201910.0
98,A13501001,2276250,0,0,0,0,0,7053639,24933870,2291580,3538270,201910.0
99,A13582002,-3563860,14440760,0,0,0,9957600,6745050,17080680,2561320,0,201910.0
100,A13501007,,,,,,,,,,,201910.0
101,A13501008,,,,,,,,,,,201910.0
102,A13583301,0,0,0,0,0,0,2702060,6111660,0,2957920,201910.0
103,A13501006,7819510,1324010,0,0,-5671390,5627470,0,20369360,632250,5407380,201910.0
104,A13501005,,,,,,,,,,,201910.0
105,A10024501,,,,,,,,,,,201910.0
106,A13590204,29263585,0,0,0,0,12612000,-1134415,38344950,-125690,0,201910.0
107,A13589802,19196486,141106514,0,0,-31386000,31386000,1413480,189343110,12709460,46701470,201910.0
108,A13511201,16331950,0,0,0,0,0,19012120,0,2500000,0,201910.0
109,A13551103,46882420,46881836,0,0,9746000,9746000,3328580,35700010,0,0,201910.0
110,A13590602,19409950,0,0,0,0,7685120,4616020,19569340,805000,0,201910.0
111,A13511001,0,8508374,0,0,0,7508160,2206900,16870740,0,0,201910.0
112,A13511004,-2110,109288620,0,0,0,29399700,15806540,92210980,1879595,0,201910.0
113,A13511101,0,18342670,0,0,0,9183000,0,33025440,0,14112500,201910.0
114,A13511003,0,25473417,0,0,0,19861900,7256539,34255490,0,0,201910.0
115,A13519002,0,0,40270,0,0,0,978960,10895530,0,6765270,201910.0
116,A13519006,6490780,6656470,0,0,570,12879520,10154705,28177300,853560,17712460,201910.0
117,A13519007,23722890,484870,0,0,-9000850,8968620,8242000,25204230,1307450,13397800,201910.0
118,A13519004,0,0,0,0,0,0,14414830,0,5259530,0,201910.0
119,A13519005,0,0,0,0,0,0,1812853,19855050,196190,10187860,201910.0
120,A13519003,0,0,49930,0,0,0,2229500,9993270,181920,6215670,201910.0
121,A13519001,0,0,16410,0,0,0,1653730,9724800,0,6427890,201910.0
122,A10028172,17755280,1016000,0,0,-13517100,13454580,7586799,22720520,168770,12554330,201910.0
123,A13519008,968100,5031730,0,0,0,9635820,6198396,16464900,0,8556050,201910.0
124,A13520003,127810,12231750,0,0,0,17436800,11868191,52108140,0,17015040,201910.0
125,A13520004,2396500,3049990,0,0,0,7946660,4681986,12314300,447080,6909640,201910.0
126,A10027985,5943800,6674830,0,8742340,0,16201920,14126270,38322740,470840,18825140,201910.0
127,A13520002,0,0,0,0,0,0,13440100,50403890,225560,18649510,201910.0
128,A10023314,,,,,,,,,,,201910.0
129,A13520001,0,0,0,0,0,0,5147238,33870160,802190,16221880,201910.0
130,A10027909,0,0,1540,0,0,0,1910380,6531140,55710,2810730,201910.0
131,A10027912,0,0,21800,0,0,0,1416147,10076200,187610,6070610,201910.0
132,A13594702,3355940,11057140,0,0,560,12758420,3423940,0,0,0,201910.0
133,A13523005,4363980,9358024,0,0,0,13994560,8350869,23560090,0,12710000,201910.0
134,A13523004,8635250,10053060,0,0,0,10446300,572290,28495470,1565810,9267870,201910.0
135,A13594701,3592909,9998240,0,0,0,10050300,4724854,15851680,767981,7679810,201910.0
136,A13593802,5265290,0,0,0,0,0,3919190,0,748790,0,201910.0
137,A13523003,4063830,5991410,0,0,0,9653280,270260,16271650,-360,9855570,201910.0
138,A13594402,12656390,0,1540,0,0,4395600,3680110,10958870,517640,0,201910.0
139,A13593801,7147228,2490972,0,2310500,-6046500,8182930,2869170,21094990,0,0,201910.0
140,A13594203,17200616,11286564,0,0,-14616500,14616500,3254860,29062970,5003400,12895740,201910.0
141,A13594403,16942400,0,0,0,0,14584000,7030220,23415950,200200,0,201910.0
142,A10027571,,,,,,,,,,,201910.0
143,A10025823,19603960,3464960,0,0,-14324700,13408200,13346660,39098020,-1260,13757700,201910.0
144,A10024216,,,,,,,,,,,201910.0
145,A13522003,1459630,0,0,0,0,0,2303530,0,858320,0,201910.0
146,A13522008,0,16427560,0,0,0,20457000,0,0,0,0,201910.0
147,A13522004,3207320,10088110,0,4543180,0,14020500,10005435,18859690,341620,12603340,201910.0
148,A13588402,13375920,3829200,0,0,-10957920,10935720,3887285,19995460,2068560,0,201910.0
149,A13522007,5358890,7962600,0,0,0,14223110,3320220,0,1274680,0,201910.0
150,A13522006,5038100,6554190,0,0,0,12672000,324250,20455250,1877450,0,201910.0
151,A13552001,760089,6840801,770,0,0,3386500,0,465520,0,5000,201910.0
152,A13552002,0,0,0,0,0,0,1977364,33105360,1562450,11365360,201910.0
153,A13588601,178100,2628660,0,0,0,8607000,2746490,9399420,-17500,4878620,201910.0
154,A10025204,,,,,,,,,,,201910.0
155,A10027446,587302,4474520,0,0,0,15339880,3675850,29039320,272720,7382690,201910.0
156,A13550502,4195270,9151420,0,0,0,18883550,9617140,32121080,0,14423490,201910.0
157,A13527004,1115570,3335340,0,0,0,2613000,481720,5504840,0,2815300,201910.0
158,A13585404,8019550,43430,0,2974300,-5658100,5648770,6165820,21505470,0,7814440,201910.0
159,A13527002,2909650,1779210,0,0,-1966500,1966500,2300705,5761700,0,3230340,201910.0
160,A13527008,0,0,8510,0,0,0,2006286,11089850,19480,6189260,201910.0
161,A13527013,3434020,10877890,0,0,0,8195530,4370691,16456160,430280,6126760,201910.0
162,A13527203,17342740,29344140,0,0,0,68922000,48442377,137926220,-5161290,62371550,201910.0
163,A13585401,0,2505800,0,0,0,3956000,1913129,4267310,0,1610000,201910.0
164,A13586102,6135750,8997440,0,0,0,3102500,8415580,7673080,4127760,4342410,201910.0
165,A13585804,2098570,8076740,0,0,4242750,25456500,15739740,33505240,632030,0,201910.0
166,A13527007,2111410,2760270,0,0,0,5755750,5661925,16160060,193800,5758190,201910.0
167,A13527016,4850630,4493270,0,0,35000,6877500,7254120,11763020,1283400,8554520,201910.0
168,A13550403,6789160,9500950,0,0,-5890500,5890500,3049942,11664450,1237010,6694080,201910.0
169,A13586101,0,0,0,0,0,0,434870,0,0,0,201910.0
170,A13527010,340,15479700,0,0,0,7096000,1963891,11448070,-90,6939590,201910.0
171,A13527019,2930950,3428010,0,0,0,6821100,8717016,16933960,613600,6714200,201910.0
172,A13527006,11374010,0,0,0,2062100,0,2601250,7887520,563470,4602550,201910.0
173,A10027319,,,,,,,,,,,201910.0
174,A13550404,,,,,,,,,,,201910.0
175,A10024793,,,,,,,,,,,201910.0
