,kaptCode,heatC,heatP,gasC,gasP,waterHotC,waterHotP,electC,electP,waterCoolC,waterCoolP,Date
0,A13508012,2154950,10664430,0,0,221540,8884020,5495090,18575690,184300,6967100,201911.0
1,A13579501,2754780,18227600,0,0,0,7614000,7666450,17731900,-167600,7031810,201911.0
2,A13592604,21859630,27658460,0,5323650,-15581900,15564200,8480979,23375960,0,14941650,201911.0
3,A13508009,16309020,25362400,0,0,-13050000,12883500,7104090,20379560,0,10336360,201911.0
4,A13508004,4706450,7411320,0,0,0,3273270,2251350,7123603,123020,3376760,201911.0
5,A13508003,0,0,0,0,0,0,2723090,0,1043100,0,201911.0
6,A13579506,1886840,13841460,0,0,0,1808200,4513532,16351440,0,5596120,201911.0
7,A13508006,7111730,15171440,0,0,0,6938100,4887281,21532930,0,6206750,201911.0
8,A13508011,2614510,19119480,0,0,1440,11830070,9503540,28583090,210760,8077670,201911.0
9,A13592601,8430060,15884270,0,0,0,13116560,1219182,22521130,1648060,6850150,201911.0
10,A13592706,-20988620,68798930,-7281290,7281290,-8025020,32890010,11162652,30914180,1956760,18458360,201911.0
11,A13579505,2529400,20824000,0,0,0,8322850,8624882,23968630,0,10399760,201911.0
12,A13508005,0,0,0,0,0,0,497660,3338610,17080,2027940,201911.0
13,A13579503,0,0,0,0,0,0,2174310,7843780,0,0,201911.0
14,A13592605,3431540,29962210,0,0,0,18470380,8261040,30668530,0,14133310,201911.0
15,A13591402,0,0,0,0,0,0,2716953,9171180,-90,4092430,201911.0
16,A10027474,2464160,10183000,0,0,1094580,10452000,8291230,20095980,122310,7180260,201911.0
17,A10023825,,,,,,,,,,,201911.0
18,A10024820,,,,,,,,,,,201911.0
19,A10024813,,,,,,,,,,,201911.0
20,A13599303,0,76365300,0,0,0,13477500,11135020,24589400,1981040,0,201911.0
21,A13594007,2519870,23086000,0,2509420,0,13901800,4150750,0,712280,4144070,201911.0
22,A13580602,5019100,52647790,0,0,0,13202350,5736134,26175060,0,13329170,201911.0
23,A13524004,-520,41152050,0,0,0,10046400,4836790,14039820,429610,6255990,201911.0
24,A13599402,0,31862600,0,6587210,0,9970000,6932720,25409440,0,12806240,201911.0
25,A13524005,3358990,38141010,0,0,0,8470400,6574640,16450880,2279680,0,201911.0
26,A13593908,2551448,31333580,0,0,0,14442500,0,0,0,0,201911.0
27,A13580001,1417020,16317640,0,0,0,4976400,2137835,7106220,-104,4254974,201911.0
28,A13524006,0,71612980,0,0,0,7205670,9036590,20220470,3962680,7592600,201911.0
29,A13593901,2106950,13189450,0,0,0,5456800,5437190,13734490,0,2726860,201911.0
30,A13524009,5251230,49763190,0,0,-3699850,26571650,9383130,25539980,4550540,8859320,201911.0
31,A13580002,-460,14365440,0,0,0,6626400,2034219,7641090,95680,3521540,201911.0
32,A13599301,63065300,0,0,0,0,8932000,7006160,21686820,27620,0,201911.0
33,A10025203,0,52545970,0,4432940,0,18657940,36524961,39913430,500470,13602800,201911.0
34,A10025675,21319080,55129000,0,0,0,34182720,50953509,81952641,3239010,27736130,201911.0
35,A10023565,,,,,,,,,,,201911.0
36,A10024564,,,,,,,,,,,201911.0
37,A10023996,,,,,,,,,,,201911.0
38,A13510003,1411890,16477160,0,0,0,3522500,3667540,10881090,0,4123670,201911.0
39,A13510001,0,0,0,0,0,0,894700,5568300,0,2840650,201911.0
40,A13510201,860530,9288200,0,0,0,3225600,977410,6524390,0,3244300,201911.0
41,A13510203,0,0,0,0,0,0,901870,9031310,0,3541300,201911.0
42,A13510102,1618160,17301080,0,0,0,5475000,3195810,12621580,94,5230370,201911.0
43,A13510006,0,0,0,0,0,0,2962398,14405690,-28500,11064420,201911.0
44,A13510103,3410990,23930000,0,0,0,7588000,3821140,12527400,107860,6719780,201911.0
45,A13510202,18626760,0,10840,0,0,5012000,2315960,5971590,337760,2438010,201911.0
46,A13576201,0,0,0,0,0,0,1237060,9106810,0,0,201911.0
47,A13510005,4863430,44193260,0,0,0,18393830,6151280,30571780,2328530,8136660,201911.0
48,A13510009,0,0,0,0,0,0,4259830,11591530,2890,3148540,201911.0
49,A13510007,10970600,22251130,0,0,0,13340750,12404213,23216820,-708450,7670250,201911.0
50,A10025280,,,,,,,,,,,201911.0
51,A10025755,,,,,,,,,,,201911.0
52,A10024640,,,,,,,,,,,201911.0
53,A13509001,0,0,115100,0,0,0,1706810,5884630,0,3245800,201911.0
54,A13570501,7042630,41234050,0,0,0,10316000,15553591,36048110,-11470,15033270,201911.0
55,A13550701,1774578,15499212,0,0,0,9434100,5682604,19305490,0,5976260,201911.0
56,A13509005,74450,14951520,0,0,4653920,4653920,5540996,14745680,74710,5457100,201911.0
57,A13509004,0,0,0,0,0,0,621450,8983260,0,4381050,201911.0
58,A13509010,5177280,34178900,0,0,0,21530200,15211038,43097670,43470,13418490,201911.0
59,A13509006,44690,0,0,0,0,0,3548616,7848130,0,5703500,201911.0
60,A13509003,0,0,0,0,0,0,1137491,8022920,0,0,201911.0
61,A13509012,39613800,0,0,0,30778800,0,57746770,0,17908510,0,201911.0
62,A13509007,2241230,18350610,0,0,0,5028600,4585950,11085430,336280,6031730,201911.0
63,A13570502,,,,,,,,,,,201911.0
64,A13509013,,,,,,,,,,,201911.0
65,A13509101,0,0,0,0,0,0,1605050,6131020,666330,3191610,201911.0
66,A13509009,16773920,39565270,0,0,-12140700,12140700,20212930,49858050,1804240,9735600,201911.0
67,A13509014,,,,,,,,,,,201911.0
68,A10026350,3447710,10850900,0,0,0,9088000,9020030,20561270,1565300,5661550,201911.0
69,A10026934,,,,,,,,,,,201911.0
70,A10024131,,,,,,,,,,,201911.0
71,A10023939,,,,,,,,,,,201911.0
72,A10024819,,,,,,,,,,,201911.0
73,A13528102,5403350,53079830,0,0,0,13182410,17541410,43378450,1443270,17885900,201911.0
74,A13528103,12331030,50959540,0,0,0,23515560,21881164,64848940,849760,18727890,201911.0
75,A13528004,27858730,160458220,0,16740990,0,48516300,21800630,124391830,0,55342250,201911.0
76,A13583604,105584520,0,0,0,0,16702500,11984526,41358490,924600,15283740,201911.0
77,A13583701,2887240,14180460,0,4175880,3422510,30276050,5287743,22536370,0,9268630,201911.0
78,A13528003,10622640,44941610,0,5753250,0,30981500,11062641,37481080,1332980,13427980,201911.0
79,A13528007,3860230,12327700,0,0,0,6166400,8066240,24103640,1388130,6864920,201911.0
80,A13528105,-750,93369150,0,0,0,25032000,4749980,62010020,0,18808440,201911.0
81,A13584101,2424330,15301960,0,0,0,10508040,7348332,19317650,0,6456830,201911.0
82,A13583507,-18292010,476277060,0,0,0,76147050,45979788,138084340,18860000,52206960,201911.0
83,A13583403,50389280,0,0,0,0,8812960,4824120,15714840,442540,5800410,201911.0
84,A13583404,64611400,0,0,0,-6924600,6924600,11023800,26539480,827380,10332130,201911.0
85,A13583402,3987340,32473000,0,0,-5322000,5322000,5235270,13027790,2091990,5356420,201911.0
86,A10027800,7352892,47033170,0,0,0,44267160,37555995,97377060,887020,36968550,201911.0
87,A10025646,,,,,,,,,,,201911.0
88,A10026526,,,,,,,,,,,201911.0
89,A10024102,,,,,,,,,,,201911.0
90,A10024815,,,,,,,,,,,201911.0
91,A10026924,1590160,10217100,0,0,0,5160680,4280840,13435040,201310,4330080,201911.0
92,A10024799,,,,,,,,,,,201911.0
93,A10028094,,,,,,,,,,,201911.0
94,A10024029,,,,,,,,,,,201911.0
95,A10024814,,,,,,,,,,,201911.0
96,A10024805,,,,,,,,,,,201911.0
97,A13501004,0,0,0,0,0,0,8598130,14793180,387050,7735790,201911.0
98,A13501001,5305840,0,0,0,0,0,9694591,26548730,1662750,3732880,201911.0
99,A13582002,-4973550,55279520,0,0,0,10756800,8878010,16361530,2766890,0,201911.0
100,A13501007,,,,,,,,,,,201911.0
101,A13501008,,,,,,,,,,,201911.0
102,A13583301,0,0,0,0,0,0,2738038,5904360,0,2549640,201911.0
103,A13501006,10154420,10138120,0,0,-8006100,7837330,1605580,19728100,695200,5162010,201911.0
104,A13501005,,,,,,,,,,,201911.0
105,A10024501,,,,,,,,,,,201911.0
106,A13590204,108003830,0,0,0,0,14406000,3671905,41559170,148215,0,201911.0
107,A13589802,17238454,534151026,0,0,-36672000,36672000,1934932,175189640,19735470,42930570,201911.0
108,A13511201,49773040,0,0,0,0,0,21827632,0,2500000,0,201911.0
109,A13551103,150181930,150181916,0,0,9874000,9874000,3572490,36700200,0,0,201911.0
110,A13590602,76978820,0,0,0,0,8294400,4709440,18953300,3205590,0,201911.0
111,A13511001,0,32099452,0,0,0,7879680,4195420,14722530,538180,0,201911.0
112,A13511004,-2740,274754630,0,0,0,30659350,24725797,86456569,2650905,0,201911.0
113,A13511101,0,71174860,0,0,0,9474000,0,30892510,0,12275380,201911.0
114,A13511003,0,87696206,0,0,0,24140550,9852437,31625570,5032400,0,201911.0
115,A13519002,0,0,125600,0,0,0,940480,10950690,124750,6589550,201911.0
116,A13519006,9058730,23927260,0,0,590,19259570,11229374,28234300,1049880,17094130,201911.0
117,A13519007,24680040,21418940,0,0,-16028630,16028630,8171830,25322090,410720,13789830,201911.0
118,A13519004,0,0,0,0,0,0,15997750,0,5550370,0,201911.0
119,A13519005,0,0,0,0,0,0,3606710,21190950,593940,9790110,201911.0
120,A13519003,0,0,171540,0,0,0,1889900,10056910,193270,6299000,201911.0
121,A13519001,0,0,110830,0,0,0,1861780,9777270,0,6572100,201911.0
122,A10028172,21143480,13266000,0,0,-16051000,15973040,9406047,22905670,417340,11906860,201911.0
123,A13519008,2003900,18314570,0,0,0,13425000,6857609,17971050,0,8698860,201911.0
124,A13520003,3429640,31835790,0,0,0,28291840,16231283,51402860,0,16608160,201911.0
125,A13520004,2396500,14277500,0,0,0,9616710,5195690,12610200,500880,6701930,201911.0
126,A10027985,5943800,28275450,0,0,0,19002390,15448550,38373290,2800850,17610300,201911.0
127,A13520002,0,0,0,0,0,0,15641290,52679810,318350,20256760,201911.0
128,A10023314,,,,,,,,,,,201911.0
129,A13520001,0,0,0,0,0,0,4352466,31862830,708220,16602260,201911.0
130,A10027909,0,0,16270,0,0,0,2091640,6705500,39330,2754020,201911.0
131,A10027912,0,0,42050,0,0,0,1438793,10088520,98090,4835430,201911.0
132,A13594702,3355890,36531510,0,0,470,16534320,4995250,0,0,0,201911.0
133,A13523005,4363980,41249444,0,0,0,16276470,8476547,23689400,0,12215001,201911.0
134,A13523004,14562740,38383870,0,0,0,11728800,725620,27834360,1293380,8154280,201911.0
135,A13594701,5604206,27910540,0,0,0,11910600,6971279,16755830,684304,6843040,201911.0
136,A13593802,8485070,23781440,0,0,0,10052540,5488660,0,681182,0,201911.0
137,A13523003,6152330,23054050,0,0,0,11620140,536810,17113870,-460,9629930,201911.0
138,A13594402,28351840,0,3100,0,0,6040800,4285170,10763810,651590,0,201911.0
139,A13593801,8397656,8282424,0,2262370,-6945000,9398900,3808760,20100360,899150,8627520,201911.0
140,A13594203,20917101,39183259,0,0,-17363100,17363100,5106870,28843910,5700900,11676020,201911.0
141,A13594403,58747380,0,0,0,0,16916000,8009680,23210200,0,0,201911.0
142,A10027571,,,,,,,,,,,201911.0
143,A10025823,24936440,21587930,0,0,-19659900,18318300,15326960,39922100,-3090,14464470,201911.0
144,A10024216,,,,,,,,,,,201911.0
145,A13522003,3203310,0,0,0,0,0,3115020,0,824510,0,201911.0
146,A13522008,0,41374040,0,0,0,21969000,0,0,0,0,201911.0
147,A13522004,3207320,30031240,0,0,0,15783300,11456976,19443990,29590,11959160,201911.0
148,A13588402,17071230,24524600,0,0,-12870000,12830400,5302649,20206570,2762190,0,201911.0
149,A13522007,8230180,30344710,0,0,0,17874110,4796950,0,832530,0,201911.0
150,A13522006,7732740,28357190,0,0,0,14780000,3734540,21159650,0,0,201911.0
151,A13552001,2178004,4692856,3870,0,0,15162000,0,525700,0,5000,201911.0
152,A13552002,0,0,0,0,0,0,3091461,31883490,1456090,11301100,201911.0
153,A13588601,2878600,12341630,0,0,0,9724200,3956190,10095310,429400,4203820,201911.0
154,A10025204,,,,,,,,,,,201911.0
155,A10027446,270452,20701670,0,0,0,17119460,4353450,28566440,0,7763320,201911.0
156,A13550502,4195270,39492050,0,0,0,26984890,13154900,31324050,0,14355480,201911.0
157,A13527004,1474090,11251750,0,0,0,3075000,889150,5366820,0,2793840,201911.0
158,A13585404,10957150,1772900,0,0,-8595700,8576290,7714080,20076500,0,8065090,201911.0
159,A13527002,3688340,6347550,0,0,-2717500,2717500,3047718,5574640,0,3319070,201911.0
160,A13527008,0,0,5420,0,0,0,2062344,12283260,19720,6350680,201911.0
161,A13527013,3434020,35967170,0,0,0,9865450,5928093,16026200,754830,5745810,201911.0
162,A13527203,17343690,161252130,0,0,0,85718100,48011773,132042250,-2833010,60548840,201911.0
163,A13585401,0,8296500,0,0,0,4316000,2051955,5211340,0,1435070,201911.0
164,A13586102,-1442670,15274000,0,0,-3764800,3764800,182540,8438080,48370,4294500,201911.0
165,A13585804,6341320,53443260,0,0,0,27063000,17324290,35710970,2496930,0,201911.0
166,A13527007,2111410,15065090,0,0,0,8104000,7685468,16694660,191730,4268810,201911.0
167,A13527016,5034880,25578700,0,0,66500,8673000,6985921,14543660,1649880,7956500,201911.0
168,A13550403,9615310,24221610,0,0,-8815500,8815500,5246085,10694080,1335880,6243490,201911.0
169,A13586101,0,0,0,0,0,0,459820,0,0,0,201911.0
170,A13527010,1210,36831000,0,0,0,7444000,4766084,9317880,130,6794380,201911.0
171,A13527019,3206000,18000810,0,0,0,9447100,9128497,16952630,273700,6840110,201911.0
172,A13527006,28295820,0,0,0,2315400,0,3808990,7887520,232580,4602550,201911.0
173,A10027319,,,,,,,,,,,201911.0
174,A13550404,,,,,,,,,,,201911.0
175,A10024793,,,,,,,,,,,201911.0
