,kaptCode,heatC,heatP,gasC,gasP,waterHotC,waterHotP,electC,electP,waterCoolC,waterCoolP,Date
0,A13508012,9913130,637010,0,0,0,7573030,4334120,17300490,425610,6812500,201905.0
1,A13579501,2385600,904700,0,0,0,4052160,7502006,22842960,300700,6995780,201905.0
2,A13592604,17137240,1913120,0,5284110,-12992400,12981600,7562533,22190170,0,16380770,201905.0
3,A13508009,13869820,2283440,0,0,-10610800,10610800,6802891,21708440,350000,8674520,201905.0
4,A13508004,0,0,0,0,0,3011670,1687750,6873140,252830,3370010,201905.0
5,A13508003,0,0,0,0,0,0,3294860,0,2191972,0,201905.0
6,A13579506,1886840,988880,0,0,0,3928210,3839503,15418800,0,5642700,201905.0
7,A13508006,3045590,1001730,0,0,0,6840600,4510310,20510140,0,6160720,201905.0
8,A13508011,2697760,1194620,0,0,1640,9549090,7851850,26608380,243980,7866970,201905.0
9,A13592601,3125100,1162280,0,0,0,9306500,917533,21072660,190420,8022870,201905.0
10,A13592706,3665640,3302980,0,0,-2340,23244270,9346918,28737720,250,20056830,201905.0
11,A13579505,2529400,1365210,0,0,0,9100100,6772397,25020780,0,10894530,201905.0
12,A13508005,0,0,0,0,0,0,607990,3106360,0,2145510,201905.0
13,A13579503,0,0,0,0,0,0,2168190,7151420,0,0,201905.0
14,A13592605,3431540,2065880,0,0,0,12885580,7023240,31322150,0,13740670,201905.0
15,A13591402,0,0,0,0,0,0,2329706,9223660,-40,3939220,201905.0
16,A10027474,2464160,354500,0,0,382250,7149170,6261870,21267680,85150,7084780,201905.0
17,A10023825,,,,,,,,,,,201905.0
18,A10024820,,,,,,,,,,,201905.0
19,A10024813,,,,,,,,,,,201905.0
20,A13599303,0,23057000,0,0,0,14060000,7491440,23985420,5850560,0,201905.0
21,A13594007,82556,4204540,0,2445390,0,11746370,3061940,0,330440,4650870,201905.0
22,A13580602,5377580,0,0,0,60,14018550,5184320,23452510,-70,14312310,201905.0
23,A13524004,20,5693850,0,0,0,9055800,3758920,12935380,453790,6212590,201905.0
24,A13599402,0,48318100,0,6409560,0,14610000,3749750,28294370,0,10993610,201905.0
25,A13524005,3039360,0,0,0,2010,10699540,3840410,15530840,2242240,0,201905.0
26,A13593908,1391845,566280,0,0,0,12785000,0,0,0,0,201905.0
27,A13580001,1417240,2423670,0,0,0,4414800,1425912,7001240,560,4623040,201905.0
28,A13524006,0,17112300,0,0,0,6539130,5806330,20808580,3779350,7672170,201905.0
29,A13593901,1872610,584460,0,0,0,5204000,5078640,16329910,0,2822670,201905.0
30,A13524009,4680260,6244700,0,0,-2923650,21115250,4738810,25952150,5489430,9869400,201905.0
31,A13580002,-2242,1612980,0,0,0,6075290,1655546,7600470,141000,3339310,201905.0
32,A13599301,17962000,0,0,0,0,9266000,7129400,22376840,27620,0,201905.0
33,A10025203,,,,,,,,,,,201905.0
34,A10025675,17774980,7205240,0,0,0,26568750,34066240,65652270,3749140,22924630,201905.0
35,A10023565,,,,,,,,,,,201905.0
36,A10024564,,,,,,,,,,,201905.0
37,A10023996,,,,,,,,,,,201905.0
38,A13510003,1411820,1442150,0,0,0,3382500,3806040,11173150,70,4246940,201905.0
39,A13510001,0,0,0,0,0,0,1151470,5287620,0,2648800,201905.0
40,A13510201,864330,396180,0,0,0,3330000,1034990,6115790,0,3023360,201905.0
41,A13510203,0,0,0,0,0,0,920790,8365780,0,3863510,201905.0
42,A13510102,1617660,1336780,0,0,0,5046000,3262010,12287690,0,5165780,201905.0
43,A13510006,0,0,0,0,0,0,2746262,13411150,-28560,10849640,201905.0
44,A13510103,2116770,0,0,0,0,7476600,2903810,14217000,216130,6392380,201905.0
45,A13510202,3108920,0,61770,0,0,4568000,2209220,6187090,110010,2892390,201905.0
46,A13576201,0,0,0,0,0,0,2092590,7804580,0,0,201905.0
47,A13510005,4863520,2324990,0,0,0,18302350,4205739,30070290,1010780,8444300,201905.0
48,A13510009,0,0,0,0,0,0,3364630,13286210,2420,3248570,201905.0
49,A13510007,3765659,397200,0,0,0,8660520,12670841,21263270,833600,7852860,201905.0
50,A10025280,,,,,,,,,,,201905.0
51,A10025755,,,,,,,,,,,201905.0
52,A10024640,,,,,,,,,,,201905.0
53,A13509001,0,0,130560,0,0,0,1641920,5616140,112850,3086520,201905.0
54,A13570501,5638480,3990000,0,0,0,12032500,11463294,38397690,-10140,15626570,201905.0
55,A13550701,1774578,50220,0,0,0,4581782,3870726,20531520,0,6613490,201905.0
56,A13509005,44430,993460,0,0,4560120,4560120,3942797,14852420,125820,5201710,201905.0
57,A13509004,0,0,0,0,0,0,793840,8593040,0,4503430,201905.0
58,A13509010,5286730,2500440,0,0,0,17567600,9132346,44542450,168970,15272560,201905.0
59,A13509006,50890,0,0,0,0,0,2253672,8694080,0,5957800,201905.0
60,A13509003,0,0,0,0,0,0,1691180,6785780,0,0,201905.0
61,A13509012,6036230,0,0,0,19561610,0,57513480,0,20460180,0,201905.0
62,A13509007,1672850,1453680,0,0,0,5456000,1877840,10477970,63930,6083620,201905.0
63,A13570502,,,,,,,,,,,201905.0
64,A13509013,,,,,,,,,,,201905.0
65,A13509101,0,0,0,0,0,0,1168380,5714520,479290,3137920,201905.0
66,A13509009,15542970,4880250,0,0,-10806900,10806900,14943340,54157410,3227480,9858050,201905.0
67,A13509014,,,,,,,,,,,201905.0
68,A10026350,2778640,599970,0,0,0,6723900,5460220,20390590,605410,6005010,201905.0
69,A10026934,,,,,,,,,,,201905.0
70,A10024131,,,,,,,,,,,201905.0
71,A10023939,,,,,,,,,,,201905.0
72,A10024819,,,,,,,,,,,201905.0
73,A13528102,5403350,5048460,0,0,0,19153290,12083460,44336950,457440,15179090,201905.0
74,A13528103,7359040,1975920,0,0,0,18195300,16470375,67810720,861790,20436210,201905.0
75,A13528004,20121920,7223340,0,16239150,0,47711700,17353550,113855410,0,54011650,201905.0
76,A13583604,-4569950,0,0,0,0,16682500,9060045,36976640,837610,16230850,201905.0
77,A13583701,2887240,4264100,0,4074380,3474780,9186200,6998839,29083750,0,8944370,201905.0
78,A13528003,1890190,4993350,0,5597970,0,26192000,8632139,34897370,568010,15195510,201905.0
79,A13528007,3069610,588380,0,0,0,6151500,6161780,22504260,1504810,7110020,201905.0
80,A13528105,0,0,0,0,0,21994000,-533850,54468170,1494440,16073460,201905.0
81,A13584101,2424330,738460,0,0,0,8915400,7792873,25226310,0,6046000,201905.0
82,A13583507,-15350,26550720,0,0,0,81499880,20989310,140756220,-4918530,58044700,201905.0
83,A13583403,6099110,0,0,0,0,9801120,6598190,15886080,1910690,6148410,201905.0
84,A13583404,16675110,0,0,0,-7453800,7453800,6805359,25485180,948790,9501770,201905.0
85,A13583402,4934560,3117520,0,0,-4934000,4934000,3935916,12167834,2155650,4662090,201905.0
86,A10027800,8139350,1777750,0,0,0,31572480,28196500,100424090,1907760,35785120,201905.0
87,A10025646,,,,,,,,,,,201905.0
88,A10026526,,,,,,,,,,,201905.0
89,A10024102,,,,,,,,,,,201905.0
90,A10024815,,,,,,,,,,,201905.0
91,A10026924,1459710,436800,0,0,0,4598420,4064580,12303540,202860,4023730,201905.0
92,A10024799,,,,,,,,,,,201905.0
93,A10028094,,,,,,,,,,,201905.0
94,A10024029,,,,,,,,,,,201905.0
95,A10024814,,,,,,,,,,,201905.0
96,A10024805,,,,,,,,,,,201905.0
97,A13501004,0,0,0,0,0,0,8025750,14198590,197380,9482650,201905.0
98,A13501001,3134930,0,0,0,0,0,8497709,27672320,1446210,3401930,201905.0
99,A13582002,-3219330,7175890,0,0,0,10710000,6614150,16873500,2698370,0,201905.0
100,A13501007,,,,,,,,,,,201905.0
101,A13501008,,,,,,,,,,,201905.0
102,A13583301,0,0,0,0,0,0,3149446,6255720,0,2800470,201905.0
103,A13501006,8303710,592980,0,0,-6156310,6117780,0,21104800,-580330,6295170,201905.0
104,A13501005,,,,,,,,,,,201905.0
105,A10024501,,,,,,,,,,,201905.0
106,A13590204,14399349,0,0,0,0,14382000,-2039487,37900450,1541746,0,201905.0
107,A13589802,25884092,75259598,0,0,-41254000,41254000,1643149,167050390,16237800,45573270,201905.0
108,A13511201,13053270,0,0,0,0,0,18302709,0,2500000,0,201905.0
109,A13551103,28263648,28263292,0,0,12048000,12048000,5288544,33780230,0,0,201905.0
110,A13590602,18165940,0,0,0,0,8701440,4538880,19192370,3986930,0,201905.0
111,A13511001,0,1995448,0,0,0,8981280,2677880,17130090,2037700,0,201905.0
112,A13511004,-830,31746420,0,0,0,34647750,17626477,89152380,5938905,0,201905.0
113,A13511101,0,9961970,0,0,0,9864000,0,31503530,0,13092030,201905.0
114,A13511003,0,0,0,0,0,26190650,6964692,32963550,6160390,0,201905.0
115,A13519002,0,0,121800,0,0,0,875180,10580180,0,6719670,201905.0
116,A13519006,6193184,1483050,0,0,1486,15250400,9937354,26381480,0,17722010,201905.0
117,A13519007,19192400,2707120,0,0,-14389500,14325900,9222540,23490140,640740,13287260,201905.0
118,A13519004,0,0,0,0,0,0,14258120,0,5393120,0,201905.0
119,A13519005,0,0,0,0,0,0,994287,19836550,0,9806880,201905.0
120,A13519003,0,0,142330,0,0,0,1721880,8316920,114390,6484160,201905.0
121,A13519001,0,0,167590,0,0,0,996790,9451020,57580,6167570,201905.0
122,A10028172,17024040,464800,0,0,-13198030,13135430,7716440,22580220,-1476020,13309000,201905.0
123,A13519008,1385727,0,0,0,12184293,0,22463821,0,9648890,0,201905.0
124,A13520003,1077520,8382820,0,0,0,17207400,10539451,52687420,0,17257000,201905.0
125,A13520004,2396500,420890,0,0,0,7947600,4770531,11969800,322200,7141710,201905.0
126,A10027985,5943800,2211010,0,0,0,22154010,22043310,59032910,1690650,18901390,201905.0
127,A13520002,0,0,0,0,0,0,13534770,48782720,687190,19801840,201905.0
128,A10023314,,,,,,,,,,,201905.0
129,A13520001,0,0,0,0,0,0,-511705,30967170,424130,16523270,201905.0
130,A10027909,0,0,18380,0,0,0,1973580,6373200,0,2876140,201905.0
131,A10027912,0,0,53050,0,0,0,1066577,9088600,226110,5188050,201905.0
132,A13594702,3356360,3997150,0,0,-60,16278210,4071610,0,0,0,201905.0
133,A13523005,4363980,3633420,0,0,0,14760000,7573524,22583740,0,14502014,201905.0
134,A13523004,6294000,7954530,0,0,0,11601900,619970,27657930,1539490,8642860,201905.0
135,A13594701,3205879,7235760,0,0,0,12542400,6194576,15553030,720731,7207310,201905.0
136,A13593802,3990790,6528260,0,0,0,10272540,3920170,0,741024,0,201905.0
137,A13523003,3602770,3439790,0,0,0,8082500,286050,16208970,-1010,9732150,201905.0
138,A13594402,2875290,0,2950,0,0,6235200,2953870,10785360,1213150,0,201905.0
139,A13593801,4748660,0,0,2615260,-3892666,5327376,3628160,20093660,2190320,9071040,201905.0
140,A13594203,18449165,4109905,0,0,-16501300,16501300,2644480,28841540,5700900,12627340,201905.0
141,A13594403,3399830,0,0,0,0,17068000,6783730,22632770,792980,0,201905.0
142,A10027571,,,,,,,,,,,201905.0
143,A10025823,0,1089640,0,0,0,13708010,9077810,35319680,0,12887590,201905.0
144,A10024216,,,,,,,,,,,201905.0
145,A13522003,0,3298900,0,0,0,10808000,2346540,0,1415140,0,201905.0
146,A13522008,0,10488560,0,0,0,22746000,0,0,0,0,201905.0
147,A13522004,3207320,3715090,0,0,0,15030600,8864816,17912790,126290,12585710,201905.0
148,A13588402,14738400,72850,0,0,-9950500,9926000,1848803,22442980,3039540,0,201905.0
149,A13522007,4931010,4008320,0,0,0,15388750,3920830,0,362660,0,201905.0
150,A13522006,4640140,2995710,0,0,0,12883400,1187350,19979450,0,0,201905.0
151,A13552001,0,1551930,0,0,0,13748000,0,418850,0,5000,201905.0
152,A13552002,0,0,0,0,0,0,3357786,28901110,1608990,11981070,201905.0
153,A13588601,1755080,1110780,0,0,0,6216000,3218420,10056040,669100,4627350,201905.0
154,A10025204,,,,,,,,,,,201905.0
155,A10027446,250002,1266470,0,0,0,16847730,3248600,27616580,1368540,7227760,201905.0
156,A13550502,4195270,4931050,0,0,0,16843600,10289190,30820770,0,14493170,201905.0
157,A13527004,1045290,748530,0,0,0,3138000,375340,5449120,0,2879710,201905.0
158,A13585404,14992340,5610310,0,0,-12845570,12817060,6359040,21695760,0,8226730,201905.0
159,A13527002,3554120,581230,0,0,-2602500,2602500,2482141,5730990,0,3326310,201905.0
160,A13527008,0,0,8100,0,0,0,2061162,11088420,19980,6091770,201905.0
161,A13527013,3434020,4243830,0,0,0,10027080,4425419,16369370,556880,5859130,201905.0
162,A13527203,17341320,3586120,0,0,0,79446900,7548840,138190070,-2206770,62671660,201905.0
163,A13585401,0,605200,0,0,0,4189500,2134870,4355580,0,1629250,201905.0
164,A13586102,5501490,0,0,0,-2806920,2806920,936770,7526810,-69720,3854310,201905.0
165,A13585804,5764880,2599680,0,0,0,26077500,17407610,33245450,2861510,0,201905.0
166,A13527007,2111410,421720,0,0,0,6908400,6445311,16170430,292900,5718760,201905.0
167,A13527016,4779000,2994430,0,0,59500,7882000,7334863,12002990,518970,8396520,201905.0
168,A13550403,7016510,4588080,0,0,-6608000,6608000,2991219,11576280,1727600,6203490,201905.0
169,A13586101,0,0,0,0,0,0,444420,0,0,0,201905.0
170,A13527010,-670,3316200,0,0,0,7992000,3655426,9313500,-10,8644960,201905.0
171,A13527019,3038910,1339490,0,0,0,7660800,8780696,17063930,368080,6674400,201905.0
172,A13527006,6796450,0,0,0,1977100,0,2497620,7422770,257260,4143010,201905.0
173,A10027319,,,,,,,,,,,201905.0
174,A13550404,,,,,,,,,,,201905.0
175,A10024793,,,,,,,,,,,201905.0
