,kaptCode,heatC,heatP,gasC,gasP,waterHotC,waterHotP,electC,electP,waterCoolC,waterCoolP,Date
0,A13508012,15093550,17622060,0,0,0,12655440,8710590,18560380,698480,6177500,201902.0
1,A13579501,2522000,25472500,0,0,0,11849200,7106138,19126090,154650,6616930,201902.0
2,A13592604,24897870,47127780,0,0,-17040000,17034000,9219453,24471730,0,15838320,201902.0
3,A13508009,17506020,42866990,0,0,-14247000,14247000,7146684,18969390,367310,9690670,201902.0
4,A13508004,0,12052790,0,0,0,3953430,4088450,6845090,723250,3466960,201902.0
5,A13508003,0,0,0,0,0,0,2677800,0,0,0,201902.0
6,A13579506,1886840,20782370,3870,0,0,2714330,5670151,16499690,0,5129710,201902.0
7,A13508006,4788140,25918980,0,0,0,10280200,6826195,23459530,311050,5820000,201902.0
8,A13508011,2697760,32240200,0,0,0,15669630,13667600,25293720,1258220,6849350,201902.0
9,A13592601,6236060,30538680,0,0,0,14767560,5917184,23318990,1089090,7370030,201902.0
10,A13592706,3665640,63762440,0,7185930,1700,31711350,11854745,32928650,-560,18581730,201902.0
11,A13579505,2529400,32801230,0,0,0,11483440,7781078,21526380,0,9539710,201902.0
12,A13508005,0,0,0,0,0,0,1391040,3566470,64190,2045670,201902.0
13,A13579503,0,0,0,0,0,0,2837940,8916650,0,5936660,201902.0
14,A13592605,3431540,45038070,0,5639490,0,24312570,4232140,27467880,0,13207940,201902.0
15,A13591402,0,0,0,0,0,0,3419385,9014070,970,4006280,201902.0
16,A10027474,2464160,19811000,0,0,1668380,12069600,9187930,17285320,630880,6738160,201902.0
17,A10023825,,,,,,,,,,,201902.0
18,A10024820,,,,,,,,,,,201902.0
19,A10024813,,,,,,,,,,,201902.0
20,A13599303,0,103616200,0,0,0,15117500,12882730,26791840,0,0,201902.0
21,A13594007,323306,32218960,0,2744560,0,19728430,5049300,0,454130,3044320,201902.0
22,A13580602,5377410,75662170,0,0,0,20476000,8903540,30102740,90,14466550,201902.0
23,A13524004,-1660,62116950,0,0,0,11399700,7821300,15179610,343260,5675310,201902.0
24,A13599402,0,110822400,0,0,0,15602500,7238040,28825870,0,13052980,201902.0
25,A13524005,3039360,54511140,0,0,0,8512000,12264120,18595880,3109600,0,201902.0
26,A13593908,4892395,39569660,0,0,0,23974400,0,0,0,0,201902.0
27,A13580001,1417270,22323940,0,0,0,6923700,4729735,7593380,-640,4099480,201902.0
28,A13524006,0,105107420,0,0,0,8151660,10762660,21485560,4592980,7199460,201902.0
29,A13593901,2111440,20517840,0,0,0,6472000,6730660,15033330,0,2528000,201902.0
30,A13524009,7108410,60466250,0,0,-6261570,43930380,10195830,28328740,4751630,7354850,201902.0
31,A13580002,-888,21863970,0,0,0,8687920,2206744,7091320,135400,2878180,201902.0
32,A13599301,84195980,0,0,0,0,13614000,8170900,20976930,27620,0,201902.0
33,A10025203,,,,,,,,,,,201902.0
34,A10025675,0,0,0,0,0,0,0,0,0,0,201902.0
35,A10023565,,,,,,,,,,,201902.0
36,A10024564,,,,,,,,,,,201902.0
37,A10023996,,,,,,,,,,,201902.0
38,A13510003,1411870,23256040,0,0,0,4097500,5313990,14803490,0,3932760,201902.0
39,A13510001,0,0,0,0,0,0,995670,6700330,0,2413840,201902.0
40,A13510201,865230,13620400,0,0,0,3783600,1350600,7052260,0,2691270,201902.0
41,A13510203,0,0,0,0,0,0,976100,10009320,0,3863570,201902.0
42,A13510102,1617660,25594420,0,0,0,6861200,4694850,10859290,4780,4706970,201902.0
43,A13510006,0,0,0,0,0,0,4218384,15717360,0,0,201902.0
44,A13510103,2752220,37724000,0,0,0,6598800,3012830,12763800,0,6060000,201902.0
45,A13510202,24890260,0,103010,0,0,5012000,2321860,5761320,135570,2259880,201902.0
46,A13576201,0,0,0,0,0,0,1330950,11456910,16730,0,201902.0
47,A13510005,4863600,64812690,0,0,0,23946600,13790540,30551080,1989680,7097040,201902.0
48,A13510009,0,0,0,0,0,0,4381800,9877530,1830,3178050,201902.0
49,A13510007,12361820,37253170,0,0,0,17579700,24847647,24738770,1402370,7249590,201902.0
50,A10025280,,,,,,,,,,,201902.0
51,A10025755,,,,,,,,,,,201902.0
52,A10024640,,,,,,,,,,,201902.0
53,A13509001,0,0,427790,0,0,0,2134450,6983440,164620,3031380,201902.0
54,A13570501,8238280,59520750,0,0,0,12194600,15336570,32076740,-3630,15702200,201902.0
55,A13550701,26829690,0,0,0,10011600,0,26425917,0,6862840,0,201902.0
56,A13509005,68960,22834220,0,0,2017390,5017390,6395473,16386400,132130,5399680,201902.0
57,A13509004,0,0,0,0,0,0,1563550,10460810,31940,4416950,201902.0
58,A13509010,6373990,55933500,0,0,0,21086300,15168822,38111700,78930,14707610,201902.0
59,A13509006,311250,0,0,0,0,0,3221753,7732570,0,5138380,201902.0
60,A13509003,0,0,0,0,0,0,1784680,9569980,-2150,7517320,201902.0
61,A13509012,56119720,0,0,0,44031400,0,53864350,0,19825190,0,201902.0
62,A13509007,1646240,28078130,0,0,0,6039000,5548300,12559960,116760,6219760,201902.0
63,A13570502,,,,,,,,,,,201902.0
64,A13509013,,,,,,,,,,,201902.0
65,A13509101,0,0,0,0,0,0,1184660,7271800,0,3202170,201902.0
66,A13509009,21531720,58216760,0,0,-16772700,16772700,24155530,46008480,3387620,8070970,201902.0
67,A13509014,,,,,,,,,,,201902.0
68,A10026350,4688810,15305660,0,0,0,12091200,9453740,21324350,379910,6408700,201902.0
69,A10026934,,,,,,,,,,,201902.0
70,A10024131,,,,,,,,,,,201902.0
71,A10023939,,,,,,,,,,,201902.0
72,A10024819,,,,,,,,,,,201902.0
73,A13528102,5403350,75163820,0,0,0,18154980,16643540,37551850,1436850,15055870,201902.0
74,A13528103,14575190,66318290,0,0,0,37632000,26541023,56552508,240160,17384970,201902.0
75,A13528004,32467330,238659040,0,0,0,60272100,23825940,137386920,0,51917860,201902.0
76,A13583604,157187530,0,0,0,0,18410000,9527251,41062840,1190610,12884090,201902.0
77,A13583701,2887240,48151550,0,0,3758960,14343400,8585855,22698520,0,8613850,201902.0
78,A13528003,4214420,66853300,0,0,0,42659700,17925697,41339190,146300,12861400,201902.0
79,A13528007,4168240,20462630,0,0,0,8618400,8825560,25470250,979700,6286650,201902.0
80,A13528105,-3140,155948100,0,0,0,29807400,4060440,62624410,32840,16678980,201902.0
81,A13584101,2424330,23119560,0,0,0,13332900,9296720,21036710,0,6584930,201902.0
82,A13583507,-23950,595994000,0,0,0,91521220,42729670,133244330,7036280,49023300,201902.0
83,A13583403,71018070,0,0,0,0,10819200,5791900,14613310,1044980,4944200,201902.0
84,A13583404,95604670,0,0,0,-8278200,8278200,13497160,25320800,830310,9563320,201902.0
85,A13583402,4304640,50271200,0,0,-5904000,5904000,5415340,12016510,3137170,4489030,201902.0
86,A10027800,9655514,75191870,0,0,0,58134090,32175972,87053520,3398220,30788330,201902.0
87,A10025646,,,,,,,,,,,201902.0
88,A10026526,,,,,,,,,,,201902.0
89,A10024102,,,,,,,,,,,201902.0
90,A10024815,,,,,,,,,,,201902.0
91,A10026924,1592060,14841790,0,0,0,6086090,5499010,13387590,329260,4061290,201902.0
92,A10024799,,,,,,,,,,,201902.0
93,A10028094,,,,,,,,,,,201902.0
94,A10024029,,,,,,,,,,,201902.0
95,A10024814,,,,,,,,,,,201902.0
96,A10024805,,,,,,,,,,,201902.0
97,A13501004,0,0,0,0,0,0,9444130,16948760,112100,9088800,201902.0
98,A13501001,7766600,0,0,0,0,0,8657112,23422370,1129530,3231760,201902.0
99,A13582002,-5802580,80441080,0,0,0,11649600,9565630,14876270,4488880,0,201902.0
100,A13501007,,,,,,,,,,,201902.0
101,A13501008,,,,,,,,,,,201902.0
102,A13583301,0,0,0,0,0,0,3056279,5798250,0,2401280,201902.0
103,A13501006,2147500,17991390,0,0,0,10421420,2904560,18068330,0,5537060,201902.0
104,A13501005,,,,,,,,,,,201902.0
105,A10024501,,,,,,,,,,,201902.0
106,A13590204,150292394,0,0,0,0,18867000,6770397,45423570,29611,0,201902.0
107,A13589802,13922402,634604788,0,0,-46038000,46038000,35597662,168165300,20634380,40117190,201902.0
108,A13511201,76712110,0,0,0,0,0,23111994,0,2500000,0,201902.0
109,A13551103,207245470,207245011,0,0,12538000,12538000,9781695,39286320,0,0,201902.0
110,A13590602,97800360,0,0,0,0,11596800,5964000,18001560,926100,0,201902.0
111,A13511001,0,49070532,0,0,0,10545120,3622840,13960190,0,0,201902.0
112,A13511004,-5710,344194370,0,0,0,39427590,26690970,79290540,4419045,0,201902.0
113,A13511101,0,110187310,0,0,0,12453000,0,31664190,0,15188600,201902.0
114,A13511003,0,110087823,0,0,0,30120700,11940313,30119500,0,0,201902.0
115,A13519002,0,0,634360,0,0,0,2303546,13132340,93140,6474730,201902.0
116,A13519006,10981300,39608660,0,0,-130,20583260,13289341,30416560,0,14794540,201902.0
117,A13519007,27017500,34835700,0,0,-17272200,17206200,6676530,25497240,600280,12466920,201902.0
118,A13519004,0,0,0,0,0,0,14843040,0,5189440,0,201902.0
119,A13519005,0,0,0,0,0,0,4152103,18451130,457210,9003970,201902.0
120,A13519003,0,0,629660,0,0,0,4718760,11785010,79140,5984450,201902.0
121,A13519001,0,0,357930,0,0,0,3107860,11919590,0,6059630,201902.0
122,A10028172,27322680,21216300,0,0,-21325160,21217520,10369575,20679210,515640,11533030,201902.0
123,A13519008,2342160,25169120,0,0,0,19312800,6440280,16010870,0,8091800,201902.0
124,A13520003,3668640,46225810,0,0,0,36986880,14707329,46543460,0,16238200,201902.0
125,A13520004,2396500,22865560,0,0,0,10149840,6064633,11195300,601000,6058030,201902.0
126,A10027985,5943800,54433700,0,8813550,0,26927120,18291820,41683120,1822180,16505290,201902.0
127,A13520002,0,0,0,0,0,0,27041710,57196650,1269090,16323230,201902.0
128,A10023314,,,,,,,,,,,201902.0
129,A13520001,0,0,0,0,0,0,6404131,36841500,446500,16483840,201902.0
130,A10027909,0,0,22810,0,0,0,3650480,8048270,36300,2608600,201902.0
131,A10027912,0,0,417910,0,0,0,14842354,0,5327560,0,201902.0
132,A13594702,3355970,50694850,0,0,330,17973810,5969910,0,0,0,201902.0
133,A13523005,4363980,54040206,0,0,0,25198080,7836564,22700910,0,11608550,201902.0
134,A13523004,12152180,59565430,0,0,0,15198000,769140,26110390,1244550,7169310,201902.0
135,A13594701,7739022,48034010,0,0,0,17532200,7655805,19135860,596048,5960480,201902.0
136,A13593802,9566660,31240550,0,0,0,14642320,8741670,0,745697,0,201902.0
137,A13523003,7505150,36242680,0,0,0,10404430,1653170,17551460,190,8764350,201902.0
138,A13594402,35397860,0,1460,0,0,6411600,4796590,9705310,635180,0,201902.0
139,A13593801,8305996,12954504,0,2583470,-6624000,8964480,5934650,21125550,0,0,201902.0
140,A13594203,30909210,50462780,0,0,-26292200,26292200,5094090,27257040,6128700,9902070,201902.0
141,A13594403,80012500,0,0,0,0,19548000,4963240,25055850,624410,0,201902.0
142,A10027571,,,,,,,,,,,201902.0
143,A10025823,21991090,50562510,0,0,-11020100,12646900,35928160,24096610,5829160,7312660,201902.0
144,A10024216,,,,,,,,,,,201902.0
145,A13522003,4514510,29695410,0,3957120,0,14227500,4066280,0,54810,0,201902.0
146,A13522008,0,46393790,0,0,0,45453000,0,0,0,0,201902.0
147,A13522004,0,44706760,0,4565250,0,21040600,12867005,19253690,149920,11526180,201902.0
148,A13588402,23515280,33441030,0,0,-13360000,13324000,7779082,19034610,3703210,0,201902.0
149,A13522007,10731800,42356060,0,0,0,32494700,6129410,0,862870,0,201902.0
150,A13522006,9554050,41638030,0,0,0,19044000,6225700,22546600,3515410,0,201902.0
151,A13552001,6155088,20464992,61010,0,0,20358000,0,553320,0,5000,201902.0
152,A13552002,0,0,0,0,0,0,10099626,39834210,2492070,11443130,201902.0
153,A13588601,1612560,23374100,0,0,0,10904100,5145620,11023680,1234900,3981850,201902.0
154,A10025204,,,,,,,,,,,201902.0
155,A10027446,443092,29608960,0,0,0,21489150,6615260,24597480,1473800,7140750,201902.0
156,A13550502,4195270,67384780,0,0,0,22958680,14679560,27969950,0,11636330,201902.0
157,A13527004,1796780,15349610,0,0,0,4152000,737250,5394800,0,3029970,201902.0
158,A13585404,0,27956290,0,3118500,0,18514980,8461454,17662140,0,7811790,201902.0
159,A13527002,4205190,10127240,0,0,-3247500,3247500,3179382,5124960,0,3300210,201902.0
160,A13527008,0,0,275700,0,0,0,2890835,13798510,20680,6511380,201902.0
161,A13527013,3434130,50489610,0,0,0,15321240,5952173,15269480,372590,5231300,201902.0
162,A13527203,17342810,226936670,0,0,0,113204700,69164361,116868910,143590,53244700,201902.0
163,A13585401,0,13373900,0,0,0,4781600,2630735,5864300,0,1478960,201902.0
164,A13586102,9754110,9488180,0,0,-3365000,3365000,661100,7782320,936670,3105540,201902.0
165,A13585804,-1144910,67163500,0,0,6909750,46065000,18418940,33231200,1636140,0,201902.0
166,A13527007,2111410,23857480,0,0,0,11225900,9893429,17883260,232650,5243490,201902.0
167,A13527016,5295050,40632030,0,0,52500,10668000,5306131,16205540,567190,8347090,201902.0
168,A13550403,12344068,35471360,0,0,-11349000,11349000,5699494,10637240,1141940,7220450,201902.0
169,A13586101,0,0,0,0,0,0,889590,0,0,0,201902.0
170,A13527010,-910,48176400,0,0,0,9660000,4255810,9584250,120,8354800,201902.0
171,A13527019,3240820,29262830,0,0,0,10973600,9465179,15782340,490020,6873440,201902.0
172,A13527006,43187190,0,0,0,2470100,0,4029620,8923870,829260,4534220,201902.0
173,A10027319,,,,,,,,,,,201902.0
174,A13550404,,,,,,,,,,,201902.0
175,A10024793,,,,,,,,,,,201902.0
