,kaptCode,heatC,heatP,gasC,gasP,waterHotC,waterHotP,electC,electP,waterCoolC,waterCoolP,Date
0,A13508012,2154950,0,0,0,0,3833460,3360300,41152650,648000,6957800,201908.0
1,A13579501,2385600,0,0,0,0,1294800,5540606,35018100,-86250,7135710,201908.0
2,A13592604,10242080,0,0,0,-6718010,6713830,11804532,47538950,0,13302710,201908.0
3,A13508009,8128450,0,0,0,-4869430,4765600,7118970,47664340,490,9188580,201908.0
4,A13508004,0,0,0,0,0,2315760,2347560,13661060,227590,3770400,201908.0
5,A13508003,0,0,0,0,0,0,10277140,0,0,0,201908.0
6,A13579506,1886840,0,0,0,0,2107090,4873163,36999340,0,5129710,201908.0
7,A13508006,2854620,0,0,0,0,3486070,4308941,24191850,0,5804130,201908.0
8,A13508011,2697760,0,0,0,520,4665110,11567720,55481890,371720,8504990,201908.0
9,A13592601,2606060,0,0,0,0,3423610,-815715,27193030,-361990,8860200,201908.0
10,A13592706,3030050,635590,7132250,0,-1875680,13823790,40159465,35525650,-87110,20355440,201908.0
11,A13579505,2529400,0,0,0,0,4316950,8691763,41547230,0,11046960,201908.0
12,A13508005,0,0,0,0,0,0,492820,5881440,17080,2105040,201908.0
13,A13579503,0,0,0,0,0,0,1399360,9553540,0,6011840,201908.0
14,A13592605,3431540,0,0,4854830,0,6140880,8860950,56066230,0,14302040,201908.0
15,A13591402,0,0,0,0,0,0,2503756,17599340,150,4432570,201908.0
16,A10027474,2464160,0,0,0,185600,3552290,9438600,44374400,1057520,7347310,201908.0
17,A10023825,,,,,,,,,,,201908.0
18,A10024820,,,,,,,,,,,201908.0
19,A10024813,,,,,,,,,,,201908.0
20,A13599303,7109980,0,0,0,0,8560000,3325370,50954830,1551960,0,201908.0
21,A13594007,2243280,0,0,2250860,0,6190910,3707790,0,248490,5691380,201908.0
22,A13580602,5377580,0,0,0,0,7144130,6945399,57384400,-10,15536070,201908.0
23,A13524004,-350,3354450,0,0,0,5565300,6039320,30731090,388320,7977800,201908.0
24,A13599402,0,7762900,0,0,0,9205000,149680,26784650,0,13912010,201908.0
25,A13524005,3039360,0,0,0,1260,5188320,5672060,36286790,1855360,0,201908.0
26,A13593908,241791,0,0,0,0,4518000,0,0,0,0,201908.0
27,A13580001,1417861,0,0,0,0,2145000,2025778,14505260,-180,4617050,201908.0
28,A13524006,0,5700020,0,0,0,4332510,3653540,48264330,2500890,9397420,201908.0
29,A13593901,1871610,0,0,0,0,2516640,4972720,25814820,0,2744780,201908.0
30,A13524009,4229450,23600,0,0,-1535820,10238800,3306790,50259000,2054890,11810500,201908.0
31,A13580002,-400,1197990,0,0,0,3293440,1109469,12988630,65530,4173050,201908.0
32,A13599301,12194620,0,0,0,0,4656000,5407380,39210070,27620,0,201908.0
33,A10025203,0,0,0,0,0,0,0,0,0,0,201908.0
34,A10025675,12001640,0,0,0,720,18067680,68355895,147369760,857164,28874690,201908.0
35,A10023565,,,,,,,,,,,201908.0
36,A10024564,,,,,,,,,,,201908.0
37,A10023996,,,,,,,,,,,201908.0
38,A13510003,1442160,0,0,0,0,2207500,4939060,20472490,0,4401040,201908.0
39,A13510001,0,0,0,0,0,0,376080,9867860,0,2893060,201908.0
40,A13510201,863740,0,0,0,0,2005480,714720,11376050,0,3125940,201908.0
41,A13510203,0,0,0,0,0,0,1349620,14576870,0,3742730,201908.0
42,A13510102,1617660,0,0,0,-700,2733300,2649530,21774960,4690,5417920,201908.0
43,A13510006,0,0,0,0,0,0,3908499,24250020,0,0,201908.0
44,A13510103,2116770,0,0,0,0,4035000,3806630,18387300,0,7228340,201908.0
45,A13510202,544990,0,6010,0,0,3356000,2932720,11306000,265380,3346120,201908.0
46,A13576201,0,0,0,0,0,0,727760,15418860,17590,0,201908.0
47,A13510005,4863600,0,0,0,0,6802380,6407015,54352820,1469670,10506300,201908.0
48,A13510009,0,0,0,0,0,0,4867250,28260220,4050,3133170,201908.0
49,A13510007,3658120,0,0,0,0,5701820,15315272,69881940,337530,7907540,201908.0
50,A10025280,,,,,,,,,,,201908.0
51,A10025755,,,,,,,,,,,201908.0
52,A10024640,,,,,,,,,,,201908.0
53,A13509001,0,0,23500,0,0,0,2333910,10687330,0,3348190,201908.0
54,A13570501,5144860,0,0,0,0,7890000,16306706,74417870,-17770,16889660,201908.0
55,A13550701,1774578,0,0,0,0,3737212,6371400,41186720,0,6641190,201908.0
56,A13509005,29260,0,0,0,2036450,2036450,4997365,26700730,97660,5383080,201908.0
57,A13509004,0,0,0,0,0,0,126540,17158170,0,4664410,201908.0
58,A13509010,5083670,0,0,0,0,9405000,15114562,81106640,74560,14291350,201908.0
59,A13509006,7820,0,0,0,0,0,2780018,14148210,0,5957800,201908.0
60,A13509003,0,0,0,0,0,0,1210237,12725863,-3310,7560550,201908.0
61,A13509012,6036230,0,0,0,8367650,0,102344090,0,19717940,0,201908.0
62,A13509007,1638370,0,0,0,0,2861390,,,220460,6336520,201908.0
63,A13570502,,,,,,,,,,,201908.0
64,A13509013,,,,,,,,,,,201908.0
65,A13509101,0,0,0,0,0,0,-107260,12882730,0,3218050,201908.0
66,A13509009,8848970,2100,0,0,-4794400,4794400,25372830,140664470,2905410,10468040,201908.0
67,A13509014,,,,,,,,,,,201908.0
68,A10026350,2556600,0,0,0,0,3180000,8963150,40763380,1985660,6228180,201908.0
69,A10026934,,,,,,,,,,,201908.0
70,A10024131,,,,,,,,,,,201908.0
71,A10023939,,,,,,,,,,,201908.0
72,A10024819,,,,,,,,,,,201908.0
73,A13528102,5403350,0,0,0,0,10376640,16220570,81641360,725400,19965700,201908.0
74,A13528103,6814050,0,0,0,0,8805120,23719089,174568660,901010,20620880,201908.0
75,A13528004,17366990,0,0,0,0,30288600,27700810,257357970,0,57687550,201908.0
76,A13583604,-12784560,0,0,0,0,9015000,13008620,82974150,2467340,19327640,201908.0
77,A13583701,2607840,0,0,0,1224350,5861250,10193078,40656140,0,11916150,201908.0
78,A13528003,126240,0,0,0,0,18016000,4462508,72745730,39360,17924570,201908.0
79,A13528007,2663330,0,0,0,0,2475520,9146680,56016680,661870,7097830,201908.0
80,A13528105,0,0,0,0,-2198000,10048500,-23363260,123819200,2677670,21237200,201908.0
81,A13584101,2189720,0,0,0,0,3284990,7045684,38619580,0,6687860,201908.0
82,A13583507,-13040,15424640,0,0,0,52755150,31313750,284348650,-3477460,66381570,201908.0
83,A13583403,1944310,0,0,0,0,5523680,5924530,32373680,1476690,7399630,201908.0
84,A13583404,11436520,0,0,0,-3893400,3893400,8321720,54244070,863040,9643050,201908.0
85,A13583402,3127170,2078160,0,0,-3128000,3128000,6283320,25053110,1429320,6070870,201908.0
86,A10027800,7372326,0,0,0,0,14607530,40158218,195834620,1726190,35888300,201908.0
87,A10025646,,,,,,,,,,,201908.0
88,A10026526,,,,,,,,,,,201908.0
89,A10024102,,,,,,,,,,,201908.0
90,A10024815,,,,,,,,,,,201908.0
91,A10026924,1459710,0,0,0,0,2229280,8731320,36743660,200520,4447100,201908.0
92,A10024799,,,,,,,,,,,201908.0
93,A10028094,,,,,,,,,,,201908.0
94,A10024029,,,,,,,,,,,201908.0
95,A10024814,,,,,,,,,,,201908.0
96,A10024805,,,,,,,,,,,201908.0
97,A13501004,0,0,0,0,0,0,6240350,28343180,87120,9652810,201908.0
98,A13501001,563150,0,0,0,0,0,7579161,42704800,912070,3690640,201908.0
99,A13582002,-2505490,4026830,0,0,0,6440400,9419490,33863190,2255480,0,201908.0
100,A13501007,,,,,,,,,,,201908.0
101,A13501008,,,,,,,,,,,201908.0
102,A13583301,0,0,0,0,0,0,3900076,12826450,0,2917000,201908.0
103,A13501006,5411590,0,0,0,-3264190,3235260,3477511,38939730,0,5725800,201908.0
104,A13501005,,,,,,,,,,,201908.0
105,A10024501,,,,,,,,,,,201908.0
106,A13590204,10429953,0,0,0,0,9849000,-8575906,88579340,2085732,0,201908.0
107,A13589802,14172974,45430636,0,0,-26074000,26074000,1218627,387492750,12398870,54475850,201908.0
108,A13511201,8592050,0,0,0,0,0,41678428,0,3000000,0,201908.0
109,A13551103,15750384,15750320,0,0,7844000,7844000,7446026,80031280,0,0,201908.0
110,A13590602,5913330,0,0,0,0,5317120,6072300,38089140,776910,0,201908.0
111,A13511001,0,2200366,0,0,0,5283360,3376300,37013310,0,0,201908.0
112,A13511004,-2160,18405190,0,0,0,23414150,25159286,183310650,7090320,0,201908.0
113,A13511101,0,5229020,0,0,0,6378000,0,54358690,0,14786600,201908.0
114,A13511003,0,0,0,0,0,16653950,10494023,67009610,0,0,201908.0
115,A13519002,0,0,19280,0,0,0,653202,18131030,82170,6830560,201908.0
116,A13519006,5229007,0,0,0,923,7881420,16761452,45657640,965150,18624710,201908.0
117,A13519007,11417470,0,0,0,-7127400,7094360,13046940,37509710,764690,15048170,201908.0
118,A13519004,0,0,0,0,0,0,16448150,0,5743740,0,201908.0
119,A13519005,0,0,0,0,0,0,2787620,26619960,0,10028910,201908.0
120,A13519003,0,0,22220,0,0,0,2177950,17108230,-4230,6709980,201908.0
121,A13519001,0,0,36250,0,0,0,1427480,15473840,0,6929970,201908.0
122,A10028172,10197430,11900,0,0,-6118280,6070690,11619950,34825610,172690,13084060,201908.0
123,A13519008,0,0,0,0,0,5093429,4203160,23354690,0,10790860,201908.0
124,A13520003,50480,6675370,0,0,0,6601740,19105496,80029540,0,18080600,201908.0
125,A13520004,2396500,0,0,0,0,4486380,7015246,19962800,466220,7184180,201908.0
126,A10027985,5943800,62280,0,8258510,0,10454920,18118260,59625000,1319550,19433160,201908.0
127,A13520002,0,0,0,0,0,0,21838510,105469500,397890,20419740,201908.0
128,A10023314,,,,,,,,,,,201908.0
129,A13520001,0,0,0,0,0,0,-1831167,41004030,857420,17330890,201908.0
130,A10027909,0,0,9770,0,0,0,2909500,11067520,34310,2924460,201908.0
131,A10027912,0,0,4620,0,0,0,17704070,9592950,5598580,5047570,201908.0
132,A13594702,3355970,0,0,0,380,9752380,2268780,0,0,0,201908.0
133,A13523005,4363980,0,0,0,0,5902500,5974845,41620870,0,13734000,201908.0
134,A13523004,6025860,0,0,0,0,6513600,867120,47373780,1664680,10558920,201908.0
135,A13594701,2562350,0,0,0,0,6800500,1329337,27149860,852030,8520300,201908.0
136,A13593802,1061440,0,0,0,0,4879370,6865640,0,741260,0,201908.0
137,A13523003,2758500,2170,0,0,0,3920000,380940,30390260,-280,10266940,201908.0
138,A13594402,952560,0,2310,0,0,3556800,1551860,18432120,867610,0,201908.0
139,A13593801,2208350,0,0,2240890,-1557120,3276440,3868700,42839980,0,0,201908.0
140,A13594203,11663240,0,0,0,-10723800,10723800,3125230,40799220,3710700,15132540,201908.0
141,A13594403,3104510,0,0,0,0,10180000,7634580,44166280,978180,0,201908.0
142,A10027571,,,,,,,,,,,201908.0
143,A10025823,13433130,0,0,0,8153480,7611000,24387530,80815410,0,13601770,201908.0
144,A10024216,,,,,,,,,,,201908.0
145,A13522003,0,0,0,0,0,0,2802010,0,762390,0,201908.0
146,A13522008,0,0,0,0,0,12585000,0,0,0,0,201908.0
147,A13522004,3207320,14580,0,4369140,0,9057600,12576467,39045600,131590,12574740,201908.0
148,A13588402,7406020,0,0,0,-5190090,5176530,1310369,36760720,2034380,0,201908.0
149,A13522007,3746760,0,0,0,0,7757340,4014510,0,791560,0,201908.0
150,A13522006,3680560,0,0,0,0,6438240,-330010,34698600,3398610,0,201908.0
151,A13552001,0,15340,0,0,0,4235220,0,953000,0,5000,201908.0
152,A13552002,0,0,0,0,0,0,1656737,51885270,1349640,12676630,201908.0
153,A13588601,2831790,42280,0,0,0,1543500,3527730,20583240,495300,5588290,201908.0
154,A10025204,,,,,,,,,,,201908.0
155,A10027446,216172,0,0,0,0,17333890,7583280,56915400,690520,7685990,201908.0
156,A13550502,4195270,0,0,0,0,8064850,13604830,56893070,0,13879400,201908.0
157,A13527004,856220,0,0,0,0,1902000,-346920,8976370,0,2836770,201908.0
158,A13585404,7392390,0,0,2693620,-5245620,5234030,9241150,44871170,0,8132970,201908.0
159,A13527002,2421540,0,0,0,-1489010,1489010,2096620,9562830,0,3510510,201908.0
160,A13527008,0,0,15440,0,0,0,1558308,22944750,20990,6769740,201908.0
161,A13527013,3434020,0,0,0,0,6445704,5524051,30909770,473660,6976000,201908.0
162,A13527203,17343471,0,0,0,-6761,33422920,57195179,240820430,-2601540,63625620,201908.0
163,A13585401,0,0,0,0,0,2866500,1869487,8866685,0,1114750,201908.0
164,A13586102,2765020,73720,0,0,-2056740,2056740,5498910,7935730,-515420,4468530,201908.0
165,A13585804,5764840,0,0,0,0,12072230,15896980,64163710,2988020,0,201908.0
166,A13527007,2111410,0,0,0,0,3309820,8153250,31897820,305170,5408190,201908.0
167,A13527016,1611530,104880,0,0,35000,4963000,2009092,24125260,442860,8415900,201908.0
168,A13550403,5158450,0,0,0,-3332180,3332180,58133,21971490,310690,7933050,201908.0
169,A13586101,0,0,0,0,0,0,743190,0,35460,0,201908.0
170,A13527010,100,57900,0,0,0,4995000,2674840,16042300,-110,7193330,201908.0
171,A13527019,2869050,0,0,0,0,3533460,8497120,40046300,271220,6664270,201908.0
172,A13527006,1943580,0,0,0,1344700,0,3368620,16596620,598710,4599040,201908.0
173,A10027319,,,,,,,,,,,201908.0
174,A13550404,,,,,,,,,,,201908.0
175,A10024793,,,,,,,,,,,201908.0
