,kaptCode,heatC,heatP,gasC,gasP,waterHotC,waterHotP,electC,electP,waterCoolC,waterCoolP,Date
0,A13508012,2159430,4480,0,0,5355810,5234290,5977290,19671610,472300,7096300,201906.0
1,A13579501,2385600,0,0,0,0,2341560,5647218,19373200,-637250,6945690,201906.0
2,A13592604,12833160,677260,0,0,-9076500,9069750,6918593,25132370,0,14128660,201906.0
3,A13508009,10298510,124790,0,0,-7039490,6963000,9180260,23598800,88550,8902090,201906.0
4,A13508004,0,0,0,0,0,3093420,2316420,6979660,184830,3533760,201906.0
5,A13508003,0,0,0,0,0,0,5668730,0,0,0,201906.0
6,A13579506,1886840,0,0,0,0,3024260,6539231,24241540,0,4928970,201906.0
7,A13508006,2854620,212630,0,0,0,5125010,4612750,21109770,0,5477520,201906.0
8,A13508011,2697830,48600,0,0,-150,6293540,9528700,30221310,1940020,7647180,201906.0
9,A13592601,2594780,100850,0,0,0,6343100,292405,21890510,414330,8368780,201906.0
10,A13592706,4070760,0,6928390,0,15132540,0,44103484,0,20657230,0,201906.0
11,A13579505,2529400,175560,0,0,0,6512470,8543258,26444920,0,10724290,201906.0
12,A13508005,0,0,0,0,0,0,656400,3195270,0,2086290,201906.0
13,A13579503,0,0,0,0,0,0,2162540,7558740,0,5844710,201906.0
14,A13592605,3431540,19560,0,5229410,0,8500570,6307970,33326860,0,14359090,201906.0
15,A13591402,0,0,0,0,0,0,3172922,9450380,-130,4245640,201906.0
16,A10027474,2464160,56500,0,0,261950,5063000,8831890,23818310,330960,7264240,201906.0
17,A10023825,,,,,,,,,,,201906.0
18,A10024820,,,,,,,,,,,201906.0
19,A10024813,,,,,,,,,,,201906.0
20,A13599303,8709290,0,0,0,0,10940000,6777480,26432540,4788310,0,201906.0
21,A13594007,2296113,0,0,2452880,0,8544900,3341910,0,961480,4572840,201906.0
22,A13580602,5377580,0,0,0,-20,9291290,5727310,24603420,-80,14527270,201906.0
23,A13524004,-230,3245850,0,0,0,7893600,2969230,14617890,558830,6990160,201906.0
24,A13599402,0,18329100,0,0,0,13125000,2298220,25113020,0,12465190,201906.0
25,A13524005,3039360,0,0,0,730,7554380,3588060,16932240,2242240,0,201906.0
26,A13593908,939929,0,0,0,0,8470200,0,0,0,0,201906.0
27,A13580001,1415550,0,0,0,0,3382100,2095997,6661160,-880,4252640,201906.0
28,A13524006,0,6806840,0,0,0,5847750,5507970,20881990,3465660,8381790,201906.0
29,A13593901,1871010,33800,0,0,0,3265700,5144800,15378600,0,2749400,201906.0
30,A13524009,4378600,241450,0,0,-2726000,15538200,6039210,27313720,3491560,10380190,201906.0
31,A13580002,-410,1197990,0,0,0,4220450,1552976,7580510,53810,3768080,201906.0
32,A13599301,12925100,0,0,0,0,8354000,6800640,22875700,27620,0,201906.0
33,A10025203,,,,,,,,,,,201906.0
34,A10025675,13868620,1268750,0,0,0,21455280,52161830,78935230,6205850,25141970,201906.0
35,A10023565,,,,,,,,,,,201906.0
36,A10024564,,,,,,,,,,,201906.0
37,A10023996,,,,,,,,,,,201906.0
38,A13510003,1411890,117650,0,0,0,2706600,3808290,13095620,0,3987040,201906.0
39,A13510001,0,0,0,0,0,0,1791680,5703530,22370,3020110,201906.0
40,A13510201,865180,0,0,0,0,2755000,591820,6645450,0,3486530,201906.0
41,A13510203,0,0,0,0,0,0,861570,9137310,0,3762940,201906.0
42,A13510102,1617660,0,0,0,10,3465440,2863170,12443860,0,5074550,201906.0
43,A13510006,0,0,0,0,0,0,3071795,14997560,0,0,201906.0
44,A13510103,2116770,0,0,0,0,5358000,2844370,14276300,0,6814640,201906.0
45,A13510202,475460,0,27330,0,0,3848000,2068590,6325830,217350,2872190,201906.0
46,A13576201,0,0,0,0,0,0,670330,9738990,17590,0,201906.0
47,A13510005,4863600,0,0,0,0,12149550,6167770,30837010,2346930,9036150,201906.0
48,A13510009,0,0,0,0,0,0,4537140,16950920,3520,3432330,201906.0
49,A13510007,3668220,0,0,0,0,5783800,14868350,29633690,427540,7533570,201906.0
50,A10025280,,,,,,,,,,,201906.0
51,A10025755,,,,,,,,,,,201906.0
52,A10024640,,,,,,,,,,,201906.0
53,A13509001,0,0,42960,0,0,0,1640170,6012300,0,3265620,201906.0
54,A13570501,5235220,738600,0,0,0,9890000,15848236,41248560,-3150,16440100,201906.0
55,A13550701,1774578,0,0,0,0,0,4687997,0,0,0,201906.0
56,A13509005,31580,175010,0,0,3278000,3278000,6924203,19174900,96010,5435800,201906.0
57,A13509004,0,0,0,0,0,0,761240,9783770,24450,5127910,201906.0
58,A13509010,5087470,0,0,0,0,12197610,14901828,47044350,155800,14531260,201906.0
59,A13509006,16320,0,0,0,0,0,2633903,8756020,0,5477440,201906.0
60,A13509003,0,0,0,0,0,0,768880,8263100,-1710,7465200,201906.0
61,A13509012,6036230,0,0,0,11940480,0,59977860,0,20460180,0,201906.0
62,A13509007,1537360,0,0,0,0,3903540,2327090,11908260,476940,6080040,201906.0
63,A13570502,,,,,,,,,,,201906.0
64,A13509013,,,,,,,,,,,201906.0
65,A13509101,0,0,0,0,0,0,1383040,6121750,0,3433740,201906.0
66,A13509009,12681280,1864200,0,0,-8366400,8366400,22661860,62244920,2932610,10144950,201906.0
67,A13509014,,,,,,,,,,,201906.0
68,A10026350,2620080,0,0,0,0,4488780,6496160,24671480,1140950,6283080,201906.0
69,A10026934,,,,,,,,,,,201906.0
70,A10024131,,,,,,,,,,,201906.0
71,A10023939,,,,,,,,,,,201906.0
72,A10024819,,,,,,,,,,,201906.0
73,A13528102,5403350,0,0,0,0,15606420,15335020,47250120,985500,16777630,201906.0
74,A13528103,6900680,62100,0,0,0,12301800,20462503,74956600,932610,20888320,201906.0
75,A13528004,17366990,0,0,0,0,42406200,24023190,124034320,0,57097580,201906.0
76,A13583604,-2949970,0,0,0,0,12647500,10110481,40641980,970030,16589650,201906.0
77,A13583701,2887240,0,0,0,1842120,7946400,8931494,23630160,0,10529490,201906.0
78,A13528003,166750,0,0,0,0,22036000,6562761,39286970,353820,16209840,201906.0
79,A13528007,2970030,108770,0,0,0,4140500,7577470,26220620,1021870,6968050,201906.0
80,A13528105,0,0,0,0,0,17419500,-5559090,59938310,1523880,17323560,201906.0
81,A13584101,2424330,0,0,0,0,4509250,5992032,20564140,0,6097960,201906.0
82,A13583507,-1660,19165580,0,0,0,64783390,28955930,142043340,6835750,56471370,201906.0
83,A13583403,2420370,0,0,0,0,7715520,3910640,16573530,1163000,6445600,201906.0
84,A13583404,13636620,0,0,0,-5653800,5653800,9328930,25553970,861000,9542790,201906.0
85,A13583402,4088360,2362640,0,0,-4088000,4088000,4256220,11953450,2459550,5089740,201906.0
86,A10027800,8139350,0,0,0,0,23170840,41051695,106896250,1545170,32687520,201906.0
87,A10025646,,,,,,,,,,,201906.0
88,A10026526,,,,,,,,,,,201906.0
89,A10024102,,,,,,,,,,,201906.0
90,A10024815,,,,,,,,,,,201906.0
91,A10026924,1460440,7370,0,0,0,3255260,5043930,14527200,316030,4326190,201906.0
92,A10024799,,,,,,,,,,,201906.0
93,A10028094,,,,,,,,,,,201906.0
94,A10024029,,,,,,,,,,,201906.0
95,A10024814,,,,,,,,,,,201906.0
96,A10024805,,,,,,,,,,,201906.0
97,A13501004,0,0,0,0,0,0,8606970,15550010,193640,9067160,201906.0
98,A13501001,1952550,0,0,0,0,0,8893502,32105200,2269750,3522350,201906.0
99,A13582002,-2903680,3630820,0,0,0,8780400,6732580,16862340,2888840,0,201906.0
100,A13501007,,,,,,,,,,,201906.0
101,A13501008,,,,,,,,,,,201906.0
102,A13583301,0,0,0,0,0,0,3529508,6994260,0,2751830,201906.0
103,A13501006,6474790,91970,0,0,-4327390,4291770,789095,22494110,1021920,5660710,201906.0
104,A13501005,,,,,,,,,,,201906.0
105,A10024501,,,,,,,,,,,201906.0
106,A13590204,13294318,0,0,0,0,11400000,-5563664,44224730,2261007,0,201906.0
107,A13589802,15426470,58178690,0,0,-33744000,33744000,5586541,184006090,19241460,45817150,201906.0
108,A13511201,10214020,0,0,0,0,0,22109545,0,2500000,0,201906.0
109,A13551103,22908950,22908304,0,0,10602000,10602000,5306840,38644940,0,0,201906.0
110,A13590602,13578970,0,0,0,0,7331840,4200000,21281120,700980,0,201906.0
111,A13511001,0,1935612,0,0,0,7115040,5144750,14969370,0,0,201906.0
112,A13511004,-2700,24611260,0,0,0,27216700,28857356,92392400,8285295,0,201906.0
113,A13511101,0,7474840,0,0,0,8352000,0,28196780,0,14991770,201906.0
114,A13511003,0,0,0,0,0,20173150,6794297,33999340,0,0,201906.0
115,A13519002,0,0,44310,0,0,0,894453,11000620,174820,6856970,201906.0
116,A13519006,5561580,119940,0,0,-1010,10442980,15368305,43626532,106890,17699960,201906.0
117,A13519007,15409750,1034470,0,0,-10747290,10707100,9692980,23631730,1664000,14141980,201906.0
118,A13519004,0,0,0,0,0,0,13060770,0,5506260,0,201906.0
119,A13519005,0,0,0,0,0,0,1431230,19317050,708430,10218650,201906.0
120,A13519003,0,0,50740,0,0,0,-35360,10124530,244290,6370430,201906.0
121,A13519001,0,0,65750,0,0,0,522780,9897460,115250,6469160,201906.0
122,A10028172,13094830,60200,0,0,-9505830,9450460,6891264,21949420,1619520,12916480,201906.0
123,A13519008,20214,121900,0,0,0,7833976,4774392,15619930,0,10620240,201906.0
124,A13520003,25100,7254650,0,0,0,12865940,15448524,52542350,0,18724050,201906.0
125,A13520004,2396500,0,0,0,0,5788210,4621719,11932200,633410,6909800,201906.0
126,A10027985,5943800,308400,0,8030150,0,15844950,11306980,37828750,2944920,18715310,201906.0
127,A13520002,0,0,0,0,0,0,16500470,52938530,653860,19590680,201906.0
128,A10023314,,,,,,,,,,,201906.0
129,A13520001,0,0,0,0,0,0,-2700954,31906380,633370,17281330,201906.0
130,A10027909,0,0,11820,0,0,0,2220460,6834730,0,2955770,201906.0
131,A10027912,0,0,37790,0,0,0,1206732,9717690,101600,5471230,201906.0
132,A13594702,3355970,0,0,0,620,13273020,2616800,0,0,0,201906.0
133,A13523005,4363980,383880,0,0,0,9206400,2965273,26476500,0,13830000,201906.0
134,A13523004,6874970,1482800,0,0,0,8755200,936940,28930700,1541100,9003530,201906.0
135,A13594701,2998909,5372970,0,0,0,9972300,4619816,16266100,731761,7317610,201906.0
136,A13593802,1455660,809540,0,0,0,7822300,5064330,0,757470,0,201906.0
137,A13523003,3044700,540230,0,0,0,6023920,432950,16633220,-70,9585980,201906.0
138,A13594402,940610,0,2950,0,0,4647600,3503180,10100810,1213140,0,201906.0
139,A13593801,3614110,0,0,2227510,-2963031,5248921,3656500,23423740,0,0,201906.0
140,A13594203,14838320,0,0,0,-14646750,14646750,1960970,28922000,5003400,13071690,201906.0
141,A13594403,2664200,0,0,0,0,13936000,5935360,24725470,1223630,0,201906.0
142,A10027571,,,,,,,,,,,201906.0
143,A10025823,15718200,128560,0,0,10438550,9652000,14431490,39852030,0,14044900,201906.0
144,A10024216,,,,,,,,,,,201906.0
145,A13522003,0,2123250,0,3543630,0,7302960,2503930,0,1494795,0,201906.0
146,A13522008,0,1551520,0,0,0,18831000,0,0,0,0,201906.0
147,A13522004,3207320,776360,0,4125980,0,11523600,9054919,19818790,253030,12158100,201906.0
148,A13588402,9133050,0,0,0,-4995620,4983720,1391195,21127060,2993730,0,201906.0
149,A13522007,4095800,459000,0,0,0,10600080,3672620,0,354100,0,201906.0
150,A13522006,3950380,0,0,0,0,9262190,-1104190,22638990,6454410,0,201906.0
151,A13552001,0,93100,0,0,0,7892500,0,576230,0,5000,201906.0
152,A13552002,0,0,0,0,0,0,1784151,32056340,935480,12031780,201906.0
153,A13588601,2868780,79110,0,0,0,2681700,4142020,9449300,523100,4745610,201906.0
154,A10025204,,,,,,,,,,,201906.0
155,A10027446,95002,36970,0,0,0,15894210,4956500,28137890,903390,7342300,201906.0
156,A13550502,4195270,352110,0,0,0,14456070,12944320,32860060,0,14901300,201906.0
157,A13527004,607020,0,0,0,0,2802000,344450,5550810,0,3008510,201906.0
158,A13585404,11371220,508780,0,2954770,-9224450,9203220,8544590,24220630,0,7534090,201906.0
159,A13527002,2946990,0,0,0,-2013760,2013760,2093939,5898020,0,3480240,201906.0
160,A13527008,0,0,8130,0,0,0,2120946,12205620,20020,7126360,201906.0
161,A13527013,3434020,0,0,0,0,8314386,4142362,16623060,460090,6322130,201906.0
162,A13527203,17343471,0,0,0,-3774,49331380,7350480,144270020,-1538850,61507630,201906.0
163,A13585401,0,130900,0,0,0,4009500,2332673,4711030,0,1559250,201906.0
164,A13586102,4049850,0,0,0,-1873910,1873910,-832770,9114970,564540,3821010,201906.0
165,A13585804,5764840,0,0,0,0,16641950,10819160,37591110,2791000,0,201906.0
166,A13527007,2111410,0,0,0,0,4355500,7551666,17707760,309780,5284260,201906.0
167,A13527016,2544030,249320,0,0,49000,6650000,4245242,14347640,3238030,8216930,201906.0
168,A13550403,6294450,152950,0,0,-5960500,5960500,2858002,11591090,1801430,6872200,201906.0
169,A13586101,0,0,0,0,0,0,457200,0,70920,0,201906.0
170,A13527010,-540,233700,0,0,0,5764500,3517375,9483410,-170,6506890,201906.0
171,A13527019,2872890,56330,0,0,0,5089500,8266075,17932570,752380,7146040,201906.0
172,A13527006,3099510,0,0,0,1958400,0,2178060,8630140,489530,4598300,201906.0
173,A10027319,,,,,,,,,,,201906.0
174,A13550404,,,,,,,,,,,201906.0
175,A10024793,,,,,,,,,,,201906.0
