,kaptCode,heatC,heatP,gasC,gasP,waterHotC,waterHotP,electC,electP,waterCoolC,waterCoolP,Date
0,A13508012,2301670,0,0,0,357590,0,7357910,0,178460,0,201912.0
1,A13579501,2757870,31399100,0,0,0,13641450,7616482,19709550,-281780,6960740,201912.0
2,A13592604,26694950,51206800,0,0,-18428650,18410900,9040186,23496530,0,13087350,201912.0
3,A13508009,18748020,46236770,0,0,-15489000,15124500,11729740,22456110,180870,8819040,201912.0
4,A13508004,7995620,15031280,0,0,0,3734340,3152600,7420330,497940,3433670,201912.0
5,A13508003,0,0,0,0,0,0,2951760,0,1117430,0,201912.0
6,A13579506,1886840,25253100,3310,0,0,514560,5749577,15925930,0,4946920,201912.0
7,A13508006,7151820,27986430,0,0,0,10936800,4743521,20745110,0,5464130,201912.0
8,A13508011,2657920,35305050,0,0,-950,16383370,10312820,28285960,468480,8614700,201912.0
9,A13592601,4033090,38062930,0,0,0,17780000,7862752,18675110,11840,8047640,201912.0
10,A13592706,-1873130,74337700,7281290,0,-3118870,35885910,8048247,33709240,-584220,19014970,201912.0
11,A13579505,2529400,38576800,0,0,0,8914690,8356616,26503020,0,10832590,201912.0
12,A13508005,0,0,0,0,0,0,863220,3431690,137700,2172630,201912.0
13,A13579503,0,0,0,0,0,0,2399520,7788340,0,5758080,201912.0
14,A13592605,3431540,53216860,0,5356080,0,26456280,8662840,33766500,0,13502480,201912.0
15,A13591402,0,0,0,0,0,0,2942122,10928620,-50,3905180,201912.0
16,A10027474,2464160,23534270,0,0,1860550,11978640,9047560,22096800,200260,6944400,201912.0
17,A10023825,,,,,,,,,,,201912.0
18,A10024820,,,,,,,,,,,201912.0
19,A10024813,,,,,,,,,,,201912.0
20,A13599303,0,115516100,0,0,0,13492500,9889890,26434500,2977680,0,201912.0
21,A13594007,2826680,41348500,0,2603120,0,14089950,4610560,0,446750,4163680,201912.0
22,A13580602,5377420,90222710,0,0,0,15801950,8459772,26881650,0,14728680,201912.0
23,A13524004,-500,65352300,0,0,0,10873200,5683860,14165140,478010,5652050,201912.0
24,A13599402,0,70330700,0,0,0,12885000,5171740,25183650,0,13033320,201912.0
25,A13524005,2994830,61673160,0,0,0,9516800,8112380,17055800,2279680,0,201912.0
26,A13593908,3628467,47825230,0,0,0,18875500,0,0,0,0,201912.0
27,A13580001,1417570,27575450,0,0,0,5249400,3331823,7786970,-30,4026610,201912.0
28,A13524006,0,119226860,0,0,0,7714890,16796750,22550680,4369690,6965200,201912.0
29,A13593901,2499750,22830300,0,0,0,7232400,6217760,15388330,0,2762860,201912.0
30,A13524009,5388180,84351860,0,0,-3383500,31804900,9742800,25507730,3616770,8866120,201912.0
31,A13580002,-923,25823340,0,0,0,7586800,2448791,8189410,109830,2951940,201912.0
32,A13599301,93748640,0,0,0,0,11760000,9338250,23597870,27620,0,201912.0
33,A10025203,0,77061150,0,0,0,30042360,34895770,48613770,1715899,15711441,201912.0
34,A10025675,19061510,103974860,0,0,0,50462450,54359684,90152251,1606750,28914510,201912.0
35,A10023565,,,,,,,,,,,201912.0
36,A10024564,,,,,,,,,,,201912.0
37,A10023996,,,,,,,,,,,201912.0
38,A13510003,1411870,26886290,0,0,0,4287500,4428030,11877960,0,4257520,201912.0
39,A13510001,0,0,0,0,0,0,872900,5832550,0,2656460,201912.0
40,A13510201,870220,16273160,0,0,0,3819600,1037420,7183210,0,3005220,201912.0
41,A13510203,0,0,0,0,0,0,914640,9394700,0,4024700,201912.0
42,A13510102,1618110,31359390,0,0,0,6840800,6068980,12055430,80,5325020,201912.0
43,A13510006,0,0,0,0,0,0,3871913,15064750,0,0,201912.0
44,A13510103,3885800,41984800,0,0,0,8232000,4214360,14002400,0,6979020,201912.0
45,A13510202,27882340,0,34870,0,0,5940000,2950280,6694130,480640,2403630,201912.0
46,A13576201,0,0,0,0,0,0,1204120,9738840,39160,0,201912.0
47,A13510005,4865190,79321870,0,0,0,21240050,5980056,36132660,1599160,7521980,201912.0
48,A13510009,0,0,0,0,0,0,4377510,12900270,4070,3288670,201912.0
49,A13510007,12698230,41823820,0,0,0,20241840,15347606,23188500,373460,7777730,201912.0
50,A10025280,,,,,,,,,,,201912.0
51,A10025755,,,,,,,,,,,201912.0
52,A10024640,,,,,,,,,,,201912.0
53,A13509001,0,0,306890,0,0,0,1932430,6058180,0,3024500,201912.0
54,A13570501,9494950,67985910,0,0,0,13810000,14255534,39836960,-10,14603690,201912.0
55,A13550701,1774578,29841858,0,0,0,13367100,6207100,19406710,0,6557170,201912.0
56,A13509005,67350,25396970,0,0,6083910,6083910,5482288,16142730,63940,5259570,201912.0
57,A13509004,0,0,0,0,0,0,1016260,9230410,91550,4403390,201912.0
58,A13509010,5209360,63318140,0,0,0,25422900,16401059,47150990,15910,12587340,201912.0
59,A13509006,171860,0,0,0,0,0,3810255,8819470,0,5332420,201912.0
60,A13509003,0,0,0,0,0,0,1533200,8595910,-2870,7794470,201912.0
61,A13509012,66902080,0,0,0,43512000,0,62198320,0,19603110,0,201912.0
62,A13509007,2134630,33173340,0,0,0,5785500,5062620,11360110,392560,5940840,201912.0
63,A13570502,,,,,,,,,,,201912.0
64,A13509013,,,,,,,,,,,201912.0
65,A13509101,0,0,0,0,0,0,986020,7162810,0,3153110,201912.0
66,A13509009,22765340,66542280,0,0,-18487700,18487700,25083660,55887830,1038080,10036700,201912.0
67,A13509014,,,,,,,,,,,201912.0
68,A10026350,4086350,20608990,0,0,0,11420800,9702920,22609460,1313710,5648840,201912.0
69,A10026934,,,,,,,,,,,201912.0
70,A10024131,,,,,,,,,,,201912.0
71,A10023939,,,,,,,,,,,201912.0
72,A10024819,,,,,,,,,,,201912.0
73,A13528102,5403350,88361150,0,0,0,16789450,18896350,46876310,1289990,16273410,201912.0
74,A13528103,18757810,91962040,0,0,0,29042890,26213666,66917000,647360,18600270,201912.0
75,A13528004,34411860,282018750,0,0,0,52990200,22898360,126540010,0,52714910,201912.0
76,A13583604,174255030,0,0,0,0,19592500,19111950,42700160,741290,14128490,201912.0
77,A13583701,2887240,39211460,0,0,3767310,28836200,7913122,22663930,0,8937580,201912.0
78,A13528003,11668500,74900260,0,0,0,39585700,18315329,41654450,1036830,12658280,201912.0
79,A13528007,4472880,23116170,0,0,0,7859600,9593850,23990060,625930,6801350,201912.0
80,A13528105,-750,164057400,0,0,0,27358800,5405530,67065360,1012360,16376510,201912.0
81,A13584101,2424330,27181330,0,0,0,14381480,7128570,20713690,0,6714060,201912.0
82,A13583507,700407920,0,0,0,82398050,0,199179759,0,62365160,0,201912.0
83,A13583403,83688020,0,0,0,0,10600480,5227550,17243160,1334140,5464970,201912.0
84,A13583404,104625500,0,0,0,-7844400,7844400,13521540,30592630,787230,9864560,201912.0
85,A13583402,2841770,58529520,0,0,-5406000,5406000,8425860,14731410,2167740,4861890,201912.0
86,A10027800,7790180,88715200,0,0,0,63956880,40877228,106178170,1587730,36072200,201912.0
87,A10025646,,,,,,,,,,,201912.0
88,A10026526,,,,,,,,,,,201912.0
89,A10024102,,,,,,,,,,,201912.0
90,A10024815,,,,,,,,,,,201912.0
91,A10026924,1656260,17159430,0,0,0,6667620,5084480,12824840,199330,4136090,201912.0
92,A10024799,,,,,,,,,,,201912.0
93,A10028094,,,,,,,,,,,201912.0
94,A10024029,,,,,,,,,,,201912.0
95,A10024814,,,,,,,,,,,201912.0
96,A10024805,,,,,,,,,,,201912.0
97,A13501004,0,0,354170,0,0,0,7083090,15426950,396370,8564970,201912.0
98,A13501001,7231250,0,0,0,0,0,10565390,29373330,1652310,3365740,201912.0
99,A13582002,-3028700,89907450,0,0,0,10926000,10258080,17985110,0,0,201912.0
100,A13501007,,,,,,,,,,,201912.0
101,A13501008,,,,,,,,,,,201912.0
102,A13583301,0,0,0,0,0,0,4313394,6605930,0,2455590,201912.0
103,A13501006,12698860,19664620,0,0,-10550610,10550610,6109620,21749750,915250,5554840,201912.0
104,A13501005,,,,,,,,,,,201912.0
105,A10024501,,,,,,,,,,,201912.0
106,A13590204,169864526,0,0,0,0,14877000,3971996,44948230,3719,0,201912.0
107,A13589802,5520498,744322062,0,0,-40026000,40026000,49314294,183730920,20331230,39977170,201912.0
108,A13511201,81316090,0,0,0,0,0,24352939,0,3000000,0,201912.0
109,A13551103,219831620,219831902,0,0,11038000,11038000,34501620,37166620,0,0,201912.0
110,A13590602,118150950,0,0,0,0,9520640,7992460,20825530,842720,0,201912.0
111,A13511001,0,57524768,0,0,0,8138880,4493710,15357790,0,0,201912.0
112,A13511004,-3140,386512440,0,0,0,31166750,28302946,97103870,2489085,0,201912.0
113,A13511101,102328160,0,0,0,0,12360000,7694280,29841310,0,13997450,201912.0
114,A13511003,0,134805951,0,0,0,26124250,10622420,33985780,0,0,201912.0
115,A13519002,0,0,268710,0,0,0,2142436,11912260,59540,6697760,201912.0
116,A13519006,11697010,44823490,0,0,2650,22127780,12156291,31081900,976700,17482980,201912.0
117,A13519007,36896490,34072820,0,0,-24341880,24237240,13752460,23926680,1039370,14438090,201912.0
118,A13519004,0,0,0,0,0,0,17526070,0,5023230,0,201912.0
119,A13519005,0,0,0,0,0,0,5484996,23256480,0,9812680,201912.0
120,A13519003,0,0,476200,0,0,0,3278730,10868520,142250,5974260,201912.0
121,A13519001,0,0,332220,0,0,0,2681650,10411590,0,6112190,201912.0
122,A10028172,26393450,26512400,0,0,-19351000,19273300,10176144,25239790,122180,13441320,201912.0
123,A13519008,3119750,32419870,0,0,0,16141680,8851748,19736740,0,9076350,201912.0
124,A13520003,5063270,52377320,0,0,0,39856680,18015285,56439410,0,18124520,201912.0
125,A13520004,2396500,27068290,0,0,0,11235180,6761441,13822900,371330,7087090,201912.0
126,A10027985,5943800,59413090,0,9120800,0,17552340,17640880,42788070,672050,19146760,201912.0
127,A13520002,0,0,0,0,0,0,19723800,54985850,213840,19770190,201912.0
128,A10023314,,,,,,,,,,,201912.0
129,A13520001,0,0,0,0,0,0,6081451,32618370,428220,15869830,201912.0
130,A10027909,0,0,8520,0,0,0,2602090,7238780,60320,2863190,201912.0
131,A10027912,0,0,178030,0,0,0,2950516,10692210,157610,5224760,201912.0
132,A13594702,3117210,58672050,0,0,-1490,17839340,5828490,0,0,0,201912.0
133,A13523005,4363980,68141371,0,0,0,23707520,13092807,25251360,0,12533000,201912.0
134,A13523004,17446430,63364660,0,0,0,15288000,1319200,30972540,1301030,7756330,201912.0
135,A13594701,7872415,46505760,0,0,0,17194100,6519627,18238700,647255,6472550,201912.0
136,A13593802,10324860,33360860,0,0,0,14906200,7505090,0,688410,0,201912.0
137,A13523003,8213510,40396460,0,0,0,12751830,798220,17225120,220,9458020,201912.0
138,A13594402,38385580,0,3090,0,0,6775200,5036070,11510760,651580,0,201912.0
139,A13593801,8799136,16087224,0,2349420,-6936000,9386720,4875970,19427150,0,0,201912.0
140,A13594203,30269185,58909665,0,0,-24142500,24142500,6291530,31332410,6389100,11333310,201912.0
141,A13594403,97176690,0,0,0,0,19712000,9501650,25076230,0,0,201912.0
142,A10027571,,,,,,,,,,,201912.0
143,A10025823,22917700,47473290,0,0,-17638420,16217680,18172770,40563780,-160,14506480,201912.0
144,A10024216,,,,,,,,,,,201912.0
145,A13522003,4888660,0,0,0,0,0,3663300,0,266050,0,201912.0
146,A13522008,0,75294300,0,0,0,20427000,0,0,0,0,201912.0
147,A13522004,3207320,49978550,0,4422960,0,23348500,10603501,19891860,280720,12515460,201912.0
148,A13588402,25091710,40256280,0,0,-15615020,15577080,7304943,23006300,2780790,0,201912.0
149,A13522007,11389450,52829310,0,0,0,24244740,6259220,0,773170,0,201912.0
150,A13522006,10153740,48317020,0,0,0,16944000,2652870,23868900,3359000,0,201912.0
151,A13552001,7054716,10858634,45690,0,0,20614500,0,554680,0,5000,201912.0
152,A13552002,0,0,0,0,0,0,4175127,35495930,1816410,11812000,201912.0
153,A13588601,3731930,24134550,0,0,0,11730600,4500880,10132330,460200,4013850,201912.0
154,A10025204,,,,,,,,,,,201912.0
155,A10027446,223300,35028610,0,0,0,24270190,5324610,31655230,781490,7272210,201912.0
156,A13550502,4195270,68629630,0,0,0,33222420,13345000,34919130,0,13805010,201912.0
157,A13527004,2355370,17967320,0,0,0,3447000,1233210,6241080,0,2857210,201912.0
158,A13585404,14997010,12492230,0,3038430,-12635560,12604550,8902980,22075020,0,7843080,201912.0
159,A13527002,4018440,11770670,0,0,-3015000,3015000,3322010,6227500,0,3209250,201912.0
160,A13527008,0,0,59650,0,0,0,2658127,12798780,21520,6022670,201912.0
161,A13527013,3434020,60035610,0,0,0,14093450,10501236,17631410,342440,5395880,201912.0
162,A13527203,17343110,270457170,0,0,0,122568600,67933315,142872240,-3835640,62886510,201912.0
163,A13585401,0,13716800,0,0,0,5166000,2335650,5539410,0,1635900,201912.0
164,A13586102,6216010,14919480,0,0,-4266600,4266600,1067200,8528630,-215140,4509820,201912.0
165,A13585804,1251070,89292100,0,0,5090250,33935000,23288240,35495070,1917170,0,201912.0
166,A13527007,2111410,27043020,0,0,0,11568900,8289294,16328040,171500,5032750,201912.0
167,A13527016,5038760,48033770,0,0,63000,9488500,10356722,15183090,2153690,7970870,201912.0
168,A13550403,8909380,43424510,0,0,-9540000,9540000,7491616,10643480,2767280,5547130,201912.0
169,A13586101,0,0,0,0,0,0,717360,0,0,0,201912.0
170,A13527010,-240,53511600,0,0,0,9984000,7023270,8616830,-150,7333550,201912.0
171,A13527019,3378370,33471180,0,0,0,12098000,10807766,18923270,317520,6824940,201912.0
172,A13527006,47242260,0,0,0,2380000,0,4813690,7199610,409310,4448800,201912.0
173,A10027319,,,,,,,,,,,201912.0
174,A13550404,,,,,,,,,,,201912.0
175,A10024793,,,,,,,,,,,201912.0
