,kaptCode,heatC,heatP,gasC,gasP,waterHotC,waterHotP,electC,electP,waterCoolC,waterCoolP,Date
0,A13508012,2304140,18702440,0,0,205120,12886420,7865040,19626090,185890,6500900,202002.0
1,A13579501,2543760,26536100,0,0,0,13792500,6660104,19196640,-724920,7216170,202002.0
2,A13592604,27255850,44459270,0,0,-19419850,19399200,9623510,25260730,0,13425140,202002.0
3,A13508009,3884890,41613580,0,0,0,15471000,13199000,21679720,251880,9043460,202002.0
4,A13508004,6798150,11800660,0,0,0,4175790,3919530,7128530,449820,3631810,202002.0
5,A13508003,0,0,0,0,0,0,2756550,0,1200340,0,202002.0
6,A13579506,1886840,21666060,0,0,0,2026300,4556625,17385310,0,4906060,202002.0
7,A13508006,6469490,23045350,0,0,0,12137300,6510939,22963910,0,5693600,202002.0
8,A13508011,2697760,29650370,0,0,710,17626700,11166800,30624310,-389960,8632400,202002.0
9,A13592601,9456030,28656420,0,0,0,17033240,6128354,24239600,438800,8788490,202002.0
10,A13592706,3665640,64709170,0,7518150,1270,36773270,11342830,33841700,-1400,21287410,202002.0
11,A13579505,2529400,32563200,0,0,0,10992470,7561081,25377600,0,10868190,202002.0
12,A13508005,0,0,0,0,0,0,1120510,3795250,0,2012250,202002.0
13,A13579503,0,0,0,0,0,0,2731500,8627430,0,5841110,202002.0
14,A13592605,3431540,45020660,0,5774400,0,27188540,8062960,32865050,0,14548990,202002.0
15,A13591402,0,0,0,0,0,0,3333499,10205340,500,3946390,202002.0
16,A10027474,2464160,19583660,0,0,1736410,13178760,8802080,21528230,221680,7431900,202002.0
17,A10023825,,,,,,,,,,,202002.0
18,A10024820,,,,,,,,,,,202002.0
19,A10024813,,,,,,,,,,,202002.0
20,A13599303,0,99438200,0,0,0,24145000,11963100,28008880,715140,0,202002.0
21,A13594007,2741410,33634460,0,2541360,0,18990000,4931230,0,-1733070,4994430,202002.0
22,A13580602,5377580,78256070,0,0,0,15902450,7280848,32485460,0,13452260,202002.0
23,A13524004,-1540,59812350,0,0,0,12171900,8628640,15342270,404730,6056060,202002.0
24,A13599402,0,97996500,0,0,0,15572500,5216990,29673860,0,13177450,202002.0
25,A13524005,3022370,53286190,0,0,0,10067200,9426510,18448660,3209480,0,202002.0
26,A13593908,4221650,33567650,0,0,0,30443000,2928920,0,0,0,202002.0
27,A13580001,1418380,21650760,0,0,0,7394100,4494425,8380950,-730,4420500,202002.0
28,A13524006,0,104008320,0,0,0,9147330,14408500,22330050,4951800,7403950,202002.0
29,A13593901,2093490,20504700,0,0,0,6456200,5889130,13726840,0,2635180,202002.0
30,A13524009,4930030,61038180,0,0,-4745700,45347800,10852670,27348730,5023790,7546710,202002.0
31,A13580002,-1940,21083580,0,0,0,9032400,2319536,7988000,189280,3388890,202002.0
32,A13599301,86084090,0,0,0,0,6270,8651010,203601,27620,0,202002.0
33,A10025203,0,62781770,0,0,0,34918630,37307010,58401340,1014031,17796189,202002.0
34,A10025675,18452761,85573110,0,0,0,54068070,48029744,89042970,939510,29256880,202002.0
35,A10023565,,,,,,,,,,,202002.0
36,A10024564,,,,,,,,,,,202002.0
37,A10023996,,,,,,,,,,,202002.0
38,A13510003,1411960,24061750,0,0,0,4660000,5433160,14419520,0,4541720,202002.0
39,A13510001,0,0,0,0,0,0,674570,6840090,0,2630000,202002.0
40,A13510201,864480,14270590,0,0,0,3866400,1414930,7039600,0,3431280,202002.0
41,A13510203,0,0,0,0,0,0,793710,10548000,0,3982960,202002.0
42,A13510102,1617790,25561100,0,0,0,7235200,4689840,12086700,150,5531150,202002.0
43,A13510006,0,0,0,0,0,0,4054160,16331280,0,0,202002.0
44,A13510103,3119430,37406460,0,0,0,8370000,4206600,14708800,0,6887320,202002.0
45,A13510202,24727330,0,80470,0,0,5988000,2308990,6674280,482660,2279430,202002.0
46,A13576201,0,0,0,0,0,0,1037120,11183810,18150,0,202002.0
47,A13510005,4864300,63581760,0,0,0,26108000,6362371,34600290,1110370,8055680,202002.0
48,A13510009,0,0,0,0,0,0,4542170,12425260,4240,3492470,202002.0
49,A13510007,12048140,34957300,0,0,0,19970400,18302427,25540940,-409750,7731650,202002.0
50,A10025280,,,,,,,,,,,202002.0
51,A10025755,,,,,,,,,,,202002.0
52,A10024640,,,,,,,,,,,202002.0
53,A13509001,0,0,428420,0,0,0,2564330,6626140,0,3266820,202002.0
54,A13570501,9715610,57264480,0,0,0,16140800,15341871,37819550,0,14814500,202002.0
55,A13550701,1774578,21936826,0,0,0,10643600,6324999,21236960,0,6852580,202002.0
56,A13509005,76080,22052010,0,0,6554600,6554600,5665885,15702460,100100,5555110,202002.0
57,A13509004,0,0,0,0,0,0,1303500,9827270,37290,4594090,202002.0
58,A13509010,5005300,54532800,0,0,0,25801400,13804803,48918970,49190,14731140,202002.0
59,A13509006,309940,0,0,0,0,0,3694425,8347510,0,5668870,202002.0
60,A13509003,0,0,0,0,0,0,1655945,9405730,680,7650300,202002.0
61,A13509012,51469920,0,0,0,49313600,0,59182730,0,20240810,0,202002.0
62,A13509007,1909920,27810360,0,0,0,6275600,4079920,13039420,502470,5803080,202002.0
63,A13570502,,,,,,,,,,,202002.0
64,A13509013,,,,,,,,,,,202002.0
65,A13509101,0,0,0,0,0,0,2221440,7742440,0,3297770,202002.0
66,A13509009,23820600,58818000,0,0,-19041400,19041400,22644320,54700160,1996070,9948190,202002.0
67,A13509014,,,,,,,,,,,202002.0
68,A10026350,3949140,18023750,0,0,0,11404800,9417870,21765800,873470,6216670,202002.0
69,A10026934,,,,,,,,,,,202002.0
70,A10024131,,,,,,,,,,,202002.0
71,A10023939,,,,,,,,,,,202002.0
72,A10024819,,,,,,,,,,,202002.0
73,A13528102,5403350,77606670,0,0,0,17569120,17141850,44997460,999960,15374060,202002.0
74,A13528103,15187140,78894490,0,0,0,30335400,24130237,68058430,367390,19455680,202002.0
75,A13528004,32358010,232847270,0,0,0,62550900,25317300,140710520,0,57175850,202002.0
76,A13583604,143959630,0,0,0,0,21147500,11864234,47800820,1006280,14061790,202002.0
77,A13583701,2887240,45057390,0,0,3131720,18471840,6006686,24158960,0,9180010,202002.0
78,A13528003,-1126660,65178260,0,0,0,49783800,11091223,39790440,95430,13444060,202002.0
79,A13528007,4291010,19038250,0,0,0,9180000,9694800,26651540,347770,6980880,202002.0
80,A13528105,-3400,138807000,0,0,0,31840200,3977360,64965840,0,16033470,202002.0
81,A13584101,2424330,22215550,0,0,0,14716760,7676917,20368810,0,6815050,202002.0
82,A13583507,-11390,618228660,0,0,0,93932790,48408367,143849300,1717260,50902770,202002.0
83,A13583403,72279080,0,0,0,0,11144640,5746680,16306530,753200,5324710,202002.0
84,A13583404,95142640,0,0,0,-8667000,8667000,12793479,28006500,830920,10079800,202002.0
85,A13583402,4173420,48209840,0,0,-5544000,5544000,5286250,14212450,2243410,5125170,202002.0
86,A10027800,8653460,77909300,0,0,0,65820000,35844670,103796660,2555680,35327200,202002.0
87,A10025646,,,,,,,,,,,202002.0
88,A10026526,,,,,,,,,,,202002.0
89,A10024102,,,,,,,,,,,202002.0
90,A10024815,,,,,,,,,,,202002.0
91,A10026924,1695830,14532990,0,0,0,7733090,5187120,15156440,199010,4623040,202002.0
92,A10024799,,,,,,,,,,,202002.0
93,A10028094,,,,,,,,,,,202002.0
94,A10024029,,,,,,,,,,,202002.0
95,A10024814,,,,,,,,,,,202002.0
96,A10024805,,,,,,,,,,,202002.0
97,A13501004,0,0,227780,0,0,0,7481170,17025580,366510,8954170,202002.0
98,A13501001,7712140,0,0,0,0,0,8366312,26967120,1077340,4205020,202002.0
99,A13582002,-2586290,77440550,0,0,0,12758400,9684130,16646160,126460,0,202002.0
100,A13501007,,,,,,,,,,,202002.0
101,A13501008,,,,,,,,,,,202002.0
102,A13583301,0,0,0,0,0,0,3030300,6267780,0,2729610,202002.0
103,A13501006,13002940,16750510,0,0,-10854940,10786430,5650350,20638650,882180,5275020,202002.0
104,A13501005,,,,,,,,,,,202002.0
105,A10024501,,,,,,,,,,,202002.0
106,A13590204,154055133,0,0,0,0,17895000,4811582,48409080,-396653,0,202002.0
107,A13589802,11123028,645663492,0,0,-45858000,45858000,50234029,177221890,19794760,41467930,202002.0
108,A13511201,73273390,0,0,0,0,0,25550484,0,2500000,0,202002.0
109,A13551103,0,203604218,0,0,0,11704000,8709760,41501830,0,0,202002.0
110,A13590602,105357810,0,0,0,0,11732480,9705820,19772320,943000,0,202002.0
111,A13511001,0,0,0,0,0,0,4112970,0,0,0,202002.0
112,A13511004,2910,350441110,0,0,0,47232450,26804639,91334750,395140,0,202002.0
113,A13511101,96476410,0,0,0,0,12525000,7917010,26488650,0,13144070,202002.0
114,A13511003,0,112856032,0,0,0,32648050,11620295,31909810,0,0,202002.0
115,A13519002,0,0,329260,0,0,0,2683180,13121660,0,7151770,202002.0
116,A13519006,11055550,38528690,0,0,-380,22536860,11681681,29522500,585800,17103350,202002.0
117,A13519007,42068190,22504160,0,0,-27488950,27423560,11569250,24728980,1218070,14113610,202002.0
118,A13519004,0,0,0,0,0,0,15252890,0,4800550,0,202002.0
119,A13519005,0,0,0,0,0,0,4865990,22153130,751280,10210940,202002.0
120,A13519003,0,0,573930,0,0,0,16115330,0,6305920,0,202002.0
121,A13519001,0,0,437140,0,0,0,3057980,11695780,0,6665680,202002.0
122,A10028172,29579430,19685480,0,0,-24007500,23922000,9196062,23969940,84680,12490140,202002.0
123,A13519008,-10197120,27766370,0,0,12625680,17791200,7585215,18084200,0,9005870,202002.0
124,A13520003,1930950,43466520,0,0,0,41461230,14680136,53914690,0,16496610,202002.0
125,A13520004,2396500,22421070,0,0,0,12102780,6982083,13868600,440830,7021520,202002.0
126,A10027985,5943800,50568200,0,8996530,0,18955070,15915530,40728660,2644660,18305230,202002.0
127,A13520002,0,0,0,0,0,0,26123220,58357860,255620,19071330,202002.0
128,A10023314,,,,,,,,,,,202002.0
129,A13520001,0,0,0,0,0,0,9353540,37240240,339460,17169020,202002.0
130,A10027909,0,0,22440,0,0,0,3140450,8140950,68480,2779700,202002.0
131,A10027912,0,0,147740,0,0,0,3099448,11972010,153780,5350300,202002.0
132,A13594702,3128570,51136940,0,0,-20,19767860,5992220,0,0,0,202002.0
133,A13523005,4363980,56771770,0,0,0,23484480,10037607,23227650,0,12083000,202002.0
134,A13523004,16174660,55572500,0,0,0,15861000,764520,28363790,1409660,7619560,202002.0
135,A13594701,6801909,41276280,0,0,0,17551800,8330463,19163980,625101,6251010,202002.0
136,A13593802,8959170,31639560,0,0,0,14398120,8296510,0,688602,0,202002.0
137,A13523003,7616310,34778340,0,0,0,13022100,1232860,18549820,-280,9256490,202002.0
138,A13594402,35139060,0,2310,0,0,5997600,5154840,11293560,843970,0,202002.0
139,A13593801,9345904,14176836,0,2391520,-7551000,10219020,4702900,21688870,0,0,202002.0
140,A13594203,31630479,51759761,0,0,-26406900,26406900,5236040,30984420,6916410,10578340,202002.0
141,A13594403,81751850,0,0,0,0,19556000,6471380,26417680,154140,0,202002.0
142,A10027571,,,,,,,,,,,202002.0
143,A10025823,25802650,37856240,0,0,-20524720,19275320,19229420,45257960,1320,15408610,202002.0
144,A10024216,,,,,,,,,,,202002.0
145,A13522003,4624270,32176110,0,0,0,9702000,3056850,0,666200,0,202002.0
146,A13522008,0,49767000,0,0,0,39540000,3251440,0,0,0,202002.0
147,A13522004,3207320,42362720,0,4411640,0,23392600,10806029,21536600,124540,12097970,202002.0
148,A13588402,26121600,31731480,0,0,-18070560,18017160,2173489,23505630,3192690,0,202002.0
149,A13522007,10684830,42292310,0,0,0,32622560,6379020,0,901090,0,202002.0
150,A13522006,9570320,41856680,0,0,0,18376000,3442097,25103120,3164700,0,202002.0
151,A13552001,6538846,26155384,78670,0,0,20412340,3270120,558070,273030,5000,202002.0
152,A13552002,0,0,0,0,0,0,8332733,40935620,941830,12762220,202002.0
153,A13588601,3266250,21082360,0,0,0,11633700,4831870,11719710,561710,3926400,202002.0
154,A10025204,,,,,,,,,,,202002.0
155,A10027446,1915010,28350000,0,0,0,24575850,5945530,29865680,664510,7425500,202002.0
156,A13550502,4195270,61246380,0,0,0,30332570,14198700,33093900,0,14065220,202002.0
157,A13527004,2197100,14815850,0,0,0,4194000,1065950,6030670,15630,3163460,202002.0
158,A13585404,20192820,25001920,0,3131470,-17831370,17784450,8266780,21187410,0,8283370,202002.0
159,A13527002,4541790,10242910,0,0,-3547500,3547500,3006001,5914570,0,3565720,202002.0
160,A13527008,0,0,236340,0,0,0,2990793,13879410,21670,6126770,202002.0
161,A13527013,3434020,50098940,0,0,0,15607970,9413393,16654930,198610,5253390,202002.0
162,A13527203,17342370,230142100,0,0,0,127899800,64721971,138061140,-5944920,63127250,202002.0
163,A13585401,0,12136000,0,0,0,5182800,2197733,6400610,0,1641220,202002.0
164,A13586102,9824030,9657130,0,0,-3642600,3642600,285900,8755870,-506330,4170260,202002.0
165,A13585804,872320,76776750,0,0,5469000,36460000,19409560,36788650,1844280,0,202002.0
166,A13527007,2111410,23157360,0,0,0,12279400,8531488,18818390,195030,5844100,202002.0
167,A13527016,4860440,41099040,0,0,49000,10892000,6263068,17979060,432110,8020660,202002.0
168,A13550403,48510580,0,0,0,0,0,17696051,0,8631310,0,202002.0
169,A13586101,0,0,0,0,0,0,789010,0,0,0,202002.0
170,A13527010,-550,45159600,0,0,0,9884000,4813697,10134540,140,6898600,202002.0
171,A13527019,3181710,28282670,0,0,0,13118400,9893542,18396150,35860,7132940,202002.0
172,A13527006,41234780,0,0,0,2665600,0,3533410,9662820,323350,4695550,202002.0
173,A10027319,3493790,5849050,0,0,-2863650,2863650,3670340,6192130,0,2132500,202002.0
174,A13550404,,,,,,,,,,,202002.0
175,A10024793,,,,,,,,,,,202002.0
