,kaptCode,heatC,heatP,gasC,gasP,waterHotC,waterHotP,electC,electP,waterCoolC,waterCoolP,Date
0,A13508012,15249370,23362510,0,0,-13094420,13068300,7321980,21415670,58010,7291500,202012.0
1,A13579501,2557390,37169700,0,0,0,10890880,6865731,24802640,-718310,7681050,202012.0
2,A13592604,28799810,54096370,0,0,-20183900,20178000,8307007,27437700,0,14254420,202012.0
3,A13508009,3349320,46450310,0,0,0,17401500,13047750,26409350,194340,9212880,202012.0
4,A13508004,7506370,13342560,0,0,0,4215030,3128910,8393090,156140,3762980,202012.0
5,A13508003,0,0,0,0,0,0,3614420,0,1394170,0,202012.0
6,A13579506,1886840,25901640,1910,0,0,1479310,5291406,20115300,0,4906070,202012.0
7,A13508006,5766740,31931480,0,0,0,12362700,5224279,22707680,0,5648590,202012.0
8,A13508011,2697760,37445260,0,0,-1110,17412850,10334784,32741030,-512330,9304670,202012.0
9,A13592601,4607000,36852730,0,0,0,14640000,5250922,24777470,0,8902330,202012.0
10,A13592706,3665640,77553460,0,6939590,-3400,39529930,10791566,37599070,-1480,21513890,202012.0
11,A13579505,2529400,41456800,0,0,0,9065680,8262748,31144810,0,12139490,202012.0
12,A13508005,0,0,0,0,0,0,1127780,3335870,177770,2064720,202012.0
13,A13579503,0,0,0,0,0,0,2257420,8922750,0,6118790,202012.0
14,A13592605,3431540,56759680,0,5405670,0,27837770,12544280,41134130,0,14800620,202012.0
15,A13591402,0,0,0,0,0,0,3222570,13038930,-530,4109900,202012.0
16,A10027474,2464160,27652840,0,0,1965070,9462180,9258037,27285920,57450,7469560,202012.0
17,A10023825,,,,,,,,,,,202012.0
18,A10024820,,,,,,,,,,,202012.0
19,A10024813,,,,,,,,,,,202012.0
20,A13599303,61129610,82712500,0,0,-32500,13625000,12705202,27668530,5842980,0,202012.0
21,A13594007,2740440,41125630,0,2375560,0,15404400,4803130,0,386290,5033530,202012.0
22,A13580602,5377580,96252080,0,0,0,18207250,8516636,32479340,0,15432790,202012.0
23,A13524004,110,67501500,0,0,0,12511200,8405900,17234720,395900,6038150,202012.0
24,A13599402,0,66523500,0,0,0,12592500,6070470,28538700,0,11907720,202012.0
25,A13524005,2652650,67960360,0,0,0,9881600,8297170,20002660,2165280,0,202012.0
26,A13593908,4626090,51144340,0,0,0,18382000,2584260,0,0,0,202012.0
27,A13580001,1417310,29103620,0,0,0,6021600,3973007,8449220,-3580,4545040,202012.0
28,A13524006,60,127701960,0,0,0,8572220,18323238,25864990,4632720,7554420,202012.0
29,A13593901,2516560,24164580,0,0,0,8294300,6418050,16597010,87830,2843440,202012.0
30,A13524009,6085890,87986170,0,0,-3206280,34353000,9632470,28638650,3487560,9467290,202012.0
31,A13580002,26635517,0,0,0,0,7845770,2402964,9974790,85180,3297780,202012.0
32,A13599301,97339120,0,0,0,0,13032000,9353060,27153940,27620,0,202012.0
33,A10025203,6302461,77617720,0,0,-74191,29559540,36083282,65556320,1330790,21994240,202012.0
34,A10025675,12383710,114081700,0,0,0,64479080,43585849,113412086,108870,34062450,202012.0
35,A10023565,,,,,,,,,,,202012.0
36,A10024564,43631140,109641520,0,0,0,47433260,55395570,85327370,0,30094120,202012.0
37,A10023996,,,,,,,,,,,202012.0
38,A13510003,1412070,31015180,0,0,0,4610000,3957190,15375320,0,4867900,202012.0
39,A13510001,0,0,0,0,0,0,757550,7188800,0,2885860,202012.0
40,A13510201,857140,17104440,0,0,0,4168800,985690,7293290,0,3300380,202012.0
41,A13510203,0,0,0,0,0,0,754080,9890300,0,4318870,202012.0
42,A13510102,1617670,31227970,0,0,0,7820000,5614590,15097830,0,5919490,202012.0
43,A13510006,0,0,0,0,0,0,3250075,17394270,0,0,202012.0
44,A13510103,2361580,45417030,0,0,0,9042000,5046300,18517300,0,6799380,202012.0
45,A13510202,29560540,0,36960,0,0,5784000,3152540,7863600,382430,2754570,202012.0
46,A13576201,0,0,0,0,0,0,711580,11020260,20190,0,202012.0
47,A13510005,4863600,79357860,0,0,0,25246650,6216684,44164790,1830080,8310500,202012.0
48,A13510009,0,0,0,0,0,0,4395570,15123170,3520,3322580,202012.0
49,A13510007,13207590,45451020,0,0,0,19764000,17533623,26171490,-1584290,8915430,202012.0
50,A10025280,,,,,,,,,,,202012.0
51,A10025755,,,,,,,,,,,202012.0
52,A10024640,,,,,,,,,,,202012.0
53,A13509001,0,0,256700,0,0,0,2233960,7423360,0,3361250,202012.0
54,A13570501,9257170,70695000,0,0,0,17265000,15987252,47928210,40,15311470,202012.0
55,A13550701,1774578,29782182,0,0,0,14193300,6686233,22153390,0,6501750,202012.0
56,A13509005,89400,27059750,0,0,7053300,7053300,4957396,19019140,58040,5826830,202012.0
57,A13509004,0,0,0,0,0,0,770820,10996700,84320,4381280,202012.0
58,A13509010,5112830,65142280,0,0,0,33295000,16388533,54544360,25940,15584570,202012.0
59,A13509006,142570,0,0,0,0,0,2963283,11436330,0,5560660,202012.0
60,A13509003,0,0,0,0,0,0,1346418,10180852,-120,8822900,202012.0
61,A13509012,6036230,0,7134360,0,50666000,0,76710830,0,18219450,0,202012.0
62,A13509007,1517440,37392590,0,0,0,4077000,4136240,13833380,185580,6086200,202012.0
63,A13570502,,,,,,,,,,,202012.0
64,A13509013,,,,,,,,,,,202012.0
65,A13509101,0,0,0,0,0,0,2524830,8196870,0,3454470,202012.0
66,A13509009,27645810,72028110,0,0,-23517850,23517850,22084620,70088850,0,12232700,202012.0
67,A13509014,,,,,,,,,,,202012.0
68,A10026350,3969980,20834100,0,0,0,12560300,8382910,25789150,266700,6514600,202012.0
69,A10026934,0,0,27330,0,0,0,3766298,10427170,0,2185680,202012.0
70,A10024131,,,,,,,,,,,202012.0
71,A10023939,,,,,,,,,,,202012.0
72,A10024819,,,,,,,,,,,202012.0
73,A13528102,5403350,98008670,0,0,0,12695940,12931330,56003230,447360,17622580,202012.0
74,A13528103,14638100,105902890,0,0,0,28630400,23352396,84218810,106820,21030330,202012.0
75,A13528004,35811410,300897060,0,0,0,60218100,25329730,153569820,0,57912250,202012.0
76,A13583604,156620360,0,0,0,0,22822500,17235724,60004830,784660,15857350,202012.0
77,A13583701,2887240,39889390,0,0,4809000,35682780,7991931,25612310,0,9104560,202012.0
78,A13528003,6490950,73562970,0,0,0,50752800,19085807,50731260,2544810,14691210,202012.0
79,A13528007,4486280,25374580,0,0,0,7798050,10019690,29478390,22880,7530560,202012.0
80,A13528105,460,135841500,0,0,0,36947400,5316930,85386970,0,17009640,202012.0
81,A13584101,2424330,26734840,0,0,0,16809720,7497028,24878630,0,6292170,202012.0
82,A13583507,3470,751530640,0,0,0,99387610,40021614,174292740,4975920,59474090,202012.0
83,A13583403,88327200,0,0,0,0,11214560,8155650,20669410,866070,6070180,202012.0
84,A13583404,0,0,0,0,0,9937800,8386090,37346120,614680,9926040,202012.0
85,A13583402,9501710,57516480,0,0,-11572000,11572000,10605960,16857850,3414320,5617140,202012.0
86,A10027800,7580460,87648780,0,0,0,66162800,30338827,130417410,251580,40079300,202012.0
87,A10025646,,,,,,,,,,,202012.0
88,A10026526,,,,,,,,,,,202012.0
89,A10024102,,,,,,,,,,,202012.0
90,A10024815,,,,,,,,,,,202012.0
91,A10026924,1459230,18973340,0,0,0,7277480,5808180,16504560,539590,4809280,202012.0
92,A10024799,,,,,,,,,,,202012.0
93,A10028094,,,,,,,,,,,202012.0
94,A10024029,,,,,,,,,,,202012.0
95,A10024814,,,,,,,,,,,202012.0
96,A10024805,0,0,0,0,0,0,6775880,0,0,0,202012.0
97,A13501004,0,0,0,0,0,0,7288123,17568940,355370,9324660,202012.0
98,A13501001,3286500,0,0,0,0,0,8797863,34392790,2284580,3205450,202012.0
99,A13582002,-4221800,94789780,0,0,0,14868000,14433890,20766970,1071680,0,202012.0
100,A13501007,,,,,,,,,,,202012.0
101,A13501008,,,,,,,,,,,202012.0
102,A13583301,0,0,0,0,0,0,4302379,7834670,0,2855040,202012.0
103,A13501006,12889500,21349330,0,0,-10742150,10683360,3456886,24807650,205460,5906170,202012.0
104,A13501005,,,,,,,,,,,202012.0
105,A10024501,,,,,,,,,,,202012.0
106,A13590204,179284364,0,0,0,0,17025000,8116530,49198310,-147719,0,202012.0
107,A13589802,10949488,805326322,0,0,-44322000,44322000,17760559,217550310,28998200,41972860,202012.0
108,A13511201,86388830,0,0,0,0,0,27430340,0,3500000,0,202012.0
109,A13551103,0,232309042,0,0,0,11598000,8497175,42920790,0,0,202012.0
110,A13590602,125605730,0,0,0,0,11426640,10427300,25018120,769120,0,202012.0
111,A13511001,0,53035948,0,0,0,10955520,4413169,20190110,0,0,202012.0
112,A13511004,0,365686070,0,0,0,41034500,34442019,113501500,175190,0,202012.0
113,A13511101,116995340,0,0,0,0,13176000,7344640,32434070,0,14066900,202012.0
114,A13511003,0,139541528,0,0,0,26676200,16464205,41403260,0,0,202012.0
115,A13519002,0,0,125580,0,0,0,1962034,13066440,0,7054500,202012.0
116,A13519006,12142570,48003910,0,0,-2170,24377500,15247208,36171800,51580,17716820,202012.0
117,A13519007,43090990,31477210,0,0,-29586540,29498340,11725920,30609180,0,15191630,202012.0
118,A13519004,0,0,-377580,368360,0,0,2579040,15440330,-940,4960230,202012.0
119,A13519005,0,0,0,0,0,0,8851245,27797430,51350,10212860,202012.0
120,A13519003,0,0,391870,0,0,0,2672330,11371710,103940,6105910,202012.0
121,A13519001,0,0,215470,0,0,0,2423190,10618340,0,6322190,202012.0
122,A10028172,4027050,27989370,0,0,0,24478010,14312514,29921460,95300,13080650,202012.0
123,A13519008,3401035,33202510,0,0,0,19537265,10306113,20278210,0,8342910,202012.0
124,A13520003,0,56783490,0,0,0,54248110,17710251,63785310,0,19100100,202012.0
125,A13520004,2396500,28326410,0,0,0,12243210,10094335,16249900,320700,7781220,202012.0
126,A10027985,0,27510790,0,8152570,0,55359770,9993660,54988190,391160,19573650,202012.0
127,A13520002,0,0,0,0,0,0,20436980,63940630,808160,20754400,202012.0
128,A10023314,,,,,,,,,,,202012.0
129,A13520001,0,0,0,0,0,0,5205767,35859510,317710,16987670,202012.0
130,A10027909,0,0,17280,0,0,0,2468260,8089040,500,2942600,202012.0
131,A10027912,0,0,138050,0,0,0,2546492,11461640,35300,5026170,202012.0
132,A13594702,3355880,62025440,0,0,-280,19455260,5873650,0,0,0,202012.0
133,A13523005,4363980,72668077,0,0,0,24806400,17623338,26137250,0,13065200,202012.0
134,A13523004,18324100,66191460,0,0,0,18261000,2534350,36969340,314580,8864470,202012.0
135,A13594701,7679743,47771520,0,0,0,20065500,8489718,20174390,788027,7880270,202012.0
136,A13593802,23312786,38110210,0,0,0,0,5770020,0,770864,0,202012.0
137,A13523003,8525920,42130590,0,0,0,13955760,407140,20141260,-260,10114750,202012.0
138,A13594402,39348990,0,1820,0,0,7495200,5116990,13755950,770620,0,202012.0
139,A13593801,10228204,13393476,0,2330750,-8428500,11406570,4430440,21488880,0,0,202012.0
140,A13594203,30886795,63424025,0,0,-25533700,25533700,4252740,38782290,7426980,11721580,202012.0
141,A13594403,99614230,0,0,0,0,22172000,10088150,28338750,0,0,202012.0
142,A10027571,605290,13962840,0,0,0,4153400,1404400,5182100,386480,0,202012.0
143,A10025823,36811080,39953720,0,0,-31710460,31210720,18438336,47172050,0,14951970,202012.0
144,A10024216,,,,,,,,,,,202012.0
145,A13522003,5387670,36519740,0,0,0,13002500,3677930,0,18875,0,202012.0
146,A13522008,0,85229880,0,0,0,23781000,2118690,0,0,0,202012.0
147,A13522004,3207320,50462240,0,4171830,0,25017600,10716325,23478410,50380,13215710,202012.0
148,A13588402,27803320,42513240,0,0,-18167800,18135880,6209180,27358030,2512720,0,202012.0
149,A13522007,11818400,55258620,0,0,0,24795710,6510110,0,951370,0,202012.0
150,A13522006,10458550,49681090,0,0,0,18544000,4418300,23892220,3681480,0,202012.0
151,A13552001,7801510,31206040,66640,0,0,3175390,1535170,498970,189155,5000,202012.0
152,A13552002,0,0,0,0,0,0,2461051,40386190,531490,12841600,202012.0
153,A13588601,2866610,26672900,0,0,0,12158100,4896890,11969190,1203000,3975020,202012.0
154,A10025204,,,,,,,,,,,202012.0
155,A10027446,140780,32569930,0,0,0,31563870,13459550,29552180,62870,7472630,202012.0
156,A13550502,4195270,74993450,-1416210,1400680,0,33741040,15737220,39788530,0,14606430,202012.0
157,A13527004,19867060,19867060,0,0,3648000,3648000,7593900,7381580,2875550,2875550,202012.0
158,A13585404,19184120,27515250,0,3078320,-16822670,16799430,9100820,26419040,0,8838060,202012.0
159,A13527002,4036910,13169090,0,0,-3025000,3025000,1772345,7160530,0,3354540,202012.0
160,A13527008,0,0,28970,0,0,0,2270463,15627470,25150,5952300,202012.0
161,A13527013,3434020,64434650,0,0,0,16048580,10345597,20889550,419080,5502950,202012.0
162,A13527203,17343650,280748750,0,0,0,140434000,76311752,177355300,-6857990,72893930,202012.0
163,A13585401,0,0,0,0,0,0,1757328,0,0,0,202012.0
164,A13586102,5836220,17274820,0,0,-3640800,3640800,786510,9408760,-170,4564490,202012.0
165,A13585804,6341320,98347100,0,0,0,36427500,28590380,43651230,2669220,0,202012.0
166,A13527007,2111410,28334320,0,0,0,13176100,7986759,20585110,186420,5366370,202012.0
167,A13527016,5052730,51755640,0,0,28000,9327500,10291784,17236330,1060960,8312320,202012.0
168,A13550403,11722920,44814100,0,0,-13230000,13230000,7177779,13166890,3643960,4982830,202012.0
169,A13586101,0,0,0,0,0,0,688298,0,0,0,202012.0
170,A13527010,-1240,55169400,0,0,0,10440000,3990573,14070200,-90,7768170,202012.0
171,A13527019,3082000,36496420,0,0,0,12439900,13259140,22582480,362660,7345660,202012.0
172,A13527006,44041000,0,0,0,2601000,0,4319920,9428910,614430,4599290,202012.0
173,A10027319,9910450,0,0,0,0,0,10051400,0,2181730,0,202012.0
174,A13550404,,,,,,,,,,,202012.0
175,A10024793,0,0,0,0,0,0,1909730,0,0,0,202012.0
