,kaptCode,heatC,heatP,gasC,gasP,waterHotC,waterHotP,electC,electP,waterCoolC,waterCoolP,Date
0,A13508012,2154950,0,0,0,100870,5230610,5537350,23899700,179950,7268300,202007.0
1,A13579501,2385600,0,0,0,0,4402000,5595958,23770580,-62700,7726780,202007.0
2,A13592604,12339200,52790,0,5270930,-8656960,8642400,6417234,29542720,0,15474290,202007.0
3,A13508009,3445760,0,0,0,0,8606010,10274290,29502680,226820,10376370,202007.0
4,A13508004,0,0,0,0,0,2674860,2386700,8488880,0,3827460,202007.0
5,A13508003,0,0,0,0,0,0,6503780,0,1802800,0,202007.0
6,A13579506,1886840,0,0,0,0,2791190,4664143,23980820,0,5619170,202007.0
7,A13508006,2854620,0,0,0,0,5196330,3506468,28643490,0,6543670,202007.0
8,A13508011,2697760,18890,0,0,-150,5684880,9877530,35593170,-667170,9735400,202007.0
9,A13592601,2597840,0,0,0,0,6429900,1990792,30023280,0,8943020,202007.0
10,A13592706,3665640,0,0,0,-100,17620740,7491984,34944340,-210,21616810,202007.0
11,A13579505,2529400,0,0,0,0,5570140,8510692,32750650,0,12015970,202007.0
12,A13508005,0,0,0,0,0,0,700500,4320550,353930,2096250,202007.0
13,A13579503,0,0,0,0,0,0,1950560,11592010,0,0,202007.0
14,A13592605,3431540,0,0,0,0,7921840,5102200,38057590,0,15270210,202007.0
15,A13591402,0,0,0,0,0,0,2510630,10786220,320,4269940,202007.0
16,A10027474,2464160,0,0,0,234690,4342800,8752956,29595370,104860,7500170,202007.0
17,A10023825,,,,,,,,,,,202007.0
18,A10024820,,,,,,,,,,,202007.0
19,A10024813,,,,,,,,,,,202007.0
20,A13599303,7804610,0,0,0,10000,11070000,2062965,31043020,2518080,0,202007.0
21,A13594007,2280550,0,0,2362410,0,7994700,3349560,0,448400,5689380,202007.0
22,A13580602,5377580,0,0,0,0,9565240,4238470,28686940,0,16087320,202007.0
23,A13524004,0,3062550,0,0,0,6762600,2542330,15873930,378860,7669690,202007.0
24,A13599402,0,8568400,0,6841350,0,10952500,874550,35832450,0,14287170,202007.0
25,A13524005,3039360,0,0,0,-1220,6406730,3355970,18124500,1584960,0,202007.0
26,A13593908,559220,781630,0,0,0,7876000,1590780,0,3394400,0,202007.0
27,A13580001,1418150,0,0,0,0,2976960,1304025,7526740,-750,4520800,202007.0
28,A13524006,0,7027440,0,0,0,5083920,6393720,23565200,3120310,9357580,202007.0
29,A13593901,1879480,0,0,0,0,2967000,4786210,15983340,85370,2756020,202007.0
30,A13524009,4272380,0,0,0,-2043600,13283400,5045860,31987960,2326860,11730710,202007.0
31,A13580002,1197670,0,0,0,0,3980380,1276658,8214390,66920,4218610,202007.0
32,A13599301,9545690,0,0,0,0,7764000,5324060,25856490,27620,0,202007.0
33,A10025203,6302461,0,0,7169100,-13271,12219620,36691276,65736660,1952210,20212380,202007.0
34,A10025675,11041120,0,0,0,0,25610920,56130051,110504110,8897060,31639560,202007.0
35,A10023565,,,,,,,,,,,202007.0
36,A10024564,,,,,,,,,,,202007.0
37,A10023996,,,,,,,,,,,202007.0
38,A13510003,1411890,0,0,0,0,3100000,3983401,17440679,-380,4673780,202007.0
39,A13510001,0,0,0,0,0,0,893930,6913600,-71710,3026740,202007.0
40,A13510201,865650,0,0,0,0,2446880,523070,8493110,0,3071130,202007.0
41,A13510203,0,0,0,0,0,0,748950,12143500,0,4541040,202007.0
42,A13510102,1617660,0,0,0,140,3271800,2437150,12861850,330,5589890,202007.0
43,A13510006,0,0,0,0,0,0,3403362,21570950,-34260,12672500,202007.0
44,A13510103,2116770,0,0,0,0,4930200,2891870,16047400,52030,7374680,202007.0
45,A13510202,592220,0,11580,0,0,3776000,1761710,7414300,459980,3297480,202007.0
46,A13576201,0,0,0,0,0,0,-224820,12452230,0,0,202007.0
47,A13510005,4863600,0,0,0,0,10328640,6734131,35198660,163720,10330520,202007.0
48,A13510009,0,0,0,0,0,0,4749810,20840540,1770,3139510,202007.0
49,A13510007,3671220,0,0,0,0,7451840,15366890,50689370,121320,8618080,202007.0
50,A10025280,,,,,,,,,,,202007.0
51,A10025755,,,,,,,,,,,202007.0
52,A10024640,,,,,,,,,,,202007.0
53,A13509001,0,0,19220,0,0,0,1717500,6783080,0,3468040,202007.0
54,A13570501,4988360,0,0,0,0,9864700,14539991,49681850,0,15911850,202007.0
55,A13550701,1774578,0,0,0,0,4755292,6169670,23983590,0,7074210,202007.0
56,A13509005,34120,105170,0,0,2585120,2585120,5695309,19085410,105280,6085740,202007.0
57,A13509004,0,0,0,0,0,0,116820,11435210,49890,4631150,202007.0
58,A13509010,5152520,0,0,0,0,11625000,14934024,54462490,130910,16108590,202007.0
59,A13509006,15500,0,0,0,0,0,2537012,10349690,0,6436340,202007.0
60,A13509003,0,0,0,0,0,0,1215955,8629593,0,0,202007.0
61,A13509012,6036230,0,0,0,8837950,0,71423170,0,21835090,0,202007.0
62,A13509007,1514470,0,0,0,0,3028340,3152780,13578690,183820,6499480,202007.0
63,A13570502,,,,,,,,,,,202007.0
64,A13509013,,,,,,,,,,,202007.0
65,A13509101,0,0,0,0,0,0,235270,7513500,0,3731260,202007.0
66,A13509009,13144660,2475600,0,0,-8812800,8812800,24407300,87910220,3796350,11930220,202007.0
67,A13509014,,,,,,,,,,,202007.0
68,A10026350,2403820,0,0,0,0,4086900,7790330,29884440,1910,6366600,202007.0
69,A10026934,0,0,0,0,0,0,2294845,12445130,0,3115860,202007.0
70,A10024131,,,,,,,,,,,202007.0
71,A10023939,,,,,,,,,,,202007.0
72,A10024819,,,,,,,,,,,202007.0
73,A13528102,5403350,0,0,0,0,11287760,16529350,57401380,519540,17269820,202007.0
74,A13528103,6929645,49700,0,0,0,13002150,18661839,102805950,1644090,21427760,202007.0
75,A13528004,17366990,0,0,15668710,0,39449700,23292700,140028020,0,59446220,202007.0
76,A13583604,-3557100,0,0,0,0,11790000,13798429,42315410,535080,18733580,202007.0
77,A13583701,2887240,0,0,3903360,2051370,7610880,9387865,26676560,0,11699320,202007.0
78,A13528003,2174850,0,0,5509830,0,18595500,1472870,46614360,-2141320,18272810,202007.0
79,A13528007,2978890,0,0,0,0,3833500,9020400,36752900,567570,7744350,202007.0
80,A13528105,0,0,0,0,0,13748000,1853070,69374810,177670,21185180,202007.0
81,A13584101,2424330,167240,0,0,0,4746150,6917618,25684000,0,7369720,202007.0
82,A13583507,-15650,17635660,0,0,0,61960570,13923328,164986910,-2341190,70043780,202007.0
83,A13583403,2317940,0,0,0,0,7469280,3274030,19634670,1170960,7395410,202007.0
84,A13583404,11551230,0,0,0,-5805000,5805000,9731951,27681640,524850,10431940,202007.0
85,A13583402,5824140,1366400,0,0,-6196000,6196000,3513090,14274580,1554280,6712460,202007.0
86,A10027800,7798438,0,0,0,0,23044250,42861712,133310040,1621214,38003790,202007.0
87,A10025646,,,,,,,,,,,202007.0
88,A10026526,,,,,,,,,,,202007.0
89,A10024102,,,,,,,,,,,202007.0
90,A10024815,,,,,,,,,,,202007.0
91,A10026924,1459530,0,0,0,0,3052770,6688610,21037970,323870,5025000,202007.0
92,A10024799,,,,,,,,,,,202007.0
93,A10028094,,,,,,,,,,,202007.0
94,A10024029,,,,,,,,,,,202007.0
95,A10024814,,,,,,,,,,,202007.0
96,A10024805,0,0,0,0,0,0,6388640,0,0,0,202007.0
97,A13501004,0,0,69450,0,0,0,5533370,18669920,-5290,10044680,202007.0
98,A13501001,942050,0,0,0,0,0,11476821,47733320,858710,4197090,202007.0
99,A13582002,-522100,3239990,0,0,0,8272800,6143370,19779200,993880,0,202007.0
100,A13501007,,,,,,,,,,,202007.0
101,A13501008,,,,,,,,,,,202007.0
102,A13583301,0,0,0,0,0,0,3122110,7561480,0,2850510,202007.0
103,A13501006,6029790,0,0,0,-3882290,3858070,2900596,26125270,-473570,5899540,202007.0
104,A13501005,,,,,,,,,,,202007.0
105,A10024501,,,,,,,,,,,202007.0
106,A13590204,9614524,0,0,0,0,11640000,-4485279,52201050,1686236,0,202007.0
107,A13589802,16570466,48150064,0,0,-33358000,33358000,14286580,238633580,16840520,50545190,202007.0
108,A13511201,9656170,0,0,0,0,0,24757684,0,3500000,0,202007.0
109,A13551103,0,21265611,0,0,0,9736000,444140,44871900,0,0,202007.0
110,A13590602,12594330,0,0,0,0,7157760,4401920,25102240,2665290,0,202007.0
111,A13511001,2189700,2168292,0,0,0,6678720,4862947,20781070,1334800,0,202007.0
112,A13511004,1750,13427150,0,0,0,0,30181744,146262060,6541480,0,202007.0
113,A13511101,4594020,0,0,0,0,8541000,1192000,32650140,0,14425780,202007.0
114,A13511003,0,0,0,0,0,19119050,5216325,41289940,10539890,0,202007.0
115,A13519002,0,0,18310,0,0,0,1256690,13333680,0,6986010,202007.0
116,A13519006,5467186,4470,0,0,-2816,9670180,6479425,33587400,59610,18453150,202007.0
117,A13519007,13053520,0,0,0,-8746230,8682440,9509970,26396110,155590,15291810,202007.0
118,A13519004,0,0,0,0,0,0,13377420,0,5424850,0,202007.0
119,A13519005,0,0,0,0,0,0,3016235,25462740,191980,11327340,202007.0
120,A13519003,0,0,24750,0,0,0,940790,11808600,70330,6740540,202007.0
121,A13519001,0,0,41560,0,0,0,606330,10976080,0,6750480,202007.0
122,A10028172,3748180,0,0,0,0,8488630,6453802,27919010,0,13170990,202007.0
123,A13519008,0,57280,0,0,0,7428652,4073455,17782010,0,9125280,202007.0
124,A13520003,84620,6966220,0,0,0,11244360,18914119,62147810,0,19607900,202007.0
125,A13520004,2396500,0,0,0,0,5732210,4588862,13192900,342980,7788820,202007.0
126,A10027985,0,238090,0,0,0,13434780,12100640,44079230,833100,19922180,202007.0
127,A13520002,0,0,0,0,0,0,21290260,62171920,594970,21469130,202007.0
128,A10023314,,,,,,,,,,,202007.0
129,A13520001,0,0,0,0,0,0,1985495,40263870,33740,17967190,202007.0
130,A10027909,0,0,13890,0,0,0,2661110,8090450,0,3072030,202007.0
131,A10027912,0,0,12200,0,0,0,421019,12229780,191750,5017870,202007.0
132,A13594702,3355970,0,0,0,-330,11171400,2458570,0,0,0,202007.0
133,A13523005,4363980,0,0,0,0,7789400,6782180,23370600,0,13629022,202007.0
134,A13523004,6381720,0,0,0,0,8491200,849990,31341150,13510,10010120,202007.0
135,A13594701,2414061,437610,0,0,0,7151400,2357378,18447080,897749,8977490,202007.0
136,A13593802,3558770,0,0,0,0,0,7325490,0,5000000,0,202007.0
137,A13523003,2901260,76500,0,0,0,5107500,185780,18020400,-800,10514010,202007.0
138,A13594402,949560,0,2210,0,0,4626000,2266400,12314230,940170,0,202007.0
139,A13593801,2545370,0,0,2229540,-1893942,3959352,3375690,25395580,639660,10018560,202007.0
140,A13594203,13882030,0,0,0,-13659360,13659360,4225320,27290910,4834140,14701770,202007.0
141,A13594403,2714190,0,0,0,0,12428000,6688450,25507370,1094140,0,202007.0
142,A10027571,605320,0,0,0,0,2199660,569550,5149820,511220,0,202007.0
143,A10025823,15454570,0,0,0,-10353950,9837570,20491808,52026640,0,15941900,202007.0
144,A10024216,,,,,,,,,,,202007.0
145,A13522003,755300,0,0,0,0,0,1657870,0,82130,0,202007.0
146,A13522008,0,0,0,0,0,17016000,2485530,0,0,0,202007.0
147,A13522004,3207320,58700,0,0,0,12425000,7181876,22933510,97690,13579780,202007.0
148,A13588402,8441530,0,0,0,-6466800,6449800,1674744,21140250,1772750,0,202007.0
149,A13522007,3945860,0,0,0,0,9469560,4314250,0,670040,0,202007.0
150,A13522006,3807540,0,0,0,0,7964670,-1912000,26417230,0,0,202007.0
151,A13552001,0,35150,0,0,0,6856800,583490,726240,31650,5000,202007.0
152,A13552002,0,0,0,0,0,0,2935537,35881610,1413220,12911260,202007.0
153,A13588601,3662980,67210,0,0,0,1668000,4152950,11126370,911570,4780700,202007.0
154,A10025204,,,,,,,,,,,202007.0
155,A10027446,61630,0,0,0,0,17480030,7101320,35271810,128420,8187380,202007.0
156,A13550502,4195270,0,-1520380,1492770,0,10770120,14550350,38558020,0,14334620,202007.0
157,A13527004,664850,0,0,0,2514000,2514000,6164140,6520170,3239950,3239950,202007.0
158,A13585404,7997380,21280,0,0,-5635930,5618200,8545020,31135930,0,13204150,202007.0
159,A13527002,2145050,0,0,0,-1212660,1212660,327779,7387640,0,3477920,202007.0
160,A13527008,0,0,11290,0,0,0,1504333,13686580,25650,6048690,202007.0
161,A13527013,3434020,0,0,0,0,7633976,2786175,19418060,362220,6988490,202007.0
162,A13527203,17343471,0,0,0,939,45368480,50698137,168170870,-3731990,70046760,202007.0
163,A13585401,0,0,0,0,0,3320000,927273,5141130,0,1103900,202007.0
164,A13586102,3371790,0,0,0,-2168660,2168660,-4844660,13154710,-141540,4608610,202007.0
165,A13585804,10062820,0,0,0,-3721500,15338310,13016130,38955300,3394860,0,202007.0
166,A13527007,2111410,0,0,0,0,3946800,7896135,19047170,356830,5991700,202007.0
167,A13527016,2282270,33600,0,0,31500,6027000,3270776,14557350,927170,8794780,202007.0
168,A13550403,3155390,0,0,0,0,0,15981180,0,8472570,0,202007.0
169,A13586101,0,0,0,0,0,0,703983,0,0,0,202007.0
170,A13527010,-1330,395100,0,0,0,5467000,1732421,11124330,100,7767980,202007.0
171,A13527019,2870970,0,0,0,0,4746600,8127417,23105580,94230,6936660,202007.0
172,A13527006,2346210,0,0,0,1859800,0,1827860,9319190,17370,5035640,202007.0
173,A10027319,1678310,7810,0,0,-1048110,1048110,3081800,5981710,0,2139060,202007.0
174,A13550404,,,,,,,,,,,202007.0
175,A10024793,0,0,0,0,0,0,1621780,0,0,0,202007.0
