,kaptCode,heatC,heatP,gasC,gasP,waterHotC,waterHotP,electC,electP,waterCoolC,waterCoolP,Date
0,A13508012,12485390,9985330,0,0,-10330440,10142770,7608820,19708360,1020,7369200,202011.0
1,A13579501,2515620,19746500,0,0,0,6679260,6407050,21122350,-501680,7671940,202011.0
2,A13592604,19576180,29676820,0,4799250,-13315920,13291060,8425841,26085930,0,14925060,202011.0
3,A13508009,3468430,20817160,0,0,0,15183000,13077920,22945250,239640,10413780,202011.0
4,A13508004,3575510,6140170,0,0,0,3462930,2485160,7882929,525750,3536740,202011.0
5,A13508003,0,0,0,0,0,0,2832500,0,1145030,0,202011.0
6,A13579506,1886840,13341420,2070,0,0,1863040,5233739,17693130,0,5530040,202011.0
7,A13508006,5148620,15747930,0,0,0,8275800,5030661,22504400,0,6278870,202011.0
8,A13508011,2697760,18032870,0,0,-1130,12424860,8486550,31177770,-621050,8982760,202011.0
9,A13592601,3960230,17043350,0,0,0,11410980,4459637,24455840,0,9568710,202011.0
10,A13592706,3665640,40319130,0,0,920,28526950,9888319,34213990,170,21489600,202011.0
11,A13579505,2529400,20075200,0,0,0,9003920,8162412,27605370,0,11480110,202011.0
12,A13508005,0,0,0,0,0,0,661280,3286540,38500,2026170,202011.0
13,A13579503,0,0,0,0,0,0,2225050,8801920,0,0,202011.0
14,A13592605,3431540,27964940,0,0,0,19641430,7577580,34937560,0,14794300,202011.0
15,A13591402,0,0,0,0,0,0,2983258,10819910,-110,4347740,202011.0
16,A10027474,2464160,12334690,0,0,1070470,8008200,7436454,23576500,5300,7570660,202011.0
17,A10023825,,,,,,,,,,,202011.0
18,A10024820,,,,,,,,,,,202011.0
19,A10024813,,,,,,,,,,,202011.0
20,A13599303,41271930,41441100,0,0,-1240000,14865000,11328972,26648760,1248000,0,202011.0
21,A13594007,2509040,23027200,0,2183840,0,13558090,4044430,0,496970,5026640,202011.0
22,A13580602,5377580,52577910,0,0,0,14669650,8637228,29247440,0,14488100,202011.0
23,A13524004,380,36284250,0,0,0,10693800,4761000,15228910,972700,6453050,202011.0
24,A13599402,0,36730500,0,6403990,0,12275000,4427040,27699800,0,14236530,202011.0
25,A13524005,-304240,37952020,0,0,10000,8393600,10801430,17753470,2165280,0,202011.0
26,A13593908,3082290,30496250,0,0,0,16219200,2280510,0,322620,0,202011.0
27,A13580001,1417280,15235160,0,0,0,5120700,3291759,7689060,-1160,4425350,202011.0
28,A13524006,-650,71390840,0,0,0,7433370,12742914,21967640,3914190,8059840,202011.0
29,A13593901,2173350,12123270,0,0,0,6514900,4953550,15649950,81230,2636570,202011.0
30,A13524009,5411010,47890080,0,0,-3827000,26023600,10064670,26209940,4722810,9621440,202011.0
31,A13580002,13007330,0,0,0,0,6602900,1907804,8227840,96030,3481980,202011.0
32,A13599301,57091490,0,0,0,0,9614000,7787800,24532180,27620,0,202011.0
33,A10025203,6302461,34972800,0,7477510,-18571,23232250,34484719,62037040,1730680,19698700,202011.0
34,A10025675,12907640,48901360,0,0,0,40526680,39594524,98049769,1460510,32651240,202011.0
35,A10023565,,,,,,,,,,,202011.0
36,A10024564,34946230,57438700,126730,0,0,32412370,53984740,61288360,458500,22798080,202011.0
37,A10023996,,,,,,,,,,,202011.0
38,A13510003,1411850,15986460,0,0,0,4312500,3734940,13215190,180,4932330,202011.0
39,A13510001,0,0,0,0,0,0,943190,6160160,-84840,2907850,202011.0
40,A13510201,863600,8979830,0,0,0,3391200,1054850,6961280,0,3190440,202011.0
41,A13510203,0,0,0,0,0,0,693950,9788800,0,4581250,202011.0
42,A13510102,1617510,16443320,0,0,0,5994000,2484540,13764560,0,5947510,202011.0
43,A13510006,0,0,0,0,0,0,2880063,16003020,-36630,12223170,202011.0
44,A13510103,2187710,25025400,0,0,0,7630200,3996720,14077000,33380,7160530,202011.0
45,A13510202,16539600,0,11660,0,0,4648000,2263720,6917060,471690,2599020,202011.0
46,A13576201,0,0,0,0,0,0,690510,10526880,0,0,202011.0
47,A13510005,4863600,37930380,0,0,0,21084350,4950642,37089230,1158440,8916540,202011.0
48,A13510009,0,0,0,0,0,0,4102860,12821100,3130,3251890,202011.0
49,A13510007,9581500,21550090,0,0,0,12743500,17014147,25825900,851570,8575640,202011.0
50,A10025280,,,,,,,,,,,202011.0
51,A10025755,,,,,,,,,,,202011.0
52,A10024640,,,,,,,,,,,202011.0
53,A13509001,0,0,131040,0,0,0,2436820,6386330,0,3478320,202011.0
54,A13570501,5879030,40281150,0,0,0,11568000,14306102,40591067,0,17436450,202011.0
55,A13550701,1774578,11905602,0,0,0,12775500,5556507,21203620,0,6584860,202011.0
56,A13509005,51530,13331820,0,0,5772500,5772500,5573678,16798340,99750,5938220,202011.0
57,A13509004,0,0,0,0,0,0,377520,10066710,0,4990250,202011.0
58,A13509010,5094260,28796180,0,0,0,24705000,15067018,47516340,119660,14931380,202011.0
59,A13509006,18940,0,0,0,0,0,3926708,9335580,0,6012620,202011.0
60,A13509003,0,0,0,0,0,0,1845113,8403369,0,0,202011.0
61,A13509012,6036230,0,0,0,35763000,0,59804030,0,20876250,0,202011.0
62,A13509007,1600170,19284580,0,0,0,3890450,3496580,12578570,289540,6233950,202011.0
63,A13570502,,,,,,,,,,,202011.0
64,A13509013,,,,,,,,,,,202011.0
65,A13509101,0,0,0,0,0,0,826110,7643190,0,3518460,202011.0
66,A13509009,19027930,40117700,0,0,-14792000,14792000,19491500,56532720,2331670,11102630,202011.0
67,A13509014,,,,,,,,,,,202011.0
68,A10026350,3205120,9129950,0,0,0,9852000,8083690,22317910,299820,6481170,202011.0
69,A10026934,0,0,0,0,0,0,3110583,9784860,64810,3038180,202011.0
70,A10024131,,,,,,,,,,,202011.0
71,A10023939,,,,,,,,,,,202011.0
72,A10024819,,,,,,,,,,,202011.0
73,A13528102,5403350,52992500,0,0,0,10298750,6509410,49324620,715330,16857980,202011.0
74,A13528103,10685690,51932240,0,0,0,24080400,20754286,72703900,148140,19717970,202011.0
75,A13528004,27683120,148546070,0,15201630,0,56781000,23284380,137205960,0,58943700,202011.0
76,A13583604,73669550,0,0,0,0,19057500,12211581,48547520,637280,15844980,202011.0
77,A13583701,2887240,16166990,0,3761580,4191000,25146000,4708340,26322280,0,9497910,202011.0
78,A13528003,4891740,43357270,0,5523130,0,34618500,12762059,46137870,1838300,14439620,202011.0
79,A13528007,3817390,11256630,0,0,0,6892600,6539180,27800450,843580,7268270,202011.0
80,A13528105,670,56400600,0,0,0,27732600,4636270,68926200,0,20051270,202011.0
81,A13584101,2424330,14045490,0,0,0,11037280,7056366,22079640,0,7600360,202011.0
82,A13583507,-13870,458243240,0,0,0,87537030,40581522,149457970,5665830,59564920,202011.0
83,A13583403,49166530,0,0,0,0,9898240,5077590,17696520,1406230,5938190,202011.0
84,A13583404,0,0,0,0,0,7830000,7685317,28637940,810730,11056790,202011.0
85,A13583402,7810280,34603800,0,0,-9352000,9352000,5679110,13595190,2272820,5883280,202011.0
86,A10027800,7645500,31402500,0,0,0,60252960,35435690,114065310,2480275,39391420,202011.0
87,A10025646,,,,,,,,,,,202011.0
88,A10026526,,,,,,,,,,,202011.0
89,A10024102,,,,,,,,,,,202011.0
90,A10024815,,,,,,,,,,,202011.0
91,A10026924,1460290,9453360,0,0,0,5796660,4862920,15948430,572130,4906690,202011.0
92,A10024799,,,,,,,,,,,202011.0
93,A10028094,,,,,,,,,,,202011.0
94,A10024029,,,,,,,,,,,202011.0
95,A10024814,,,,,,,,,,,202011.0
96,A10024805,0,0,0,0,0,0,6285920,0,4487580,0,202011.0
97,A13501004,0,0,0,0,0,0,6987986,16047460,273410,8987390,202011.0
98,A13501001,4674770,0,0,0,0,0,9045791,29523640,811890,3885210,202011.0
99,A13582002,-2217340,54033860,0,0,0,10148400,8954578,17590850,0,0,202011.0
100,A13501007,,,,,,,,,,,202011.0
101,A13501008,,,,,,,,,,,202011.0
102,A13583301,0,0,0,0,0,0,3319556,6713090,0,2581180,202011.0
103,A13501006,10341220,9389240,0,0,-8194130,8133410,2862486,21394300,612860,5528720,202011.0
104,A13501005,,,,,,,,,,,202011.0
105,A10024501,,,,,,,,,,,202011.0
106,A13590204,105541607,0,0,0,0,14877000,2477248,47128890,513848,0,202011.0
107,A13589802,11110432,514780988,0,0,-39512000,39512000,1853100,201464260,28908850,43658420,202011.0
108,A13511201,50713240,0,0,0,0,0,24006996,0,3500000,0,202011.0
109,A13551103,0,142558107,0,0,0,11440000,6265980,39536420,0,0,202011.0
110,A13590602,67945490,0,0,0,0,10355040,4913960,21240320,2553420,0,202011.0
111,A13511001,34134324,34134380,0,0,0,8143200,2215809,18321660,852540,0,202011.0
112,A13511004,0,207728070,0,0,0,34228850,29613665,95532510,175190,0,202011.0
113,A13511101,65242860,0,0,0,0,10920000,6142410,30335180,0,14875230,202011.0
114,A13511003,0,69038664,0,0,0,25912600,9017263,34482470,6095740,0,202011.0
115,A13519002,0,0,47110,0,0,0,1169130,12262380,0,7215730,202011.0
116,A13519006,8889880,21091690,0,0,510,20925260,10123620,31269100,44790,17370740,202011.0
117,A13519007,29166470,16538280,0,0,-20053800,19983600,10979640,26424630,0,14722260,202011.0
118,A13519004,0,0,-356030,344670,0,0,1694930,12373740,-127590,5034000,202011.0
119,A13519005,0,0,0,0,0,0,3122863,23258260,-605290,10915230,202011.0
120,A13519003,0,0,220610,0,0,0,1736190,11012250,86270,6483460,202011.0
121,A13519001,0,0,118080,0,0,0,1605980,10286990,0,6311250,202011.0
122,A10028172,3834200,12474120,0,0,0,18624000,9143387,25539820,223660,13237330,202011.0
123,A13519008,2170177,17018930,0,0,0,15065050,7160506,17337840,0,8537730,202011.0
124,A13520003,0,30664750,0,0,0,33456390,15246308,57567050,0,18527100,202011.0
125,A13520004,2396500,13057000,0,0,0,10468140,5461865,13849500,355680,7403820,202011.0
126,A10027985,0,13656350,0,0,0,36688410,15142010,43663190,225610,19281030,202011.0
127,A13520002,0,0,0,0,0,0,16549490,59340370,787390,20167460,202011.0
128,A10023314,,,,,,,,,,,202011.0
129,A13520001,0,0,0,0,0,0,2445820,34740750,222580,17753330,202011.0
130,A10027909,0,0,9200,0,0,0,2002310,7579350,31190,2830280,202011.0
131,A10027912,0,0,42040,0,0,0,1487490,11595560,1400,5551000,202011.0
132,A13594702,3356100,33230370,0,0,80,18285690,5076770,0,0,0,202011.0
133,A13523005,4363980,37387584,0,0,0,18428480,6847040,27703810,0,12643416,202011.0
134,A13523004,12595310,37899800,0,0,0,12849300,716150,25389310,299930,8280840,202011.0
135,A13594701,5716600,28381500,0,0,0,13205400,6568625,19301940,795140,7951410,202011.0
136,A13593802,19641552,22167650,0,0,0,0,4898650,0,763808,0,202011.0
137,A13523003,6081230,22478590,0,0,0,11376600,377550,18967680,-650,10026230,202011.0
138,A13594402,20783010,0,2380,0,0,6969600,4298940,11569170,770620,0,202011.0
139,A13593801,8887706,5892024,0,2177870,-7530000,10190600,3996690,22845830,1091210,8832960,202011.0
140,A13594203,20216658,38358062,0,0,-17806400,17806400,5363590,31371240,6217980,11803420,202011.0
141,A13594403,57101350,0,0,0,0,16864000,7437440,25844390,19030,0,202011.0
142,A10027571,605230,7101980,0,0,0,3651800,1374160,4479380,228540,0,202011.0
143,A10025823,26577950,18860160,0,0,-21477330,20506140,15273229,45389570,0,15961490,202011.0
144,A10024216,,,,,,,,,,,202011.0
145,A13522003,3275980,18969850,0,0,0,11123000,3018290,0,443545,0,202011.0
146,A13522008,0,42648740,0,0,0,24840000,2510760,0,0,0,202011.0
147,A13522004,3207320,28872310,0,0,0,18772000,8785604,21659940,80500,13388960,202011.0
148,A13588402,16902030,24642020,0,0,-12791480,12760540,4250004,22193640,2487870,0,202011.0
149,A13522007,8004370,26985960,0,0,0,16909330,5289180,0,976780,0,202011.0
150,A13522006,7534050,24041660,0,0,0,15676000,2473680,22970150,0,0,202011.0
151,A13552001,2153509,19417581,0,0,0,319790,961580,482180,64440,5000,202011.0
152,A13552002,0,0,0,0,0,0,-1001299,40386190,2423660,12841600,202011.0
153,A13588601,553830,13039600,0,0,0,11092200,4102600,11174980,505600,4309440,202011.0
154,A10025204,,,,,,,,,,,202011.0
155,A10027446,12320,16332040,0,0,0,24716050,9739230,25705610,285690,8231620,202011.0
156,A13550502,4195270,37107230,-1354650,1330570,0,27434590,13813270,35733540,0,14606430,202011.0
157,A13527004,11924630,10410830,0,0,3402000,3402000,7123230,6203880,3432860,3095780,202011.0
158,A13585404,14731130,11776740,0,0,-12369680,12334910,7743030,23248120,0,8477570,202011.0
159,A13527002,3859260,6092510,0,0,-2890000,2890000,2076564,6438030,63840,3500180,202011.0
160,A13527008,0,0,5370,0,0,0,2062272,13627530,26540,6823080,202011.0
161,A13527013,3434020,34109810,0,0,0,10560780,7944582,17581310,458930,5344700,202011.0
162,A13527203,17343270,150120550,0,0,0,91443300,62799573,143483260,-1109940,63800890,202011.0
163,A13585401,0,7736000,0,0,0,3063000,2074116,5329827,0,1357930,202011.0
164,A13586102,-3778680,17274820,0,0,-3640800,3640800,-275980,9408760,-58810,4564490,202011.0
165,A13585804,11608570,47662620,0,0,-5267250,31603500,19949790,37822580,3473240,0,202011.0
166,A13527007,2111410,12544990,0,0,0,8794500,7635797,19634560,248890,5989670,202011.0
167,A13527016,4988720,25551760,0,0,49000,8935500,7665076,14605830,593210,8261230,202011.0
168,A13550403,10266710,22654980,0,0,-10917000,10917000,3981265,13168800,2787180,5019650,202011.0
169,A13586101,0,0,0,0,0,0,491670,0,0,0,202011.0
170,A13527010,-1090,30777900,0,0,0,8744000,5811902,9380190,340,7260640,202011.0
171,A13527019,3005690,17424320,0,0,0,9502740,9201105,19693020,103460,7212690,202011.0
172,A13527006,26303130,0,0,0,2378300,0,3355980,8715290,311010,4432250,202011.0
173,A10027319,3129290,3471150,0,0,-2499220,2499220,3056660,5981640,0,2219760,202011.0
174,A13550404,,,,,,,,,,,202011.0
175,A10024793,0,0,0,0,0,0,1686190,0,0,0,202011.0
