,kaptCode,heatC,heatP,gasC,gasP,waterHotC,waterHotP,electC,electP,waterCoolC,waterCoolP,Date
0,A13508012,2201760,2870200,0,0,116750,8346500,5247640,19900340,56450,7314100,202010.0
1,A13579501,2385600,7065900,0,0,0,5795570,4356974,20917950,-372900,7913530,202010.0
2,A13592604,16571600,10905920,0,0,-11835620,11826580,7398009,24963680,0,14592310,202010.0
3,A13508009,3436910,6809250,0,0,0,12295900,14357180,22869880,240030,10714630,202010.0
4,A13508004,0,0,0,0,0,2844900,1712470,7362561,403250,3612170,202010.0
5,A13508003,0,0,0,0,0,0,3239470,0,1238370,0,202010.0
6,A13579506,1886840,4867320,0,0,0,3104440,3842945,18039110,0,5819720,202010.0
7,A13508006,2854620,6072400,0,0,0,7391520,3498396,25568690,0,6556510,202010.0
8,A13508011,2697760,5826330,0,0,1030,9990930,6722190,30303640,-573170,9217170,202010.0
9,A13592601,2597840,5666960,0,0,0,10348910,1884851,28228590,0,9471810,202010.0
10,A13592706,3665640,14869090,0,6879940,2040,25353400,9146254,31900180,-1110,23072930,202010.0
11,A13579505,2529400,6397600,0,0,0,8106050,6240683,27716260,0,11897690,202010.0
12,A13508005,0,0,0,0,0,0,630390,3030840,38500,2130420,202010.0
13,A13579503,0,0,0,0,0,0,1919100,10453650,0,6315510,202010.0
14,A13592605,3431540,10152570,0,4813320,0,14393780,6794810,34441170,0,14697000,202010.0
15,A13591402,0,0,0,0,0,0,2331046,10256580,-240,4245750,202010.0
16,A10027474,2464160,2958390,0,0,522130,6866910,5482866,23861070,340350,7906090,202010.0
17,A10023825,,,,,,,,,,,202010.0
18,A10024820,,,,,,,,,,,202010.0
19,A10024813,,,,,,,,,,,202010.0
20,A13599303,41439960,0,0,0,3680000,11185000,-5072830,39886640,323930,0,202010.0
21,A13594007,2304540,9478400,0,2678780,0,11304930,2859920,0,486240,5174100,202010.0
22,A13580602,5377580,20322520,0,0,0,12673050,5702704,26278300,0,15118540,202010.0
23,A13524004,-50,18028350,0,0,0,9145500,3856520,14454380,470840,6904940,202010.0
24,A13599402,0,8683900,0,0,0,9767500,587920,48609390,0,14516260,202010.0
25,A13524005,1438150,16638180,0,0,0,7001600,7061860,16891300,1892800,0,202010.0
26,A13593908,1990500,18803640,0,0,0,11860450,1661670,0,0,0,202010.0
27,A13580001,1417088,6481190,0,0,0,4081140,1687128,7073460,-1130,4232410,202010.0
28,A13524006,470,41477440,0,0,0,6356970,11417360,22040990,3501470,8397560,202010.0
29,A13593901,1916420,4191120,0,0,0,6043400,3989880,14870710,89190,2887030,202010.0
30,A13524009,4775240,22196160,0,0,-3313500,19881000,3793830,27351830,3681320,10188840,202010.0
31,A13580002,6677844,0,0,0,0,5417490,1801709,7995510,151190,3599610,202010.0
32,A13599301,32388370,0,0,0,0,8388000,7968600,24138440,27620,0,202010.0
33,A10025203,6302461,10648800,0,0,-75931,20539680,26395886,58188280,1732960,20767220,202010.0
34,A10025675,11646280,16080190,0,0,0,35043360,34240107,98517035,10500730,32261210,202010.0
35,A10023565,,,,,,,,,,,202010.0
36,A10024564,63929530,0,0,0,13078020,0,64940200,0,16646580,0,202010.0
37,A10023996,,,,,,,,,,,202010.0
38,A13510003,1411940,5752190,0,0,0,4142500,3361190,13128840,0,4698700,202010.0
39,A13510001,0,0,0,0,0,0,580970,6441120,-106860,2973880,202010.0
40,A13510201,863630,3254840,0,0,0,2959200,517770,6854500,0,2952410,202010.0
41,A13510203,0,0,0,0,0,0,663940,9604800,0,3855090,202010.0
42,A13510102,1617500,7345630,0,0,0,4953000,2960170,12512170,183180,7026170,202010.0
43,A13510006,0,0,0,0,0,0,2665464,15560050,0,0,202010.0
44,A13510103,2956190,10254200,0,0,0,6765700,3541160,11497900,0,7300930,202010.0
45,A13510202,10731040,0,1990,0,0,4708000,2281590,6708670,358670,2965350,202010.0
46,A13576201,0,0,0,0,0,0,674950,10077950,20940,0,202010.0
47,A13510005,4861150,13296360,0,0,0,16280050,5386251,32309420,4080460,8933430,202010.0
48,A13510009,0,0,0,0,0,0,3296040,12949280,3330,4019400,202010.0
49,A13510007,4625560,6745650,0,0,0,11455850,15749233,29852240,19300,8492920,202010.0
50,A10025280,,,,,,,,,,,202010.0
51,A10025755,,,,,,,,,,,202010.0
52,A10024640,,,,,,,,,,,202010.0
53,A13509001,0,0,17960,0,0,0,1608810,6428080,0,3329130,202010.0
54,A13570501,5422720,17103000,0,0,0,10188000,10670113,40139580,-10,16648370,202010.0
55,A13550701,1774578,4608082,0,0,0,9302900,4086739,20055640,0,6861880,202010.0
56,A13509005,82990,4518830,0,0,4917600,4917600,3953037,17089000,64780,5845620,202010.0
57,A13509004,0,0,0,0,0,0,372960,9227810,21740,4522730,202010.0
58,A13509010,5210270,9453500,0,0,0,19180200,11329634,47507030,128690,15593120,202010.0
59,A13509006,10250,0,0,0,0,0,3387357,9017350,0,6295100,202010.0
60,A13509003,0,0,0,0,0,0,1199847,8221369,210,8541350,202010.0
61,A13509012,6036230,0,0,0,29963700,0,59381330,0,21622590,0,202010.0
62,A13509007,1624900,7575670,0,0,0,4706100,2467120,11780430,242640,6249380,202010.0
63,A13570502,,,,,,,,,,,202010.0
64,A13509013,,,,,,,,,,,202010.0
65,A13509101,0,0,0,0,0,0,807660,6842320,666330,3317870,202010.0
66,A13509009,16704140,16194240,0,0,-12288900,12288900,14522820,55086580,2257170,11251050,202010.0
67,A13509014,,,,,,,,,,,202010.0
68,A10026350,2659770,3067810,0,0,0,7128000,5882270,22390190,1387080,6447800,202010.0
69,A10026934,0,0,0,0,0,0,2540439,9068290,0,2773340,202010.0
70,A10024131,,,,,,,,,,,202010.0
71,A10023939,,,,,,,,,,,202010.0
72,A10024819,,,,,,,,,,,202010.0
73,A13528102,5403350,21064640,0,0,0,11727950,5952210,48544470,1318010,17036390,202010.0
74,A13528103,8472960,15835130,0,0,0,20739000,16756624,73214350,197810,20703720,202010.0
75,A13528004,22233220,47839830,0,0,0,48724200,17929050,128297020,0,57934880,202010.0
76,A13583604,21060980,0,0,1299950,0,16870000,14174864,41929530,494540,17063430,202010.0
77,A13583701,2887240,3995800,0,0,2749180,18830000,3756412,26139400,0,10786390,202010.0
78,A13528003,-1910980,17841840,0,0,0,32332500,6160253,44511850,64920,16050350,202010.0
79,A13528007,3522420,3093860,0,0,0,5835900,7200390,27801920,1547320,7418640,202010.0
80,A13528105,-2060,17234250,0,0,0,21059500,4807820,64915080,0,19737740,202010.0
81,A13584101,2424330,3447120,0,0,0,10176760,4981151,22226640,0,7471320,202010.0
82,A13583507,-6490,170351160,0,0,0,79167270,27540500,155446930,2062670,62299970,202010.0
83,A13583403,21353570,0,0,0,0,9344960,4460800,17856570,1026650,6639430,202010.0
84,A13583404,31577490,0,0,0,-7389000,7389000,7092140,28733220,603840,9272250,202010.0
85,A13583402,7843750,12032720,0,0,-8676000,8676000,4329690,13802230,1753020,7088520,202010.0
86,A10027800,7804520,10626000,0,0,0,45307500,28507207,112818040,1324640,39359720,202010.0
87,A10025646,,,,,,,,,,,202010.0
88,A10026526,,,,,,,,,,,202010.0
89,A10024102,,,,,,,,,,,202010.0
90,A10024815,,,,,,,,,,,202010.0
91,A10026924,1461090,3738140,0,0,0,4816530,4266690,15444620,365220,4717080,202010.0
92,A10024799,,,,,,,,,,,202010.0
93,A10028094,,,,,,,,,,,202010.0
94,A10024029,,,,,,,,,,,202010.0
95,A10024814,,,,,,,,,,,202010.0
96,A10024805,0,0,0,0,0,0,5740970,0,0,0,202010.0
97,A13501004,0,0,4270,0,0,0,6408481,15625430,192230,9487800,202010.0
98,A13501001,2476590,0,0,0,0,0,7246058,26772950,952400,3631440,202010.0
99,A13582002,23893180,0,0,0,11023200,0,25079576,0,0,0,202010.0
100,A13501007,,,,,,,,,,,202010.0
101,A13501008,,,,,,,,,,,202010.0
102,A13583301,0,0,0,0,0,0,3159490,6269740,0,2943810,202010.0
103,A13501006,8567170,2457490,0,0,-6419790,6375140,478906,21812660,-337030,5630520,202010.0
104,A13501005,,,,,,,,,,,202010.0
105,A10024501,,,,,,,,,,,202010.0
106,A13590204,46574802,0,0,0,0,13776000,-3721690,43947750,164948,0,202010.0
107,A13589802,17640120,273683570,0,0,-39774000,39774000,1292859,193906520,22632600,49172140,202010.0
108,A13511201,25628390,0,0,0,0,0,21106570,0,3500000,0,202010.0
109,A13551103,0,71658776,0,0,0,11018000,3697740,36318440,0,0,202010.0
110,A13590602,41257830,0,0,0,0,8880180,4173060,21064280,686320,0,202010.0
111,A13511001,15537340,15537326,0,0,0,8510400,2238990,16578820,0,0,202010.0
112,A13511004,0,108338930,0,0,0,31907200,18011764,98739410,175190,0,202010.0
113,A13511101,32013860,0,0,0,0,11322000,4688750,29139190,0,15285060,202010.0
114,A13511003,0,8240074,0,0,0,25215400,6583106,35435750,0,0,202010.0
115,A13519002,0,0,31670,0,0,0,1123180,11617500,0,6783620,202010.0
116,A13519006,7008620,10352220,0,0,2280,14452740,9097988,30966900,405660,18875550,202010.0
117,A13519007,29053420,1806680,0,0,-15442140,15271200,11363100,26213210,0,15089320,202010.0
118,A13519004,0,0,-356030,344670,0,0,823390,12373740,332470,5034000,202010.0
119,A13519005,0,0,0,0,0,0,1712854,22290420,1586580,10688650,202010.0
120,A13519003,0,0,77830,0,0,0,1140990,10552490,54130,6482860,202010.0
121,A13519001,0,0,35280,0,0,0,1171690,9673730,0,6493830,202010.0
122,A10028172,3728580,5000520,0,0,0,14518800,8245312,25127500,0,13553900,202010.0
123,A13519008,1315030,7136840,0,0,0,12661940,6699822,16996440,742920,9594970,202010.0
124,A13520003,0,16081580,0,0,0,22126910,11485182,56474990,0,17471200,202010.0
125,A13520004,2396500,4580680,0,0,0,9011690,5197623,13360000,418060,7495040,202010.0
126,A10027985,0,6320260,0,8350450,0,26870690,14888210,42654260,4277400,20380390,202010.0
127,A13520002,0,0,0,0,0,0,14093800,56264170,517580,20931700,202010.0
128,A10023314,,,,,,,,,,,202010.0
129,A13520001,0,0,0,0,0,0,3569305,36871530,299450,17435920,202010.0
130,A10027909,0,0,7310,0,0,0,2074830,7100190,268420,3030440,202010.0
131,A10027912,0,0,13600,0,0,0,1569122,10580420,16380,5324630,202010.0
132,A13594702,3356070,13856360,0,0,-460,16051490,3170260,0,0,0,202010.0
133,A13523005,4363980,15912480,0,0,0,15406140,8635072,25370620,0,13917200,202010.0
134,A13523004,9048780,15992080,0,0,0,12833100,587350,31168560,253870,9586800,202010.0
135,A13594701,3977212,13948500,0,0,0,11723400,4569792,17916830,855728,8557280,202010.0
136,A13593802,9324390,14313610,0,0,0,9832300,8360500,0,3812350,0,202010.0
137,A13523003,4505240,8764310,0,0,0,10823800,346850,17821530,363530,10883120,202010.0
138,A13594402,9517460,0,1870,0,0,6433200,3644880,11576530,651590,0,202010.0
139,A13593801,7651798,3082812,0,2504540,-6496500,8791930,2873740,19049720,0,0,202010.0
140,A13594203,19505558,17007362,0,0,-17332100,17332100,3575320,31407290,5261010,13698730,202010.0
141,A13594403,23427700,0,0,0,0,16792000,7703650,24731110,0,0,202010.0
142,A10027571,605320,2771920,0,0,0,3298400,776220,4628460,284340,0,202010.0
143,A10025823,22050330,5235410,0,0,-16949710,16353080,12673750,44553090,20,16439530,202010.0
144,A10024216,,,,,,,,,,,202010.0
145,A13522003,0,8393070,0,0,0,9194500,2144730,0,140180,0,202010.0
146,A13522008,0,18495960,0,0,0,21963000,1823590,0,0,0,202010.0
147,A13522004,3207320,13954180,0,4159210,0,16613600,8855541,21214240,101740,13306400,202010.0
148,A13588402,13778440,9841150,0,0,-10764810,10755990,1681843,24312640,1523450,0,202010.0
149,A13522007,5922050,12032430,0,0,0,14647770,3736670,0,1098370,0,202010.0
150,A13522006,5475160,9907710,0,0,0,13324000,1640610,20681790,3139680,0,202010.0
151,A13552001,898463,8086167,0,0,0,4987840,298830,446630,35700,5000,202010.0
152,A13552002,0,0,0,0,0,0,2739403,34394670,735610,13865030,202010.0
153,A13588601,390980,4876210,0,0,0,9604500,2726970,10409280,-17300,4669790,202010.0
154,A10025204,,,,,,,,,,,202010.0
155,A10027446,4152320,6804200,0,0,0,17622150,4635250,31905880,25600,8329830,202010.0
156,A13550502,-19083540,37107230,-1354650,1330570,-4432200,27434590,10111110,35733540,1563040,14606430,202010.0
157,A13527004,1201770,4625590,0,0,2898000,2898000,6823380,5958960,3325680,3055100,202010.0
158,A13585404,10766180,2932240,0,2714200,-8404730,8381880,5705140,23539920,0,8669970,202010.0
159,A13527002,3296042,3087150,0,0,-2345000,2345000,2178542,6218340,0,3468000,202010.0
160,A13527008,0,0,5070,0,0,0,1947589,12241630,27560,7015900,202010.0
161,A13527013,3434020,15356680,0,0,0,9467280,4206634,17727120,766260,6228140,202010.0
162,A13527203,17344410,46559040,0,0,0,83908500,54237895,150234190,-1689740,66334620,202010.0
163,A13585401,0,3024000,0,0,0,3285000,1522147,4822870,0,1456350,202010.0
164,A13586102,7662620,0,0,0,0,0,8615040,0,4215650,0,202010.0
165,A13585804,739700,8095610,0,0,5591620,35280000,15695180,37669960,10000,0,202010.0
166,A13527007,2111410,4354560,0,0,0,6308250,5772525,17917480,276410,5813060,202010.0
167,A13527016,4828180,8770430,0,0,42000,8281000,6192496,13850160,1019400,8644910,202010.0
168,A13550403,7217730,14041030,0,0,-7570500,7570500,4404858,11852700,2489650,5746690,202010.0
169,A13586101,0,0,0,0,0,0,437018,0,0,0,202010.0
170,A13527010,600,17621100,0,0,0,7860000,3414663,10932630,-120,7116220,202010.0
171,A13527019,2837990,6423910,0,0,20000,4456200,8837039,19173790,718060,7703300,202010.0
172,A13527006,17628590,0,0,0,2157300,0,2544500,8485150,433000,4436330,202010.0
173,A10027319,488240,2003710,0,0,-681800,681800,2374070,5523690,0,2150430,202010.0
174,A13550404,,,,,,,,,,,202010.0
175,A10024793,0,0,0,0,0,0,1421000,0,0,0,202010.0
