,kaptCode,heatC,heatP,gasC,gasP,waterHotC,waterHotP,electC,electP,waterCoolC,waterCoolP,Date
0,A13508012,2322640,22618380,0,0,345510,12423050,8082500,19314440,274670,6755800,202001.0
1,A13579501,2705270,31742200,0,0,0,14215050,7444542,19971500,6130,7287590,202001.0
2,A13592604,27503430,51862010,0,5241710,-19130750,19110100,9747243,24957540,0,15012100,202001.0
3,A13508009,4043300,48927480,0,0,0,15583500,14537300,22781830,382470,10428300,202001.0
4,A13508004,7960600,14782930,0,0,0,3907650,3743820,7416260,169950,3452050,202001.0
5,A13508003,0,0,0,0,0,0,3050150,0,1092480,0,202001.0
6,A13579506,1886840,25928020,0,0,0,940070,5396630,16936050,0,5726860,202001.0
7,A13508006,7166570,28350500,0,0,0,11108300,6726861,22606290,0,6301640,202001.0
8,A13508011,2697760,34916190,0,0,0,18071640,11594500,30566200,-237140,8729860,202001.0
9,A13592601,10823230,34641610,0,0,0,16850360,2268768,28165600,54820,8291320,202001.0
10,A13592706,3665640,74337700,0,0,5430,35885910,11357977,33709240,1180,19014970,202001.0
11,A13579505,2529400,38650400,0,0,0,10177980,8765223,26488270,0,10754220,202001.0
12,A13508005,0,0,0,0,0,0,1398700,3531080,58110,2030940,202001.0
13,A13579503,0,0,0,0,0,0,2750580,8494000,0,0,202001.0
14,A13592605,3431540,53087380,0,0,0,28632510,8281870,34509080,0,13701010,202001.0
15,A13591402,0,0,0,0,0,0,3524706,10568190,710,3887400,202001.0
16,A10027474,2464160,23501480,0,0,1932620,13135500,9170840,22238620,498000,7055230,202001.0
17,A10023825,,,,,,,,,,,202001.0
18,A10024820,,,,,,,,,,,202001.0
19,A10024813,,,,,,,,,,,202001.0
20,A13599303,0,118527100,0,0,0,13762500,11335680,28015790,2917200,0,202001.0
21,A13594007,2755540,42525120,0,2625010,0,14136100,5057890,0,1610830,4168980,202001.0
22,A13580602,5377580,89069840,0,0,0,17041450,9702175,29535380,0,14689760,202001.0
23,A13524004,720,65760600,0,0,0,11645400,8480170,15511840,443680,5744580,202001.0
24,A13599402,0,94277000,0,6946940,0,14587500,6453970,28209280,0,13082620,202001.0
25,A13524005,3009890,61686850,0,0,0,9795200,9844870,17793310,3209400,0,202001.0
26,A13593908,3915429,51509750,0,0,0,18875500,0,0,0,0,202001.0
27,A13580001,1417160,26310800,0,0,0,6468000,5025061,7510830,0,4056330,202001.0
28,A13524006,0,116274260,0,0,0,8501490,16793320,23174570,4939390,7029100,202001.0
29,A13593901,2297360,24058800,0,0,0,6760200,6383820,15237240,0,2758160,202001.0
30,A13524009,5389650,84630000,0,0,-4707780,32811800,10560940,27803220,5535820,9265480,202001.0
31,A13580002,125,26501940,0,0,0,7783100,2384670,8381820,84220,2994600,202001.0
32,A13599301,99727530,0,0,0,0,5757,8966560,214638,27620,0,202001.0
33,A10025203,0,76765560,0,6500680,0,33953890,35961080,54643840,1245342,17110858,202001.0
34,A10025675,22042700,103625450,0,0,0,53154710,53452830,92733998,3425150,29309800,202001.0
35,A10023565,,,,,,,,,,,202001.0
36,A10024564,,,,,,,,,,,202001.0
37,A10023996,,,,,,,,,,,202001.0
38,A13510003,1411810,28270040,0,0,0,4277500,4892200,13732130,470,4198290,202001.0
39,A13510001,0,0,0,0,0,0,930060,6211220,0,2655530,202001.0
40,A13510201,856120,16925460,0,0,0,3632400,1428470,8386410,0,3190520,202001.0
41,A13510203,0,0,0,0,0,0,811200,10278210,0,3640300,202001.0
42,A13510102,1617750,28935200,0,0,0,7541200,3029330,14272680,-60,5060050,202001.0
43,A13510006,0,0,0,0,0,0,4031353,16624840,-33540,10610620,202001.0
44,A13510103,3414270,42107860,0,0,0,8514000,3868820,14241300,234290,6336720,202001.0
45,A13510202,27563900,0,75150,0,0,6368000,2993740,6964620,430480,2357430,202001.0
46,A13576201,0,0,0,0,0,0,1048940,11045020,0,0,202001.0
47,A13510005,4861840,79600060,0,0,0,24642100,6019799,37659630,2456910,7890140,202001.0
48,A13510009,0,0,0,0,0,0,4776570,13194830,4060,3046990,202001.0
49,A13510007,13101530,41123770,0,0,0,21309500,17940193,25573070,-384710,8013010,202001.0
50,A10025280,,,,,,,,,,,202001.0
51,A10025755,,,,,,,,,,,202001.0
52,A10024640,,,,,,,,,,,202001.0
53,A13509001,0,0,393520,0,0,0,2705440,6525370,0,3134410,202001.0
54,A13570501,9798240,66338580,0,0,0,16039400,16254631,39913090,-90,14123920,202001.0
55,A13550701,1774578,26937682,0,0,0,13438500,6543036,21111270,0,7028100,202001.0
56,A13509005,81340,26241540,0,0,5912190,5912190,6111266,16362320,86650,5389950,202001.0
57,A13509004,0,0,0,0,0,0,1303440,10014410,204070,3743530,202001.0
58,A13509010,5120040,63110600,0,0,0,27132000,16328244,47753200,40480,16727370,202001.0
59,A13509006,329690,0,0,0,0,0,2571757,10164050,0,5191240,202001.0
60,A13509003,0,0,0,0,0,0,1923090,9309190,0,0,202001.0
61,A13509012,65364950,0,0,0,46888100,0,62406920,0,20559670,0,202001.0
62,A13509007,3148910,32238090,0,0,0,5942100,4220880,12819920,397670,5809820,202001.0
63,A13570502,,,,,,,,,,,202001.0
64,A13509013,,,,,,,,,,,202001.0
65,A13509101,0,0,0,0,0,0,2659750,6289320,0,3210440,202001.0
66,A13509009,23646640,68408340,0,0,-19065900,19065900,26032100,58375430,263610,10436000,202001.0
67,A13509014,,,,,,,,,,,202001.0
68,A10026350,4131900,21134130,0,0,0,11751900,10034150,23029740,355310,5737710,202001.0
69,A10026934,,,,,,,,,,,202001.0
70,A10024131,,,,,,,,,,,202001.0
71,A10023939,,,,,,,,,,,202001.0
72,A10024819,,,,,,,,,,,202001.0
73,A13528102,5403350,93510650,0,0,0,14521030,18261420,46965500,912880,16338210,202001.0
74,A13528103,14934610,98832000,0,0,0,27842600,24408290,74761108,135200,18776540,202001.0
75,A13528004,34602400,281450140,0,17159270,0,56786400,25217910,139642300,0,54900370,202001.0
76,A13583604,174571750,0,0,0,0,21822500,10036397,52717550,934440,14554960,202001.0
77,A13583701,2887240,44748510,0,4125250,4010180,24667270,7258830,24406930,0,8237570,202001.0
78,A13528003,8551680,76887190,0,5857480,0,44157900,17975569,42056190,1025560,12572210,202001.0
79,A13528007,4515040,23002210,0,0,0,8913660,10051280,26196850,1271620,6977510,202001.0
80,A13528105,700,162486000,0,0,0,32642400,5305220,72352550,529020,14676920,202001.0
81,A13584101,2424330,28165960,0,0,0,14549120,8198155,21409230,0,6608120,202001.0
82,A13583507,1550,708219820,0,0,0,93952530,46241055,155343250,4542410,50960190,202001.0
83,A13583403,85621760,0,0,0,0,11196320,5929050,17483500,720510,5507270,202001.0
84,A13583404,105216330,0,0,0,-9181800,9181800,13704721,30792390,650290,9411680,202001.0
85,A13583402,3340510,57720600,0,0,-5714000,5714000,8104170,15426280,2918800,4655000,202001.0
86,A10027800,8144038,93190300,0,0,0,68662080,38739679,107059540,993070,35415940,202001.0
87,A10025646,,,,,,,,,,,202001.0
88,A10026526,,,,,,,,,,,202001.0
89,A10024102,,,,,,,,,,,202001.0
90,A10024815,,,,,,,,,,,202001.0
91,A10026924,1710560,17386400,0,0,0,7383370,5161790,14452860,209580,4376300,202001.0
92,A10024799,,,,,,,,,,,202001.0
93,A10028094,,,,,,,,,,,202001.0
94,A10024029,,,,,,,,,,,202001.0
95,A10024814,,,,,,,,,,,202001.0
96,A10024805,,,,,,,,,,,202001.0
97,A13501004,0,0,321430,0,0,0,7473920,16928240,451970,8569250,202001.0
98,A13501001,9443930,0,0,0,0,0,10693693,28964550,1591990,3614850,202001.0
99,A13582002,-2814320,88533850,0,0,0,13312800,10061940,18009890,0,0,202001.0
100,A13501007,,,,,,,,,,,202001.0
101,A13501008,,,,,,,,,,,202001.0
102,A13583301,0,0,0,0,0,0,3183340,6869350,0,2746170,202001.0
103,A13501006,13336370,19936190,0,0,-11188510,11153330,6319070,21697840,-349540,5481210,202001.0
104,A13501005,,,,,,,,,,,202001.0
105,A10024501,,,,,,,,,,,202001.0
106,A13590204,171632278,0,0,0,0,16566000,9155078,44514310,11132,0,202001.0
107,A13589802,15851896,730497364,0,0,-44160000,44160000,33102587,202969920,17688490,40976510,202001.0
108,A13511201,83472620,0,0,0,0,0,24859523,0,2500000,0,202001.0
109,A13551103,0,226261474,0,0,0,11998000,10056490,39980760,0,0,202001.0
110,A13590602,124402440,0,0,0,0,9285120,10181680,21560930,1415050,0,202001.0
111,A13511001,0,52040002,0,0,0,9728640,3093900,19470120,2049180,0,202001.0
112,A13511004,460,403303690,0,0,0,31677100,27577264,100412985,5296240,0,202001.0
113,A13511101,104492550,0,0,0,0,12330000,4959360,30028710,0,12657020,202001.0
114,A13511003,0,131410383,0,0,0,24763050,10795222,34924160,5287370,0,202001.0
115,A13519002,0,0,294850,0,0,0,3325787,13076220,694840,6172800,202001.0
116,A13519006,11956830,46180190,0,0,3380,23105750,12766599,31598500,247830,17447760,202001.0
117,A13519007,42322380,31056270,0,0,-29455680,29329930,12468840,26281440,480560,13602310,202001.0
118,A13519004,0,0,0,0,0,0,17609570,0,5147550,0,202001.0
119,A13519005,0,0,0,0,0,0,4979638,23919340,138600,10278650,202001.0
120,A13519003,0,0,595510,0,0,0,4572310,12109620,184600,6205440,202001.0
121,A13519001,0,0,403950,0,0,0,3671200,11474590,0,6301310,202001.0
122,A10028172,31509580,23453520,0,0,-23258700,23159800,10308789,25422820,80300,12165280,202001.0
123,A13519008,3249880,32954320,0,0,0,17545580,8813167,19663320,0,7918310,202001.0
124,A13520003,6131610,51295630,0,0,0,41929770,17754459,57619430,0,16113840,202001.0
125,A13520004,2396500,27492690,0,0,0,11968600,6847030,14052500,454970,6969340,202001.0
126,A10027985,5943800,62256700,0,0,0,18301590,17684020,43115650,427600,17948300,202001.0
127,A13520002,0,0,0,0,0,0,22376020,60801600,234730,19367580,202001.0
128,A10023314,,,,,,,,,,,202001.0
129,A13520001,0,0,0,0,0,0,8849943,36252080,534750,16377760,202001.0
130,A10027909,0,0,13940,0,0,0,2829750,8127090,30570,2799470,202001.0
131,A10027912,0,0,178230,0,0,0,3663181,11721370,118200,5014040,202001.0
132,A13594702,3355940,58853160,0,0,940,19400730,6172360,0,0,0,202001.0
133,A13523005,4363980,66839094,0,0,0,24833600,13520948,25888420,0,12150197,202001.0
134,A13523004,17707430,64349460,0,0,0,16008000,3258760,31585220,1419300,7701420,202001.0
135,A13594701,8183724,48390850,0,0,0,17380300,7866136,19236100,633466,6334660,202001.0
136,A13593802,10537030,34408640,0,0,0,14632530,7870310,0,710020,0,202001.0
137,A13523003,8208700,41197910,0,0,0,12208560,1060840,18442190,-380,9754610,202001.0
138,A13594402,37118720,0,3090,0,0,7560000,5169250,11948010,843980,0,202001.0
139,A13593801,9240966,16344264,0,2477130,-7363500,9965270,4893350,21036290,1225190,8155200,202001.0
140,A13594203,30134927,59496563,0,0,-23754600,23754600,5358230,32787090,6733200,10941960,202001.0
141,A13594403,98389750,0,0,0,0,19472000,10308990,24314270,165690,0,202001.0
142,A10027571,,,,,,,,,,,202001.0
143,A10025823,25148920,46847200,0,0,-19867430,18478870,19966290,44264340,-50,14879760,202001.0
144,A10024216,,,,,,,,,,,202001.0
145,A13522003,5007570,32501860,0,0,0,12425000,3992560,0,305850,0,202001.0
146,A13522008,0,76767830,0,0,0,22548000,3401430,0,0,0,202001.0
147,A13522004,3207320,50107630,0,0,0,23818900,11208488,21172870,64400,12395220,202001.0
148,A13588402,26844290,39410500,0,0,-17286030,17243070,6617353,24239580,3195480,0,202001.0
149,A13522007,11506500,52617260,0,0,0,24082740,6708990,0,667460,0,202001.0
150,A13522006,10318960,48559150,0,0,0,18408000,4387870,24645350,0,0,202001.0
151,A13552001,7600732,30402928,66560,0,0,11567060,1576560,545750,41880,5000,202001.0
152,A13552002,0,0,0,0,0,0,8774208,39933290,1725750,11564250,202001.0
153,A13588601,3173410,25262990,0,0,0,12146700,4942450,11348350,531210,3991310,202001.0
154,A10025204,,,,,,,,,,,202001.0
155,A10027446,752040,34584480,0,0,0,25867160,6337620,31711840,440560,7499910,202001.0
156,A13550502,4195270,74555550,0,0,0,29789060,13747620,35766780,0,14809430,202001.0
157,A13527004,2380220,18053970,0,0,0,3690000,1241570,6389670,0,2985960,202001.0
158,A13585404,18869730,25100640,0,0,-16508280,16467810,8535990,22068130,0,8289820,202001.0
159,A13527002,4915450,11265090,0,0,-3915000,3915000,3304483,6294940,0,3345860,202001.0
160,A13527008,0,0,239140,0,0,0,3083477,13793150,22040,6022150,202001.0
161,A13527013,3434020,57847690,0,0,0,15962560,10581255,18197350,211480,5621690,202001.0
162,A13527203,17342810,274461570,0,0,0,127199100,72734381,143951960,-4121070,63452950,202001.0
163,A13585401,0,14291200,0,0,0,5460000,2415997,6325560,0,1729000,202001.0
164,A13586102,7523290,13767300,0,0,-3699800,3699800,1868210,7678030,845860,3663890,202001.0
165,A13585804,6341320,92879030,0,0,0,33625000,21331200,37930410,2269530,0,202001.0
166,A13527007,2111410,27868970,0,0,0,12499900,8882549,18142300,226640,6647360,202001.0
167,A13527016,5002480,48889790,0,0,70000,9733500,9424289,16346810,2040800,7795520,202001.0
168,A13550403,10810780,43248530,0,0,-11070000,11070000,4263164,14493430,2396220,5957240,202001.0
169,A13586101,0,0,0,0,0,0,790350,0,0,0,202001.0
170,A13527010,1280,54705300,0,0,0,8956000,2000206,14247710,20,6681390,202001.0
171,A13527019,3297800,33557290,0,0,0,13133800,11112721,18991780,311000,6938340,202001.0
172,A13527006,46541160,0,0,0,2446300,0,4235070,8688430,570400,4469040,202001.0
173,A10027319,3781920,6622940,0,0,-3151810,3151810,3722030,6073200,0,2062710,202001.0
174,A13550404,,,,,,,,,,,202001.0
175,A10024793,,,,,,,,,,,202001.0
