,kaptCode,heatC,heatP,gasC,gasP,waterHotC,waterHotP,electC,electP,waterCoolC,waterCoolP,Date
0,A13508012,2301380,12005790,0,0,126210,13638250,6201810,19180730,8830,7652800,202003.0
1,A13579501,2453160,17695000,0,0,0,12753910,5087909,21856670,-521960,7445310,202003.0
2,A13592604,27738700,28606300,0,5475930,-20974500,20959750,8627669,24480540,0,16447970,202003.0
3,A13508009,3600760,28890460,0,0,0,17023500,12294130,24331610,217450,11136290,202003.0
4,A13508004,5359660,8621460,0,0,0,4022100,2680250,7826040,399120,3604590,202003.0
5,A13508003,0,0,0,0,0,0,3226920,0,1324140,0,202003.0
6,A13579506,1886840,14544620,4090,0,0,4147830,3840277,19028350,0,6087120,202003.0
7,A13508006,7197890,14645290,0,0,0,10966200,4148975,23093860,0,7072690,202003.0
8,A13508011,2697760,21061180,0,0,380,15707580,8451840,29542170,69660,9533280,202003.0
9,A13592601,8243590,18728770,0,0,0,18247360,5529760,23051880,859810,9018450,202003.0
10,A13592706,3665640,47550940,0,0,-4420,34856260,9628140,32095880,540,21287900,202003.0
11,A13579505,2529400,20971200,0,0,0,12900020,5518904,28901820,0,12459020,202003.0
12,A13508005,0,0,0,0,0,0,1236300,3270310,58110,2141760,202003.0
13,A13579503,0,0,0,0,0,0,2575790,8169950,0,0,202003.0
14,A13592605,3431540,30078400,0,0,0,26205350,6561100,37122450,0,14286240,202003.0
15,A13591402,0,0,0,0,0,0,2594636,11326680,-110,4117190,202003.0
16,A10027474,2464160,12179100,0,0,1309820,12830130,6269540,24651920,8450,7703580,202003.0
17,A10023825,,,,,,,,,,,202003.0
18,A10024820,,,,,,,,,,,202003.0
19,A10024813,,,,,,,,,,,202003.0
20,A13599303,0,87936000,0,0,0,18270000,11107300,26502570,907520,0,202003.0
21,A13594007,2695440,23240050,0,2740640,0,20151000,3678460,0,493240,4113860,202003.0
22,A13580602,5377580,54582610,0,0,0,16830400,8889855,27474210,0,14585820,202003.0
23,A13524004,-360,48021600,0,0,0,11672700,5443140,14954860,469210,6205040,202003.0
24,A13599402,0,87472600,0,7083280,0,14512500,6503730,31453930,0,12677890,202003.0
25,A13524005,3025880,38368410,0,0,0,10342400,7915000,17308690,3169920,0,202003.0
26,A13593908,3474500,29917120,0,0,0,22830500,1993380,0,3819610,0,202003.0
27,A13580001,1416990,15872150,0,0,0,7261800,3726765,7278730,-1080,4168700,202003.0
28,A13524006,0,75458260,0,0,0,8503560,13499650,23290920,4648880,7310310,202003.0
29,A13593901,1943740,14111100,0,0,0,7106000,4457560,15465810,0,3039670,202003.0
30,A13524009,5056710,46196400,0,0,-3511600,36792000,8705860,26703440,3991110,11275430,202003.0
31,A13580002,-579,15921000,0,0,0,7922720,1788789,9045870,61890,3257910,202003.0
32,A13599301,70616810,0,0,0,0,13350000,8458820,26344380,27620,0,202003.0
33,A10025203,3581260,40831360,0,7741670,0,33404400,28150190,57807320,1627350,21157070,202003.0
34,A10025675,11979240,53012020,0,0,0,61292640,29209889,103642330,5484200,34502620,202003.0
35,A10023565,,,,,,,,,,,202003.0
36,A10024564,,,,,,,,,,,202003.0
37,A10023996,,,,,,,,,,,202003.0
38,A13510003,1411810,17248130,0,0,0,4627500,4652990,12029290,-280,4688800,202003.0
39,A13510001,0,0,0,0,0,0,848890,6452160,0,2941700,202003.0
40,A13510201,858330,10824440,0,0,0,3945600,1212280,6619010,0,2547990,202003.0
41,A13510203,0,0,0,0,0,0,896490,9651710,0,3835140,202003.0
42,A13510102,1617790,18530320,0,0,0,6639000,3342030,14137670,190,6031870,202003.0
43,A13510006,0,0,0,0,0,0,3552036,15801760,-33030,11254490,202003.0
44,A13510103,2551210,28282000,0,0,0,8085000,3923590,14462300,521790,7667160,202003.0
45,A13510202,20339910,0,82450,0,0,6740000,3024310,7062900,270070,2696460,202003.0
46,A13576201,0,0,0,0,0,0,837010,10407090,0,0,202003.0
47,A13510005,4863600,45580510,0,0,0,22036650,4878652,37049110,2157650,6963620,202003.0
48,A13510009,0,0,0,0,0,0,3421860,13751790,2220,3693530,202003.0
49,A13510007,11164010,21481090,0,0,0,18067000,14813480,23478950,283000,8207170,202003.0
50,A10025280,,,,,,,,,,,202003.0
51,A10025755,,,,,,,,,,,202003.0
52,A10024640,,,,,,,,,,,202003.0
53,A13509001,0,0,354880,0,0,0,2522980,6272530,0,3133280,202003.0
54,A13570501,8200700,41633910,0,0,0,15462900,10213133,42325400,-40,17287770,202003.0
55,A13550701,1774578,17008242,0,0,0,11603000,4507207,20435450,0,7351230,202003.0
56,A13509005,57400,14644810,0,0,7341010,7341010,3664039,18103970,111750,5594490,202003.0
57,A13509004,0,0,0,0,0,0,972580,9703590,92250,4263530,202003.0
58,A13509010,5164710,33541110,0,0,0,29997150,12430921,48875460,114470,15937450,202003.0
59,A13509006,235340,0,0,0,0,0,3234904,9576760,0,5784210,202003.0
60,A13509003,0,0,0,0,0,0,1103150,8860760,0,0,202003.0
61,A13509012,40590830,0,0,0,39144300,0,69622350,0,22472780,0,202003.0
62,A13509007,1876250,17566750,0,0,0,6655000,3231410,12226750,188660,6211320,202003.0
63,A13570502,,,,,,,,,,,202003.0
64,A13509013,,,,,,,,,,,202003.0
65,A13509101,0,0,0,0,0,0,2485250,6080140,0,3826660,202003.0
66,A13509009,21085020,44153580,0,0,-16419000,16419000,13148000,56742170,0,10776750,202003.0
67,A13509014,,,,,,,,,,,202003.0
68,A10026350,3624250,11968780,0,0,0,11262700,6823400,24551120,209770,6388890,202003.0
69,A10026934,,,,,,,,,,,202003.0
70,A10024131,,,,,,,,,,,202003.0
71,A10023939,,,,,,,,,,,202003.0
72,A10024819,,,,,,,,,,,202003.0
73,A13528102,5403350,56042320,0,0,0,18712600,13053550,51779300,315030,17651230,202003.0
74,A13528103,11726030,51161180,0,0,0,32505200,17542429,77705550,245770,20586690,202003.0
75,A13528004,28684100,163686940,0,18320210,0,59637600,18099150,133911530,0,56703220,202003.0
76,A13583604,98607480,0,0,0,0,24152500,15660612,43921720,977760,16557200,202003.0
77,A13583701,2887240,32414100,0,4330670,4718700,17526600,4998056,25280120,0,8615710,202003.0
78,A13528003,7028700,48254050,0,6238480,0,39708000,16089367,45622430,670730,15013550,202003.0
79,A13528007,3773050,11710930,0,0,0,10186400,7822620,26182490,414320,7867680,202003.0
80,A13528105,-3310,88901400,0,0,0,31882200,4166910,66396350,491890,15364350,202003.0
81,A13584101,2424330,17244670,0,0,0,12612880,5080937,22801300,0,6523150,202003.0
82,A13583507,-19990,492311820,0,0,0,105970900,44828150,163545750,3563920,62197470,202003.0
83,A13583403,47724480,0,0,0,0,12333280,4334440,19088850,831600,6093700,202003.0
84,A13583404,77107500,0,0,0,-8944200,8944200,8372480,32448730,864750,9785650,202003.0
85,A13583402,3965570,38248000,0,0,-5820000,5820000,6936050,15146140,2807370,4816080,202003.0
86,A10027800,8810281,44893860,0,0,0,70395660,26072434,120488090,867604,34709330,202003.0
87,A10025646,,,,,,,,,,,202003.0
88,A10026526,,,,,,,,,,,202003.0
89,A10024102,,,,,,,,,,,202003.0
90,A10024815,,,,,,,,,,,202003.0
91,A10026924,1649610,9407310,0,0,0,7927230,4080155,14730330,196920,4600120,202003.0
92,A10024799,,,,,,,,,,,202003.0
93,A10028094,,,,,,,,,,,202003.0
94,A10024029,,,,,,,,,,,202003.0
95,A10024814,,,,,,,,,,,202003.0
96,A10024805,,,,,,,,,,,202003.0
97,A13501004,0,0,209980,0,0,0,6986910,16020170,267810,9052870,202003.0
98,A13501001,6754400,0,0,0,0,0,6049503,27708210,2219240,3025350,202003.0
99,A13582002,-2294050,62579630,0,0,0,13330800,8965090,19679240,306620,0,202003.0
100,A13501007,,,,,,,,,,,202003.0
101,A13501008,,,,,,,,,,,202003.0
102,A13583301,0,0,0,0,0,0,3137390,7070110,0,2658780,202003.0
103,A13501006,13132310,10532410,0,0,-10983640,10939020,2142046,23041430,315530,5846650,202003.0
104,A13501005,,,,,,,,,,,202003.0
105,A10024501,,,,,,,,,,,202003.0
106,A13590204,119352669,0,0,0,0,19140000,7182377,43352080,279751,0,202003.0
107,A13589802,9517054,499760876,0,0,-44708000,44708000,37928308,200290510,24325110,39928660,202003.0
108,A13511201,64410910,0,0,0,0,0,22146471,0,3000000,0,202003.0
109,A13551103,0,144169885,0,0,0,26190000,7533663,37289190,0,0,202003.0
110,A13590602,74649520,0,0,0,0,10311680,7763050,22550350,5122540,0,202003.0
111,A13511001,6,31119704,0,0,0,10886400,3542948,16963530,1585700,0,202003.0
112,A13511004,1510,279939850,0,0,0,39235000,18930197,103956389,3903180,0,202003.0
113,A13511101,75736810,0,0,0,0,12423000,2855830,33079600,0,13873040,202003.0
114,A13511003,0,72315126,0,0,0,33146050,8125356,38249960,5747590,0,202003.0
115,A13519002,0,0,279610,0,0,0,694226,13121660,-40170,7151770,202003.0
116,A13519006,9764290,26019590,0,0,-2400,23332140,10245731,33137500,278670,18689510,202003.0
117,A13519007,38772690,14565910,0,0,-28122730,28072430,11475090,27807280,513600,14299970,202003.0
118,A13519004,0,0,0,0,0,0,14517320,0,5408590,0,202003.0
119,A13519005,0,0,0,0,0,0,616,23284540,0,11113370,202003.0
120,A13519003,0,0,480800,0,0,0,3048740,11071490,187110,6402790,202003.0
121,A13519001,0,0,231100,0,0,0,2282840,10599650,0,6346880,202003.0
122,A10028172,28098680,12574800,0,0,-23181400,23124000,6461041,26738450,578520,14077620,202003.0
123,A13519008,1955980,17701090,0,0,0,19451000,7133645,19637510,0,9438280,202003.0
124,A13520003,4087290,30372010,0,0,0,39456760,10424505,59944180,0,18810720,202003.0
125,A13520004,2396500,14274340,0,0,0,13071560,6633758,14799900,311000,7938870,202003.0
126,A10027985,5943800,31294360,0,0,0,25868090,14604810,45985410,997580,20436450,202003.0
127,A13520002,0,0,0,0,0,0,15893490,60244240,573260,21066290,202003.0
128,A10023314,,,,,,,,,,,202003.0
129,A13520001,0,0,0,0,0,0,8018851,34560890,222170,16703330,202003.0
130,A10027909,0,0,26970,0,0,0,2535230,7650200,17510,3013390,202003.0
131,A10027912,0,0,116660,0,0,0,2390376,10879940,101810,4986380,202003.0
132,A13594702,3356060,39382710,0,0,-490,19800100,4976530,0,0,0,202003.0
133,A13523005,4363980,41247150,0,0,0,21572060,14005731,26255230,0,14410666,202003.0
134,A13523004,13641190,40856040,0,0,0,16173000,2321210,34447560,578110,8839170,202003.0
135,A13594701,6126287,32421500,0,0,0,14882400,6822473,18391730,718453,7184530,202003.0
136,A13593802,7662960,16375700,0,0,0,14768360,11272780,0,692090,0,202003.0
137,A13523003,6517130,25369680,0,0,0,12716790,752630,18037830,-910,10923440,202003.0
138,A13594402,23139460,0,3080,0,0,7711200,4415530,12626280,1133030,0,202003.0
139,A13593801,11285034,9167796,0,2545070,-9643500,13050870,3838240,20032560,627090,8264640,202003.0
140,A13594203,26388272,41596028,0,0,-22512200,22512200,4027260,34717370,7165650,12166210,202003.0
141,A13594403,56143610,0,0,0,0,21940000,8874590,26187720,171200,0,202003.0
142,A10027571,,,,,,,,,,,202003.0
143,A10025823,28254010,22633240,0,0,-22975240,21841450,13887520,43107360,410,15330910,202003.0
144,A10024216,,,,,,,,,,,202003.0
145,A13522003,3701090,0,0,0,0,0,2990170,0,702860,0,202003.0
146,A13522008,0,46282940,0,0,0,31695000,2696640,0,0,0,202003.0
147,A13522004,3811820,30338710,0,0,0,21508500,10301373,20965860,242120,13806780,202003.0
148,A13588402,20003560,26490310,0,0,-15995070,15973020,6975434,24139310,3245240,0,202003.0
149,A13522007,8909500,32418870,0,0,0,27369460,5267600,0,904610,0,202003.0
150,A13522006,8118840,27970730,0,0,0,19152000,4163630,21777860,0,0,202003.0
151,A13552001,,,62380,0,0,17625480,965470,463390,38610,5000,202003.0
152,A13552002,0,0,0,0,0,0,2638070,38247580,2159140,12089760,202003.0
153,A13588601,-3642020,13952470,0,0,0,13263900,3788090,10981170,758440,4593290,202003.0
154,A10025204,,,,,,,,,,,202003.0
155,A10027446,234040,17597760,0,0,0,22621380,4564960,34181880,95370,7765730,202003.0
156,A13550502,4195270,41551810,0,0,0,29466190,9033480,41014770,0,15152700,202003.0
157,A13527004,12659680,0,0,0,3828000,0,7746920,0,2857210,0,202003.0
158,A13585404,19577500,20269260,0,0,-17216050,17180730,6344360,23911070,0,8352300,202003.0
159,A13527002,4578610,7628580,0,0,-3600000,3600000,2473551,6773650,0,3532930,202003.0
160,A13527008,0,0,223200,0,0,0,1818962,13118930,23500,6408480,202003.0
161,A13527013,3434020,35562710,0,0,0,12951820,8819730,19001300,476370,5436680,202003.0
162,A13527203,17343730,170068920,0,0,0,111165600,54100740,158305040,-2796890,71903640,202003.0
163,A13585401,0,8945600,0,0,0,5770800,2659069,5080330,0,1827420,202003.0
164,A13586102,9808180,5286060,0,0,-3649860,3649860,1656000,8196900,-190660,4360920,202003.0
165,A13585804,6341320,42833790,0,0,0,48550500,27543390,39362280,1358440,0,202003.0
166,A13527007,2111410,17596590,0,0,0,10358400,6437279,17880150,201220,5301190,202003.0
167,A13527016,4841430,26210070,0,0,17500,12271000,9139442,15540140,2253310,8851270,202003.0
168,A13550403,38048160,0,0,0,0,0,18468473,0,7615830,0,202003.0
169,A13586101,0,0,0,0,0,0,740210,0,0,0,202003.0
170,A13527010,370,40431000,0,0,0,9496000,4379190,11337920,-570,7623750,202003.0
171,A13527019,3190410,18330460,0,0,0,13291020,9850150,20802620,94490,7394980,202003.0
172,A13527006,30632640,0,0,0,3485000,0,3597610,8531160,226430,4824070,202003.0
173,A10027319,3518290,3710850,0,0,-2888110,2888110,2695020,5878570,0,2180820,202003.0
174,A13550404,,,,,,,,,,,202003.0
175,A10024793,,,,,,,,,,,202003.0
