,kaptCode,heatC,heatP,gasC,gasP,waterHotC,waterHotP,electC,electP,waterCoolC,waterCoolP,Date
0,A13508012,2154950,53140,0,0,86450,5417800,4356070,31664930,245270,7622900,202008.0
1,A13579501,2385600,0,0,0,0,4384640,5356622,41954700,-468680,7700670,202008.0
2,A13592604,12371640,253440,0,0,-8680760,8661140,10136991,36678820,0,14924640,202008.0
3,A13508009,3439440,0,0,0,0,8494650,9285360,51032180,215200,10287520,202008.0
4,A13508004,0,0,0,0,0,2648700,2767380,9569350,496060,3891910,202008.0
5,A13508003,0,0,0,0,0,0,9618780,0,1300310,0,202008.0
6,A13579506,1886840,0,2920,0,0,2739070,4960572,41289570,0,5418620,202008.0
7,A13508006,2854620,0,0,0,0,4575620,5603275,25149450,0,6323270,202008.0
8,A13508011,2697760,11070,0,0,90,5652110,10086940,43136540,507680,9461810,202008.0
9,A13592601,2597840,0,0,0,0,6356650,2105108,26893780,45420,9303930,202008.0
10,A13592706,3665640,295490,0,6769560,-450,19533720,12035776,51852660,-2320,22936300,202008.0
11,A13579505,2529400,13600,0,0,0,5644610,8028723,49804540,0,12224860,202008.0
12,A13508005,0,0,0,0,0,0,250770,5174170,0,1987560,202008.0
13,A13579503,0,0,0,0,0,0,1925570,10682990,0,6509660,202008.0
14,A13592605,3431540,315940,0,5398320,0,8435180,8253660,64336250,0,15460860,202008.0
15,A13591402,0,0,0,0,0,0,2228908,18765370,420,4330190,202008.0
16,A10027474,2464160,0,0,0,244320,4498260,8727579,50024550,1760,7627040,202008.0
17,A10023825,,,,,,,,,,,202008.0
18,A10024820,,,,,,,,,,,202008.0
19,A10024813,,,,,,,,,,,202008.0
20,A13599303,8792190,0,0,0,-1157500,11080000,19315257,28836920,850840,0,202008.0
21,A13594007,2247390,0,0,2271500,0,8731800,3550780,0,455590,5720000,202008.0
22,A13580602,5377580,0,0,0,0,9617880,9497382,45204010,0,14740520,202008.0
23,A13524004,-1170,3256650,0,0,0,6832800,5486560,23446630,389760,8078040,202008.0
24,A13599402,0,7609900,0,0,0,9207500,4598040,30261360,0,14094850,202008.0
25,A13524005,3039360,0,0,0,-4580,6556700,7368820,27806470,1584960,0,202008.0
26,A13593908,552260,550800,0,0,0,8017800,1853430,0,0,0,202008.0
27,A13580001,1418210,0,0,0,0,3066800,2411775,12174460,-500,4626670,202008.0
28,A13524006,0,7049720,0,0,0,5021820,10610370,46328420,2858420,9695510,202008.0
29,A13593901,1870936,0,0,0,0,2756070,4790440,28142620,87430,2821370,202008.0
30,A13524009,4399620,127500,0,0,-2531500,13923250,5288520,38773950,2948630,12217490,202008.0
31,A13580002,1197400,0,0,0,0,4005660,2703511,14344870,137390,4403510,202008.0
32,A13599301,12386530,0,0,0,0,5694000,8771460,42036880,27620,0,202008.0
33,A10025203,6302461,0,0,0,-19936,12082510,40429149,94975650,1600820,21158970,202008.0
34,A10025675,11014540,0,0,0,0,23923630,61278236,184423370,526350,34126120,202008.0
35,A10023565,,,,,,,,,,,202008.0
36,A10024564,,,,,,,,,,,202008.0
37,A10023996,,,,,,,,,,,202008.0
38,A13510003,0,0,0,0,0,3390000,3822139,18912391,0,4999500,202008.0
39,A13510001,0,0,0,0,0,0,293880,7827580,-174720,3305800,202008.0
40,A13510201,867160,0,0,0,0,2380000,559230,8493570,0,3064580,202008.0
41,A13510203,0,0,0,0,0,0,756470,11068900,0,4057020,202008.0
42,A13510102,1617660,0,0,0,110,3239430,2127840,21880950,110,5973040,202008.0
43,A13510006,0,0,0,0,0,0,4747958,19290010,0,0,202008.0
44,A13510103,2116770,0,0,0,0,4959900,3996280,23770600,0,8172410,202008.0
45,A13510202,1322110,0,2150,0,0,3504000,3035660,12661670,475630,3131910,202008.0
46,A13576201,0,0,0,0,0,0,-409450,12818400,23350,0,202008.0
47,A13510005,4863600,0,0,0,0,10200000,7375887,57813060,2098280,10454530,202008.0
48,A13510009,0,0,0,0,0,0,4722000,29599200,4400,3705560,202008.0
49,A13510007,3673820,0,0,0,0,7472520,14841343,50161690,-1412910,9221730,202008.0
50,A10025280,,,,,,,,,,,202008.0
51,A10025755,,,,,,,,,,,202008.0
52,A10024640,,,,,,,,,,,202008.0
53,A13509001,0,0,20000,0,0,0,1747460,8299600,0,3593680,202008.0
54,A13570501,5002220,285600,0,0,0,9749700,14435034,86306350,0,17144910,202008.0
55,A13550701,1774578,0,0,0,0,4656462,6538541,31160550,0,6474060,202008.0
56,A13509005,38240,211790,0,0,266860,2633860,5793962,32333520,90200,6024300,202008.0
57,A13509004,0,0,0,0,0,0,117540,13267390,29700,5070350,202008.0
58,A13509010,5237090,0,0,0,0,11522700,15857747,90420100,114880,14515420,202008.0
59,A13509006,16610,0,0,0,0,0,3609748,17493760,0,6182110,202008.0
60,A13509003,0,0,0,0,0,0,1145279,10635660,-650,8729690,202008.0
61,A13509012,6036230,0,0,0,9280910,0,111836900,0,19815720,0,202008.0
62,A13509007,1521240,0,0,0,0,3068480,4062130,17064940,354280,6420990,202008.0
63,A13570502,,,,,,,,,,,202008.0
64,A13509013,,,,,,,,,,,202008.0
65,A13509101,0,0,0,0,0,0,1662850,10131950,0,3488000,202008.0
66,A13509009,12701760,1695000,0,0,-8377200,8377200,26264370,147527290,2699700,11695890,202008.0
67,A13509014,,,,,,,,,,,202008.0
68,A10026350,2404340,0,0,0,0,4108960,8401550,48430270,2272380,6549430,202008.0
69,A10026934,0,0,0,0,0,0,1967419,13747380,0,2261460,202008.0
70,A10024131,,,,,,,,,,,202008.0
71,A10023939,,,,,,,,,,,202008.0
72,A10024819,,,,,,,,,,,202008.0
73,A13528102,5403350,0,0,0,0,11509690,17429140,92556720,2327340,18082470,202008.0
74,A13528103,6847920,39760,0,0,0,12801250,17274104,195771100,1092070,21513200,202008.0
75,A13528004,17366990,0,0,0,0,39109500,33101680,200061940,0,60854180,202008.0
76,A13583604,-9218720,0,0,0,0,11875000,19452197,77960210,666290,19546000,202008.0
77,A13583701,2887240,0,0,0,1971600,7250400,9200331,46536780,0,11763370,202008.0
78,A13528003,2257610,0,0,0,0,18231500,4258991,80068580,-300630,19007880,202008.0
79,A13528007,3008420,0,0,0,0,3936600,10393290,46486940,937710,7896870,202008.0
80,A13528105,0,0,0,0,0,13573000,-20171470,101830160,0,22308790,202008.0
81,A13584101,2424330,20720,0,0,0,4307360,6890507,44294010,0,7600640,202008.0
82,A13583507,10000,16910320,0,0,0,62371820,49561974,276362060,-2414250,73718110,202008.0
83,A13583403,2548380,0,0,0,0,0,6905570,0,1248590,0,202008.0
84,A13583404,11400330,0,0,0,-5029200,5029200,12941928,49973050,574830,10976330,202008.0
85,A13583402,5464580,1632680,0,0,-6144000,6144000,7149010,26676350,1533940,6819760,202008.0
86,A10027800,7823590,0,0,0,0,24417120,43385839,213234230,411060,38757250,202008.0
87,A10025646,,,,,,,,,,,202008.0
88,A10026526,,,,,,,,,,,202008.0
89,A10024102,,,,,,,,,,,202008.0
90,A10024815,,,,,,,,,,,202008.0
91,A10026924,1460710,0,0,0,0,3081920,7921540,28352110,285210,5085880,202008.0
92,A10024799,,,,,,,,,,,202008.0
93,A10028094,,,,,,,,,,,202008.0
94,A10024029,,,,,,,,,,,202008.0
95,A10024814,,,,,,,,,,,202008.0
96,A10024805,0,0,0,0,0,0,8810600,0,0,0,202008.0
97,A13501004,0,0,0,0,0,0,5539150,20794190,178210,9501820,202008.0
98,A13501001,765360,0,0,0,0,0,7307782,53862050,969710,3595250,202008.0
99,A13582002,-963820,4159910,0,0,0,7952400,11321300,36014910,521190,0,202008.0
100,A13501007,,,,,,,,,,,202008.0
101,A13501008,,,,,,,,,,,202008.0
102,A13583301,0,0,0,0,0,0,3180770,12884410,0,2883000,202008.0
103,A13501006,6105020,0,0,0,-3956350,3933600,3605376,42396340,1562140,6083870,202008.0
104,A13501005,,,,,,,,,,,202008.0
105,A10024501,,,,,,,,,,,202008.0
106,A13590204,10362369,0,0,0,0,10869000,-3040968,72813430,1503661,0,202008.0
107,A13589802,17900506,46417834,0,0,-34270000,34270000,1809209,361653010,16775020,53408510,202008.0
108,A13511201,9686500,0,0,0,0,0,34879046,0,3500000,0,202008.0
109,A13551103,0,17742740,0,0,0,9408000,2187440,64560580,0,0,202008.0
110,A13590602,7714080,0,0,0,0,7949580,7285060,38243970,840880,0,202008.0
111,A13511001,2240220,2240280,0,0,0,6523200,7923660,31797610,0,0,202008.0
112,A13511004,-370,13525150,0,0,0,0,34518593,213847930,6541480,0,202008.0
113,A13511101,5417720,0,0,0,0,7857000,4795100,43339830,0,15185250,202008.0
114,A13511003,0,0,0,0,0,20899400,17469057,62924910,0,0,202008.0
115,A13519002,0,0,18700,0,0,0,1296140,13876220,0,8045060,202008.0
116,A13519006,5459540,65180,0,0,-1320,10095030,19163322,55172300,92310,19358500,202008.0
117,A13519007,13318950,76910,0,0,-8867240,8867240,17111910,44245550,1750810,14789250,202008.0
118,A13519004,0,0,0,0,0,0,17633030,0,5589800,0,202008.0
119,A13519005,0,0,0,0,0,0,6822689,37589670,175300,11243110,202008.0
120,A13519003,0,0,18400,0,0,0,2335400,12759400,176220,7017610,202008.0
121,A13519001,0,0,47120,0,0,0,1700730,11248500,0,7128330,202008.0
122,A10028172,3747730,0,0,0,0,8665990,13266517,45109170,682190,14664110,202008.0
123,A13519008,0,234560,0,0,0,7574956,3796805,28372720,0,9741110,202008.0
124,A13520003,0,7270800,0,0,0,11340140,22639382,99515890,0,19828300,202008.0
125,A13520004,2396500,123030,0,0,0,5816440,8356691,23507300,340410,7972830,202008.0
126,A10027985,0,331000,0,8324330,0,13462230,21594690,73640850,848770,20981840,202008.0
127,A13520002,0,0,0,0,0,0,22896550,74603730,654540,21901290,202008.0
128,A10023314,,,,,,,,,,,202008.0
129,A13520001,0,0,0,0,0,0,3715273,36027100,153400,18766350,202008.0
130,A10027909,0,0,10770,0,0,0,2917290,8436380,0,3150380,202008.0
131,A10027912,0,0,7640,0,0,0,2045132,12229780,681010,5017870,202008.0
132,A13594702,3355970,0,0,0,-280,11233860,3548150,0,0,0,202008.0
133,A13523005,4363980,0,0,0,0,8053300,7490374,44649790,0,15065800,202008.0
134,A13523004,6149000,0,0,0,0,8630400,860900,52440560,239380,10818020,202008.0
135,A13594701,2474720,664440,0,0,0,7423600,4430616,22295430,926270,9262700,202008.0
136,A13593802,2833220,759760,0,0,0,7710320,7836670,0,2603490,0,202008.0
137,A13523003,2930110,193120,0,0,0,5286540,414720,22516430,22220,10730880,202008.0
138,A13594402,1342880,0,2070,0,0,4039200,3734380,20705910,940170,0,202008.0
139,A13593801,2823470,0,0,2227420,-2172359,4154029,3543050,32731370,0,0,202008.0
140,A13594203,13967910,0,0,0,-13450180,13450180,2218000,45264090,4490040,14202550,202008.0
141,A13594403,2923980,0,0,0,0,12020000,9042400,47976930,1150240,0,202008.0
142,A10027571,605320,0,0,0,0,2248440,729280,5780600,287900,0,202008.0
143,A10025823,15256920,0,0,0,-10156300,9607580,23166867,64961160,0,16772200,202008.0
144,A10024216,,,,,,,,,,,202008.0
145,A13522003,768010,0,0,0,0,0,2663060,0,33150,0,202008.0
146,A13522008,0,0,0,0,0,15330000,2558880,0,0,0,202008.0
147,A13522004,3207320,501640,0,4131950,0,11683000,9429740,30912390,90900,13597750,202008.0
148,A13588402,4964910,0,0,0,-1440040,1440040,1561525,38873060,1702680,0,202008.0
149,A13522007,4015010,0,0,0,0,10093060,4395110,0,709540,0,202008.0
150,A13522006,3797080,0,0,0,0,7824200,-3592660,31842760,3074620,0,202008.0
151,A13552001,0,140290,690,0,0,6967800,743890,853970,53400,5000,202008.0
152,A13552002,0,0,0,0,0,0,2991656,38660270,1541830,14011660,202008.0
153,A13588601,3338740,94960,0,0,0,1822500,4192240,14197900,645580,5351240,202008.0
154,A10025204,,,,,,,,,,,202008.0
155,A10027446,51900,35530,0,0,0,18052930,9205030,66814360,105260,8743520,202008.0
156,A13550502,4195270,308540,-1476600,1451490,0,11433720,16113970,62143880,0,17664450,202008.0
157,A13527004,734570,0,0,0,2376000,2376000,10230960,10559510,3320280,3320080,202008.0
158,A13585404,10683260,65650,0,3079120,-7141080,7121190,8605290,50477330,0,8826700,202008.0
159,A13527002,1020150,0,0,0,0,0,1182643,11480990,0,3146350,202008.0
160,A13527008,0,0,8270,0,0,0,1597547,16865370,28420,7338080,202008.0
161,A13527013,3428460,0,0,0,0,7349316,8457216,30156590,473470,6588940,202008.0
162,A13527203,17343460,352910,0,0,0,46871000,55991480,272762660,-2739980,69891270,202008.0
163,A13585401,0,0,0,0,0,3212000,620332,7414160,0,1067990,202008.0
164,A13586102,3162580,216510,0,0,-2369540,2369540,5542570,8375540,-48600,4657270,202008.0
165,A13585804,10328320,0,0,0,-3987000,16051930,19369250,70542730,3129360,0,202008.0
166,A13527007,2111410,0,0,0,0,3734280,8156813,26789570,349100,5621110,202008.0
167,A13527016,2017140,33600,0,0,21000,6387500,6485255,21567710,326360,9111070,202008.0
168,A13550403,2133180,0,0,0,0,0,7846445,18867510,374060,7276600,202008.0
169,A13586101,0,0,0,0,0,0,719508,0,0,0,202008.0
170,A13527010,-920,176400,0,0,0,5757500,2039158,18074910,90,7731760,202008.0
171,A13527019,2885690,0,0,0,0,4651050,7308799,46293950,50780,7586220,202008.0
172,A13527006,1774180,0,0,0,1781600,0,2896980,13971830,572530,4801910,202008.0
173,A10027319,1645260,14200,0,0,-1015070,1015070,3164360,9004220,0,2218870,202008.0
174,A13550404,,,,,,,,,,,202008.0
175,A10024793,0,0,0,0,0,0,1682210,0,0,0,202008.0
