,kaptCode,heatC,heatP,gasC,gasP,waterHotC,waterHotP,electC,electP,waterCoolC,waterCoolP,Date
0,A13508012,2237390,6738660,0,0,72330,11925880,6375240,20762660,72730,7615300,202004.0
1,A13579501,2385600,9396100,0,0,0,11435310,4561598,20005490,216570,7694430,202004.0
2,A13592604,24598610,15236770,0,0,-18999000,18984000,8126986,26200450,0,13909420,202004.0
3,A13508009,3335520,18082260,0,0,0,15268500,10099200,22307130,172750,9474020,202004.0
4,A13508004,0,4394050,0,0,0,3832440,2175550,8068610,0,4512270,202004.0
5,A13508003,0,0,0,0,0,0,2965700,0,1269290,0,202004.0
6,A13579506,1886840,7843360,0,0,0,4637970,3667273,17528790,0,5284890,202004.0
7,A13508006,5879780,8309800,0,0,0,9231300,4378638,25208200,0,5928010,202004.0
8,A13508011,2697760,10941890,0,0,-410,14275850,7658400,32053750,-59910,9333010,202004.0
9,A13592601,5925710,10338040,0,0,0,16880840,4605056,26357770,842990,9523510,202004.0
10,A13592706,3665640,29001580,0,7977900,5700,33104300,8596705,33791960,-4730,23167420,202004.0
11,A13579505,2529400,11794400,0,0,0,11846120,5254144,26908910,0,12003830,202004.0
12,A13508005,0,0,0,0,0,0,874210,3767570,58110,2112840,202004.0
13,A13579503,0,0,0,0,0,0,2457650,9060950,0,6259170,202004.0
14,A13592605,3431540,17535370,0,6074420,0,21184980,6563950,34299220,0,15756750,202004.0
15,A13591402,0,0,0,0,0,0,2238113,10106210,-360,3879170,202004.0
16,A10027474,2464160,6351980,0,0,868530,10451360,5740280,22218980,181180,7817050,202004.0
17,A10023825,,,,,,,,,,,202004.0
18,A10024820,,,,,,,,,,,202004.0
19,A10024813,,,,,,,,,,,202004.0
20,A13599303,0,69661500,0,0,0,15747500,11126520,28415310,5061760,0,202004.0
21,A13594007,2769880,15730100,0,2644860,0,15613200,3539400,0,483120,4358310,202004.0
22,A13580602,5377580,29971510,0,0,0,18234050,7699327,29927340,0,15914380,202004.0
23,A13524004,-240,31471650,0,0,0,11477700,5066980,15550030,317580,6858360,202004.0
24,A13599402,0,77380500,0,0,0,18502500,5424900,26894360,0,8328930,202004.0
25,A13524005,3025970,22940820,0,0,0,9779200,6917590,18365170,3169920,0,202004.0
26,A13593908,2637410,19766350,0,0,0,20832000,1832980,0,0,0,202004.0
27,A13580001,1416520,11015830,0,0,0,5682300,3033650,8117210,-190,4743930,202004.0
28,A13524006,0,53059660,0,0,0,8791290,10530910,22705770,4799480,8426630,202004.0
29,A13593901,1961080,7550730,0,0,0,6884000,4258830,14294770,0,2958950,202004.0
30,A13524009,4613280,32162080,0,0,-3887500,28767500,9132420,28951470,4516400,9448720,202004.0
31,A13580002,-1957,8639100,0,0,0,7776260,1930351,8003390,186430,3567360,202004.0
32,A13599301,52020250,0,0,0,0,11084000,8019220,23838200,27620,0,202004.0
33,A10025203,6302461,21946140,0,0,-5796,29617580,26413192,61826900,2848471,20776049,202004.0
34,A10025675,8929350,28465390,0,0,0,46906840,27593732,94206820,1899830,30765560,202004.0
35,A10023565,,,,,,,,,,,202004.0
36,A10024564,,,,,,,,,,,202004.0
37,A10023996,,,,,,,,,,,202004.0
38,A13510003,1411930,9783890,0,0,0,4462500,3932510,14410530,0,4621620,202004.0
39,A13510001,0,0,0,0,0,0,924940,6561650,0,2941390,202004.0
40,A13510201,869480,6444000,0,0,0,3679200,1135360,7000120,0,3201430,202004.0
41,A13510203,0,0,0,0,0,0,664480,10218200,0,3734350,202004.0
42,A13510102,1617580,10532820,0,0,0,6594000,3104540,12644090,360,5501480,202004.0
43,A13510006,0,0,0,0,0,0,2937878,17053620,0,0,202004.0
44,A13510103,2478730,17301900,0,0,0,7394800,4085410,13712600,0,7061310,202004.0
45,A13510202,12720200,0,70130,0,0,6020000,2323980,6537440,332750,2621340,202004.0
46,A13576201,0,0,0,0,0,0,852380,10658920,32100,0,202004.0
47,A13510005,4864070,27009320,0,0,0,21485600,4500200,32437750,4037010,8152120,202004.0
48,A13510009,0,0,0,0,0,0,3360460,12332310,2800,3678730,202004.0
49,A13510007,6867820,10472570,0,0,0,15556050,15243150,25093050,-943190,8818750,202004.0
50,A10025280,,,,,,,,,,,202004.0
51,A10025755,,,,,,,,,,,202004.0
52,A10024640,,,,,,,,,,,202004.0
53,A13509001,0,0,253180,0,0,0,1826000,7189580,0,3571500,202004.0
54,A13570501,6866620,26557700,0,0,0,13457400,10681428,38801240,-10,16606490,202004.0
55,A13550701,1774578,9409072,0,0,0,11041300,4190745,21930010,0,6935700,202004.0
56,A13509005,70330,8712240,0,0,6443920,6443920,3917861,16797850,113920,6077100,202004.0
57,A13509004,0,0,0,0,0,0,941020,10089070,104470,4317820,202004.0
58,A13509010,5181580,20358100,0,0,0,25014100,11061335,47890210,111640,15619130,202004.0
59,A13509006,157000,0,0,0,0,0,2463938,8892730,0,5843140,202004.0
60,A13509003,0,0,0,0,0,0,1574080,8674200,-370,8633440,202004.0
61,A13509012,16742340,0,0,0,40275300,0,58337820,0,20984800,0,202004.0
62,A13509007,1945770,10955980,0,0,0,6112400,2838330,12892980,540430,6268780,202004.0
63,A13570502,,,,,,,,,,,202004.0
64,A13509013,,,,,,,,,,,202004.0
65,A13509101,0,0,0,0,0,0,1410700,7157920,0,3486010,202004.0
66,A13509009,19685670,26313960,0,0,-15237300,15237300,12474850,52725460,1911840,11374530,202004.0
67,A13509014,,,,,,,,,,,202004.0
68,A10026350,-447410,6261910,0,0,0,9948900,6068080,22383490,392500,6579210,202004.0
69,A10026934,0,0,7720,0,0,0,2966046,9144850,0,2748590,202004.0
70,A10024131,,,,,,,,,,,202004.0
71,A10023939,,,,,,,,,,,202004.0
72,A10024819,,,,,,,,,,,202004.0
73,A13528102,5403350,36114700,0,0,0,15457720,12349400,48092240,1187790,18661460,202004.0
74,A13528103,10050900,29317320,0,0,0,28591500,15453375,71544370,430690,21897040,202004.0
75,A13528004,24890160,86870880,0,0,0,61684200,17591080,140215940,0,62274250,202004.0
76,A13583604,52063858,0,0,0,0,20527500,6464850,50284480,903670,15409300,202004.0
77,A13583701,2887240,19271180,0,0,3438080,17240960,3971959,24995190,0,9885830,202004.0
78,A13528003,6690730,31048240,0,0,0,34357500,8506720,41802900,133170,15174860,202004.0
79,A13528007,3441440,5713400,0,0,0,8694400,6720760,28496810,1844530,7489440,202004.0
80,A13528105,-3100,36148350,0,0,0,28157500,3101280,72307240,2466770,15287700,202004.0
81,A13584101,2424330,9490800,0,0,0,11865480,5057236,21223200,0,6602570,202004.0
82,A13583507,780,343408240,0,0,0,91810740,41663504,149133360,2428640,56865740,202004.0
83,A13583403,30105060,0,0,0,0,11403040,4571040,17246280,736840,5917570,202004.0
84,A13583404,51539240,0,0,0,-9376200,9376200,7757750,27337700,683050,11005900,202004.0
85,A13583402,4510470,22636880,0,0,-5404000,5404000,4423880,13586980,2757870,5572460,202004.0
86,A10027800,8570126,20512800,0,0,0,60826500,25833249,110500480,1804920,36451920,202004.0
87,A10025646,,,,,,,,,,,202004.0
88,A10026526,,,,,,,,,,,202004.0
89,A10024102,,,,,,,,,,,202004.0
90,A10024815,,,,,,,,,,,202004.0
91,A10026924,1573110,4842050,0,0,0,6823150,3839610,15881710,327610,4996280,202004.0
92,A10024799,,,,,,,,,,,202004.0
93,A10028094,,,,,,,,,,,202004.0
94,A10024029,,,,,,,,,,,202004.0
95,A10024814,,,,,,,,,,,202004.0
96,A10024805,0,0,0,0,0,0,6440780,0,0,0,202004.0
97,A13501004,0,0,103810,0,0,0,6523120,16920690,428380,9012090,202004.0
98,A13501001,464380,0,0,0,0,0,5419589,25904630,239020,4514730,202004.0
99,A13582002,-1866970,41855570,0,0,0,12276000,8690310,17319510,498730,0,202004.0
100,A13501007,,,,,,,,,,,202004.0
101,A13501008,,,,,,,,,,,202004.0
102,A13583301,0,0,0,0,0,0,3083960,6318850,0,2726820,202004.0
103,A13501006,11227800,5599500,0,0,-9079580,9020860,974976,21026090,683920,5815400,202004.0
104,A13501005,,,,,,,,,,,202004.0
105,A10024501,,,,,,,,,,,202004.0
106,A13590204,77861339,0,0,0,0,18630000,5454983,45337200,437191,0,202004.0
107,A13589802,18580556,364658134,0,0,-48500000,48500000,22716649,190596950,23990270,45047870,202004.0
108,A13511201,40947490,0,0,0,0,0,23128951,0,3000000,0,202004.0
109,A13551103,0,96629064,0,0,0,14884000,6118783,40871270,0,0,202004.0
110,A13590602,56212150,0,0,0,0,10626560,4985160,20602710,1002800,0,202004.0
111,A13511001,0,17165820,0,0,0,10959840,2474617,19693150,0,0,202004.0
112,A13511004,2160,210630230,0,0,0,38689250,17555395,97300160,4074300,0,202004.0
113,A13511101,45241990,0,0,0,0,14196000,4282800,28380790,0,16835290,202004.0
114,A13511003,0,34711448,0,0,0,28078900,7699810,34427180,0,0,202004.0
115,A13519002,0,0,169240,0,0,0,1059190,12562940,0,7402440,202004.0
116,A13519006,8209450,15208870,0,0,-2400,20179560,12893765,26508100,1531930,16831100,202004.0
117,A13519007,32402680,7721470,0,0,-27480000,27430000,10666220,25602000,827920,14956840,202004.0
118,A13519004,0,0,0,0,0,0,13282430,0,5101430,0,202004.0
119,A13519005,0,0,0,0,0,0,326300,21373890,0,10309660,202004.0
120,A13519003,0,0,304130,0,0,0,145010,11526240,110470,6604620,202004.0
121,A13519001,0,0,275120,0,0,0,1124130,11066740,0,6922000,202004.0
122,A10028172,4320820,6738120,0,0,0,19368600,6368130,24591750,0,13336820,202004.0
123,A13519008,866050,10900950,0,0,0,16777300,7190798,16889260,0,9968890,202004.0
124,A13520003,1797130,19606240,0,0,0,33156450,9767375,54928640,0,17150200,202004.0
125,A13520004,2396500,7241740,0,0,0,11596030,5291330,13399200,395930,7480750,202004.0
126,A10027985,5943800,17419720,0,9745340,0,22111290,13783980,42187100,2621520,19527010,202004.0
127,A13520002,0,0,0,0,0,0,14906840,62492220,207200,20068530,202004.0
128,A10023314,,,,,,,,,,,202004.0
129,A13520001,0,0,0,0,0,0,2867387,38557220,-532680,18160730,202004.0
130,A10027909,0,0,23890,0,0,0,2081580,8092040,0,2883290,202004.0
131,A10027912,0,0,134310,0,0,0,850885,11528390,32360,5582660,202004.0
132,A13594702,3356170,24452120,0,0,-110,19981550,4481540,0,0,0,202004.0
133,A13523005,4363980,25406700,0,0,0,18523740,7602792,26117600,0,13229200,202004.0
134,A13523004,10976730,26735360,0,0,0,14598900,525010,30006680,86150,8357070,202004.0
135,A13594701,4666211,20478700,0,0,0,13665600,7268800,18988790,711879,7118790,202004.0
136,A13593802,7670530,6692340,0,0,0,10478120,9933470,0,677471,0,202004.0
137,A13523003,5355340,15724640,0,0,0,11789320,330390,19224900,-920,9971910,202004.0
138,A13594402,16252320,0,3090,0,0,7254000,4004520,11555530,1133030,0,202004.0
139,A13593801,9186500,5928480,0,2413580,-7812000,10572240,3474370,22121560,0,0,202004.0
140,A13594203,22800570,26166321,0,0,-20122100,20122100,3646260,31318120,6385380,11887180,202004.0
141,A13594403,34028400,0,0,0,0,20668000,6714490,25446410,346100,0,202004.0
142,A10027571,605290,5182930,0,0,0,3549200,1058250,4888660,574890,0,202004.0
143,A10025823,23336030,11298710,0,0,-18235410,17946050,12528860,46468270,0,16877590,202004.0
144,A10024216,,,,,,,,,,,202004.0
145,A13522003,2623500,13060340,0,0,0,11525500,2555540,0,589350,0,202004.0
146,A13522008,0,31851350,0,0,0,27618000,2072390,0,0,0,202004.0
147,A13522004,3356660,19362280,0,4852530,0,19753500,10293433,22263850,323090,13214900,202004.0
148,A13588402,17529450,15627480,0,0,-14296800,14270160,2624414,23016680,3260880,0,202004.0
149,A13522007,7206190,18269640,0,0,0,21711850,4623420,0,661000,0,202004.0
150,A13522006,6449560,14721080,0,0,0,17672000,3323110,23317200,5951750,0,202004.0
151,A13552001,1583836,14254524,14680,0,0,18391100,673780,449150,65990,5000,202004.0
152,A13552002,0,0,0,0,0,0,2729141,36862620,1150820,12442920,202004.0
153,A13588601,316960,7700400,0,0,0,11468400,3339880,11552180,363280,4235050,202004.0
154,A10025204,,,,,,,,,,,202004.0
155,A10027446,320810,10123680,0,0,0,20566090,4474810,30329350,20,7811130,202004.0
156,A13550502,4195270,26270640,0,0,0,23292770,10565450,33861310,0,16512060,202004.0
157,A13527004,7562830,6288370,0,0,3792000,3792000,6783340,5888890,3543890,3153270,202004.0
158,A13585404,19503600,11368750,0,3374320,-17142150,17099620,6184900,22113880,0,8955160,202004.0
159,A13527002,4248390,4709230,0,0,-3287500,3287500,2129601,6263240,0,3583790,202004.0
160,A13527008,0,0,123690,0,0,0,1698650,13507820,23320,6247080,202004.0
161,A13527013,3434020,20218180,0,0,0,13592950,4854900,17423820,795850,6234810,202004.0
162,A13527203,17343830,93886080,0,0,0,102410100,45585283,146529190,-3941430,68313030,202004.0
163,A13585401,0,5078400,0,0,0,5304600,2642385,5420240,0,1679790,202004.0
164,A13586102,9211400,1289120,0,0,-3177500,3177500,767800,8205410,-54580,4415720,202004.0
165,A13585804,6341370,30832100,0,0,0,34078500,16518650,39679190,3770440,0,202004.0
166,A13527007,2111410,9737020,0,0,0,9613500,6273416,19188520,279800,5490970,202004.0
167,A13527016,4822270,15336950,0,0,52500,10661000,7577029,14085590,1055080,8840750,202004.0
168,A13550403,10688500,17982060,0,0,-11187000,11187000,4620686,11759240,2636100,6891580,202004.0
169,A13586101,0,0,0,0,0,0,537920,0,0,0,202004.0
170,A13527010,210,26126100,0,0,0,10328000,3220486,10773760,0,8637400,202004.0
171,A13527019,3170320,10861330,0,0,0,10987200,8904692,18833820,457760,7604390,202004.0
172,A13527006,24594590,0,0,0,2742100,0,3413040,8823670,848760,4755550,202004.0
173,A10027319,2732940,1889890,0,0,-2102790,2102790,2382950,6063850,0,2264940,202004.0
174,A13550404,,,,,,,,,,,202004.0
175,A10024793,,,,,,,,,,,202004.0
