,kaptCode,heatC,heatP,gasC,gasP,waterHotC,waterHotP,electC,electP,waterCoolC,waterCoolP,Date
0,A13508012,2154950,39140,0,0,64200,5787810,2058170,39120060,3050,7735200,202009.0
1,A13579501,2385600,52600,0,0,0,4775490,3598869,23987420,-584740,8187100,202009.0
2,A13592604,13596980,229220,0,4762260,-9821960,9815180,11804126,43417370,0,15074210,202009.0
3,A13508009,3416650,286120,0,0,0,8349000,10498710,27825050,203220,10299500,202009.0
4,A13508004,0,0,0,0,0,2498280,2045770,13188430,0,3823990,202009.0
5,A13508003,0,0,0,0,0,0,5906470,0,1102800,0,202009.0
6,A13579506,1886840,0,0,0,0,2977750,3039804,21963050,0,5396330,202009.0
7,A13508006,2854620,358900,0,0,0,5089220,755380,40720956,0,6279480,202009.0
8,A13508011,2697760,204090,0,0,1280,6515170,8367290,50576070,-40940,9163230,202009.0
9,A13592601,2597840,0,0,0,0,7004260,996259,44024930,84350,9793930,202009.0
10,A13592706,3665640,663600,0,0,1260,18785550,7113704,47390940,-2980,22562700,202009.0
11,A13579505,2529400,145600,0,0,0,6182720,5003515,29503550,0,11629230,202009.0
12,A13508005,0,0,0,0,0,0,765610,5176650,77460,2133840,202009.0
13,A13579503,0,0,0,0,0,0,1557790,16684160,0,0,202009.0
14,A13592605,3431540,17910,0,0,0,8644470,4544300,38931530,0,15463980,202009.0
15,A13591402,0,0,0,0,0,0,2042770,11798890,60,4670930,202009.0
16,A10027474,2464160,109230,0,0,262000,4915500,4944318,29424000,47020,8123610,202009.0
17,A10023825,,,,,,,,,,,202009.0
18,A10024820,,,,,,,,,,,202009.0
19,A10024813,,,,,,,,,,,202009.0
20,A13599303,8785080,0,0,0,1262500,9922500,4455835,41717510,2494560,0,202009.0
21,A13594007,2246900,0,0,1927770,0,8149800,2971540,0,471070,5578900,202009.0
22,A13580602,5377580,0,0,0,0,10939230,9421480,40224920,0,16001600,202009.0
23,A13524004,280,3134850,0,0,0,7679100,5654830,23007600,344680,8002400,202009.0
24,A13599402,0,7401500,0,6438940,0,10255000,120470,38544570,0,15956000,202009.0
25,A13524005,3039360,0,0,0,-830,7920410,6109680,25952990,1892800,0,202009.0
26,A13593908,642630,940810,0,0,0,9028800,1499580,0,1603100,0,202009.0
27,A13580001,1473060,0,0,0,0,3531330,2626198,10418750,-280,4530750,202009.0
28,A13524006,-750,12171180,0,0,0,5477220,3363490,31330230,3163490,9771940,202009.0
29,A13593901,1874830,381900,0,0,0,3766500,4039100,15932000,85990,2777870,202009.0
30,A13524009,4644880,2089100,0,0,-2782450,15177000,4772480,43016410,3198430,10115870,202009.0
31,A13580002,1367670,0,0,0,0,4491620,1462831,8545840,105410,4170160,202009.0
32,A13599301,12367100,0,0,0,0,8346000,6731390,26483990,27620,0,202009.0
33,A10025203,6302461,448000,0,6884670,-11,14875500,31186306,94014730,2050450,21021100,202009.0
34,A10025675,11067230,1209110,0,0,0,26575820,36508582,113825780,141000,34756880,202009.0
35,A10023565,,,,,,,,,,,202009.0
36,A10024564,,,,,,,,,,,202009.0
37,A10023996,,,,,,,,,,,202009.0
38,A13510003,10,353480,0,0,0,3620000,4253230,24321210,-770,4450200,202009.0
39,A13510001,0,0,0,0,0,0,869390,10532590,-118810,2927140,202009.0
40,A13510201,864520,0,0,0,0,2538220,508030,12524720,0,3269180,202009.0
41,A13510203,0,0,0,0,0,0,732910,16580400,0,4439860,202009.0
42,A13510102,1617660,0,0,0,520,3400570,2748370,12943800,-70,5796480,202009.0
43,A13510006,0,0,0,0,0,0,4099558,27518910,-37770,12203270,202009.0
44,A13510103,2116770,0,0,0,0,5118400,2797590,15184400,189260,7077990,202009.0
45,A13510202,604620,0,2080,0,0,3912000,2131100,7348910,13930,3286920,202009.0
46,A13576201,0,0,0,0,0,0,385990,18098820,0,0,202009.0
47,A13510005,4863600,0,0,0,0,11983070,4382835,35833090,743180,10843920,202009.0
48,A13510009,0,0,0,0,0,0,3103200,18062110,3350,3095280,202009.0
49,A13510007,3719120,367030,0,0,0,8172150,15378608,73662290,-337280,8773830,202009.0
50,A10025280,,,,,,,,,,,202009.0
51,A10025755,,,,,,,,,,,202009.0
52,A10024640,,,,,,,,,,,202009.0
53,A13509001,0,0,17990,0,0,0,2061120,9785590,0,3720080,202009.0
54,A13570501,5245110,1382400,0,0,0,10425900,9642484,48425890,-100,14796530,202009.0
55,A13550701,1774578,82112,0,0,0,5799700,5423244,34592730,0,7111210,202009.0
56,A13509005,351560,351560,0,0,3358530,3358530,3346959,19953290,116570,6227550,202009.0
57,A13509004,0,0,0,0,0,0,118080,15353360,82900,4433920,202009.0
58,A13509010,5127500,0,0,0,0,13534000,9725693,54181950,25010,16366630,202009.0
59,A13509006,11160,0,0,0,0,0,2616131,10800700,0,6238620,202009.0
60,A13509003,0,0,0,0,0,0,1455100,11562914,0,0,202009.0
61,A13509012,6036230,0,0,0,13561310,0,70922500,0,22154010,0,202009.0
62,A13509007,1556810,351540,0,0,0,3984000,3393930,18641040,226240,7115410,202009.0
63,A13570502,,,,,,,,,,,202009.0
64,A13509013,,,,,,,,,,,202009.0
65,A13509101,0,0,0,0,0,0,1523520,9495500,0,3618790,202009.0
66,A13509009,14781570,3070210,0,0,-10377900,10377900,14068050,68399980,7603430,11672520,202009.0
67,A13509014,,,,,,,,,,,202009.0
68,A10026350,2456120,107630,0,0,0,4783250,5306520,27555320,896580,6703630,202009.0
69,A10026934,0,0,0,0,0,0,1894371,8658230,0,2933810,202009.0
70,A10024131,,,,,,,,,,,202009.0
71,A10023939,,,,,,,,,,,202009.0
72,A10024819,,,,,,,,,,,202009.0
73,A13528102,5403350,0,0,0,0,12310050,10686840,56337670,2179710,17804740,202009.0
74,A13528103,7257360,119280,0,0,0,13896400,13619856,92405310,827030,21066430,202009.0
75,A13528004,17366990,0,0,15063560,0,43648200,16122900,208650380,0,64523500,202009.0
76,A13583604,-18514350,0,0,271200,0,14372500,3097046,64330550,669180,20581470,202009.0
77,A13583701,2887240,0,0,3929810,768960,8042040,4209234,31357450,0,12818620,202009.0
78,A13528003,-2633650,0,0,5524930,0,26725500,4838688,45695380,2164800,17341020,202009.0
79,A13528007,2996380,0,0,0,0,4634000,8461930,54237660,934120,7374840,202009.0
80,A13528105,0,0,0,0,0,14168000,-27899320,98609060,616340,21440820,202009.0
81,A13584101,2424330,1267620,0,0,0,5962950,4919425,26077440,0,7523350,202009.0
82,A13583507,10640,21686280,0,0,0,59956960,7535119,181000380,17413950,61440050,202009.0
83,A13583403,2406330,0,0,0,0,7891840,2455500,20544840,858290,7063280,202009.0
84,A13583404,12182660,0,0,0,-5436000,5436000,3540820,37152710,556170,9918370,202009.0
85,A13583402,6376420,1266160,0,0,-6788000,6788000,3336770,15072360,1554280,7388810,202009.0
86,A10027800,7625520,0,0,0,0,26894840,24099673,131695940,3681160,38722180,202009.0
87,A10025646,,,,,,,,,,,202009.0
88,A10026526,,,,,,,,,,,202009.0
89,A10024102,,,,,,,,,,,202009.0
90,A10024815,,,,,,,,,,,202009.0
91,A10026924,1459620,28530,0,0,0,3347040,6270530,33318280,363860,4985010,202009.0
92,A10024799,,,,,,,,,,,202009.0
93,A10028094,,,,,,,,,,,202009.0
94,A10024029,,,,,,,,,,,202009.0
95,A10024814,,,,,,,,,,,202009.0
96,A10024805,0,0,0,0,0,0,8799540,0,4807350,0,202009.0
97,A13501004,0,0,5160,0,0,0,4599240,26888310,121830,9917560,202009.0
98,A13501001,841680,0,0,0,0,0,5670042,25537140,859140,3951240,202009.0
99,A13582002,-630270,3022940,0,0,0,9194400,5807460,20116390,304820,0,202009.0
100,A13501007,,,,,,,,,,,202009.0
101,A13501008,,,,,,,,,,,202009.0
102,A13583301,0,0,0,0,0,0,3143820,7553560,0,2949980,202009.0
103,A13501006,6491460,26250,0,0,-4342940,4319350,325306,25835810,1443560,5650270,202009.0
104,A13501005,,,,,,,,,,,202009.0
105,A10024501,,,,,,,,,,,202009.0
106,A13590204,8525382,0,0,0,0,12546000,-5994050,71107570,542248,0,202009.0
107,A13589802,5863418,75037422,0,0,-31616000,31616000,1415101,249790690,26380360,49331670,202009.0
108,A13511201,10000590,0,0,0,0,0,33246566,0,3500000,0,202009.0
109,A13551103,0,20835428,0,0,0,9912000,4961590,56048120,0,0,202009.0
110,A13590602,9715210,0,0,0,0,7535040,3545500,24376200,1903090,0,202009.0
111,A13511001,2078190,2078118,0,0,0,7434720,1971063,25556370,1144480,0,202009.0
112,A13511004,-1070,53768390,0,0,0,18968500,10969139,132310290,175190,0,202009.0
113,A13511101,7244520,0,0,0,0,7548000,1008920,37425620,0,13674280,202009.0
114,A13511003,0,0,0,0,0,19720800,900557,45783010,6261700,0,202009.0
115,A13519002,0,0,22920,0,0,0,1231020,21226400,0,7691680,202009.0
116,A13519006,5603260,317760,0,0,80,10890850,9170992,32702500,84700,18180900,202009.0
117,A13519007,14741530,170390,0,0,-7318400,7318400,10177300,27956930,905800,13994890,202009.0
118,A13519004,0,0,-370380,360480,0,0,587240,11494280,182960,5155890,202009.0
119,A13519005,0,0,0,0,0,0,1786460,21358710,11130,10752280,202009.0
120,A13519003,0,0,19400,0,0,0,1898270,19350010,21400,6990710,202009.0
121,A13519001,0,0,17470,0,0,0,1350830,16319140,0,7072560,202009.0
122,A10028172,3915280,304720,0,0,0,9508200,6858830,25351590,0,13639160,202009.0
123,A13519008,201300,920220,0,0,0,8961000,6244993,16980160,0,8127640,202009.0
124,A13520003,0,7405890,0,0,0,13255310,10223691,58829440,0,20915300,202009.0
125,A13520004,2396500,88280,0,0,0,6242860,4817791,14260500,421020,7557060,202009.0
126,A10027985,0,779990,0,0,0,16016710,13887100,45574910,128120,19903450,202009.0
127,A13520002,0,0,0,0,0,0,18951120,102155040,709240,21002880,202009.0
128,A10023314,,,,,,,,,,,202009.0
129,A13520001,0,0,0,0,0,0,3396867,61435390,232350,18722540,202009.0
130,A10027909,0,0,9030,0,0,0,3675960,12894160,13830,2927070,202009.0
131,A10027912,0,0,7970,0,0,0,2589672,18405070,86620,5647250,202009.0
132,A13594702,3355970,0,0,0,-1000,13312020,2909690,0,0,0,202009.0
133,A13523005,4363980,967800,0,0,0,9842400,7411115,25023940,0,12801122,202009.0
134,A13523004,6352740,1074850,0,0,0,10678500,577450,32716660,430850,10565820,202009.0
135,A13594701,2495550,897000,0,0,0,9106500,2718025,28367030,892300,8923000,202009.0
136,A13593802,2833220,14313610,0,0,0,9832300,6893750,0,3500000,0,202009.0
137,A13523003,3132850,675900,0,0,0,6701760,377210,27284710,-590,9639690,202009.0
138,A13594402,0,0,2030,0,0,5648400,2366720,12825260,651580,0,202009.0
139,A13593801,4137560,0,0,1800950,-3485767,5496057,3070790,35541600,1883920,9614880,202009.0
140,A13594203,16206820,0,0,0,-16195920,16195920,2176930,32201330,5002470,14805630,202009.0
141,A13594403,2828180,0,0,0,0,13548000,3308060,30621610,0,0,202009.0
142,A10027571,605320,0,0,0,425400,3019570,1676900,6029080,220700,0,202009.0
143,A10025823,16227140,153050,0,0,-11126520,10877670,19178467,80177050,0,17182970,202009.0
144,A10024216,,,,,,,,,,,202009.0
145,A13522003,8134130,0,0,0,0,7188480,2332220,0,417960,0,202009.0
146,A13522008,0,1667810,0,0,0,18651000,2276890,0,0,0,202009.0
147,A13522004,3207320,1995280,0,0,0,13174600,12404223,34668880,103070,12788780,202009.0
148,A13588402,4846630,0,0,0,-1043940,1043940,-3237907,29130210,1520710,0,202009.0
149,A13522007,4331140,2365080,0,0,0,13620650,3921580,0,996860,0,202009.0
150,A13522006,3945950,0,0,0,0,9295940,1166570,30682660,0,0,202009.0
151,A13552001,0,1162370,0,0,0,8288000,405100,677170,141300,5000,202009.0
152,A13552002,0,0,0,0,0,0,2289183,60955920,1223180,13162120,202009.0
153,A13588601,-1149190,390750,0,0,0,7786200,3176740,16758400,146140,5451500,202009.0
154,A10025204,,,,,,,,,,,202009.0
155,A10027446,60170,293550,0,0,0,15134170,5269780,35298400,66870,7820900,202009.0
156,A13550502,4195270,1146980,-1366160,1342570,0,13289720,8584250,43117150,0,16033520,202009.0
157,A13527004,787510,0,0,0,2664000,2664000,6336500,6859000,2939870,2939870,202009.0
158,A13585404,11032000,1920,0,0,-7489820,7476520,5526720,29797200,0,8518270,202009.0
159,A13527002,1925068,0,0,0,-977500,977500,547772,7053950,0,3428670,202009.0
160,A13527008,0,0,7560,0,0,0,1329543,18956310,14340,6060000,202009.0
161,A13527013,3434020,0,0,0,0,8793530,1352783,21620310,421230,7177780,202009.0
162,A13527203,17343310,1590340,0,0,0,54405860,53433531,169920480,-3672000,68314110,202009.0
163,A13585401,0,0,0,0,0,3572000,1491184,6538570,0,1187690,202009.0
164,A13586102,-27300,3843960,0,0,-2395680,2395680,1122980,7923650,441490,4215750,202009.0
165,A13585804,6341320,0,0,0,0,15878040,9828100,44208720,2148380,0,202009.0
166,A13527007,2111410,0,0,0,0,4256710,6251237,26918960,310410,5301990,202009.0
167,A13527016,3345380,33600,0,0,24500,6342000,1535659,18676670,2831450,8563230,202009.0
168,A13550403,2657110,0,0,0,0,0,35595,17784700,326250,6933960,202009.0
169,A13586101,0,0,0,0,0,0,718518,0,0,0,202009.0
170,A13527010,-940,625500,0,0,0,6023500,2006737,12317370,-80,7550820,202009.0
171,A13527019,2872700,344850,0,0,0,5081670,8147671,22386660,397250,7738870,202009.0
172,A13527006,2795970,0,0,0,1958400,0,1313050,12270370,94430,4820830,202009.0
173,A10027319,1744630,40510,0,0,-1114440,1114440,2480960,9000190,0,2305110,202009.0
174,A13550404,,,,,,,,,,,202009.0
175,A10024793,0,0,0,0,0,0,1475810,0,0,0,202009.0
