,kaptCode,heatC,heatP,gasC,gasP,waterHotC,waterHotP,electC,electP,waterCoolC,waterCoolP,Date
0,A13508012,2154950,80400,,,106940,5840460,5429360,23924160,75600,7506500,202006.0
1,A13579501,2385600,55100,,,0,4941200,5624351,26124380,-189060,7914870,202006.0
2,A13592604,,,0,0,-9357120,9348480,,,0,14931310,202006.0
3,A13508009,3443420,231340,0,0,0,9673650,,,199250,9748760,202006.0
4,A13508004,0,0,0,0,0,3162090,,,450760,3873450,202006.0
5,A13508003,,,,,0,0,6994730,0,1424610,0,202006.0
6,A13579506,1886840,0,2610,0,0,3094480,4345503,26215740,,,202006.0
7,A13508006,3292290,111810,0,0,0,5155200,,,0,6228550,202006.0
8,A13508011,,,0,0,1050,6211250,8516060,35813760,-185900,9543580,202006.0
9,A13592601,2597840,0,,,,,,,,,202006.0
10,A13592706,3665640,167850,0,7317420,510,16306880,9056300,40627730,,,202006.0
11,A13579505,2529400,162400,0,0,,,8106293,33867270,0,11928510,202006.0
12,A13508005,,,0,0,0,0,,,0,2079930,202006.0
13,A13579503,,,0,0,,,2256660,9070080,,,202006.0
14,A13592605,,,,,,,,,,,202006.0
15,A13591402,0,0,,,0,0,,,140,4593470,202006.0
16,A10027474,2464160,39440,,,,,,,199450,7892410,202006.0
17,A10023825,,,,,,,,,,,202006.0
18,A10024820,,,,,,,,,,,202006.0
19,A10024813,,,,,,,,,,,202006.0
20,A13599303,,,,,,,12257120,27804650,2166320,0,202006.0
21,A13594007,2303620,0,0,2433220,,,3112810,0,,,202006.0
22,A13580602,,,0,0,,,9232892,31666530,,,202006.0
23,A13524004,-610,2644650,,,,,2817530,17961940,370860,7819910,202006.0
24,A13599402,,,,,0,14152500,,,0,13615150,202006.0
25,A13524005,,,0,0,-990,7234510,6346360,20446380,,,202006.0
26,A13593908,576500,0,,,,,,,,,202006.0
27,A13580001,1417150,0,0,0,0,3455280,1078585,9322820,,,202006.0
28,A13524006,0,6934840,,,,,11070950,24751810,,,202006.0
29,A13593901,1873180,0,0,0,,,,,85280,2756110,202006.0
30,A13524009,,,0,0,-2724000,14982000,,,,,202006.0
31,A13580002,1197450,0,0,0,,,,,,,202006.0
32,A13599301,,,0,0,,,6537810,29028770,27620,0,202006.0
33,A10025203,,,,,,,,,,,202006.0
34,A10025675,,,0,0,,,49198906,122313420,4924640,33084150,202006.0
35,A10023565,,,,,,,,,,,202006.0
36,A10024564,,,,,,,,,,,202006.0
37,A10023996,,,,,,,,,,,202006.0
38,A13510003,1411890,77000,0,0,0,3327500,3986640,13652070,,,202006.0
39,A13510001,0,0,0,0,0,0,837270,6612360,-199970,3301700,202006.0
40,A13510201,,,,,,,565760,7052110,0,3182120,202006.0
41,A13510203,0,0,0,0,,,,,0,4238310,202006.0
42,A13510102,1617660,0,0,0,-370,3397050,-628550,17736200,0,6149900,202006.0
43,A13510006,,,0,0,0,0,3272146,17188380,0,0,202006.0
44,A13510103,2116770,0,0,0,,,,,,,202006.0
45,A13510202,12420,0,36300,0,,,1914400,8268760,294780,3247650,202006.0
46,A13576201,,,,,0,0,,,20010,0,202006.0
47,A13510005,4863600,0,0,0,0,11221560,5628810,39973250,,,202006.0
48,A13510009,0,0,,,,,4710390,22180400,,,202006.0
49,A13510007,3689670,0,0,0,0,7172000,,,,,202006.0
50,A10025280,,,,,,,,,,,202006.0
51,A10025755,,,,,,,,,,,202006.0
52,A10024640,,,,,,,,,,,202006.0
53,A13509001,0,0,,,0,0,,,0,3709270,202006.0
54,A13570501,4806540,360400,,,0,10605600,,,,,202006.0
55,A13550701,1774578,19482,,,0,5408990,4771801,24755460,0,7683640,202006.0
56,A13509005,35510,20300,0,0,2829660,2829680,,,,,202006.0
57,A13509004,0,0,0,0,0,0,,,,,202006.0
58,A13509010,,,,,1170750,11625000,,,,,202006.0
59,A13509006,,,,,,,2627715,11790460,0,6153860,202006.0
60,A13509003,,,0,0,,,1771280,8877861,-560,8214010,202006.0
61,A13509012,6036230,0,0,0,,,,,,,202006.0
62,A13509007,1551990,64200,,,0,3606400,3355120,14188630,538700,6396460,202006.0
63,A13570502,,,,,,,,,,,202006.0
64,A13509013,,,,,,,,,,,202006.0
65,A13509101,,,0,0,0,0,,,387440,3622130,202006.0
66,A13509009,,,0,0,,,,,,,202006.0
67,A13509014,,,,,,,,,,,202006.0
68,A10026350,2435590,37090,,,0,4437500,,,446930,6519600,202006.0
69,A10026934,0,0,0,0,,,2377044,10089660,,,202006.0
70,A10024131,,,,,,,,,,,202006.0
71,A10023939,,,,,,,,,,,202006.0
72,A10024819,,,,,,,,,,,202006.0
73,A13528102,,,0,0,,,,,663930,18118040,202006.0
74,A13528103,7062810,78100,0,0,,,,,1274390,21125540,202006.0
75,A13528004,17366990,0,,,0,47368800,,,0,63664940,202006.0
76,A13583604,-7229740,0,,,,,,,918700,21237930,202006.0
77,A13583701,2887240,1227930,,,1647330,7125660,7632270,33920970,0,11673650,202006.0
78,A13528003,4403650,0,,,0,18109000,7064459,52844300,,,202006.0
79,A13528007,,,,,0,4235400,8033910,35408490,,,202006.0
80,A13528105,0,0,0,0,0,17517500,-6902270,80438020,,,202006.0
81,A13584101,,,0,0,,,6620574,27254180,,,202006.0
82,A13583507,,,0,0,0,70238210,14764994,188509560,5166560,72059640,202006.0
83,A13583403,2302140,0,0,0,0,7812800,2828090,21565570,1322120,7025680,202006.0
84,A13583404,12241530,0,0,0,-6312600,6312600,8414151,32919130,1546340,10772170,202006.0
85,A13583402,6985590,575680,0,0,-7392000,7392000,3636530,16014010,2129400,6135670,202006.0
86,A10027800,7741510,104800,0,0,0,30669360,41663039,143708330,2321860,35535990,202006.0
87,A10025646,,,,,,,,,,,202006.0
88,A10026526,,,,,,,,,,,202006.0
89,A10024102,,,,,,,,,,,202006.0
90,A10024815,,,,,,,,,,,202006.0
91,A10026924,1460520,4200,0,0,0,3420700,5164350,19435220,323380,5092140,202006.0
92,A10024799,,,,,,,,,,,202006.0
93,A10028094,,,,,,,,,,,202006.0
94,A10024029,,,,,,,,,,,202006.0
95,A10024814,,,,,,,,,,,202006.0
96,A10024805,0,0,0,0,0,0,6715950,0,0,0,202006.0
97,A13501004,0,0,86690,0,0,0,7200130,17403500,-30950,9950550,202006.0
98,A13501001,868080,0,0,0,0,0,6749318,36523240,1161300,3951150,202006.0
99,A13582002,-589960,3573170,0,0,0,8539200,6095480,22619970,925660,0,202006.0
100,A13501007,,,,,,,,,,,202006.0
101,A13501008,,,,,,,,,,,202006.0
102,A13583301,0,0,0,0,0,0,3124630,8758110,0,2849770,202006.0
103,A13501006,6652530,103910,0,0,-4504070,4473840,2447196,28783450,398160,5846050,202006.0
104,A13501005,,,,,,,,,,,202006.0
105,A10024501,,,,,,,,,,,202006.0
106,A13590204,7933026,0,0,0,0,15258000,-1343763,56326930,2400889,0,202006.0
107,A13589802,13318264,55996606,0,0,-37064000,37064000,1657743,249757770,24241120,45465510,202006.0
108,A13511201,10268540,0,0,0,0,0,27285304,0,3500000,0,202006.0
109,A13551103,0,20393752,0,0,0,11296000,4596410,49119650,0,0,202006.0
110,A13590602,14786360,0,0,0,0,7744000,6394540,27588610,743360,0,202006.0
111,A13511001,1477414,1937334,0,0,0,7788960,24263360,24263360,0,0,202006.0
112,A13511004,3770,13427150,0,0,0,0,28133429,158854030,17590595,0,202006.0
113,A13511101,5967450,0,0,0,0,8619000,1079300,38243590,0,15034190,202006.0
114,A13511003,0,0,0,0,0,22256450,12160973,44513210,0,0,202006.0
115,A13519002,0,0,40900,0,0,0,1158180,12322170,0,7538750,202006.0
116,A13519006,5601530,118330,0,0,-110,11103740,11436189,31526000,1373940,17990740,202006.0
117,A13519007,14368790,157930,0,0,-9499790,9471240,10810040,28276290,306400,15385390,202006.0
118,A13519004,0,0,0,0,0,0,12441520,0,5512820,0,202006.0
119,A13519005,0,0,0,0,0,0,816019,22841140,0,10813880,202006.0
120,A13519003,0,0,69860,0,0,0,757010,11234980,27740,7131490,202006.0
121,A13519001,0,0,85660,0,0,0,1091120,10452840,0,7363480,202006.0
122,A10028172,3747850,0,0,0,0,9527110,5728734,28296510,0,13072200,202006.0
123,A13519008,25868,240760,0,0,0,8667570,6509015,17871610,0,10224910,202006.0
124,A13520003,12790,6978150,0,0,0,12316410,16324939,65013680,0,18838100,202006.0
125,A13520004,2396500,0,0,0,0,6156500,4863794,14655300,380680,7560260,202006.0
126,A10027985,0,250890,0,8708510,0,14519910,13581980,47391610,1446440,20539360,202006.0
127,A13520002,0,0,0,0,0,0,18103940,64165920,516860,20944060,202006.0
128,A10023314,,,,,,,,,,,202006.0
129,A13520001,0,0,0,0,0,0,3292654,35888230,314610,19282880,202006.0
130,A10027909,0,0,15440,0,0,0,2291520,7548460,0,2999990,202006.0
131,A10027912,0,0,13120,0,0,0,676857,11112930,105900,5923300,202006.0
132,A13594702,3355970,0,0,0,70,13536330,3199610,0,0,0,202006.0
133,A13523005,4363980,347160,0,0,0,8881500,5378395,27940260,0,13786500,202006.0
134,A13523004,6713600,426190,0,0,0,10262400,888650,35075340,134700,11037270,202006.0
135,A13594701,2588745,1629250,0,0,0,8949600,5813160,19674290,885955,8859550,202006.0
136,A13593802,4068820,0,0,0,0,7449450,7466090,0,5450450,0,202006.0
137,A13523003,3005940,273980,0,0,0,5882240,104100,19886200,-770,10746190,202006.0
138,A13594402,501230,0,2310,0,0,5349600,2421940,13799720,1156460,0,202006.0
139,A13593801,2858900,0,0,2303720,-2207612,4440502,3254220,25834180,0,0,202006.0
140,A13594203,15149149,0,0,0,-15374560,15374560,-416550,36827020,5437710,14886310,202006.0
141,A13594403,1422340,0,0,0,0,15016000,5038120,31443260,1163350,0,202006.0
142,A10027571,605320,0,0,0,0,2745210,1290670,4571540,532820,0,202006.0
143,A10025823,16615180,143990,0,0,-11514560,10942780,16483874,52443160,0,17471560,202006.0
144,A10024216,,,,,,,,,,,202006.0
145,A13522003,7831230,0,0,0,0,7061340,2519660,0,933960,0,202006.0
146,A13522008,0,1427550,0,0,0,19473000,2307380,0,0,0,202006.0
147,A13522004,3207320,278420,0,4480880,0,14076000,8044825,24275350,102960,14314510,202006.0
148,A13588402,8875710,0,0,0,-7172200,7152460,-3200583,28756160,2936290,0,202006.0
149,A13522007,4056860,720500,0,0,0,10111650,4658000,0,632410,0,202006.0
150,A13522006,3892580,0,0,0,0,9010380,793040,23899050,5871100,0,202006.0
151,A13552001,0,229200,0,0,0,7824000,513220,582770,111000,5000,202006.0
152,A13552002,0,0,0,0,0,0,3017925,34899320,1548900,12700060,202006.0
153,A13588601,2775250,113600,0,0,0,2809800,3972350,11897920,763630,5585310,202006.0
154,A10025204,,,,,,,,,,,202006.0
155,A10027446,124270,0,0,0,0,16804880,6112970,37526650,74750,8335620,202006.0
156,A13550502,4195270,485370,-1429680,1403140,0,11811320,13863370,43332120,0,15014180,202006.0
157,A13527004,454300,0,0,0,2976000,2976000,7371430,7160320,2962910,2962910,202006.0
158,A13585404,12080480,605900,0,3287730,-9719030,9690320,8482950,33670930,0,13392770,202006.0
159,A13527002,3101000,0,0,0,-2168900,2168900,511998,7247470,0,3886630,202006.0
160,A13527008,0,0,11560,0,0,0,914295,15663000,26670,6693750,202006.0
161,A13527013,3434020,0,0,0,0,8359355,6078709,20849630,433870,6868880,202006.0
162,A13527203,17343471,0,0,0,6089,48929570,50217575,183847370,-3130110,68887570,202006.0
163,A13585401,0,363200,0,0,0,3542400,1899270,5753590,0,1149120,202006.0
164,A13586102,3720720,0,0,0,-2163380,2163380,2101800,7404490,260780,4467070,202006.0
165,A13585804,10188820,0,0,0,-3847500,16705480,9282390,47281650,3465310,0,202006.0
166,A13527007,2111410,0,0,0,0,4269030,7175877,21694290,344440,6022680,202006.0
167,A13527016,1969150,1600,0,0,28000,7346500,4282274,17265530,469570,8908360,202006.0
168,A13550403,6304560,0,0,0,0,0,17490119,0,8355470,0,202006.0
169,A13586101,0,0,0,0,0,0,490520,0,0,0,202006.0
170,A13527010,-1730,115200,0,0,0,6007500,172004,14931830,-140,7550880,202006.0
171,A13527019,2878030,0,0,0,0,5383350,8802470,23696600,54810,7510860,202006.0
172,A13527006,4968450,0,0,0,1871700,0,3309150,9319190,155120,5035640,202006.0
173,A10027319,1828190,0,0,0,0,0,9697940,0,2282610,0,202006.0
174,A13550404,,,,,,,,,,,202006.0
175,A10024793,0,0,0,0,0,0,1596650,0,0,0,202006.0
