,kaptCode,heatC,heatP,gasC,gasP,waterHotC,waterHotP,electC,electP,waterCoolC,waterCoolP,Date
0,A13508012,2158440,976790,0,0,155820,9263860,5563360,19676700,27220,7519900,202005.0
1,A13579501,2385600,1664400,0,0,0,7906320,4602310,21415730,-803540,7634300,202005.0
2,A13592604,20040970,1116470,0,5698210,-15744400,15736000,7488469,24764420,0,15897560,202005.0
3,A13508009,3502020,4652530,0,0,0,13369500,11232200,23681190,256000,10394950,202005.0
4,A13508004,0,0,0,0,0,3436770,1926290,7516480,186790,3588510,202005.0
5,A13508003,0,0,0,0,0,0,3481480,0,1253850,0,202005.0
6,A13579506,1886840,507600,2700,0,0,4699110,3325134,19248020,0,5686010,202005.0
7,A13508006,3450190,718450,0,0,0,8342100,5770105,20683000,0,6435970,202005.0
8,A13508011,2697760,1571660,0,0,870,10408050,6899400,30437620,-659700,9784400,202005.0
9,A13592601,4308620,1727240,0,0,0,15092680,4174743,23914160,0,9024670,202005.0
10,A13592706,3665640,5717230,0,0,-640,30996400,8975457,31995070,3770,22386590,202005.0
11,A13579505,2529400,1731200,0,0,0,9934990,6114168,28832350,0,12399880,202005.0
12,A13508005,0,0,0,0,0,0,782960,3290480,38680,2110620,202005.0
13,A13579503,0,0,0,0,0,0,2263840,8362820,0,0,202005.0
14,A13592605,3431540,3029380,0,0,0,15012730,6053400,36527130,0,14299630,202005.0
15,A13591402,0,0,0,0,0,0,2110728,10559240,280,4508240,202005.0
16,A10027474,2464160,633360,0,0,452420,7977150,6070520,24388570,231680,7553060,202005.0
17,A10023825,,,,,,,,,,,202005.0
18,A10024820,,,,,,,,,,,202005.0
19,A10024813,,,,,,,,,,,202005.0
20,A13599303,0,27901800,0,0,0,15992500,8085690,27804650,1417680,0,202005.0
21,A13594007,2751170,4299320,0,2442070,0,12896400,3191120,0,479080,4806570,202005.0
22,A13580602,5377580,0,0,0,0,15597200,4410300,27228180,0,14135600,202005.0
23,A13524004,-1020,7990500,0,0,0,9800700,4167820,14548990,307470,6775500,202005.0
24,A13599402,0,57167200,0,7437980,0,13750000,4904480,29579150,0,11491780,202005.0
25,A13524005,3039170,2831080,0,0,0,9052800,3850950,17127200,2666560,0,202005.0
26,A13593908,1396220,1474010,0,0,0,20261500,1632700,0,4491520,0,202005.0
27,A13580001,1417054,2761130,0,0,0,5116800,2197643,7115240,-210,4679910,202005.0
28,A13524006,0,21271820,0,0,0,7342290,9196850,23501060,3956460,8262080,202005.0
29,A13593901,1872560,930750,0,0,0,5956000,4017040,15093750,84890,2745270,202005.0
30,A13524009,4355180,5809100,0,0,-3223800,22566600,7399310,26556520,3474130,10025460,202005.0
31,A13580002,-1006,2683080,0,0,0,6978660,1836324,8055910,90510,3846090,202005.0
32,A13599301,18486270,0,0,0,0,10740000,7501040,24729330,27620,0,202005.0
33,A10025203,6302461,3043140,7526,7877850,-25901,21156900,25401604,57463450,2447790,20468330,202005.0
34,A10025675,11314770,3843900,0,0,0,38809840,31895784,99242920,2417630,36209550,202005.0
35,A10023565,,,,,,,,,,,202005.0
36,A10024564,,,,,,,,,,,202005.0
37,A10023996,,,,,,,,,,,202005.0
38,A13510003,1412030,1564690,0,0,0,4085000,3357490,12799820,-180,4681680,202005.0
39,A13510001,0,0,0,0,0,0,610400,6447440,-197920,2976910,202005.0
40,A13510201,867720,798270,0,0,0,3412800,891950,6602970,0,3133420,202005.0
41,A13510203,0,0,0,0,0,0,655400,9399600,0,4198020,202005.0
42,A13510102,1617520,2381350,0,0,0,5403000,3243330,12485810,-100,5649230,202005.0
43,A13510006,0,0,0,0,0,0,2686981,15731960,-33030,11789160,202005.0
44,A13510103,2717570,639100,0,0,0,7305000,4705410,13196800,154480,7351730,202005.0
45,A13510202,5302060,0,53320,0,0,5276000,2294610,6775920,364450,2789310,202005.0
46,A13576201,0,0,0,0,0,0,694920,9965850,0,0,202005.0
47,A13510005,4863600,7171220,0,0,0,18361200,4763281,32201240,2657940,8307590,202005.0
48,A13510009,0,0,0,0,0,0,3337940,14079850,3150,3195010,202005.0
49,A13510007,4411330,908530,0,0,0,10309000,9746400,24126800,-363780,8412170,202005.0
50,A10025280,,,,,,,,,,,202005.0
51,A10025755,,,,,,,,,,,202005.0
52,A10024640,,,,,,,,,,,202005.0
53,A13509001,0,0,158770,0,0,0,2058230,6281380,0,3397660,202005.0
54,A13570501,6474990,5088300,0,0,0,13597500,9672691,41844790,-60,17318340,202005.0
55,A13550701,1774578,222622,0,0,0,10139300,3867860,20613300,0,6630970,202005.0
56,A13509005,52320,1690000,0,0,5500560,5500560,3674067,17817460,141990,5972510,202005.0
57,A13509004,0,0,0,0,0,0,809010,9406630,144290,4505110,202005.0
58,A13509010,5243150,3260250,0,0,0,19835700,11076774,50428900,152430,14423070,202005.0
59,A13509006,69370,0,0,0,0,0,2632056,9509290,0,6040870,202005.0
60,A13509003,0,0,0,0,0,0,1592555,7914395,0,0,202005.0
61,A13509012,6036230,0,0,0,24696770,0,60987710,0,21465450,0,202005.0
62,A13509007,1915890,1839380,0,0,0,5642500,2628500,12016780,531950,6151350,202005.0
63,A13570502,,,,,,,,,,,202005.0
64,A13509013,,,,,,,,,,,202005.0
65,A13509101,0,0,0,0,0,0,2114550,5755930,0,3423580,202005.0
66,A13509009,17420090,7649320,0,0,-13057200,13057200,13387940,57445330,1718230,11346330,202005.0
67,A13509014,,,,,,,,,,,202005.0
68,A10026350,2663080,1230940,0,0,0,7603200,6194370,24333580,560750,6439930,202005.0
69,A10026934,0,0,0,0,0,0,2523589,8786490,77790,2701070,202005.0
70,A10024131,,,,,,,,,,,202005.0
71,A10023939,,,,,,,,,,,202005.0
72,A10024819,,,,,,,,,,,202005.0
73,A13528102,5403350,8343100,0,0,0,19556400,11294450,51717130,557410,16876990,202005.0
74,A13528103,7187000,4201780,0,0,0,22583500,14682944,77106860,137780,21386890,202005.0
75,A13528004,20450450,8383480,0,17602700,0,53667900,16987000,127985860,0,58351100,202005.0
76,A13583604,-5744560,0,0,0,0,18987500,10552930,46303820,695720,16594920,202005.0
77,A13583701,2887240,8917230,0,4284350,2636120,9740240,3860133,26244840,0,10670170,202005.0
78,A13528003,271110,6678600,0,6128790,0,31779000,6123623,43836990,-3088390,16685270,202005.0
79,A13528007,3085310,606760,0,0,0,7008100,7086870,26235470,2051570,8122240,202005.0
80,A13528105,0,0,0,0,-42000,23621500,-7284690,63145020,,,202005.0
81,A13584101,,,,,0,10730240,,,,,202005.0
82,A13583507,,,,,0,82661250,,,2834360,59477070,202005.0
83,A13583403,3061820,0,,,,,,,1045390,6430200,202005.0
84,A13583404,16177950,0,0,0,,,,,,,202005.0
85,A13583402,9109060,822920,,,-9580000,9580000,4059480,13874670,2500680,5564040,202005.0
86,A10027800,,,,,,,,,,,202005.0
87,A10025646,,,,,,,,,,,202005.0
88,A10026526,,,,,,,,,,,202005.0
89,A10024102,,,,,,,,,,,202005.0
90,A10024815,,,,,,,,,,,202005.0
91,A10026924,1460420,639350,,,0,5569950,,,301390,4869770,202005.0
92,A10024799,,,,,,,,,,,202005.0
93,A10028094,,,,,,,,,,,202005.0
94,A10024029,,,,,,,,,,,202005.0
95,A10024814,,,,,,,,,,,202005.0
96,A10024805,,,,,,,,,,,202005.0
97,A13501004,,,,,0,0,,,,,202005.0
98,A13501001,,,,,,,,,1139400,3859770,202005.0
99,A13582002,,,0,0,,,,,,,202005.0
100,A13501007,,,,,,,,,,,202005.0
101,A13501008,,,,,,,,,,,202005.0
102,A13583301,,,,,,,3140020,6611020,0,2814720,202005.0
103,A13501006,,,0,0,-7049690,7010070,,,35990,5910260,202005.0
104,A13501005,,,,,,,,,,,202005.0
105,A10024501,,,,,,,,,,,202005.0
106,A13590204,13624362,0,,,0,16695000,-2664621,42519770,,,202005.0
107,A13589802,22235730,136981620,,,-43918000,43918000,12245087,191960910,,,202005.0
108,A13511201,,,0,0,,,,,3500000,0,202005.0
109,A13551103,,,,,0,12654000,4958305,37587760,0,0,202005.0
110,A13590602,18032830,0,,,0,9658880,,,,,202005.0
111,A13511001,3752800,0,0,0,10415520,0,,,,,202005.0
112,A13511004,350,13937050,0,0,0,7802750,,,,,202005.0
113,A13511101,10492020,0,,,0,11598000,3043960,27627050,0,15156750,202005.0
114,A13511003,,,0,0,,,,,7014150,0,202005.0
115,A13519002,0,0,69500,0,0,0,1067900,11823060,0,7367540,202005.0
116,A13519006,,,,,60,16576160,5309122,35297200,67670,18466830,202005.0
117,A13519007,22299840,1465810,,,-17848800,17812800,,,540,14133940,202005.0
118,A13519004,0,0,,,,,13618250,0,5986140,0,202005.0
119,A13519005,,,,,0,0,,,443460,11378300,202005.0
120,A13519003,,,,,0,0,354720,10652060,87590,6616980,202005.0
121,A13519001,0,0,139780,0,0,0,,,0,6662790,202005.0
122,A10028172,,,,,,,6654785,25782480,1730,14138040,202005.0
123,A13519008,131829,2792540,,,0,13633290,7266453,16936270,0,8432890,202005.0
124,A13520003,,,0,0,0,20643150,,,0,20302900,202005.0
125,A13520004,2396500,681200,0,0,0,9715800,,,330990,7841090,202005.0
126,A10027985,0,3226750,0,0,0,20684950,14171730,43439440,1159170,18622150,202005.0
127,A13520002,,,0,0,,,,,,,202005.0
128,A10023314,,,,,,,,,,,202005.0
129,A13520001,0,0,,,0,0,,,,,202005.0
130,A10027909,,,,,0,0,1914990,7250200,,,202005.0
131,A10027912,,,96830,0,0,0,965837,10481910,51230,5385530,202005.0
132,A13594702,3356440,4356400,,,,,4094620,0,,,202005.0
133,A13523005,4363980,5065380,0,0,,,7221536,24884460,0,12220567,202005.0
134,A13523004,8798850,7166490,0,0,,,529090,31096780,511400,9040340,202005.0
135,A13594701,2916620,4969100,0,0,0,12558000,6665548,17748920,,,202005.0
136,A13593802,,,0,0,0,0,8560440,0,,,202005.0
137,A13523003,3780760,3547490,,,,,317920,18108030,-960,10351400,202005.0
138,A13594402,,,,,0,6235200,,,,,202005.0
139,A13593801,7753252,1350948,,,-6679500,9039590,,,1365670,8633760,202005.0
140,A13594203,,,0,0,,,,,5863650,13049470,202005.0
141,A13594403,,,,,,,7204110,24972900,654050,0,202005.0
142,A10027571,,,,,,,,,,,202005.0
143,A10025823,,,0,0,-17849350,17208590,12901400,43441660,,,202005.0
144,A10024216,,,,,,,,,,,202005.0
145,A13522003,,,0,0,,,,,,,202005.0
146,A13522008,,,,,0,22623000,1905750,0,,,202005.0
147,A13522004,,,,,0,17713800,,,,,202005.0
148,A13588402,14149720,2839860,0,0,-11987040,11956100,,,,,202005.0
149,A13522007,,,0,0,0,19320860,,,738500,0,202005.0
150,A13522006,,,0,0,0,13137620,1237920,21892090,,,202005.0
151,A13552001,0,1368140,0,0,,,,,,,202005.0
152,A13552002,0,0,0,0,0,0,2988211,33205000,2005510,13482700,202005.0
153,A13588601,1497820,1471490,0,0,,,,,579440,4748830,202005.0
154,A10025204,,,,,,,,,,,202005.0
155,A10027446,429525,1391730,0,0,0,19586070,4252110,31754990,801740,8051280,202005.0
156,A13550502,4195270,4979590,-154490,152170,,,,,0,14946210,202005.0
157,A13527004,2420470,0,0,0,,,6740380,0,,,202005.0
158,A13585404,15685830,5430970,,,-13324380,13289600,5896460,24285400,,,202005.0
159,A13527002,,,,,-2962500,2962500,1629847,6540690,0,3595680,202005.0
160,A13527008,,,,,,,,,27460,6983680,202005.0
161,A13527013,3434020,5380890,0,0,0,10705380,,,434780,5813270,202005.0
162,A13527203,17344090,3263890,0,0,,,47198057,156099550,,,202005.0
163,A13585401,,,,,,,1881441,4875050,0,1532160,202005.0
164,A13586102,5742820,53200,0,0,-2441670,2441670,-178000,8947010,,,202005.0
165,A13585804,,,,,,,17944850,37246760,1492070,0,202005.0
166,A13527007,,,0,0,0,6964750,,,356020,6600730,202005.0
167,A13527016,,,,,,,,,,,202005.0
168,A13550403,,,,,,,3846251,11580810,,,202005.0
169,A13586101,,,,,0,0,,,,,202005.0
170,A13527010,,,0,0,0,7840000,,,,,202005.0
171,A13527019,,,,,,,8888649,19619860,702260,7326930,202005.0
172,A13527006,10457010,0,,,2357900,0,1974220,9077250,555860,4760530,202005.0
173,A10027319,2852290,243240,0,0,,,,,,,202005.0
174,A13550404,,,,,,,,,,,202005.0
175,A10024793,0,0,0,0,,,1464050,0,,,202005.0
