,kaptCode,heatC,heatP,gasC,gasP,waterHotC,waterHotP,electC,electP,waterCoolC,waterCoolP,Date
0,A13508012,2154950,99970,0,0,0,4803410,2027410,33113070,224300,7640000,202107.0
1,A13579501,2385600,0,0,0,0,4026030,4880560,55397800,82590,7708120,202107.0
2,A13592604,11229590,0,0,4285460,-7647570,7637620,8340453,35656320,0,16433880,202107.0
3,A13508009,3259270,0,0,0,0,6180690,4683020,65114900,566520,11179380,202107.0
4,A13508004,0,0,0,0,0,2181090,2618450,10052280,0,3570080,202107.0
5,A13508003,0,0,0,0,0,0,10622450,0,1282660,0,202107.0
6,A13579506,1886640,0,0,0,0,2461130,4827046,52287040,0,6265010,202107.0
7,A13508006,2854620,0,0,0,0,4552090,2045155,27286670,0,7267640,202107.0
8,A13508011,2697760,0,0,0,1160,5294110,9317852,41034530,-35580,9412130,202107.0
9,A13592601,2609410,0,0,0,0,5571760,2658306,27333420,221610,8949460,202107.0
10,A13592706,3665640,0,0,0,-1640,15414800,11572636,56005690,-220,23161020,202107.0
11,A13579505,2529400,1600,0,0,0,5219260,7675257,60645710,-715840,12270360,202107.0
12,A13508005,0,0,0,0,0,0,463610,4545520,38500,2086080,202107.0
13,A13579503,0,0,0,0,0,0,1961530,10379730,0,0,202107.0
14,A13592605,3431540,0,0,0,0,6734960,5553240,73939890,0,15210610,202107.0
15,A13591402,0,0,0,0,0,0,2211952,22767940,-160,4363280,202107.0
16,A10027474,2464160,0,0,0,213290,3941280,0,59748450,454060,7619520,202107.0
17,A10023825,,,,,,,,,,,202107.0
18,A10024820,,,,,,,,,,,202107.0
19,A10024813,,,,,,,,,,,202107.0
20,A13599303,-1223470,9001600,0,0,-3165000,12642500,22586209,26946900,2877040,0,202107.0
21,A13594007,2498740,0,0,0,0,6739200,2717040,0,473720,5738790,202107.0
22,A13580602,5377580,0,0,0,297,8687300,12192194,45267850,0,17070070,202107.0
23,A13524004,-860,2928600,0,0,0,6470100,5925000,23966590,416030,8075760,202107.0
24,A13599402,0,23811700,0,5663070,0,11485000,2170750,28642810,0,13370680,202107.0
25,A13524005,3039360,0,0,0,-3840,6103440,7747490,28649380,1530880,0,202107.0
26,A13593908,0,0,0,0,0,6929240,0,0,0,0,202107.0
27,A13580001,1420330,0,0,0,0,3175200,2981732,11943580,-1060,4540280,202107.0
28,A13524006,2270,6114280,0,0,0,4847940,17517271,46908200,1859620,10347620,202107.0
29,A13593901,1873140,0,0,0,0,2550000,5133010,36544530,0,3029470,202107.0
30,A13524009,4334800,0,0,0,-1722160,12009800,7534530,37949050,1911120,11407050,202107.0
31,A13580002,1197570,0,0,0,0,3660570,3272153,15830060,38090,4180350,202107.0
32,A13599301,12031890,0,0,0,0,7830000,10695860,45510660,27620,0,202107.0
33,A10025203,6302461,0,0,6983450,-11661,11992780,37724053,103036500,3659190,21681820,202107.0
34,A10025675,11020030,0,0,0,0,20932480,60290620,203143640,6929770,32247740,202107.0
35,A10023565,,,,,,,,,,,202107.0
36,A10024564,12139081,0,391230,0,0,23742880,59921560,177302640,-1098220,43300190,202107.0
37,A10023996,,,,,,,,,,,202107.0
38,A13510003,1543090,23820,0,0,0,2486400,3558198,16250612,-870,4870930,202107.0
39,A13510001,0,0,0,0,0,0,334440,8181400,-132280,3070930,202107.0
40,A13510201,866970,0,0,0,0,2278400,487800,8351580,0,3032590,202107.0
41,A13510203,0,0,0,0,0,0,481830,10453170,0,4618770,202107.0
42,A13510102,1617660,0,0,0,0,2970610,1995270,26133190,-35750,5774260,202107.0
43,A13510006,0,0,0,0,0,0,2351915,19317860,-15390,11354650,202107.0
44,A13510103,2116770,0,0,0,0,4036800,7473260,32955600,1460,9619080,202107.0
45,A13510202,1954090,0,13620,0,0,2736000,3167220,14234640,194450,3316620,202107.0
46,A13576201,0,0,0,0,0,0,-735110,12504840,0,0,202107.0
47,A13510005,4863600,0,0,0,0,10909160,9043355,60156120,2374390,10100610,202107.0
48,A13510009,0,0,0,0,0,0,4868400,25967120,3580,3235950,202107.0
49,A13510007,177150,0,0,0,0,5827500,10640236,53730540,2242620,8406790,202107.0
50,A10025280,,,,,,,,,,,202107.0
51,A10025755,,,,,,,,,,,202107.0
52,A10024640,,,,,,,,,,,202107.0
53,A13509001,0,0,25170,0,0,0,2174870,8485140,0,3434630,202107.0
54,A13570501,4987460,0,0,0,0,8822000,13412695,97243680,-20,17041830,202107.0
55,A13550701,1774578,0,0,0,0,4712242,5905452,31001550,0,6804430,202107.0
56,A13509005,0,0,0,0,3037740,3037740,5671077,36842800,102790,6008980,202107.0
57,A13509004,0,0,0,0,0,0,98100,14555850,136160,4242090,202107.0
58,A13509010,5224340,0,0,0,0,10954500,15246124,104521630,165460,15222230,202107.0
59,A13509006,8390,0,0,0,0,0,3762984,20003280,0,5881210,202107.0
60,A13509003,0,0,0,0,0,0,-5537770,17414140,-8362280,8362280,202107.0
61,A13509012,6036230,0,0,0,9944960,0,120165151,0,21317630,0,202107.0
62,A13509007,1482040,0,0,0,0,2801400,4167160,16001970,124910,6222990,202107.0
63,A13570502,,,,,,,,,,,202107.0
64,A13509013,,,,,,,,,,,202107.0
65,A13509101,0,0,0,0,0,0,1770830,10179500,0,3307270,202107.0
66,A13509009,11673030,1371300,0,0,-7265000,7265000,28608896,196258690,-1650,12473480,202107.0
67,A13509014,,,,,,,,,,,202107.0
68,A10026350,2374850,0,0,0,0,3678650,7526970,56756140,735110,6794060,202107.0
69,A10026934,,,,,,,,,,,202107.0
70,A10024131,,,,,,,,,,,202107.0
71,A10023939,,,,,,,,,,,202107.0
72,A10024819,,,,,,,,,,,202107.0
73,A13528102,5403350,0,0,0,0,10410120,15727520,104551310,955820,17944000,202107.0
74,A13528103,6815180,0,0,0,0,11734600,17601913,245849280,593690,23482180,202107.0
75,A13528004,17366990,0,0,13031820,0,34927200,34800830,202966230,0,56826850,202107.0
76,A13583604,480,580230,0,0,0,10810000,29670256,80220670,425410,20322190,202107.0
77,A13583701,2887240,0,0,3318630,198120,6372860,8772322,54457750,0,12494450,202107.0
78,A13528003,3805330,0,0,4506510,0,14801500,7863682,88658830,843200,19962500,202107.0
79,A13528007,3047280,56980,0,0,0,3629200,9888060,44913320,567670,8000650,202107.0
80,A13528105,0,0,0,0,0,13219500,-18143160,118426550,953390,19255380,202107.0
81,A13584101,2424330,0,0,0,0,3764690,6382836,53487130,0,7141550,202107.0
82,A13583507,11720,7862540,0,0,0,64484000,49276806,297121860,6547880,67846410,202107.0
83,A13583403,2781600,0,0,0,0,8485230,7788760,37914680,509530,8485230,202107.0
84,A13583404,0,0,0,0,0,4887000,11372640,60071070,524720,8543850,202107.0
85,A13583402,4829620,1743840,0,0,-5508000,5508000,8245630,30029100,1994720,6089870,202107.0
86,A10027800,8289690,0,0,0,0,21015360,42545830,247367270,2751060,35480060,202107.0
87,A10025646,,,,,,,,,,,202107.0
88,A10026526,,,,,,,,,,,202107.0
89,A10024102,,,,,,,,,,,202107.0
90,A10024815,,,,,,,,,,,202107.0
91,A10026924,1460530,0,0,0,0,2843690,5950684,27397750,327460,4895470,202107.0
92,A10024799,,,,,,,,,,,202107.0
93,A10028094,,,,,,,,,,,202107.0
94,A10024029,,,,,,,,,,,202107.0
95,A10024814,,,,,,,,,,,202107.0
96,A10024805,,,,,,,,,,,202107.0
97,A13501004,0,0,6200,0,0,0,4889094,20022830,290460,10523510,202107.0
98,A13501001,635230,0,0,0,0,0,8314290,97770340,1483710,3801030,202107.0
99,A13582002,-938390,3099370,0,0,0,7200000,12346430,41444700,806500,0,202107.0
100,A13501007,,,,,,,,,,,202107.0
101,A13501008,,,,,,,,,,,202107.0
102,A13583301,0,0,0,0,0,0,3057730,16419920,0,2785400,202107.0
103,A13501006,5606440,0,0,0,-3458600,3448970,3919970,50657200,-784490,6128590,202107.0
104,A13501005,,,,,,,,,,,202107.0
105,A10024501,0,0,0,0,0,0,4175220,6264610,405220,988960,202107.0
106,A13590204,8903106,0,0,0,0,11910000,-3449112,74699970,1378469,0,202107.0
107,A13589802,11980028,49002182,0,0,-32656000,32656000,1821011,427689270,21281930,46218330,202107.0
108,A13511201,9003220,0,0,0,0,4267200,7250327,33308470,3500000,0,202107.0
109,A13551103,0,18449709,0,0,0,8162000,3951660,66526730,0,0,202107.0
110,A13590602,8269650,0,0,0,0,7052820,5791920,42437860,2591680,0,202107.0
111,A13511001,2385430,2385320,0,0,0,5801760,7286828,35853250,449520,0,202107.0
112,A13511004,24554440,0,0,0,0,26016050,30258360,194600410,2771285,0,202107.0
113,A13511101,5682620,0,0,0,0,7395000,7561620,55037750,0,13351160,202107.0
114,A13511003,0,0,0,0,0,19679300,24208382,67136070,8187370,0,202107.0
115,A13519002,0,0,29520,0,0,0,1229010,12080070,235710,7306380,202107.0
116,A13519006,5389001,0,0,0,2339,9619260,19450770,60054000,154050,19320470,202107.0
117,A13519007,12806390,0,0,0,-8096400,8067800,27639410,51285560,244620,15505320,202107.0
118,A13519004,0,0,-437390,426920,0,0,-277790,24055960,204620,5494930,202107.0
119,A13519005,0,0,0,0,0,0,4063600,44976520,266380,11512690,202107.0
120,A13519003,0,0,46330,0,0,0,355551,11569230,0,6563180,202107.0
121,A13519001,0,0,39150,0,0,0,722980,10192660,407160,6290530,202107.0
122,A10028172,3590500,158170,0,0,-3099490,10271300,37320699,27793470,-894090,14666830,202107.0
123,A13519008,72720,100210,0,0,0,6777270,2510282,32115800,0,8578630,202107.0
124,A13520003,0,6639310,0,0,0,12398090,18386916,121675520,0,21932400,202107.0
125,A13520004,2396500,0,0,0,0,5120110,8270717,27514300,434090,8077560,202107.0
126,A10027985,5943800,89270,0,0,0,12345520,21100700,82104100,320130,20828600,202107.0
127,A13520002,0,0,0,0,0,0,20280700,72440340,1452760,21883230,202107.0
128,A10023314,,,,,,,,,,,202107.0
129,A13520001,0,0,0,0,0,0,-1435004,38096570,843010,18313970,202107.0
130,A10027909,0,0,15060,0,0,0,3089390,6413920,48080,3293620,202107.0
131,A10027912,0,0,12620,0,0,0,348790,11846950,129410,5140320,202107.0
132,A13594702,3355970,0,0,0,-190,10997900,2146640,0,0,0,202107.0
133,A13523005,4363980,0,0,0,0,6528600,4863374,54592490,0,15022424,202107.0
134,A13523004,6710920,0,0,0,0,7644000,764470,60894770,227010,11276480,202107.0
135,A13594701,2653200,104000,0,0,0,7156800,2157740,22410500,293760,9792050,202107.0
136,A13593802,8131245,0,0,0,0,0,5121170,0,755195,0,202107.0
137,A13523003,2838890,6850,0,0,0,4665500,346100,20698660,-1340,10832530,202107.0
138,A13594402,0,0,730,0,0,4723200,4677500,23650940,999680,0,202107.0
139,A13593801,2325220,0,0,2037870,-1673984,3437824,2978710,30050880,2113810,9626880,202107.0
140,A13594203,12669400,0,0,0,-12301960,12301960,4318100,56925780,4807140,15645350,202107.0
141,A13594403,2512560,0,0,0,0,11156000,9393220,54837000,803880,0,202107.0
142,A10027571,605320,0,0,0,-600,2114790,693370,5647720,583070,0,202107.0
143,A10025823,14062570,0,0,0,-8961950,8767780,19269254,65154120,0,20388150,202107.0
144,A10024216,,,,,,,,,,,202107.0
145,A13522003,642640,0,0,0,0,0,2212040,0,145270,0,202107.0
146,A13522008,0,0,0,0,0,0,1530460,0,0,0,202107.0
147,A13522004,3207320,0,0,0,0,10556000,6776228,28430750,47680,13581490,202107.0
148,A13588402,7580420,0,-875210,861020,-5513220,5509950,-424187,43656710,2088550,0,202107.0
149,A13522007,3844670,0,0,0,0,8399830,3520750,0,731370,0,202107.0
150,A13522006,3758660,0,0,0,0,7455600,968800,26530540,0,0,202107.0
151,A13552001,0,5410,0,0,0,5747700,211900,683320,159440,5000,202107.0
152,A13552002,0,0,0,0,0,0,5463917,33411230,192160,14281160,202107.0
153,A13588601,3323780,49690,0,0,0,1396500,4472550,14024480,451910,5762010,202107.0
154,A10025204,,,,,,,,,,,202107.0
155,A10027446,3837370,0,0,0,-8615440,13181140,5961970,61174930,175360,7703290,202107.0
156,A13550502,4195270,0,-1614440,1589920,0,9507270,15488920,71276160,0,16578790,202107.0
157,A13527004,868170,0,0,0,0,0,9752870,12030820,2824300,2824300,202107.0
158,A13585404,2361450,0,0,0,0,4466560,840690,58551270,0,8973720,202107.0
159,A13527002,932450,0,0,0,1686170,1686170,730756,13464536,0,3633000,202107.0
160,A13527008,0,0,8780,0,0,0,1235438,21043670,27660,7136100,202107.0
161,A13527013,3323250,0,0,0,0,6806148,10063934,32032850,530690,6870550,202107.0
162,A13527203,17343471,0,0,0,-5937,40747290,54051652,314694320,-540430,70129110,202107.0
163,A13585401,0,0,0,0,0,2594700,1127482,7422180,0,1464750,202107.0
164,A13586102,3285690,0,0,0,0,0,15973270,0,5191290,0,202107.0
165,A13585804,9601570,0,0,0,-3260250,14460890,23886690,75542450,3828110,0,202107.0
166,A13527007,2111410,0,0,0,0,3532480,7101371,28401300,300960,5653010,202107.0
167,A13527016,68620,12090,0,0,27900,5747400,8579076,21816920,280150,9216510,202107.0
168,A13550403,5571960,0,0,0,-5126810,5126810,5699271,24560140,1687910,6099560,202107.0
169,A13586101,0,0,0,0,0,0,869920,0,111300,0,202107.0
170,A13527010,1100,330000,0,0,0,5099500,5319203,21859720,30,9060170,202107.0
171,A13527019,2876300,0,0,0,0,4181590,4141141,54611040,58120,7366560,202107.0
172,A13527006,3421010,0,0,0,1633700,0,3165350,14320690,799660,4203010,202107.0
173,A10027319,1602950,5680,0,0,-972960,972960,3060510,10227220,0,2289950,202107.0
174,A13550404,,,,,,,,,,,202107.0
175,A10024793,0,0,0,0,0,0,1537400,0,0,0,202107.0
