,kaptCode,heatC,heatP,gasC,gasP,waterHotC,waterHotP,electC,electP,waterCoolC,waterCoolP,Date
0,A13508012,17289180,27738250,0,0,-15134230,15011470,8442110,23859510,43500,7595600,202101.0
1,A13579501,2694240,42420100,0,0,0,13934600,7047300,23824080,68240,7808910,202101.0
2,A13592604,31125710,64682840,0,4852130,-21605800,21585150,8553203,30089940,0,16228790,202101.0
3,A13508009,3353400,58895760,0,0,0,17028000,14657060,25718870,203620,11061660,202101.0
4,A13508004,7704550,13744110,0,0,0,4375260,3781510,9048940,95780,3717810,202101.0
5,A13508003,0,0,0,0,0,0,3577540,0,1067450,0,202101.0
6,A13579506,1886840,30951120,0,0,0,1380780,5717170,20052270,0,5997980,202101.0
7,A13508006,8102680,36324760,0,0,0,12617500,5869412,25357050,0,6858170,202101.0
8,A13508011,2697760,43808380,0,0,-2720,20066850,11176654,34687800,-9220,9320930,202101.0
9,A13592601,5078620,44620240,0,0,0,16266900,6680435,28412040,21150,9328200,202101.0
10,A13592706,3665640,91727580,0,0,-3970,41354450,9740784,41314160,-760,21328530,202101.0
11,A13579505,2529400,48754400,0,0,0,9713620,8570376,30216980,0,12091670,202101.0
12,A13508005,0,0,0,0,0,0,1337280,3885820,38500,2059830,202101.0
13,A13579503,0,0,0,0,0,0,2506250,10333530,0,0,202101.0
14,A13592605,3431540,66707300,0,0,0,32005990,15412260,40521240,0,15035370,202101.0
15,A13591402,0,0,0,0,0,0,3329180,13179290,660,4398020,202101.0
16,A10027474,2464160,32750750,0,0,2308960,10694480,12461003,26734580,62280,7719440,202101.0
17,A10023825,,,,,,,,,,,202101.0
18,A10024820,,,,,,,,,,,202101.0
19,A10024813,,,,,,,,,,,202101.0
20,A13599303,10907330,143840800,0,0,270000,13592500,13316481,29001330,2894800,0,202101.0
21,A13594007,2770460,49690560,0,2035450,0,15446800,5062470,0,370830,4902090,202101.0
22,A13580602,5377580,110433410,0,0,0,18565700,7516231,37884200,0,14653950,202101.0
23,A13524004,-20,79984650,0,0,0,12994800,9683030,18968630,360640,6044650,202101.0
24,A13599402,0,103390900,0,6366720,0,14075000,7025920,30674550,0,12114330,202101.0
25,A13524005,2627090,77190610,0,0,0,10380800,11254530,19853470,3053440,0,202101.0
26,A13593908,5291910,58696070,0,0,0,20884500,2718990,0,1367930,0,202101.0
27,A13580001,1417230,32486320,0,0,0,7477400,4840788,9235220,-650,4474220,202101.0
28,A13524006,1460,141240980,0,0,0,9143190,17430505,26759460,5164740,7335470,202101.0
29,A13593901,2439070,29456000,0,0,0,8603400,6543880,16821100,90540,2919390,202101.0
30,A13524009,7171890,102114270,0,0,-3351920,36566400,9587290,31350660,3730670,9403640,202101.0
31,A13580002,31698706,0,0,0,0,8026050,2142995,9883160,62940,3288480,202101.0
32,A13599301,111040420,0,0,0,0,13128000,8414110,28428920,27620,0,202101.0
33,A10025203,6302461,93343860,0,7150780,-59013,28044450,38681630,70870430,1251660,21491030,202101.0
34,A10025675,16110420,134282770,0,0,0,67490260,50922938,110998060,955130,34401910,202101.0
35,A10023565,,,,,,,,,,,202101.0
36,A10024564,47686890,124075330,325750,0,0,56168590,67410290,103562430,2649830,34642160,202101.0
37,A10023996,,,,,,,,,,,202101.0
38,A13510003,1411910,36312010,0,0,0,4580000,4339750,17590360,-200,4326040,202101.0
39,A13510001,0,0,0,0,0,0,879020,8795390,-66120,2757100,202101.0
40,A13510201,870850,20021770,0,0,0,4183200,1610420,8763510,0,2849440,202101.0
41,A13510203,0,0,0,0,0,0,819910,10998900,0,4097010,202101.0
42,A13510102,1615960,37685780,0,0,0,7877800,7353560,15701850,285030,5893330,202101.0
43,A13510006,0,0,0,0,0,0,2955193,18275500,-34680,11694240,202101.0
44,A13510103,2231140,52149850,0,0,0,9952800,8742470,14696100,0,7913500,202101.0
45,A13510202,33998940,0,64370,0,0,5948000,3116100,8103310,507040,2850860,202101.0
46,A13576201,0,0,0,0,0,0,520910,14960180,0,0,202101.0
47,A13510005,4863600,91782440,0,0,0,28242650,5890172,46073310,2142880,8546250,202101.0
48,A13510009,0,0,0,0,0,0,5126250,15074280,3650,3436190,202101.0
49,A13510007,9865550,53303710,0,0,0,19582200,22866839,30739980,1074330,8910710,202101.0
50,A10025280,,,,,,,,,,,202101.0
51,A10025755,,,,,,,,,,,202101.0
52,A10024640,,,,,,,,,,,202101.0
53,A13509001,0,0,456860,0,0,0,3619710,8561360,0,3419730,202101.0
54,A13570501,11146310,80199200,0,0,0,19467000,16296486,47314270,-20,17039760,202101.0
55,A13550701,1774578,34243832,0,0,0,14948100,6024274,24140710,0,7886850,202101.0
56,A13509005,92100,32262590,0,0,7085730,7085730,9179212,18766840,58460,6132560,202101.0
57,A13509004,0,0,0,0,0,0,1691090,12075920,137430,4096580,202101.0
58,A13509010,5269760,78537680,0,0,27250,37496000,15825280,52899790,117460,15754160,202101.0
59,A13509006,364720,0,0,0,0,0,3997202,11059990,0,6238620,202101.0
60,A13509003,0,0,0,0,0,0,1507804,11456291,0,0,202101.0
61,A13509012,82913420,0,0,0,53792200,0,78190370,0,22045260,0,202101.0
62,A13509007,1575310,43197060,0,0,0,4262400,4379460,16001490,178410,6596860,202101.0
63,A13570502,,,,,,,,,,,202101.0
64,A13509013,,,,,,,,,,,202101.0
65,A13509101,0,0,0,0,0,0,2875170,8607280,0,3377410,202101.0
66,A13509009,28074870,86492780,0,0,-23657200,23657200,27587860,71918510,531020,12160240,202101.0
67,A13509014,,,,,,,,,,,202101.0
68,A10026350,4289000,24999530,0,0,0,14278400,9222120,25873030,510750,6660770,202101.0
69,A10026934,0,0,261510,0,0,0,4578804,9734860,0,3416960,202101.0
70,A10024131,,,,,,,,,,,202101.0
71,A10023939,,,,,,,,,,,202101.0
72,A10024819,,,,,,,,,,,202101.0
73,A13528102,5403350,112708820,0,0,0,16798000,17447660,54270810,0,18091530,202101.0
74,A13528103,19515140,117860710,0,0,0,33424800,27503621,82070580,227450,20905740,202101.0
75,A13528004,39102300,360174430,0,15457460,0,64038600,25625560,171867850,0,59875020,202101.0
76,A13583604,-413230,187953690,0,0,0,22732500,19418886,59165910,1194780,14703120,202101.0
77,A13583701,2887240,60479680,0,3743730,3777750,21900000,8517299,28576980,0,9177330,202101.0
78,A13528003,7013640,90977610,0,5502120,0,49413300,13961374,55314230,2603340,13874230,202101.0
79,A13528007,4871360,30050790,0,0,0,8606250,10315260,31671560,300910,7186800,202101.0
80,A13528105,-490,156165300,0,0,0,35490000,5280070,96095340,0,17828890,202101.0
81,A13584101,2424330,33468830,0,0,0,17200880,8001705,24659140,0,6788850,202101.0
82,A13583507,-2620,858786040,0,0,0,98584850,38776575,172932130,4639610,56711660,202101.0
83,A13583403,97620420,0,0,0,0,12072410,6471970,20525040,920670,5703380,202101.0
84,A13583404,0,0,0,0,0,9430200,9110590,38890000,579220,10750410,202101.0
85,A13583402,8035600,72436280,0,0,-11932000,11932000,14693800,16796660,2671760,5464050,202101.0
86,A10027800,7565458,110337920,0,0,0,72841920,36007040,128260710,186560,37934130,202101.0
87,A10025646,,,,,,,,,,,202101.0
88,A10026526,,,,,,,,,,,202101.0
89,A10024102,,,,,,,,,,,202101.0
90,A10024815,,,,,,,,,,,202101.0
91,A10026924,1461290,22127510,0,0,0,8369030,6107620,17630400,195000,4795840,202101.0
92,A10024799,,,,,,,,,,,202101.0
93,A10028094,,,,,,,,,,,202101.0
94,A10024029,,,,,,,,,,,202101.0
95,A10024814,,,,,,,,,,,202101.0
96,A10024805,,,,,,,,,,,202101.0
97,A13501004,0,0,0,0,0,0,7072870,21513920,518570,9281250,202101.0
98,A13501001,3506040,0,0,0,0,0,10336511,31377900,0,5167440,202101.0
99,A13582002,-4397320,111511870,0,0,0,13197600,15232980,20750130,1537590,0,202101.0
100,A13501007,,,,,,,,,,,202101.0
101,A13501008,,,,,,,,,,,202101.0
102,A13583301,0,0,0,0,0,0,3220780,7746740,0,2985370,202101.0
103,A13501006,14038720,25352450,0,0,-11889980,11814490,5566259,25271180,535820,5781080,202101.0
104,A13501005,,,,,,,,,,,202101.0
105,A10024501,0,0,0,0,0,0,8820660,0,900800,0,202101.0
106,A13590204,204765836,0,0,0,0,16977000,5522155,56985850,-267146,0,202101.0
107,A13589802,9462760,890103940,0,0,-52236000,52236000,42699696,237702060,30060640,43064590,202101.0
108,A13511201,100064950,0,0,0,0,0,31719591,0,3500000,0,202101.0
109,A13551103,0,269721199,0,0,0,11486000,12654150,51712000,0,0,202101.0
110,A13590602,144826710,0,0,0,0,11604300,10706750,27121480,784760,0,202101.0
111,A13511001,0,61442192,0,0,0,12355200,4820980,23863640,801200,0,202101.0
112,A13511004,70744120,410725280,0,0,0,43565600,36936978,110454645,175190,0,202101.0
113,A13511101,137361310,0,0,0,0,13152000,10528490,32012130,0,14599290,202101.0
114,A13511003,0,150358878,0,0,0,32154200,14725497,41522890,5011550,0,202101.0
115,A13519002,0,0,445260,0,0,0,3883704,15613890,0,6989860,202101.0
116,A13519006,13376840,57833810,0,0,-780,25426580,16133023,35314900,510980,18867170,202101.0
117,A13519007,52376010,33107760,0,0,-31188500,31085600,16963520,30816930,0,15186900,202101.0
118,A13519004,0,0,-349510,341640,0,0,3251640,14362990,1130,4832800,202101.0
119,A13519005,0,0,0,0,0,0,13593387,25800980,1025110,10953250,202101.0
120,A13519003,0,0,586790,0,0,0,3786830,13261580,101630,6175530,202101.0
121,A13519001,0,0,337200,0,0,0,3630830,12018890,0,6158730,202101.0
122,A10028172,4067590,33767230,0,0,0,26752900,19051370,28489370,160580,13970690,202101.0
123,A13519008,5721410,38041290,0,0,0,20006160,15780054,19833260,0,9447920,202101.0
124,A13520003,0,65471850,0,0,0,60449260,22585607,65533160,0,19431100,202101.0
125,A13520004,2396500,33747550,0,0,0,12786470,10779967,16278700,268740,7756000,202101.0
126,A10027985,0,119040250,0,0,0,-18397670,31746740,45540050,7176440,15872730,202101.0
127,A13520002,0,0,0,0,0,0,26413160,72649120,899550,20439000,202101.0
128,A10023314,,,,,,,,,,,202101.0
129,A13520001,0,0,0,0,0,0,5498181,42501590,114060,17212300,202101.0
130,A10027909,0,0,15470,0,0,0,3550710,9669440,22410,2962630,202101.0
131,A10027912,0,0,191650,0,0,0,3073821,13263770,2620,5232670,202101.0
132,A13594702,3356080,70769390,0,0,-520,21186650,6187950,0,0,0,202101.0
133,A13523005,4363980,85683712,0,0,0,27281600,10504713,33249530,0,13856368,202101.0
134,A13523004,20314410,77672350,0,0,0,17775000,1996800,38715080,213550,7931940,202101.0
135,A13594701,8502490,57418840,0,0,0,20658400,9562412,26639950,727390,7273860,202101.0
136,A13593802,32875030,30997650,0,0,0,0,8163640,0,756330,0,202101.0
137,A13523003,9447000,52376780,0,0,0,11977940,717000,21311110,-550,10358730,202101.0
138,A13594402,46844230,0,640,0,0,7790400,5503580,13321380,941440,0,202101.0
139,A13593801,9753462,17598768,0,2038530,-7767000,10511340,4727820,23632430,847550,8310240,202101.0
140,A13594203,32718693,75776207,0,0,-25803800,25803800,4277600,38323370,7855710,11230510,202101.0
141,A13594403,112312870,0,0,0,0,20860000,8830750,29585140,57720,0,202101.0
142,A10027571,605270,15913970,0,0,0,4423200,1755010,6896060,343880,0,202101.0
143,A10025823,34608760,53665100,0,0,-29508140,29428410,21639347,51546180,0,15866170,202101.0
144,A10024216,,,,,,,,,,,202101.0
145,A13522003,8283100,43335510,0,0,0,13219500,3362520,0,350880,0,202101.0
146,A13522008,0,98661990,0,0,0,23835000,2141530,0,0,0,202101.0
147,A13522004,3207320,58394570,0,0,0,25588800,14454614,26129860,43490,12920870,202101.0
148,A13588402,31338720,49035960,-93970,88790,-20691060,20643090,6328884,28042630,3435880,0,202101.0
149,A13522007,13362460,68501380,0,0,0,27153660,6845000,0,1190000,0,202101.0
150,A13522006,11636050,59432100,0,0,0,19372000,4629690,26823950,0,0,202101.0
151,A13552001,9087444,36349776,114200,0,0,12580400,1685910,520820,135535,5000,202101.0
152,A13552002,0,0,0,0,0,0,9571452,47783540,702600,13691200,202101.0
153,A13588601,2830970,31071440,0,0,0,15498300,5132950,13707390,58760,3685590,202101.0
154,A10025204,,,,,,,,,,,202101.0
155,A10027446,164260,35317450,0,0,0,34174480,16406670,28586450,109510,8128090,202101.0
156,A13550502,4195270,86114290,-1263060,1243170,0,37717030,13559880,44052070,0,15421940,202101.0
157,A13527004,24657020,21978680,0,0,4152000,4152000,6701360,7101990,3236020,3236020,202101.0
158,A13585404,21771670,32705770,0,0,-19410220,19369410,9302220,25250120,0,8927140,202101.0
159,A13527002,4807750,15304250,0,0,-3783000,3783000,1879742,6957830,0,3245760,202101.0
160,A13527008,0,0,102310,0,0,0,3951206,17726610,26100,6209760,202101.0
161,A13527013,3434010,74739500,0,0,0,16571010,10822418,20970520,346560,5151300,202101.0
162,A13527203,17343880,342697880,0,0,0,145351260,91550587,168462940,-4879030,70921440,202101.0
163,A13585401,0,18837000,0,0,0,4212900,2871033,8446140,0,1807470,202101.0
164,A13586102,6776120,20202410,0,0,0,4387200,820010,9479140,-270,5471030,202101.0
165,A13585804,6341320,108060400,0,0,0,47175000,32424340,41013500,10000,0,202101.0
166,A13527007,2111410,34115340,0,0,0,13744500,9100807,22336680,236180,5465690,202101.0
167,A13527016,4912660,60816680,0,0,52500,9989000,8135845,20243870,2965920,8196300,202101.0
168,A13550403,13077780,51175830,0,0,-13977000,13977000,6083032,14663170,3036100,5122200,202101.0
169,A13586101,0,0,0,0,0,0,740930,0,0,0,202101.0
170,A13527010,-1060,61967100,0,0,0,10192000,5359896,12485090,0,7152290,202101.0
171,A13527019,3327570,42392980,0,0,0,13552000,13443228,22118850,164770,7293970,202101.0
172,A13527006,49348910,0,0,0,2674100,0,4282670,10362430,860110,4629270,202101.0
173,A10027319,4729740,6622940,0,0,-3151810,3151810,4667470,6073200,147200,2062710,202101.0
174,A13550404,,,,,,,,,,,202101.0
175,A10024793,0,0,0,0,0,0,2060170,0,0,0,202101.0
