,kaptCode,heatC,heatP,gasC,gasP,waterHotC,waterHotP,electC,electP,waterCoolC,waterCoolP,Date
0,A13508012,2154950,3176180,0,0,0,7643130,4933790,23283420,241540,7484900,202110.0
1,A13579501,2385600,6438500,0,0,0,5906040,4529708,21833760,-540010,7834450,202110.0
2,A13592604,15693410,9038490,0,0,-11156040,11146920,7748990,26987490,0,13792150,202110.0
3,A13508009,3345200,6681000,0,0,0,9975800,11951020,24600250,125320,9565290,202110.0
4,A13508004,0,0,0,0,0,2449230,1598140,8171458,261340,3641910,202110.0
5,A13508003,0,0,0,0,0,0,3845920,0,1217880,0,202110.0
6,A13579506,1886640,3351100,0,0,0,3121020,3401532,18894350,0,5061710,202110.0
7,A13508006,2854620,6082640,0,0,0,6324000,4404526,24838830,0,5938170,202110.0
8,A13508011,2697760,4962110,0,0,290,9194960,6733171,32101620,440840,8943940,202110.0
9,A13592601,2605890,5216990,0,0,0,9183900,2435696,26839340,-500,9018020,202110.0
10,A13592706,3665640,12201100,0,6291210,-1210,21660970,8779687,33975180,-1150,21691770,202110.0
11,A13579505,2529400,6105600,0,0,0,7311560,5881104,27506270,-642060,11747830,202110.0
12,A13508005,0,0,0,0,0,0,526610,3575470,162740,2022260,202110.0
13,A13579503,8680,0,0,0,0,0,1873100,9839570,0,6624320,202110.0
14,A13592605,3431540,9556440,0,4570480,0,12491990,5830440,36578570,0,15422820,202110.0
15,A13591402,0,0,0,0,0,0,1828436,11655580,-260,4323730,202110.0
16,A10027474,2464160,3124400,0,0,486480,6168960,7262700,25741340,-247200,7632790,202110.0
17,A10023825,,,,,,,,,,,202110.0
18,A10024820,,,,,,,,,,,202110.0
19,A10024813,,,,,,,,,,,202110.0
20,A13599303,28895560,8124900,0,0,2890000,10310000,4556169,30539180,3925280,0,202110.0
21,A13594007,2476080,8377320,0,3791790,0,10435200,2349230,0,470200,4980640,202110.0
22,A13580602,5377720,17790730,0,0,0,11055000,5679279,25915880,0,14335860,202110.0
23,A13524004,-800,18529200,0,0,0,8856900,3912850,14873310,480460,6873240,202110.0
24,A13599402,0,6695500,0,0,0,9045000,2718110,34084240,0,14842460,202110.0
25,A13524005,2554510,12647730,0,0,224690,6422400,3662720,17243450,1834560,0,202110.0
26,A13593908,1478050,11691630,0,0,0,14735000,0,0,0,0,202110.0
27,A13580001,1417120,5685380,0,0,0,3505500,1324543,7540130,180,4419110,202110.0
28,A13524006,910,36783720,0,0,0,5686290,6675387,22869790,1985950,9434110,202110.0
29,A13593901,1905310,3613640,0,0,0,5146700,4114140,14845330,0,2795260,202110.0
30,A13524009,5043780,20502420,0,0,-3271200,16356000,3146410,29648380,4783670,9656560,202110.0
31,A13580002,6351196,0,0,0,0,5272730,1574413,8106140,164020,3834970,202110.0
32,A13599301,33612170,0,0,0,0,7068000,8159010,23751070,27620,0,202110.0
33,A10025203,6302461,9223540,0,0,-46311,18562440,28893250,64706500,2800650,20338170,202110.0
34,A10025675,11489190,13458000,0,0,0,30944950,37373577,106056440,1493720,31592690,202110.0
35,A10023565,,,,,,,,,,,202110.0
36,A10024564,12496080,14013870,0,0,0,42518910,41881401,116710560,2769290,41710680,202110.0
37,A10023996,,,,,,,,,,,202110.0
38,A13510003,1647610,5791520,0,0,0,3343700,3254690,12934520,0,4357340,202110.0
39,A13510001,0,0,0,0,0,0,292010,6952760,-110410,2764310,202110.0
40,A13510201,866390,2730990,0,0,0,2826000,310600,7550960,0,3133360,202110.0
41,A13510203,0,0,0,0,0,0,1860400,8509180,0,4516530,202110.0
42,A13510102,1617690,5241620,0,0,0,4854000,2036950,13166170,-406270,6083040,202110.0
43,A13510006,0,0,0,0,0,0,1465630,16837630,0,0,202110.0
44,A13510103,2131250,10313550,0,0,0,5464800,3677740,14329700,164460,7835540,202110.0
45,A13510202,7714260,0,4120,0,0,3480000,2116880,7179500,242020,2946000,202110.0
46,A13576201,0,0,0,0,0,0,64200,10995180,0,0,202110.0
47,A13510005,4863600,12068270,0,0,0,14968350,4441522,32728620,2591880,9094580,202110.0
48,A13510009,0,0,0,0,0,0,6156570,11396170,3220,3172820,202110.0
49,A13510007,939030,6091830,0,0,0,10041500,14613717,35548700,903870,8211140,202110.0
50,A10025280,,,,,,,,,,,202110.0
51,A10025755,,,,,,,,,,,202110.0
52,A10024640,,,,,,,,,,,202110.0
53,A13509001,0,0,26470,0,0,0,1874400,6607120,0,3482630,202110.0
54,A13570501,5812520,13972750,0,0,0,9928000,9913671,42236126,-10,17744010,202110.0
55,A13550701,1774578,5096982,0,0,0,8232800,4417796,21329900,0,6302380,202110.0
56,A13509005,73770,4573170,0,0,5209720,5209720,3895563,17361780,68280,5763520,202110.0
57,A13509004,0,0,0,0,0,0,90540,10216430,165510,4050570,202110.0
58,A13509010,5080120,6235930,0,0,0,20529600,11352945,48003770,99770,14148610,202110.0
59,A13509006,8770,0,0,0,0,0,3205726,9846160,0,5738500,202110.0
60,A13509003,0,0,0,0,0,0,1194960,8543290,-40,9200820,202110.0
61,A13509012,6036230,0,61879000,0,32030540,0,60543847,0,19892760,0,202110.0
62,A13509007,1605420,7469030,0,0,0,3320750,2639420,12648660,128960,6186340,202110.0
63,A13570502,,,,,,,,,,,202110.0
64,A13509013,,,,,,,,,,,202110.0
65,A13509101,0,0,0,0,0,0,794010,7038890,511020,3211130,202110.0
66,A13509009,13366160,16518600,0,0,-9030480,9030480,19855430,43734250,3262030,8409730,202110.0
67,A13509014,,,,,,,,,,,202110.0
68,A10026350,2706450,2646390,0,0,0,6926700,6218760,25163960,1250680,6634060,202110.0
69,A10026934,,,,,,,,,,,202110.0
70,A10024131,3097520,4168110,0,0,0,2765100,11833940,7187550,1664100,2775300,202110.0
71,A10023939,,,,,,,,,,,202110.0
72,A10024819,,,,,,,,,,,202110.0
73,A13528102,5403350,23591940,0,0,0,5481240,12397790,51384880,2417310,16919410,202110.0
74,A13528103,8724863,13038440,0,0,0,21115500,14783694,76639736,1413230,22615000,202110.0
75,A13528004,21794080,47767860,0,0,0,39182400,18438860,125348750,0,53226860,202110.0
76,A13583604,-115950,38374040,0,0,0,14167500,11263173,44967070,638040,17580250,202110.0
77,A13583701,2887240,10024730,0,0,2936700,13052000,4207556,25607050,0,12037400,202110.0
78,A13528003,3072800,13699220,0,0,0,29178000,12965227,46050170,1088680,15758620,202110.0
79,A13528007,3334310,3317160,0,0,0,5032950,6730560,31455400,445970,8319700,202110.0
80,A13528105,-3850,34527150,0,0,0,17923500,4549460,63454770,0,21318240,202110.0
81,A13584101,15660560,0,0,0,0,0,27966997,0,7425130,0,202110.0
82,A13583507,-940,182281820,0,0,0,59134460,24884946,151424990,16673410,56461900,202110.0
83,A13583403,19256530,0,0,0,0,2568,3628070,139533,719400,7140,202110.0
84,A13583404,0,0,0,0,0,6420600,5221470,27704990,592730,9394390,202110.0
85,A13583402,6396653,17935680,0,0,-7724000,7724000,5077030,13597200,1339520,6618680,202110.0
86,A10027800,8372410,7498800,0,0,0,35280000,27678301,120569320,1072330,37046350,202110.0
87,A10025646,,,,,,,,,,,202110.0
88,A10026526,,,,,,,,,,,202110.0
89,A10024102,0,0,0,2972790,0,0,7161220,4417580,0,917590,202110.0
90,A10024815,,,,,,,,,,,202110.0
91,A10026924,1460280,3000950,0,0,0,4162520,4277202,16901330,545010,4440270,202110.0
92,A10024799,,,,,,,,,,,202110.0
93,A10028094,,,,,,,,,,,202110.0
94,A10024029,,,,,,,,,,,202110.0
95,A10024814,,,,,,,,,,,202110.0
96,A10024805,,,,,,,,,,,202110.0
97,A13501004,0,0,7770,0,0,0,5086877,17941204,713570,9111800,202110.0
98,A13501001,1039550,0,0,0,0,0,6961177,24960750,1917730,3528420,202110.0
99,A13582002,-1186060,23299730,0,0,0,9500400,7374400,18173280,59530,0,202110.0
100,A13501007,,,,,,,,,,,202110.0
101,A13501008,,,,,,,,,,,202110.0
102,A13583301,0,0,0,0,0,0,3032926,6888920,0,2659670,202110.0
103,A13501006,7915840,2736150,0,0,-5767370,5719940,1286330,22707050,232720,5432470,202110.0
104,A13501005,,,,,,,,,,,202110.0
105,A10024501,0,0,0,0,0,0,2823570,4428910,414070,1056180,202110.0
106,A13590204,42032715,0,0,0,0,11853000,-4431252,44050550,346775,0,202110.0
107,A13589802,19052990,280586870,0,0,-33948000,33948000,1246072,196511880,15441590,49660960,202110.0
108,A13511201,24681250,0,0,0,0,0,4577936,22827790,3500000,0,202110.0
109,A13551103,0,67336670,0,0,0,10750000,3506113,37499850,0,0,202110.0
110,A13590602,29021240,0,0,0,0,8801220,661930,20382970,603520,0,202110.0
111,A13511001,14491850,14491876,0,0,0,7248960,5531140,13743720,0,0,202110.0
112,A13511004,31107730,81819520,0,0,0,29361350,12879260,96340020,596640,0,202110.0
113,A13511101,33753140,0,0,0,0,8571000,7623600,28507270,10540,14066340,202110.0
114,A13511003,0,7351050,0,0,0,21804100,6413849,36446060,0,0,202110.0
115,A13519002,0,0,46300,0,0,0,1209630,11822400,134940,6517230,202110.0
116,A13519006,6668340,7867060,0,0,-1330,13659100,10014460,32743800,1387010,18447420,202110.0
117,A13519007,16060600,9439760,0,0,-11458800,11407500,7596691,29440329,956410,14313380,202110.0
118,A13519004,0,0,-386850,379300,0,0,-78290,12296370,196170,5022050,202110.0
119,A13519005,0,0,0,0,0,0,2415232,23071950,593340,10655560,202110.0
120,A13519003,0,0,32580,0,0,0,1370800,11268970,361840,6394440,202110.0
121,A13519001,0,0,66100,0,0,0,806280,10192180,620650,6169170,202110.0
122,A10028172,3805860,4220630,0,0,0,11206110,7633902,26862260,0,12969740,202110.0
123,A13519008,47835,4616560,0,0,0,13854005,4296300,17272740,0,8226710,202110.0
124,A13520003,0,15990640,0,0,0,24204370,12421020,58564870,0,19517500,202110.0
125,A13520004,2396500,2708440,0,0,0,9883160,5227112,14409500,468530,7649160,202110.0
126,A10027985,5943800,11169630,0,7685450,0,18016630,13748790,45460370,1584690,19607900,202110.0
127,A13520002,0,0,0,0,0,0,14364870,59450370,1973180,20308850,202110.0
128,A10023314,,,,,,,,,,,202110.0
129,A13520001,0,0,0,0,0,0,1696230,37532420,1627880,16435110,202110.0
130,A10027909,0,0,18980,0,0,0,2665740,6119000,14380,2714220,202110.0
131,A10027912,0,0,20710,0,0,0,2203684,11385540,100020,5710160,202110.0
132,A13594702,3355860,14907480,0,0,-700,11943480,2936720,0,0,0,202110.0
133,A13523005,4363980,12254270,0,0,0,13320510,8001582,25827790,0,12517820,202110.0
134,A13523004,8703150,15604480,0,0,0,10854000,550270,31019590,140630,9634130,202110.0
135,A13594701,3808050,11560720,0,0,0,9956700,3875380,19457550,826850,8268460,202110.0
136,A13593802,13855464,0,0,0,7132740,0,4806320,0,1073846,0,202110.0
137,A13523003,4140890,7576720,0,0,0,8831150,292490,18203990,19140,10302110,202110.0
138,A13594402,8482130,0,0,0,0,6069600,3416150,11941000,718750,0,202110.0
139,A13593801,6937768,3102972,0,1965030,-5817000,7872340,2585990,24519810,0,0,202110.0
140,A13594203,21741721,9856119,0,0,-15162100,15162100,2689170,33373260,0,13592250,202110.0
141,A13594403,23625280,0,0,0,0,13180000,5941900,25470980,0,0,202110.0
142,A10027571,605290,3221930,0,0,0,2994400,1004490,4192970,413280,0,202110.0
143,A10025823,19723220,5831450,0,0,-14622600,14322870,12183775,48133320,0,18935540,202110.0
144,A10024216,13771480,23960660,0,0,90000,30916050,51316040,91780190,-3309600,28939900,202110.0
145,A13522003,1734720,6985840,0,0,0,8620500,1940070,0,167845,0,202110.0
146,A13522008,0,22480390,0,0,0,18078000,1250870,0,0,0,202110.0
147,A13522004,3207320,11382090,0,3597380,0,14603400,7300843,23010160,64080,13398720,202110.0
148,A13588402,13667200,7679700,-716450,701170,-10939500,10930660,2015113,23495590,1572280,0,202110.0
149,A13522007,5698490,9588450,0,0,0,15154650,2959840,0,952790,0,202110.0
150,A13522006,13784430,0,0,0,4766740,7565260,-5537082,28729040,2503260,0,202110.0
151,A13552001,1437532,8146018,0,0,0,2062570,168590,454820,285540,0,202110.0
152,A13552002,0,0,0,0,0,0,6546074,32163220,645190,13141170,202110.0
153,A13588601,474710,4552960,0,0,0,7609500,3297430,10771670,425100,4880140,202110.0
154,A10025204,,,,,,,,,,,202110.0
155,A10027446,4126820,5768840,0,0,0,7098000,10187500,25489960,189480,6998220,202110.0
156,A13550502,4195270,11265600,-1291730,1269830,0,18985460,9949630,36624020,0,15841170,202110.0
157,A13527004,4019740,4019740,0,0,2387000,2787000,5710930,6220930,3175950,3175950,202110.0
158,A13585404,2361450,2727140,0,2555400,0,7821230,5744870,25873400,0,9168160,202110.0
159,A13527002,2946100,2671790,0,0,-1997500,1997500,979736,6880630,0,3397250,202110.0
160,A13527008,0,0,11890,0,0,0,1317076,13964130,24630,7072420,202110.0
161,A13527013,3434010,13596300,0,0,0,8430360,3982366,17807130,891270,6138810,202110.0
162,A13527203,17344060,39622070,0,0,0,79394040,57745947,155168890,-5594280,67803420,202110.0
163,A13585401,0,3867500,0,0,0,3165000,1522148,5221800,0,1403150,202110.0
164,A13586102,6978050,0,0,0,0,0,9026710,0,4831070,0,202110.0
165,A13585804,6341320,12100900,0,0,0,27850500,15844860,38814220,12730,0,202110.0
166,A13527007,2111410,3449670,0,0,0,7277400,5263625,19385330,300130,6164400,202110.0
167,A13527016,2133230,6817790,0,0,38500,8123500,7354952,14129820,2014430,9080950,202110.0
168,A13550403,8864240,8612320,0,0,-6727000,6727000,3172362,13084840,1766210,6004800,202110.0
169,A13586101,0,0,0,0,0,0,490290,0,0,0,202110.0
170,A13527010,-1610,15486900,0,0,0,7332000,3064412,11291770,-10,7938810,202110.0
171,A13527019,3031140,5294610,0,0,0,6790000,8193103,19918160,123830,7344040,202110.0
172,A13527006,13125480,0,0,0,1948200,0,1865380,9474250,603710,4366730,202110.0
173,A10027319,1036390,2003710,0,0,-681800,681800,3044650,5523690,256590,2150430,202110.0
174,A13550404,,,,,,,,,,,202110.0
175,A10024793,0,0,0,5670,0,0,1327630,0,0,0,202110.0
