,kaptCode,heatC,heatP,gasC,gasP,waterHotC,waterHotP,electC,electP,waterCoolC,waterCoolP,Date
0,A13508012,2154950,0,0,0,0,6789420,6142080,23010830,225300,7539000,202106.0
1,A13579501,2385600,97800,0,0,0,5583720,5483734,25006350,-63410,7601190,202106.0
2,A13592604,14475580,232580,0,0,-10639340,10630180,7457898,27924790,0,13836880,202106.0
3,A13508009,3354750,458700,0,0,0,7893900,11282870,29923040,212730,9294950,202106.0
4,A13508004,0,0,0,0,0,2975700,1786210,8163510,0,3788950,202106.0
5,A13508003,0,0,0,0,0,0,5660500,0,1158220,0,202106.0
6,A13579506,1886840,0,1150,0,0,3393920,4026585,23270900,0,4750100,202106.0
7,A13508006,3044470,29780,0,0,0,5947200,4192842,22752460,0,5720060,202106.0
8,A13508011,2697760,122510,0,0,1350,7159700,8968878,33721020,-188850,9021020,202106.0
9,A13592601,2633920,0,0,0,0,7588350,4825154,24161650,282300,8909740,202106.0
10,A13592706,3665640,0,0,5961330,1030,20370270,9406583,36434230,-980,21805560,202106.0
11,A13579505,2445090,244800,0,0,0,7382900,7372535,32298420,-1050190,11641250,202106.0
12,A13508005,0,0,0,0,0,0,770720,3098040,98520,1918110,202106.0
13,A13579503,0,0,0,0,0,0,2094580,8768300,0,6514760,202106.0
14,A13592605,3431540,219200,0,4555420,0,9386660,3983520,39364660,0,15287100,202106.0
15,A13591402,0,0,0,0,0,0,2812846,11668070,-270,4364920,202106.0
16,A10027474,2464160,114170,0,0,305660,5600310,6458540,29482240,23520,7715420,202106.0
17,A10023825,,,,,,,,,,,202106.0
18,A10024820,,,,,,,,,,,202106.0
19,A10024813,,,,,,,,,,,202106.0
20,A13599303,-24686590,33689600,0,0,-847500,13490000,8845379,26914350,2790580,0,202106.0
21,A13594007,2482250,0,0,1930460,0,8249800,3227410,0,443200,4957740,202106.0
22,A13580602,5379653,0,0,0,0,12923540,3303651,28534930,0,15435270,202106.0
23,A13524004,70,3077250,0,0,0,8685300,3876569,15807351,591440,7415190,202106.0
24,A13599402,0,16088200,0,3890070,0,12747500,4325060,30914260,0,11197730,202106.0
25,A13524005,3039360,0,0,0,-660,8070150,5691830,18749870,2473120,0,202106.0
26,A13593908,627810,0,0,0,0,9667900,961820,0,0,0,202106.0
27,A13580001,1503280,0,0,0,0,4210800,1352813,8137310,2010,4390350,202106.0
28,A13524006,1290,6889220,0,0,0,6092010,8091640,20447690,1478460,9444540,202106.0
29,A13593901,1878160,0,0,0,0,3599750,4323420,17378030,0,2777760,202106.0
30,A13524009,4328950,503500,0,0,-1692600,16361800,5929860,29210730,2252380,9943830,202106.0
31,A13580002,1198140,0,0,0,0,4586790,1521014,8144470,45390,3734220,202106.0
32,A13599301,12250790,0,0,0,0,8634000,6465470,25107840,27620,0,202106.0
33,A10025203,6302461,391750,0,0,-19631,16162350,32836712,72372210,2582600,20517970,202106.0
34,A10025675,11080980,464890,0,0,0,28198620,50659204,115489680,3839540,32998090,202106.0
35,A10023565,,,,,,,,,,,202106.0
36,A10024564,12520960,261910,0,0,0,34806300,51388200,126825320,0,39516410,202106.0
37,A10023996,,,,,,,,,,,202106.0
38,A13510003,1411850,95720,0,0,0,2977000,3731230,12945210,0,4503180,202106.0
39,A13510001,0,0,0,0,0,0,714560,6628570,-30360,2970730,202106.0
40,A13510201,867520,0,0,0,0,2808720,390880,6950440,0,3017570,202106.0
41,A13510203,0,0,0,0,0,0,737270,9559300,0,4034220,202106.0
42,A13510102,1617660,0,0,0,60,3946360,19820,15576200,-119710,6121320,202106.0
43,A13510006,0,0,0,0,0,0,1900810,16247850,0,0,202106.0
44,A13510103,2116770,0,0,0,0,5815600,6440720,16123400,30000,6702210,202106.0
45,A13510202,922570,0,33090,0,0,3932000,1773510,7324120,235690,3256140,202106.0
46,A13576201,0,0,0,0,0,0,354590,10705500,16470,0,202106.0
47,A13510005,4863600,0,0,0,0,13116540,5172735,33944920,1275910,9292910,202106.0
48,A13510009,0,0,0,0,0,0,6187350,15123550,4070,3246030,202106.0
49,A13510007,276080,153500,0,0,0,7905900,18491493,27573820,657780,9101050,202106.0
50,A10025280,,,,,,,,,,,202106.0
51,A10025755,,,,,,,,,,,202106.0
52,A10024640,,,,,,,,,,,202106.0
53,A13509001,0,0,80470,0,0,0,1971560,6849160,0,3427320,202106.0
54,A13570501,5558370,806620,0,0,0,11017000,13683987,48459700,0,16585250,202106.0
55,A13550701,1774578,286192,0,0,0,6370560,5016750,22780920,0,6803620,202106.0
56,A13509005,45890,173760,0,0,4363170,4363170,5480727,19152200,88950,6535850,202106.0
57,A13509004,0,0,0,0,0,0,367370,10181110,70930,4480330,202106.0
58,A13509010,5122880,0,0,0,0,14458500,14269780,52807100,55280,15397510,202106.0
59,A13509006,17350,0,0,0,0,0,2929526,10156380,0,6153860,202106.0
60,A13509003,0,0,0,0,0,0,-88020,10501240,8025960,0,202106.0
61,A13509012,6036230,0,6334900,0,14616080,0,70450840,0,20557480,0,202106.0
62,A13509007,1457980,331230,0,0,0,3759450,3734860,13126040,235510,6139950,202106.0
63,A13570502,,,,,,,,,,,202106.0
64,A13509013,,,,,,,,,,,202106.0
65,A13509101,0,0,0,0,0,0,264520,7939090,13360,3488090,202106.0
66,A13509009,14226480,3740100,0,0,-9838800,9838800,25976337,69500890,1854130,10750160,202106.0
67,A13509014,,,,,,,,,,,202106.0
68,A10026350,2472040,67430,0,0,0,5090340,7291230,30271070,935820,6700580,202106.0
69,A10026934,,,,,,,,,,,202106.0
70,A10024131,,,,,,,,,,,202106.0
71,A10023939,,,,,,,,,,,202106.0
72,A10024819,,,,,,,,,,,202106.0
73,A13528102,5403350,0,0,0,0,14085110,15150610,56385540,1018730,16511120,202106.0
74,A13528103,7072710,345770,0,0,0,15774300,18122753,92099950,1626590,22807220,202106.0
75,A13528004,-5976640,23343630,-13487380,13487380,-3917700,49253400,38810770,123445480,3930250,55021590,202106.0
76,A13583604,210,-6897050,0,0,0,16235000,8855268,51539180,504740,18994710,202106.0
77,A13583701,2887240,266300,0,0,2593140,8840250,6049563,30622050,0,10609500,202106.0
78,A13528003,4967370,0,0,0,0,18368000,8608982,41429310,1068950,16963100,202106.0
79,A13528007,3089830,150150,0,0,0,4978770,8382980,32265690,550370,7750650,202106.0
80,A13528105,0,0,0,0,0,20321000,-8151260,69991200,2272300,16179740,202106.0
81,A13584101,2424330,703440,0,0,0,0,6179111,24681770,0,6968950,202106.0
82,A13583507,7820,23198700,0,0,0,61180840,15895002,155586910,6973110,57944030,202106.0
83,A13583403,1564880,0,0,0,0,9160510,2885940,17982470,778430,6251700,202106.0
84,A13583404,0,0,0,0,0,6989400,6471900,28808390,598920,9157970,202106.0
85,A13583402,6711420,1268400,0,0,-7120000,7120000,3708450,13659440,1892800,5850000,202106.0
86,A10027800,7914480,178000,0,0,0,31912320,40385560,133036390,1183280,34959160,202106.0
87,A10025646,,,,,,,,,,,202106.0
88,A10026526,,,,,,,,,,,202106.0
89,A10024102,,,,,,,,,,,202106.0
90,A10024815,,,,,,,,,,,202106.0
91,A10026924,1460530,0,0,0,4027610,0,23321732,0,5212870,0,202106.0
92,A10024799,,,,,,,,,,,202106.0
93,A10028094,,,,,,,,,,,202106.0
94,A10024029,,,,,,,,,,,202106.0
95,A10024814,,,,,,,,,,,202106.0
96,A10024805,,,,,,,,,,,202106.0
97,A13501004,0,0,5340,0,0,0,6578588,16884300,410800,9114930,202106.0
98,A13501001,1366260,0,0,0,0,0,7803072,40086610,1831410,3822410,202106.0
99,A13582002,-603190,3426350,0,0,0,9288000,6330910,19254250,273480,0,202106.0
100,A13501007,,,,,,,,,,,202106.0
101,A13501008,,,,,,,,,,,202106.0
102,A13583301,0,0,0,0,0,0,3136600,7844890,0,2628600,202106.0
103,A13501006,7148070,266550,0,0,-4999700,4953460,2807990,26910570,-411540,5768260,202106.0
104,A13501005,,,,,,,,,,,202106.0
105,A10024501,0,0,0,0,0,0,4312200,3618840,270730,1133770,202106.0
106,A13590204,10475596,0,0,0,0,14028000,-1207126,47485690,1669094,0,202106.0
107,A13589802,12902658,62659762,0,0,-38744000,38744000,1700794,219097260,26569050,43490510,202106.0
108,A13511201,10696590,0,0,0,0,6309600,28633208,22738870,3500000,0,202106.0
109,A13551103,0,23562931,0,0,0,10822000,4551384,41304120,0,0,202106.0
110,A13590602,10585080,0,0,0,0,9878460,4398790,22685350,770040,0,202106.0
111,A13511001,2183230,6439230,0,0,0,7974720,4249632,15013740,0,0,202106.0
112,A13511004,29967980,0,0,0,0,31662350,19214320,102642710,175190,0,202106.0
113,A13511101,6468760,0,0,0,0,9357000,1998750,34504220,0,14213300,202106.0
114,A13511003,0,0,0,0,0,21596600,4454012,40721980,0,0,202106.0
115,A13519002,0,0,51350,0,0,0,1175140,11540350,130160,6636170,202106.0
116,A13519006,5793182,265370,0,0,-1752,12637830,10832691,31875000,100660,18174160,202106.0
117,A13519007,16317590,518100,0,0,-11980500,11895240,10333360,27465870,269500,14728470,202106.0
118,A13519004,0,0,-412520,401410,0,0,-205930,11241670,173440,4956090,202106.0
119,A13519005,0,0,0,0,0,0,1327615,22540170,-967540,11284620,202106.0
120,A13519003,0,0,62190,0,0,0,818790,10672400,198420,6372720,202106.0
121,A13519001,0,0,68520,0,0,0,1481300,9699510,0,6717910,202106.0
122,A10028172,3748590,158170,0,0,0,10271300,5657043,27793470,0,14666830,202106.0
123,A13519008,179520,452490,0,0,0,9917600,5078628,16684040,0,8437690,202106.0
124,A13520003,0,7065760,0,0,0,17321150,16450654,62775940,0,20318400,202106.0
125,A13520004,2396500,0,0,0,0,6784490,4806122,14008500,556510,7421580,202106.0
126,A10027985,5943800,513450,0,7452380,0,16542230,12599390,44476040,900330,19593710,202106.0
127,A13520002,0,0,0,0,0,0,18386320,60004580,780690,20440650,202106.0
128,A10023314,,,,,,,,,,,202106.0
129,A13520001,0,0,0,0,0,0,3130819,32876040,382260,18155210,202106.0
130,A10027909,0,0,17980,0,0,0,2495560,6098480,9300,2846050,202106.0
131,A10027912,0,0,22230,0,0,0,980495,10699930,175920,5303160,202106.0
132,A13594702,3356070,531500,0,0,400,15984550,3321490,0,0,0,202106.0
133,A13523005,4363980,703920,0,0,0,10233300,5883347,25540820,0,13486800,202106.0
134,A13523004,7208000,1944390,0,0,0,10082400,847070,32506400,16280,9961260,202106.0
135,A13594701,2732490,943250,0,0,0,9799200,5698350,19480910,876120,8761200,202106.0
136,A13593802,11158910,0,0,0,0,0,4059670,0,544910,0,202106.0
137,A13523003,3053230,518110,0,0,0,6178590,92960,18363700,1010,10009840,202106.0
138,A13594402,0,0,710,0,0,5914800,2622310,12184220,1559710,0,202106.0
139,A13593801,3716330,0,0,1890080,-3066588,5166448,3331030,25030660,0,0,202106.0
140,A13594203,16163770,0,0,0,-16226100,16226100,316670,33125340,4653360,14021410,202106.0
141,A13594403,914780,0,0,0,0,16436000,5692060,26345310,501880,0,202106.0
142,A10027571,605320,0,0,0,-260,3040650,1278880,4437750,511070,0,202106.0
143,A10025823,17744310,379480,0,0,-12643690,12440790,15585974,50208180,0,20786300,202106.0
144,A10024216,,,,,,,,,,,202106.0
145,A13522003,801120,0,0,0,0,0,2228380,0,867310,0,202106.0
146,A13522008,0,4026830,0,0,0,18864000,1554420,0,0,0,202106.0
147,A13522004,3207320,462590,0,3548520,0,12407500,7657705,22689050,7280,12808460,202106.0
148,A13588402,9510570,0,-757280,740070,-7694200,7679600,21327,23293660,2623630,0,202106.0
149,A13522007,4175580,0,0,0,0,12153520,4158820,0,830300,0,202106.0
150,A13522006,3984430,0,0,0,0,9856000,637060,21746920,5293930,0,202106.0
151,A13552001,0,854620,0,0,0,8668400,0,637490,124920,5000,202106.0
152,A13552002,0,0,0,0,0,0,5751237,32091570,115920,13679540,202106.0
153,A13588601,3364840,260110,0,0,0,2635500,3611380,11883260,445010,4917430,202106.0
154,A10025204,,,,,,,,,,,202106.0
155,A10027446,3779820,95740,0,0,0,17386010,9096690,26844250,117450,7510620,202106.0
156,A13550502,4195270,1381790,-1437290,1417630,0,12631570,14205970,38379190,0,16781060,202106.0
157,A13527004,255820,0,0,0,1653000,1653000,6531730,7041730,3084420,3084420,202106.0
158,A13585404,2282730,28830,0,2452390,0,6141160,5046680,30315180,0,8359010,202106.0
159,A13527002,3203550,175650,0,0,0,2270000,277880,7205062,0,3588020,202106.0
160,A13527008,0,0,9190,0,0,0,1046118,15232420,25970,6378090,202106.0
161,A13527013,3434020,0,0,0,0,8798998,3111996,18285750,484350,6038050,202106.0
162,A13527203,17343471,0,0,0,-5811,53400300,56443515,167499110,-1685780,66317800,202106.0
163,A13585401,0,604800,0,0,0,3255000,1839978,5805180,0,1837500,202106.0
164,A13586102,4067800,0,0,0,0,0,8642330,0,4690150,0,202106.0
165,A13585804,11613070,0,0,0,-5271750,21035880,12161510,40353200,3766800,0,202106.0
166,A13527007,2111410,88380,0,0,0,4869940,7053536,20952710,299970,5938590,202106.0
167,A13527016,30340,94310,0,0,31500,7826000,4833167,14547370,1415740,8366520,202106.0
168,A13550403,5813020,1131700,0,0,-6685000,6685000,2635802,13187900,3008860,5813150,202106.0
169,A13586101,0,0,0,0,0,0,505840,0,0,0,202106.0
170,A13527010,-100,253200,0,0,0,6632500,2557430,11339010,70,8207450,202106.0
171,A13527019,2877080,108640,0,0,0,5837300,7935513,21703130,51240,7119960,202106.0
172,A13527006,4307170,0,0,0,2074000,0,2322350,9269680,251960,4709230,202106.0
173,A10027319,1894430,25600,0,0,-1264440,1264440,3120740,6651500,0,2242590,202106.0
174,A13550404,,,,,,,,,,,202106.0
175,A10024793,0,0,0,0,0,0,1569080,0,0,0,202106.0
