,kaptCode,heatC,heatP,gasC,gasP,waterHotC,waterHotP,electC,electP,waterCoolC,waterCoolP,Date
0,A13508012,2154950,10973940,0,0,0,10077150,7297730,20905930,219020,7649100,202111.0
1,A13579501,2495690,19326800,0,0,0,7205000,6305323,20125560,-366590,7692870,202111.0
2,A13592604,19008380,28439570,0,4285620,-12879720,12866040,8351711,26251330,0,14779400,202111.0
3,A13508009,3346690,21510320,0,0,0,13743370,11559910,22844100,147800,10268390,202111.0
4,A13508004,4666280,7745090,0,0,0,3142470,2411420,8084252,529490,3697360,202111.0
5,A13508003,0,0,0,0,0,0,3008080,0,1089540,0,202111.0
6,A13579506,1886640,12659920,1360,0,0,2013570,4832622,17378910,0,5452790,202111.0
7,A13508006,4467870,15384020,0,0,0,8599500,5291883,22716170,0,6396610,202111.0
8,A13508011,2604480,18175830,0,0,443,12376590,8617241,30833920,-16000,9056190,202111.0
9,A13592601,5484150,16465000,0,0,0,10872000,4604120,25622030,7350,9220230,202111.0
10,A13592706,3665640,37583810,0,0,-3900,26402230,9709458,34358440,-450,21388680,202111.0
11,A13579505,2529400,20299200,0,0,0,8127160,8214229,26126940,-268320,10548690,202111.0
12,A13508005,0,0,0,0,0,0,827130,3239070,100650,1965420,202111.0
13,A13579503,54050,0,0,0,0,0,2146050,8799950,0,0,202111.0
14,A13592605,3431540,28405170,0,0,0,18979320,6854240,34958860,0,14855400,202111.0
15,A13591402,0,0,0,0,0,0,2972272,10425750,-570,4359170,202111.0
16,A10027474,2464160,12386460,0,0,1074930,7868000,7775990,23513830,187260,7546910,202111.0
17,A10023825,,,,,,,,,,,202111.0
18,A10024820,,,,,,,,,,,202111.0
19,A10024813,,,,,,,,,,,202111.0
20,A13599303,53942570,37022700,0,0,1382500,13200000,11913458,25784670,3491680,0,202111.0
21,A13594007,2535920,22355760,0,0,0,11544400,3615790,0,413080,4938640,202111.0
22,A13580602,5377596,50516790,0,0,0,14455250,4755576,31554540,0,15250460,202111.0
23,A13524004,24730,40179750,0,0,0,10611900,4788450,15350090,710160,6444030,202111.0
24,A13599402,0,32794100,0,5672910,0,10432500,3938200,28118190,0,14347450,202111.0
25,A13524005,3434710,42643000,0,0,348750,7324800,5695380,17854150,1435200,0,202111.0
26,A13593908,1315420,23819540,0,0,0,18360000,0,0,0,0,202111.0
27,A13580001,1416330,15496240,0,0,0,4668300,2819698,7899930,40,4315650,202111.0
28,A13524006,-1550,69444800,0,0,0,7081470,12791222,21076170,2398570,8938300,202111.0
29,A13593901,2215360,12764500,0,0,0,5616400,5711530,13965110,0,2650220,202111.0
30,A13524009,6209860,49331150,0,0,-4119600,23344400,9307570,27951840,5958940,9277280,202111.0
31,A13580002,13579159,0,0,0,0,6768280,1529635,8148020,35210,3401010,202111.0
32,A13599301,58174490,0,0,0,0,9860000,6761150,23517820,27620,0,202111.0
33,A10025203,6302461,36118490,0,6653120,-30451,22746240,36251908,63625310,2551320,19006180,202111.0
34,A10025675,64093200,0,0,0,38978550,0,150251113,0,36491210,0,202111.0
35,A10023565,,,,,,,,,,,202111.0
36,A10024564,13143220,48470910,396450,0,0,58617390,64939206,129372550,452760,36106510,202111.0
37,A10023996,,,,,,,,,,,202111.0
38,A13510003,1647580,15571790,0,0,0,4010700,3470360,12752690,-1080,4488770,202111.0
39,A13510001,0,0,0,0,0,0,200890,6154460,23280,2963790,202111.0
40,A13510201,861830,8562140,0,0,0,3106800,829350,6941440,0,3193470,202111.0
41,A13510203,0,0,0,0,0,0,2095420,7812940,0,4287570,202111.0
42,A13510102,1617580,16311550,0,0,0,5688000,1868280,13916370,-146960,5823730,202111.0
43,A13510006,0,0,0,0,0,0,2059780,15452050,-15690,11304710,202111.0
44,A13510103,2636380,25761120,0,0,0,6273600,5148740,14236400,190430,6468830,202111.0
45,A13510202,16539460,0,10350,0,0,4680000,2298550,6156530,85960,2904300,202111.0
46,A13576201,0,0,0,0,0,0,209110,10473210,20400,0,202111.0
47,A13510005,4863170,38831270,0,0,0,19497150,5553513,32489770,3187600,8530930,202111.0
48,A13510009,0,0,0,0,0,0,5976110,9849200,3080,3187640,202111.0
49,A13510007,5174520,20896270,0,0,0,12714000,15581525,25866080,1298790,7975560,202111.0
50,A10025280,,,,,,,,,,,202111.0
51,A10025755,,,,,,,,,,,202111.0
52,A10024640,,,,,,,,,,,202111.0
53,A13509001,0,0,176740,0,0,0,2328180,6384560,0,3235890,202111.0
54,A13570501,5939770,38611120,0,0,0,11212000,13578742,39297953,-10,15185870,202111.0
55,A13550701,1774578,13100482,0,0,0,11673900,5708504,20652730,0,7445740,202111.0
56,A13509005,91010,13337130,0,0,6804000,6804000,5602743,16342700,77290,5991550,202111.0
57,A13509004,0,0,0,0,0,0,82080,9567910,221070,4361520,202111.0
58,A13509010,28941270,0,0,0,29812000,0,61357821,0,16867100,0,202111.0
59,A13509006,19300,0,0,0,0,0,3509140,9099150,0,6146750,202111.0
60,A13509003,0,0,0,0,0,0,1153840,8834000,-8039700,8039700,202111.0
61,A13509012,6036230,0,0,0,61442090,0,59037716,0,20551010,0,202111.0
62,A13509007,1819370,18426650,0,0,0,3622300,3896940,12524860,220990,6289230,202111.0
63,A13570502,,,,,,,,,,,202111.0
64,A13509013,,,,,,,,,,,202111.0
65,A13509101,0,0,0,0,0,0,1459480,6779750,207080,3616940,202111.0
66,A13509009,19242830,39816700,0,0,-14851200,14851200,13843240,64804010,2900,11066590,202111.0
67,A13509014,,,,,,,,,,,202111.0
68,A10026350,3229050,10487920,0,0,0,8865200,9143400,23450730,281560,6660000,202111.0
69,A10026934,,,,,,,,,,,202111.0
70,A10024131,3783100,13197230,0,0,0,7480200,12874320,17910910,1297380,5766200,202111.0
71,A10023939,,,,,,,,,,,202111.0
72,A10024819,,,,,,,,,,,202111.0
73,A13528102,5403350,53855910,0,0,0,7123990,16980130,47876060,1405330,16021510,202111.0
74,A13528103,13422500,48803270,0,0,0,27531000,20593815,70815440,534240,21190800,202111.0
75,A13528004,27507430,152327190,0,12657460,0,49099500,22390420,132579960,0,54538750,202111.0
76,A13583604,-114590,105032430,0,0,0,18932500,13294540,43612090,735980,16852840,202111.0
77,A13583701,2887240,26015310,0,3239450,2733600,16320000,1993337,26272570,0,10692370,202111.0
78,A13528003,8442060,41032650,0,4556600,0,32256000,13794170,44243510,1489290,13722970,202111.0
79,A13528007,4090260,11533830,0,0,0,6034000,8542250,27854780,552960,7907850,202111.0
80,A13528105,-370,105875550,0,0,0,26775000,4742240,64650790,140530,18263040,202111.0
81,A13584101,12788420,14503300,0,0,-10363560,10363560,7572195,21142630,-4870,7324060,202111.0
82,A13583507,5140,473773860,0,0,0,73409770,45061397,140970980,8041220,56998040,202111.0
83,A13583403,48024590,0,0,0,0,8770260,4610560,16751630,282000,6441950,202111.0
84,A13583404,0,0,0,0,0,7779600,7721180,27640550,537820,9214860,202111.0
85,A13583402,6757690,36409800,0,0,-8592000,8592000,6117510,12670860,1791330,6649780,202111.0
86,A10027800,8247740,32028500,0,0,0,55697920,36478414,112858550,1116830,36829540,202111.0
87,A10025646,,,,,,,,,,,202111.0
88,A10026526,,,,,,,,,,,202111.0
89,A10024102,0,0,0,7478520,0,0,7564050,7521440,0,1754740,202111.0
90,A10024815,,,,,,,,,,,202111.0
91,A10026924,1460280,9328470,0,0,0,5211210,4657757,15321410,411630,4940360,202111.0
92,A10024799,,,,,,,,,,,202111.0
93,A10028094,,,,,,,,,,,202111.0
94,A10024029,,,,,,,,,,,202111.0
95,A10024814,,,,,,,,,,,202111.0
96,A10024805,,,,,,,,,,,202111.0
97,A13501004,0,0,42690,0,0,0,6260991,16465559,420290,8848980,202111.0
98,A13501001,4537190,0,0,0,0,0,7876100,26256420,1590900,3523950,202111.0
99,A13582002,-1944830,52368920,0,0,0,10494000,8155810,17448230,0,0,202111.0
100,A13501007,,,,,,,,,,,202111.0
101,A13501008,,,,,,,,,,,202111.0
102,A13583301,0,0,0,0,0,0,2967350,5880410,0,2473750,202111.0
103,A13501006,9907280,9509920,0,0,-7760040,7690200,3200500,20660550,646530,5158510,202111.0
104,A13501005,,,,,,,,,,,202111.0
105,A10024501,0,0,0,0,0,0,3298510,3430160,258010,1313960,202111.0
106,A13590204,110970643,0,0,0,0,12945000,-1224799,46998080,748442,0,202111.0
107,A13589802,6046444,496984466,0,0,-34494000,34494000,2014066,188297990,28744790,42371200,202111.0
108,A13511201,45181080,0,0,0,0,0,5089212,21383370,3500000,0,202111.0
109,A13551103,0,142237133,0,0,0,11414000,5171449,38267690,0,0,202111.0
110,A13590602,63846160,0,0,0,0,9311640,3467350,20373870,688510,0,202111.0
111,A13511001,30447260,30447270,0,0,0,8259840,6753210,13602580,1053540,0,202111.0
112,A13511004,47114850,207539750,0,0,0,32898400,28244961,90360800,518730,0,202111.0
113,A13511101,72067860,0,0,0,0,10302000,2089030,29327300,0,12698780,202111.0
114,A13511003,0,57979070,0,0,0,24597050,7723721,35186370,6120960,0,202111.0
115,A13519002,0,0,220370,0,0,0,1150930,11888210,132970,6621060,202111.0
116,A13519006,8938400,23608670,0,0,-1140,18761200,10694647,32056970,1499570,17367970,202111.0
117,A13519007,19153246,25846800,0,0,-13759200,13686400,7443573,29819937,1092630,13386360,202111.0
118,A13519004,0,0,-385430,374300,0,0,-118620,12813920,687770,4741360,202111.0
119,A13519005,0,0,0,0,0,0,3277660,23071130,-132730,10841750,202111.0
120,A13519003,0,0,374770,0,0,0,1388090,11223920,472290,5611650,202111.0
121,A13519001,0,0,280420,0,0,0,1878480,10338130,0,6280640,202111.0
122,A10028172,3768510,12668140,0,0,-92460,17177140,8388301,26149550,0,14545660,202111.0
123,A13519008,0,11091530,0,0,0,19190736,5867361,16937180,0,9112340,202111.0
124,A13520003,0,33025540,0,0,0,33664530,17048862,56494940,0,18118200,202111.0
125,A13520004,2396500,10523100,0,0,0,13511620,5418907,14379800,576900,7382280,202111.0
126,A10027985,5943800,30204560,0,0,0,24129480,14986090,43722820,1604610,18501210,202111.0
127,A13520002,0,0,0,0,0,0,16413610,60342470,1750130,19245950,202111.0
128,A10023314,,,,,,,,,,,202111.0
129,A13520001,0,0,0,0,0,0,4559839,35710100,346920,17762030,202111.0
130,A10027909,0,0,26760,0,0,0,3744570,6423870,136030,3081090,202111.0
131,A10027912,0,0,104000,0,0,0,1882336,11583560,149060,4904000,202111.0
132,A13594702,3355840,35772390,0,0,160,15508390,4905060,0,0,0,202111.0
133,A13523005,4363980,35055370,0,0,0,17367630,8150185,25661200,0,12171340,202111.0
134,A13523004,12637020,38442160,0,0,0,12546900,732720,29900290,275200,8738090,202111.0
135,A13594701,5202210,29134600,0,0,0,12725700,6938300,19263950,780480,7804750,202111.0
136,A13593802,30124085,0,0,0,9461580,0,5925000,0,676895,0,202111.0
137,A13523003,5879270,20975400,0,0,0,11029610,332960,18444870,146190,9635590,202111.0
138,A13594402,22344340,0,920,0,0,6793200,4531090,11205430,629160,0,202111.0
139,A13593801,7925276,8305464,0,1874000,-6495000,8789900,3798080,22293170,784638,8722002,202111.0
140,A13594203,22679547,34208573,0,0,-17716500,17716500,4161980,32520770,6320160,12349330,202111.0
141,A13594403,56969470,0,0,0,0,17268000,6867340,24722880,0,0,202111.0
142,A10027571,605340,8196730,0,0,0,3522600,1109570,4595370,329880,0,202111.0
143,A10025823,25131020,20256070,0,0,-20030410,19694690,14196540,46439680,-20,15644600,202111.0
144,A10024216,15173880,56477410,0,0,165000,41128890,51224750,101293030,4361140,29715570,202111.0
145,A13522003,3258040,19497250,0,0,0,10209500,2863330,0,277280,0,202111.0
146,A13522008,0,43699400,0,0,0,23256000,1617170,0,0,0,202111.0
147,A13522004,3207320,27707380,0,0,0,16739000,10005198,22193280,37370,13014200,202111.0
148,A13588402,16562560,23891360,-726070,709080,-12438800,12425600,1756519,24019740,2665720,0,202111.0
149,A13522007,8033190,26850430,0,0,0,18535800,4265930,0,917640,0,202111.0
150,A13522006,7282840,22730000,0,0,0,16972000,2048068,24160240,0,0,202111.0
151,A13552001,2293846,2349864,15800,0,0,15139200,176890,420680,326790,0,202111.0
152,A13552002,0,0,0,0,0,0,7147785,32755740,422670,14161530,202111.0
153,A13588601,1735690,12793110,0,0,0,9593100,3905120,11380280,422700,4421810,202111.0
154,A10025204,,,,,,,,,,,202111.0
155,A10027446,4139530,17920760,0,0,0,8956500,12098890,24277400,220730,7631300,202111.0
156,A13550502,4195270,35982110,-1299490,1276310,0,26564970,12483060,36272530,0,15771000,202111.0
157,A13527004,11714910,10231670,0,0,3588000,3588000,6616410,6141650,3454270,3454270,202111.0
158,A13585404,2361450,11937770,0,0,0,12020030,6059730,23394800,0,8776730,202111.0
159,A13527002,3543300,6773600,0,0,-2570000,2570000,1396438,6436120,0,3377690,202111.0
160,A13527008,0,0,13570,0,0,0,1570736,14457230,25400,5602390,202111.0
161,A13527013,3434010,33810100,0,0,0,9765330,4873384,16682870,515270,5504060,202111.0
162,A13527203,17343560,147905530,0,0,0,90644400,58725126,145582050,-901160,63870580,202111.0
163,A13585401,0,0,0,0,0,0,1956776,0,0,0,202111.0
164,A13586102,12943640,0,0,0,0,0,8965050,0,4289760,0,202111.0
165,A13585804,11770570,45051610,0,0,-5429250,32575500,19529640,36181130,2329510,0,202111.0
166,A13527007,2111410,14245870,0,0,0,8342100,6658769,19647390,199960,4917560,202111.0
167,A13527016,4924040,19813320,0,0,56000,8981000,7396895,16071780,760960,8311560,202111.0
168,A13550403,12639130,19945120,0,0,-10503000,10503000,5067061,11689470,2518330,5333250,202111.0
169,A13586101,0,0,0,0,0,0,552750,0,55920,0,202111.0
170,A13527010,1340,31818600,0,0,0,8432000,4111498,10767730,-50,7153910,202111.0
171,A13527019,3073330,16918590,0,0,0,9252000,7817230,18863930,141290,7069160,202111.0
172,A13527006,24994980,0,0,0,2439500,0,3566920,8745780,317340,4653050,202111.0
173,A10027319,2171910,3526640,0,0,-1541920,1541920,2838280,6368640,0,2349320,202111.0
174,A13550404,,,,,,,,,,,202111.0
175,A10024793,0,0,0,43030,0,0,1677140,0,0,0,202111.0
