,kaptCode,heatC,heatP,gasC,gasP,waterHotC,waterHotP,electC,electP,waterCoolC,waterCoolP,Date
0,A13508012,2154950,42630,0,0,0,5447220,5915710,25745490,314740,7695800,202109.0
1,A13579501,2385600,0,0,0,0,4116690,3543131,23230830,-192900,7964880,202109.0
2,A13592604,11283980,1123550,0,4275320,-7617080,7609440,8360616,31088650,0,16548280,202109.0
3,A13508009,3335720,114300,0,0,0,6610500,10087040,28197750,192740,11622750,202109.0
4,A13508004,0,0,0,0,0,2236680,2037530,9121060,483630,3861380,202109.0
5,A13508003,0,0,0,0,0,0,5763090,0,1137300,0,202109.0
6,A13579506,1886640,0,0,0,0,2679870,2946964,21444440,0,6050900,202109.0
7,A13508006,2854620,406250,0,0,0,4423710,1903771,36620700,0,7941420,202109.0
8,A13508011,2697760,29960,0,0,-2090,5745440,7926081,37604900,132620,9019110,202109.0
9,A13592601,2609920,0,0,0,0,6281400,745286,39203750,56960,9338680,202109.0
10,A13592706,-8535460,12201100,-6291210,6291210,-8199690,21660970,11443849,33975180,-1150,21691770,202109.0
11,A13579505,2529400,0,0,0,0,5749350,4630748,30085520,-541250,11423340,202109.0
12,A13508005,0,0,0,0,0,0,447590,4383310,17000,1987370,202109.0
13,A13579503,0,0,0,0,0,0,1236470,14831410,0,0,202109.0
14,A13592605,3431540,0,0,0,0,7521530,3493030,37801990,0,15658830,202109.0
15,A13591402,0,0,0,0,0,0,1238751,11873990,-150,4587150,202109.0
16,A10027474,2464160,0,0,0,232970,4383400,8837810,26448880,-50590,7667040,202109.0
17,A10023825,,,,,,,,,,,202109.0
18,A10024820,,,,,,,,,,,202109.0
19,A10024813,,,,,,,,,,,202109.0
20,A13599303,1655970,6469600,0,0,2477500,7832500,-16883826,53121610,1990560,0,202109.0
21,A13594007,2437050,0,0,0,0,7618000,2263230,0,471850,5505920,202109.0
22,A13580602,5377580,0,0,0,0,9999460,3120391,29933560,0,16550110,202109.0
23,A13524004,-150,2640600,0,0,0,7593300,3105020,16352820,414950,7810160,202109.0
24,A13599402,0,6918000,0,5807180,0,6892500,392670,61559620,0,15033830,202109.0
25,A13524005,3039360,0,0,0,-1160,6509500,4624090,19578390,1834560,0,202109.0
26,A13593908,0,1414400,0,0,0,9457850,0,0,0,0,202109.0
27,A13580001,1420130,0,0,0,0,3082860,1135407,8139330,820,4431950,202109.0
28,A13524006,870,7708640,0,0,0,4883130,3493996,24678980,1728470,10303600,202109.0
29,A13593901,1873410,28020,0,0,0,3264250,3488100,16335970,0,2705890,202109.0
30,A13524009,6136250,0,0,0,-1870800,11224800,4900330,32573660,4546140,10195740,202109.0
31,A13580002,943490,0,0,0,0,4430770,1041387,8181310,28210,4125710,202109.0
32,A13599301,12818360,0,0,0,0,6190000,7099810,25237880,27620,0,202109.0
33,A10025203,6302461,167040,0,6568240,-27501,13233000,32495586,76357230,2710860,20169440,202109.0
34,A10025675,11217920,715720,0,0,0,21258870,35382402,114445350,5400520,32961190,202109.0
35,A10023565,,,,,,,,,,,202109.0
36,A10024564,12208310,258370,370510,0,0,27347370,45576937,134695420,4141020,40522450,202109.0
37,A10023996,,,,,,,,,,,202109.0
38,A13510003,1647570,0,0,0,0,2673800,3431800,16890440,-50,4471140,202109.0
39,A13510001,0,0,0,0,0,0,228300,7522270,-145220,3071710,202109.0
40,A13510201,863760,0,0,0,0,2409070,361920,8858860,0,3595440,202109.0
41,A13510203,0,0,0,0,0,0,1744770,10112750,0,4641480,202109.0
42,A13510102,1617660,0,0,0,-310,3361840,736160,14073490,856070,5611310,202109.0
43,A13510006,0,0,0,0,0,0,1117201,19935030,-14970,11818110,202109.0
44,A13510103,2116770,0,0,0,0,4548000,2013780,14474200,39870,8190160,202109.0
45,A13510202,1057970,0,1560,0,0,2884000,1492840,7398830,409840,3273320,202109.0
46,A13576201,0,0,0,0,0,0,-476680,13139930,0,0,202109.0
47,A13510005,4863600,0,0,0,0,11514720,3220112,33871820,2324520,10211840,202109.0
48,A13510009,0,0,0,0,0,0,5883790,14159840,3090,2791370,202109.0
49,A13510007,680880,271980,0,0,0,6110000,13158843,51774480,1426880,8321150,202109.0
50,A10025280,,,,,,,,,,,202109.0
51,A10025755,,,,,,,,,,,202109.0
52,A10024640,,,,,,,,,,,202109.0
53,A13509001,0,0,12540,0,0,0,967240,7992660,0,3246890,202109.0
54,A13570501,5079640,1043400,0,0,0,9160800,8602799,45293361,0,15613350,202109.0
55,A13550701,1774578,350832,0,0,0,5712000,5414803,24781040,0,8217520,202109.0
56,A13509005,48180,0,0,0,3504880,3504880,3263655,18171250,123110,5998380,202109.0
57,A13509004,0,0,0,0,0,0,97560,11559060,105370,4578060,202109.0
58,A13509010,5067550,348400,0,0,0,11995200,9508083,51244880,167350,17978900,202109.0
59,A13509006,7190,0,0,0,0,0,2234321,10504430,0,6409180,202109.0
60,A13509003,0,0,0,0,0,0,10643560,0,0,0,202109.0
61,A13509012,6036230,0,0,0,11684670,0,59078805,0,20551010,0,202109.0
62,A13509007,1694160,49400,0,0,0,3153860,2991340,13999300,291270,6218950,202109.0
63,A13570502,,,,,,,,,,,202109.0
64,A13509013,,,,,,,,,,,202109.0
65,A13509101,0,0,0,0,0,0,-270550,8480210,110220,3583790,202109.0
66,A13509009,13246710,2197650,0,0,-8914800,8914800,16490149,64884450,3337520,10154150,202109.0
67,A13509014,,,,,,,,,,,202109.0
68,A10026350,2410550,0,0,0,0,4099440,4954900,27761910,1050130,6878160,202109.0
69,A10026934,,,,,,,,,,,202109.0
70,A10024131,266440,1657660,0,0,0,744900,0,0,0,0,202109.0
71,A10023939,,,,,,,,,,,202109.0
72,A10024819,,,,,,,,,,,202109.0
73,A13528102,5403350,0,0,0,0,11320840,11691780,54291480,1713100,17037610,202109.0
74,A13528103,7291990,0,0,0,4200,12553400,12013262,87203274,895950,22894740,202109.0
75,A13528004,17366990,0,0,12789540,0,35523900,15995660,152233520,0,57706850,202109.0
76,A13583604,460,-597440,0,0,0,12477500,6094678,54246270,605920,20463650,202109.0
77,A13583701,2874320,0,0,3350910,2000600,7345060,4415862,31322250,0,12678770,202109.0
78,A13528003,-2701830,1641690,0,4571540,0,23049000,5904366,42660740,9830,16733450,202109.0
79,A13528007,3122350,216370,0,0,0,3871800,7601040,39549700,553050,8113950,202109.0
80,A13528105,0,0,0,0,0,15396500,1488030,75100460,0,21915550,202109.0
81,A13584101,2424330,498240,0,0,0,4590350,4521499,24553940,0,7319980,202109.0
82,A13583507,-6860,19890920,0,0,0,51264780,4160845,163498190,1340590,61377150,202109.0
83,A13583403,2162670,0,0,0,0,6792100,2014130,17812090,186920,7737760,202109.0
84,A13583404,0,0,0,0,0,5756400,4951820,28373220,546190,9583870,202109.0
85,A13583402,5678296,1490720,0,0,-6052000,6052000,3177540,13851010,1534800,7148390,202109.0
86,A10027800,8127540,68400,0,0,0,21290640,25558675,127417180,3337850,40678320,202109.0
87,A10025646,,,,,,,,,,,202109.0
88,A10026526,,,,,,,,,,,202109.0
89,A10024102,,,,,,,,,,,202109.0
90,A10024815,,,,,,,,,,,202109.0
91,A10026924,1460280,0,0,0,0,3098560,5122568,22428150,571680,4734480,202109.0
92,A10024799,,,,,,,,,,,202109.0
93,A10028094,,,,,,,,,,,202109.0
94,A10024029,,,,,,,,,,,202109.0
95,A10024814,,,,,,,,,,,202109.0
96,A10024805,,,,,,,,,,,202109.0
97,A13501004,0,0,5050,0,0,0,4189233,20103010,500740,9448210,202109.0
98,A13501001,700260,0,0,0,0,0,4781104,26744000,905460,3839120,202109.0
99,A13582002,-602150,3200380,0,0,0,8082000,5666690,18772350,0,0,202109.0
100,A13501007,,,,,,,,,,,202109.0
101,A13501008,,,,,,,,,,,202109.0
102,A13583301,0,0,0,0,0,0,3120312,7306910,0,2477720,202109.0
103,A13501006,5954340,0,0,0,-3806560,3781170,890000,25019160,1790680,5403040,202109.0
104,A13501005,,,,,,,,,,,202109.0
105,A10024501,0,0,0,0,0,0,4518060,4908760,377470,1254710,202109.0
106,A13590204,10069736,0,0,0,0,10077000,-7496475,56682770,908424,0,202109.0
107,A13589802,5781950,61353580,0,0,-28386000,28386000,872290,225533840,23584400,49370390,202109.0
108,A13511201,9299040,0,0,0,0,4845600,5568946,25462800,3500000,0,202109.0
109,A13551103,0,18186989,0,0,0,8428000,4736712,44704890,0,0,202109.0
110,A13590602,7028000,0,0,0,0,6722880,3934080,22462650,1907210,0,202109.0
111,A13511001,2465520,2465582,0,0,0,6177600,2994430,16116130,219220,0,202109.0
112,A13511004,23427880,0,0,0,0,26606050,10007212,108131810,530490,0,202109.0
113,A13511101,9847600,0,0,0,0,6864000,1399310,35430610,0,14410240,202109.0
114,A13511003,0,0,0,0,0,18824400,4082297,40544020,5761010,0,202109.0
115,A13519002,0,0,38470,0,0,0,1256750,13544280,140200,6697880,202109.0
116,A13519006,5500197,0,0,0,-1737,10151290,9689406,31792600,749190,18463840,202109.0
117,A13519007,13438540,63360,0,0,-7997100,7953400,5805696,29229124,1879630,13999310,202109.0
118,A13519004,0,0,-407950,400160,0,0,-77190,11804530,85520,5105970,202109.0
119,A13519005,0,0,0,0,0,0,1637220,22597010,206890,11262400,202109.0
120,A13519003,0,0,15530,0,0,0,964430,13029880,294500,6443920,202109.0
121,A13519001,0,0,54120,0,0,0,434290,11186510,296720,6474390,202109.0
122,A10028172,3783750,125640,0,0,0,7940550,5992616,27071550,0,14959200,202109.0
123,A13519008,22160,480050,0,0,40,8285200,3995803,17349610,0,8479990,202109.0
124,A13520003,0,7175670,0,0,0,14869070,11400733,61395490,0,21157500,202109.0
125,A13520004,2396500,0,0,0,0,5590660,4343787,14207800,404100,7486920,202109.0
126,A10027985,5943800,660860,0,0,0,14110380,13307840,45065710,2262680,19051110,202109.0
127,A13520002,0,0,0,0,0,0,18068940,68057650,1807330,19843650,202109.0
128,A10023314,,,,,,,,,,,202109.0
129,A13520001,0,0,0,0,0,0,385754,52134530,703390,18169350,202109.0
130,A10027909,0,0,15670,0,0,0,3722940,6956490,113090,3209590,202109.0
131,A10027912,0,0,9590,0,0,0,1458679,13127030,227480,5480220,202109.0
132,A13594702,3355820,462540,0,0,-1170,11012060,2358400,0,0,0,202109.0
133,A13523005,4363980,760140,0,0,0,7932600,5693484,25544060,0,13290932,202109.0
134,A13523004,6676040,686360,0,0,0,9112500,575050,31654960,470930,10159580,202109.0
135,A13594701,2952550,2850540,0,0,0,7753200,4194910,17861150,808600,8085990,202109.0
136,A13593802,3510529,0,0,0,6755925,0,6125150,0,893816,0,202109.0
137,A13523003,2967390,1001200,0,0,0,4821480,322730,18407020,-1050,9908630,202109.0
138,A13594402,0,0,810,0,0,5220000,1936320,12499020,718760,0,202109.0
139,A13593801,4035670,0,0,1933790,-3384218,5181448,2704010,27784160,3082588,9786720,202109.0
140,A13594203,13501530,0,0,0,-13255920,13255920,2075540,30589890,4370040,14662040,202109.0
141,A13594403,2141120,0,0,0,0,12424000,4811070,25460310,0,0,202109.0
142,A10027571,605320,0,0,0,-200,2355350,730600,4821750,332390,0,202109.0
143,A10025823,5100620,0,0,0,9697110,9490650,16061395,56632690,0,20728820,202109.0
144,A10024216,12371770,3995260,0,0,90000,19233240,56373200,88367120,144900,22955930,202109.0
145,A13522003,708630,0,0,0,0,5965820,2015950,0,581505,0,202109.0
146,A13522008,0,0,0,0,0,15264000,1399610,0,0,0,202109.0
147,A13522004,3207320,810710,0,0,0,12627400,5454402,24409690,27870,13069560,202109.0
148,A13588402,9090720,0,-806620,792830,-7243620,7236380,-677160,24372950,1565700,0,202109.0
149,A13522007,4139700,1643580,0,0,0,8996770,3192130,0,788530,0,202109.0
150,A13522006,3782980,0,0,0,0,7565260,-3887320,28729040,0,0,202109.0
151,A13552001,0,1454780,0,0,0,7224150,182200,658740,142420,2160,202109.0
152,A13552002,0,0,0,0,0,0,8022098,34578570,1063490,14676060,202109.0
153,A13588601,2669720,228610,0,0,0,2845800,3220660,12117590,270080,5219550,202109.0
154,A10025204,,,,,,,,,,,202109.0
155,A10027446,3858900,41060,0,0,0,5219200,9960270,25831470,177100,8199890,202109.0
156,A13550502,4195270,309400,-1398820,1376730,0,11196090,8024620,39127160,0,16542690,202109.0
157,A13527004,726230,0,0,0,2370000,2370000,6656030,6466720,3392450,3392450,202109.0
158,A13585404,2361450,0,0,0,0,5027880,1271350,33161730,0,8939360,202109.0
159,A13527002,3007720,0,0,0,-2075270,2075270,268380,7119970,0,3594060,202109.0
160,A13527008,0,0,8090,0,0,0,1436863,14879030,27830,7536080,202109.0
161,A13527013,3428480,0,0,0,0,8073766,2724478,18255500,542820,6489260,202109.0
162,A13527203,17343471,0,0,0,2149,45506880,53810468,161021860,2000000,63675120,202109.0
163,A13585401,0,0,0,0,0,2594700,999903,5493490,0,1464750,202109.0
164,A13586102,3396800,0,0,0,0,0,8626130,0,4746940,0,202109.0
165,A13585804,6341320,0,0,0,0,15725420,11351340,40790720,3119360,0,202109.0
166,A13527007,2111410,0,0,0,0,3985800,5167654,21793840,300070,6164460,202109.0
167,A13527016,463130,12800,0,0,24500,6471500,2006943,17698240,820210,8618870,202109.0
168,A13550403,5899360,550310,0,0,-5785500,5785500,1636358,13901270,2022260,6474260,202109.0
169,A13586101,0,0,0,0,0,0,698410,0,111300,0,202109.0
170,A13527010,-1430,487500,0,0,0,5736500,1881369,11548020,-100,7677270,202109.0
171,A13527019,2924790,98490,0,0,0,4604950,6672294,21062780,767790,7729960,202109.0
172,A13527006,1955140,0,0,0,1705100,0,2480310,9262570,866240,4388400,202109.0
173,A10027319,1473560,236140,0,0,-843600,843600,2763680,6988930,0,2450870,202109.0
174,A13550404,,,,,,,,,,,202109.0
175,A10024793,0,0,0,0,0,0,1376090,0,0,0,202109.0
