,kaptCode,heatC,heatP,gasC,gasP,waterHotC,waterHotP,electC,electP,waterCoolC,waterCoolP,Date
0,A13508012,2154950,3578600,0,0,0,10640290,6639180,20867260,104310,7376600,202104.0
1,A13579501,2385600,5692400,0,0,0,9870200,4575847,19612700,133830,7527350,202104.0
2,A13592604,20113220,9956830,0,0,-15198120,15177960,7432535,25556360,0,15063510,202104.0
3,A13508009,3364190,7103730,0,0,0,14872500,10496430,22563050,215320,10397170,202104.0
4,A13508004,2451290,1872570,0,0,0,3891300,2117870,7646830,283960,3706730,202104.0
5,A13508003,0,0,0,0,0,0,2816300,0,1176280,0,202104.0
6,A13579506,1886840,4434920,3130,0,0,4397880,3729476,17253690,0,5418620,202104.0
7,A13508006,5151780,4593900,0,0,0,8330400,4672630,22900790,0,6385860,202104.0
8,A13508011,2697760,5806040,0,0,480,12606910,7133157,31125280,-310440,8967570,202104.0
9,A13592601,3483890,5807100,0,0,0,11783800,5528033,24739640,7050,9019420,202104.0
10,A13592706,3665640,15366550,0,6253930,840,30338610,9464356,32464370,860,21323880,202104.0
11,A13579505,2529400,6622400,0,0,0,10953990,5421513,25802130,0,11466990,202104.0
12,A13508005,0,0,0,0,0,0,749140,3190120,77100,1796610,202104.0
13,A13579503,0,0,0,0,0,0,2371390,9072330,0,6230590,202104.0
14,A13592605,3431540,9656430,0,4975070,0,17950030,6224150,33148810,0,15297730,202104.0
15,A13591402,0,0,0,0,0,0,2229829,10081340,420,4177020,202104.0
16,A10027474,2464160,3954460,0,0,690740,8913060,6744500,22787860,-119080,7725820,202104.0
17,A10023825,,,,,,,,,,,202104.0
18,A10024820,,,,,,,,,,,202104.0
19,A10024813,,,,,,,,,,,202104.0
20,A13599303,-34331190,81256500,0,0,-2897500,17980000,11880754,22987580,2924830,0,202104.0
21,A13594007,2447600,9379900,0,2034670,0,14778200,3094440,0,402960,4538920,202104.0
22,A13580602,5377580,19377870,0,0,0,16471950,7752383,26818940,0,15163430,202104.0
23,A13524004,-230,14294850,0,0,0,10752300,4710540,14724430,1045720,6458830,202104.0
24,A13599402,0,64670100,0,0,0,21467500,4743990,23972880,0,10238040,202104.0
25,A13524005,2348470,15673610,0,0,340840,8275200,7049920,17273040,2939040,0,202104.0
26,A13593908,2231990,14557880,0,0,0,19476800,1146640,0,0,0,202104.0
27,A13580001,1416580,6978740,0,0,0,5081700,1900733,7435880,-3560,4252040,202104.0
28,A13524006,1060,41455200,0,0,0,7594830,7062586,20486840,4475860,7630660,202104.0
29,A13593901,1877730,3858010,0,0,0,6660000,3973480,13715870,0,2767170,202104.0
30,A13524009,5046960,18407000,0,0,-3552500,27354250,7188120,26659190,4077330,8596150,202104.0
31,A13580002,8077478,0,0,0,0,6595520,1384501,7273660,87710,3287010,202104.0
32,A13599301,35454750,0,0,0,0,10014000,6958860,21530520,27620,0,202104.0
33,A10025203,6302461,11791250,0,0,-71541,27685350,25134785,62543150,2248160,20396440,202104.0
34,A10025675,11144800,15292220,0,0,0,43320310,32159686,92389190,3535560,32664330,202104.0
35,A10023565,,,,,,,,,,,202104.0
36,A10024564,16668220,10822970,0,0,0,54741130,32654520,108831240,0,38576470,202104.0
37,A10023996,,,,,,,,,,,202104.0
38,A13510003,1411880,6846850,0,0,0,3772600,3704930,13435330,0,4344320,202104.0
39,A13510001,0,0,0,0,0,0,368310,7043050,-66600,2830930,202104.0
40,A13510201,863670,3365020,0,0,0,3477600,898180,6856120,0,2844780,202104.0
41,A13510203,0,0,0,0,0,0,708800,9482400,0,3954010,202104.0
42,A13510102,1617630,7140630,0,0,0,5877000,2015220,12616620,0,5778460,202104.0
43,A13510006,0,0,0,0,0,0,2341923,15706490,0,0,202104.0
44,A13510103,2134370,10554880,0,0,0,7064400,5697390,12974500,0,7096190,202104.0
45,A13510202,8735500,0,67420,0,0,4808000,2221790,6060310,754120,2771160,202104.0
46,A13576201,0,0,0,0,0,0,78610,11137310,17400,0,202104.0
47,A13510005,4863600,19632950,0,0,0,18355850,4087283,31458200,3723750,7716630,202104.0
48,A13510009,0,0,0,0,0,0,3074980,11705650,3290,3166420,202104.0
49,A13510007,3357850,5709060,0,0,0,12484500,15021534,26101850,1132080,8279000,202104.0
50,A10025280,,,,,,,,,,,202104.0
51,A10025755,,,,,,,,,,,202104.0
52,A10024640,,,,,,,,,,,202104.0
53,A13509001,0,0,259740,0,0,0,2006520,6414140,0,3315900,202104.0
54,A13570501,6477670,16210530,0,0,0,12988800,9671583,37482560,-10,14702250,202104.0
55,A13550701,1774578,5896572,0,0,0,9786700,3643150,20759010,0,6443650,202104.0
56,A13509005,73880,5352870,0,0,7041720,7041720,3226160,15906940,100130,5937840,202104.0
57,A13509004,0,0,0,0,0,0,747020,9342250,221560,4002440,202104.0
58,A13509010,5105310,10624440,0,0,0,25203000,10772569,44566030,33080,15164450,202104.0
59,A13509006,117850,0,0,0,0,0,3008462,8334370,0,6182110,202104.0
60,A13509003,0,0,0,0,0,0,2046440,7993780,8025960,0,202104.0
61,A13509012,6036230,0,0,0,38774340,0,56415180,0,20663660,0,202104.0
62,A13509007,1970170,6773430,0,0,0,5521600,2911540,12081100,302040,6095600,202104.0
63,A13570502,,,,,,,,,,,202104.0
64,A13509013,,,,,,,,,,,202104.0
65,A13509101,0,0,0,0,0,0,1309380,6410570,155310,3189190,202104.0
66,A13509009,18582990,19180250,0,0,-14184300,14184300,15361310,50905340,1274590,10704600,202104.0
67,A13509014,,,,,,,,,,,202104.0
68,A10026350,2823770,2962530,0,0,0,8802000,5144440,21891790,-374770,6349930,202104.0
69,A10026934,0,0,4450,0,0,0,3456779,8726340,0,2924730,202104.0
70,A10024131,,,,,,,,,,,202104.0
71,A10023939,,,,,,,,,,,202104.0
72,A10024819,,,,,,,,,,,202104.0
73,A13528102,5403350,28195590,0,0,0,9352650,11706220,46023270,490690,16754720,202104.0
74,A13528103,9136820,16508920,0,0,0,26292000,13800621,68280470,118610,19888260,202104.0
75,A13528004,22896150,54417880,0,0,0,55884600,17725640,129745980,0,57723550,202104.0
76,A13583604,-112200,24163970,0,0,0,18760000,8717592,40048850,403800,15009540,202104.0
77,A13583701,2887240,6990070,0,0,3518310,20396000,3420291,24565810,0,9778080,202104.0
78,A13528003,5468380,16839970,0,0,0,31081500,6058076,41387720,677320,14558400,202104.0
79,A13528007,3328330,2650340,0,0,0,7987500,6913590,27496230,683650,8279110,202104.0
80,A13528105,-1230,14311650,0,0,0,27002500,3222670,64073880,2153740,14353480,202104.0
81,A13584101,2424330,5200220,0,0,0,10762560,4740308,20424420,0,6762970,202104.0
82,A13583507,-6820,186536140,0,0,0,78453340,29690167,132899930,4726920,51180960,202104.0
83,A13583403,25870890,0,0,0,0,9609100,4007570,16112260,716660,5742720,202104.0
84,A13583404,0,0,0,0,0,7738200,5301333,24893230,482420,10124080,202104.0
85,A13583402,7464730,13997480,0,0,-9176000,9176000,5457400,11902950,2253850,5504410,202104.0
86,A10027800,8804390,9850580,0,0,0,53090080,25156941,108802060,1705480,36446950,202104.0
87,A10025646,,,,,,,,,,,202104.0
88,A10026526,,,,,,,,,,,202104.0
89,A10024102,,,,,,,,,,,202104.0
90,A10024815,,,,,,,,,,,202104.0
91,A10026924,1460530,2607300,0,0,0,6335390,3541400,15681060,195000,4396200,202104.0
92,A10024799,,,,,,,,,,,202104.0
93,A10028094,,,,,,,,,,,202104.0
94,A10024029,,,,,,,,,,,202104.0
95,A10024814,,,,,,,,,,,202104.0
96,A10024805,,,,,,,,,,,202104.0
97,A13501004,0,0,0,0,0,0,6450960,16186170,474630,8771500,202104.0
98,A13501001,3531340,0,0,0,0,0,5915962,24235570,223960,3919540,202104.0
99,A13582002,-1030680,21790780,0,0,0,11401200,7078140,16536870,261120,0,202104.0
100,A13501007,,,,,,,,,,,202104.0
101,A13501008,,,,,,,,,,,202104.0
102,A13583301,0,0,0,0,0,0,2316881,5979080,0,2650390,202104.0
103,A13501006,10234480,3005540,0,0,-8085600,8020800,1050180,20704270,823100,5528000,202104.0
104,A13501005,,,,,,,,,,,202104.0
105,A10024501,0,0,0,0,0,0,4689880,2571460,393260,1203810,202104.0
106,A13590204,41749508,0,0,0,0,16098000,1587532,42750860,2014317,0,202104.0
107,A13589802,14413134,272734526,0,0,-46082000,46082000,13895173,185391710,28749470,41948510,202104.0
108,A13511201,29897690,0,0,0,0,0,24791366,0,3000000,0,202104.0
109,A13551103,0,75081010,0,0,0,13054000,9281630,37302240,0,0,202104.0
110,A13590602,36613820,0,0,0,0,10597560,4435030,18792020,816040,0,202104.0
111,A13511001,0,11210388,0,0,0,9879840,1470497,18158800,0,0,202104.0
112,A13511004,30809650,74874030,0,0,0,37588900,14401536,87145060,175190,0,202104.0
113,A13511101,26495960,0,0,0,0,11523000,6605750,25888850,0,12990830,202104.0
114,A13511003,0,26505379,0,0,0,26298550,6957041,30458370,0,0,202104.0
115,A13519002,0,0,121850,0,0,0,1139560,12003170,25000,7468730,202104.0
116,A13519006,7415910,7345900,0,0,-540,20857820,9727541,29333400,88480,17853520,202104.0
117,A13519007,24726190,5544660,0,0,-20326810,20225410,10568727,25023220,580930,13757770,202104.0
118,A13519004,0,0,-310900,300730,0,0,379760,10883040,78990,4768780,202104.0
119,A13519005,0,0,0,0,0,0,723201,20391330,-601670,10618410,202104.0
120,A13519003,0,0,279000,0,0,0,421670,10983610,50400,6267420,202104.0
121,A13519001,0,0,174990,0,0,0,1395370,10074450,0,6340450,202104.0
122,A10028172,3833330,4081020,0,0,0,17371880,6886722,23812540,0,12400310,202104.0
123,A13519008,743040,5782790,0,0,-3600,16621200,5905559,15708840,0,7669190,202104.0
124,A13520003,0,14430790,0,0,0,30803490,10708077,53314660,0,19088100,202104.0
125,A13520004,2396500,3597110,0,0,0,11313110,4988782,12918300,525470,7248520,202104.0
126,A10027985,5943800,9846160,0,7898630,0,22485920,13379910,41132920,436330,18986130,202104.0
127,A13520002,0,0,0,0,0,0,14132080,59273980,1094520,19406690,202104.0
128,A10023314,,,,,,,,,,,202104.0
129,A13520001,0,0,0,0,0,0,2792822,36705660,-804760,17468280,202104.0
130,A10027909,0,0,21020,0,0,0,3512960,6329900,0,2876620,202104.0
131,A10027912,0,0,88360,0,0,0,1254487,10867870,201860,5044180,202104.0
132,A13594702,3309840,15518670,0,0,-34590,18099610,4358050,0,0,0,202104.0
133,A13523005,4363980,15016875,0,0,0,16982260,9673258,21441660,0,12756500,202104.0
134,A13523004,10736790,16885640,0,0,0,13529700,550990,27841550,177560,8407240,202104.0
135,A13594701,3919194,11949430,0,0,0,13525200,5758898,19067540,759976,7599740,202104.0
136,A13593802,23412571,11851610,0,0,0,0,4004550,0,770249,0,202104.0
137,A13523003,4494140,8876170,0,0,0,10694340,307720,18360720,111280,9888540,202104.0
138,A13594402,15773300,0,740,0,0,7002000,3769870,10786740,941430,0,202104.0
139,A13593801,8705662,3359748,0,1963750,-7483500,10127670,3398820,20674450,0,0,202104.0
140,A13594203,21040808,16397732,0,0,-19260300,19260300,3554430,29584200,6217980,11823160,202104.0
141,A13594403,22952540,0,0,0,0,18904000,6107310,23218750,626370,0,202104.0
142,A10027571,605290,2787850,0,0,0,3655600,290380,5823130,570870,0,202104.0
143,A10025823,25204670,6466640,0,0,-20104050,19773220,12548468,45008840,0,18677810,202104.0
144,A10024216,,,,,,,,,,,202104.0
145,A13522003,2039670,7838290,0,0,0,11130000,2287630,0,741750,0,202104.0
146,A13522008,0,23729290,0,0,0,24807000,1355820,0,0,0,202104.0
147,A13522004,3641190,11476900,0,3695970,0,16625000,10366865,20968410,10190,12692710,202104.0
148,A13588402,15402080,8859690,-605230,589180,-12835680,12800320,1811321,22227770,3367200,0,202104.0
149,A13522007,6282690,10596450,0,0,0,21268300,4230110,0,941100,0,202104.0
150,A13522006,5616110,8738520,0,0,0,16044000,3478660,20525440,7818060,0,202104.0
151,A13552001,1733176,9821334,32130,0,0,16411500,0,487980,196650,5000,202104.0
152,A13552002,0,0,0,0,0,0,3865066,34426320,100200,13406070,202104.0
153,A13588601,479930,4817070,0,0,0,9786900,3218070,11032210,421700,4243150,202104.0
154,A10025204,,,,,,,,,,,202104.0
155,A10027446,3791560,5533560,0,0,0,21205420,8952040,23206330,43280,7173910,202104.0
156,A13550502,4195270,15163110,-1233310,1212440,0,20899940,9017030,33194170,0,16033520,202104.0
157,A13527004,4901130,3699090,0,0,3774000,3774000,5970940,5609550,3197070,3197070,202104.0
158,A13585404,13464630,2855570,0,2748270,-11103180,11065470,5608200,21380700,0,8224000,202104.0
159,A13527002,3996930,3228230,0,0,0,3045000,1319699,6120240,0,3643540,202104.0
160,A13527008,0,0,99820,0,0,0,1991806,13138440,27460,7145200,202104.0
161,A13527013,3434010,13735690,0,0,0,11741760,4013779,16345320,850820,5665680,202104.0
162,A13527203,17344780,52965320,0,0,0,95899320,50389418,140540800,-867510,65778290,202104.0
163,A13585401,0,3695400,0,0,0,3955600,2136265,5187320,0,2233000,202104.0
164,A13586102,4893030,3121180,0,0,-3452500,3452500,780080,7347290,250360,4837870,202104.0
165,A13585804,6341320,16199640,0,0,0,31981500,17958380,35076160,4522860,0,202104.0
166,A13527007,2111410,3777110,0,0,0,8743800,5849492,19054930,300060,5312340,202104.0
167,A13527016,4816640,7589270,0,0,59500,10461500,5805783,13720650,302950,9702410,202104.0
168,A13550403,9926640,10622070,0,0,-10476000,10476000,3446805,11938950,2686240,5159650,202104.0
169,A13586101,0,0,0,0,0,0,716360,0,0,0,202104.0
170,A13527010,240,21831600,0,0,0,9288000,3045245,10572230,-260,8003700,202104.0
171,A13527019,3154830,5555940,0,0,0,9827600,8390701,18008260,453070,7181430,202104.0
172,A13527006,15484450,0,0,0,2451400,0,4023450,7306920,0,4854130,202104.0
173,A10027319,1755800,1889890,0,0,-2102790,2102790,2297760,6063850,-62330,2264940,202104.0
174,A13550404,,,,,,,,,,,202104.0
175,A10024793,0,0,0,0,0,0,1502950,0,0,0,202104.0
