,kaptCode,heatC,heatP,gasC,gasP,waterHotC,waterHotP,electC,electP,waterCoolC,waterCoolP,Date
0,A13508012,2154950,1496700,0,0,0,9188970,6448670,19197210,77650,7315700,202105.0
1,A13579501,2385600,2249300,0,0,0,8389940,4553978,20976270,-684370,7481700,202105.0
2,A13592604,20509210,2458300,0,4455050,-16091100,16074000,7080739,24154750,0,15272360,202105.0
3,A13508009,3343450,4330200,0,0,0,11345340,12423810,22981290,238940,10674790,202105.0
4,A13508004,0,768090,0,0,0,3227490,1786210,7380840,0,3435180,202105.0
5,A13508003,0,0,0,0,0,0,3260760,0,1229520,0,202105.0
6,A13579506,1886840,1410000,0,0,0,4387640,2568563,18573750,0,5619170,202105.0
7,A13508006,5009310,688740,0,0,20,7932600,4776793,20614040,0,6350450,202105.0
8,A13508011,2697760,2604460,0,0,-300,10830870,7237628,29324570,84450,9301200,202105.0
9,A13592601,4204570,2791290,0,0,0,10192000,4574848,22607040,38050,8825630,202105.0
10,A13592706,3665640,6359250,0,0,530,23963660,9653895,31101450,2540,20730310,202105.0
11,A13579505,2529400,3168000,0,0,0,9827630,5935957,28162600,-1193190,11963170,202105.0
12,A13508005,0,0,0,0,0,0,843520,2815580,57840,1990650,202105.0
13,A13579503,0,0,0,0,0,0,2153370,8199090,0,0,202105.0
14,A13592605,3431540,4585180,0,0,0,14711710,5488080,35547790,0,14412600,202105.0
15,A13591402,0,0,0,0,0,0,2150332,10862280,5420,4052880,202105.0
16,A10027474,2464160,1543970,0,0,490620,7741800,7675800,23876750,-160430,7466570,202105.0
17,A10023825,,,,,,,,,,,202105.0
18,A10024820,,,,,,,,,,,202105.0
19,A10024813,,,,,,,,,,,202105.0
20,A13599303,-13236790,46925300,0,0,-1592500,15082500,8427577,24894940,1978240,0,202105.0
21,A13594007,2448870,5281760,0,2006080,0,13114200,2878100,0,411740,5085880,202105.0
22,A13580602,5377580,4356250,0,0,0,13879050,5229654,24889830,0,14301320,202105.0
23,A13524004,-520,7071750,0,0,0,9519900,4238780,13966260,355220,6392490,202105.0
24,A13599402,0,39546900,0,5628010,0,13457500,2534850,27360820,0,11830610,202105.0
25,A13524005,2583820,6839100,0,0,226710,7561600,3971260,16482360,2473120,0,202105.0
26,A13593908,1563710,6284420,0,0,0,17836000,1055230,0,1286298,0,202105.0
27,A13580001,1370640,4511290,0,0,0,4110600,1805480,7077510,-300,4299550,202105.0
28,A13524006,830,26657080,0,0,0,6849630,6853031,21432030,3634990,8801430,202105.0
29,A13593901,1881340,1072440,0,0,0,6162000,4160860,14315940,0,2756340,202105.0
30,A13524009,4601510,11478500,0,0,-2764400,22115200,6150100,25430660,4667550,9481880,202105.0
31,A13580002,3826921,0,0,0,0,6385020,1743216,7573460,74190,3600750,202105.0
32,A13599301,21553250,0,0,0,0,9446000,6638770,23255800,27620,0,202105.0
33,A10025203,6302461,4892840,0,6969550,-31313,23143800,24378444,59794820,2175110,20963540,202105.0
34,A10025675,11196320,6415330,0,0,0,38134900,32832256,99966110,2888830,31751690,202105.0
35,A10023565,,,,,,,,,,,202105.0
36,A10024564,13070580,4479010,376800,0,0,50019480,33237160,105834100,1031670,39976130,202105.0
37,A10023996,,,,,,,,,,,202105.0
38,A13510003,1411850,3552290,0,0,0,3637400,3308680,11693400,-280,4430090,202105.0
39,A13510001,0,0,0,0,0,0,1111780,5753370,-129910,2938240,202105.0
40,A13510201,866780,1492840,0,0,0,3045600,703710,6369190,0,3095590,202105.0
41,A13510203,0,0,0,0,0,0,696200,8871600,0,4014690,202105.0
42,A13510102,1617440,2563840,0,0,0,5157000,2415250,12313890,-682220,5530460,202105.0
43,A13510006,0,0,0,0,0,0,1810011,14499240,-14490,11388990,202105.0
44,A13510103,2135540,3511770,0,0,0,7117600,5557270,13989600,29120,8322620,202105.0
45,A13510202,4820420,0,51670,0,0,4008000,2140500,6580870,327850,2641590,202105.0
46,A13576201,0,0,0,0,0,0,1167320,9333720,0,0,202105.0
47,A13510005,4864830,7819280,0,0,0,18660800,4533379,31363180,2717470,8400090,202105.0
48,A13510009,0,0,0,0,0,0,3093800,13702820,3450,3095180,202105.0
49,A13510007,1901230,1992420,0,0,0,10282700,9745312,24399210,849390,8232050,202105.0
50,A10025280,,,,,,,,,,,202105.0
51,A10025755,,,,,,,,,,,202105.0
52,A10024640,,,,,,,,,,,202105.0
53,A13509001,0,0,166250,0,0,0,1908880,6033660,0,3209430,202105.0
54,A13570501,6331840,8293320,0,0,0,12399200,9549314,40944980,-10,17248030,202105.0
55,A13550701,1774578,2376552,0,0,0,9159400,3732067,19370790,0,6775920,202105.0
56,A13509005,55700,2754860,0,0,6307050,6307050,3854320,17223810,138720,5975780,202105.0
57,A13509004,0,0,0,0,0,0,748300,8828860,139270,4541390,202105.0
58,A13509010,5189690,4490500,0,0,0,21197400,10645774,47690960,69800,14864050,202105.0
59,A13509006,68750,0,0,0,0,0,3268372,8487280,0,5504170,202105.0
60,A13509003,0,0,0,0,0,0,9436560,0,0,0,202105.0
61,A13509012,6036230,0,0,0,27553150,0,59217130,0,20663660,0,202105.0
62,A13509007,1581330,3207860,0,0,0,5384500,2543710,11697690,356580,5726390,202105.0
63,A13570502,,,,,,,,,,,202105.0
64,A13509013,,,,,,,,,,,202105.0
65,A13509101,0,0,0,0,0,0,931480,6282340,542750,3199860,202105.0
66,A13509009,17355950,10785210,0,0,-12948000,12948000,17202300,54631750,1428580,10550610,202105.0
67,A13509014,,,,,,,,,,,202105.0
68,A10026350,2656520,1370350,0,0,0,7269500,5353540,24269500,659280,6354880,202105.0
69,A10026934,,,,,,,,,,,202105.0
70,A10024131,,,,,,,,,,,202105.0
71,A10023939,,,,,,,,,,,202105.0
72,A10024819,,,,,,,,,,,202105.0
73,A13528102,5403350,13689470,0,0,0,11565600,11069980,49125830,654610,16733430,202105.0
74,A13528103,8352290,8228900,0,0,0,22182000,14474590,73851280,2956260,25687910,202105.0
75,A13528004,21002240,23343630,0,13487380,0,49253400,16725230,123445480,0,55021590,202105.0
76,A13583604,680,-6791320,0,0,0,18450000,9959051,43722060,433660,15430670,202105.0
77,A13583701,2887240,3035260,0,3405260,4084440,16176000,4200424,23666200,0,9120460,202105.0
78,A13528003,3178660,8038150,0,4769140,0,29169000,6729012,42170730,51240,16178410,202105.0
79,A13528007,9523708,1076460,0,0,-6298178,6851460,6712380,26518510,569550,7342380,202105.0
80,A13528105,-1340,2852400,0,0,0,22158500,3342290,60270190,435300,17459230,202105.0
81,A13584101,2424330,2467210,0,0,0,10015600,4604250,22241550,0,6763250,202105.0
82,A13583507,-8330,61450620,0,0,0,76782020,18668183,142602280,5118190,56124280,202105.0
83,A13583403,7297050,0,0,0,0,9552760,3742630,16955700,1106530,5934760,202105.0
84,A13583404,0,0,0,0,0,7621200,5091990,26793210,635800,9109630,202105.0
85,A13583402,7820170,6380640,0,0,-8568000,8568000,4326820,12714160,2060240,5465540,202105.0
86,A10027800,8445720,3640500,0,0,0,45400120,26621420,115934660,3010600,35874450,202105.0
87,A10025646,,,,,,,,,,,202105.0
88,A10026526,,,,,,,,,,,202105.0
89,A10024102,,,,,,,,,,,202105.0
90,A10024815,,,,,,,,,,,202105.0
91,A10026924,1460530,988440,0,0,0,5550530,3688800,14659690,195000,4951270,202105.0
92,A10024799,,,,,,,,,,,202105.0
93,A10028094,,,,,,,,,,,202105.0
94,A10024029,,,,,,,,,,,202105.0
95,A10024814,,,,,,,,,,,202105.0
96,A10024805,,,,,,,,,,,202105.0
97,A13501004,0,0,-9800,0,0,0,6089819,14887500,424490,9171470,202105.0
98,A13501001,2939370,0,0,0,0,0,6798210,27760700,887220,3709370,202105.0
99,A13582002,-848830,10695250,0,0,0,11545200,7039570,17383210,588400,0,202105.0
100,A13501007,,,,,,,,,,,202105.0
101,A13501008,,,,,,,,,,,202105.0
102,A13583301,0,0,0,0,0,0,3107700,6530660,0,3315240,202105.0
103,A13501006,9028660,1336790,0,0,-6880940,6832070,921830,22559010,743350,5677600,202105.0
104,A13501005,,,,,,,,,,,202105.0
105,A10024501,0,0,0,0,0,0,4334250,2355630,317980,1183820,202105.0
106,A13590204,25029608,0,0,0,0,14064000,-5458565,42540060,1657982,0,202105.0
107,A13589802,13231332,169666398,0,0,-40210000,40210000,16357225,181691730,25210200,40438740,202105.0
108,A13511201,15217030,0,0,0,0,0,23404888,0,3500000,0,202105.0
109,A13551103,0,47625842,0,0,0,11806000,1431288,35629490,0,0,202105.0
110,A13590602,25913450,0,0,0,0,9466740,4763930,20231760,1001600,0,202105.0
111,A13511001,0,6439230,0,0,0,7974720,3825423,15013740,1229820,0,202105.0
112,A13511004,26388590,36886880,0,0,0,34323250,13599856,93491220,175190,0,202105.0
113,A13511101,15366940,0,0,0,0,10167000,4560010,24935310,0,13679880,202105.0
114,A13511003,0,2756023,0,0,0,26979150,6520773,34012590,7766450,0,202105.0
115,A13519002,0,0,69860,0,0,0,1105020,10751340,0,6610130,202105.0
116,A13519006,6636870,2765010,0,0,-2310,18084070,9732318,30951800,337900,18452810,202105.0
117,A13519007,22332650,3210240,0,0,-18113010,18030210,9383070,27101560,349270,15341940,202105.0
118,A13519004,0,0,-371490,361090,0,0,477450,11409980,1070,5096810,202105.0
119,A13519005,0,0,0,0,0,0,935550,21798910,776100,10198980,202105.0
120,A13519003,0,0,192040,0,0,0,329910,9959320,166630,5914140,202105.0
121,A13519001,0,0,124140,0,0,0,889790,9197260,0,6105850,202105.0
122,A10028172,3806370,1872090,0,0,0,14736490,7351752,25760100,0,11915710,202105.0
123,A13519008,201330,3230810,0,0,0,14632200,6342279,16518620,0,8759890,202105.0
124,A13520003,0,10365750,0,0,0,25322980,11905081,57907710,0,19670400,202105.0
125,A13520004,2396500,1212860,0,0,0,9688820,5001692,13749300,300640,7568460,202105.0
126,A10027985,5943800,4906430,0,0,0,21003350,13503710,43453550,1459600,19716450,202105.0
127,A13520002,0,0,0,0,0,0,13750040,53895870,1287850,20057210,202105.0
128,A10023314,,,,,,,,,,,202105.0
129,A13520001,0,0,0,0,0,0,839633,32566990,135300,16718480,202105.0
130,A10027909,0,0,22460,0,0,0,2338930,5809760,0,2994310,202105.0
131,A10027912,0,0,38840,0,0,0,826889,9984800,132620,4809280,202105.0
132,A13594702,3356530,10021320,0,0,1240,17125150,3986680,0,0,0,202105.0
133,A13523005,4363980,6718860,0,0,0,15809600,4548752,27322690,0,13446132,202105.0
134,A13523004,9080210,9681060,0,0,0,12511800,491650,30800300,489980,8719420,202105.0
135,A13594701,3400020,7212480,0,0,0,12324000,7991823,15489330,781050,7810470,202105.0
136,A13593802,26951890,574920,0,0,0,0,3723700,0,768350,0,202105.0
137,A13523003,3911670,4780320,0,0,0,9517620,297730,17050110,73490,10219880,202105.0
138,A13594402,4831010,0,730,0,0,6850800,3145540,11164480,1559700,0,202105.0
139,A13593801,8026558,1292892,0,1944830,-6942000,9394840,3163990,20649200,827870,8889600,202105.0
140,A13594203,19159030,7731820,0,0,-17666900,17666900,1733160,31388640,6562080,11903800,202105.0
141,A13594403,8728040,0,0,0,0,15896000,5661630,25033860,576130,0,202105.0
142,A10027571,605290,1959740,0,0,0,3754400,1782180,3186500,555270,0,202105.0
143,A10025823,22706980,3193930,0,0,-17606360,17291050,12036587,42657940,0,17903270,202105.0
144,A10024216,,,,,,,,,,,202105.0
145,A13522003,1598390,0,0,0,0,0,2065250,0,742610,0,202105.0
146,A13522008,0,13355230,0,0,0,24114000,1269800,0,0,0,202105.0
147,A13522004,3207320,6773190,0,0,0,16020800,8213970,20590710,43010,13215250,202105.0
148,A13588402,14567230,3550150,-691430,678090,-12331800,12305280,2810849,21328680,2619950,0,202105.0
149,A13522007,5519930,5332700,0,0,0,19945090,4031610,0,835080,0,202105.0
150,A13522006,4878530,3864800,0,0,0,14172000,-900380,21074940,0,0,202105.0
151,A13552001,0,6492640,0,0,0,14494200,0,476930,166110,5000,202105.0
152,A13552002,0,0,0,0,0,0,4471830,31378870,158600,15237570,202105.0
153,A13588601,2228780,2378750,0,0,0,6426000,3443700,9447590,736510,4594800,202105.0
154,A10025204,,,,,,,,,,,202105.0
155,A10027446,3978500,2290650,0,0,0,20243690,9161450,24935850,288950,7753520,202105.0
156,A13550502,4195270,7289110,-1364710,1341500,0,18728520,9903270,35065840,0,15829690,202105.0
157,A13527004,1111840,1905240,0,0,3405000,3405000,6220170,5955910,3089900,3089900,202105.0
158,A13585404,11509650,1082150,0,0,-9148190,9114810,5728630,23649750,0,8569360,202105.0
159,A13527002,3512710,2112360,0,0,0,2567500,1237177,6562500,0,3366400,202105.0
160,A13527008,0,0,30340,0,0,0,1725264,12721390,24700,5758910,202105.0
161,A13527013,3434020,6215460,0,0,0,10045620,3825201,17328050,459920,5399620,202105.0
162,A13527203,17344550,13451880,0,0,0,91392520,53942581,149525660,-2629110,68376200,202105.0
163,A13585401,0,1701000,0,0,0,3586700,2016281,4829800,0,2024750,202105.0
164,A13586102,4604520,1674110,0,0,-3120750,3120750,688780,7684680,250250,4185710,202105.0
165,A13585804,6341320,8304720,0,0,0,28161000,15439070,37666520,4345040,0,202105.0
166,A13527007,2111410,1089210,0,0,0,8260200,5337060,18307590,299750,5193380,202105.0
167,A13527016,3004880,4391970,0,0,42000,8816500,6997413,13146900,1659800,7999760,202105.0
168,A13550403,7608820,5389570,0,0,-7661500,7661500,3340498,11753810,2189560,5422050,202105.0
169,A13586101,0,0,0,0,0,0,671490,0,0,0,202105.0
170,A13527010,130,9964200,0,0,0,8424000,3020855,11055820,100,8308590,202105.0
171,A13527019,2933470,2366710,0,0,0,8617300,8440706,19245640,142510,7135590,202105.0
172,A13527006,10610920,0,0,0,2349400,0,2496810,8148470,341780,4412760,202105.0
173,A10027319,2613890,243240,0,0,-2222280,2222280,2489920,5505170,31640,2156460,202105.0
174,A13550404,,,,,,,,,,,202105.0
175,A10024793,0,0,0,0,0,0,1403040,0,0,0,202105.0
