,kaptCode,heatC,heatP,gasC,gasP,waterHotC,waterHotP,electC,electP,waterCoolC,waterCoolP,Date
0,A13508012,2154950,9653380,0,0,0,13246360,6558600,17772410,110120,6686200,202103.0
1,A13579501,2452880,15739200,0,0,0,12040860,5085431,21154590,-537330,7211250,202103.0
2,A13592604,26255910,23677500,0,4688370,-19947440,19929860,7367776,22666850,0,14381880,202103.0
3,A13508009,3380450,22312620,0,0,0,16947000,12925430,23053440,215420,9894900,202103.0
4,A13508004,4346980,6379530,0,0,0,3806280,2764290,6620980,434130,3264580,202103.0
5,A13508003,0,0,0,0,0,0,2950810,0,1207210,0,202103.0
6,A13579506,1886840,13390560,1120,0,0,2674940,3990203,18460930,0,5218040,202103.0
7,A13508006,7163990,10965590,0,0,0,11916800,5820318,19873740,0,6201160,202103.0
8,A13508011,2697760,15681310,0,0,-1930,16762240,8761434,26564670,-767680,9226560,202103.0
9,A13592601,3238380,15358710,0,0,0,14477100,5570009,21807630,0,8416410,202103.0
10,A13592706,3665640,40140230,0,0,2530,34804800,9781658,28696490,140,19707450,202103.0
11,A13579505,2529400,17667200,0,0,0,12903190,5464575,28134250,0,12043870,202103.0
12,A13508005,0,0,0,0,0,0,979590,2838100,137070,2052470,202103.0
13,A13579503,0,0,0,0,0,0,2360480,8145400,0,0,202103.0
14,A13592605,3431540,24576030,0,0,0,24446870,6717600,35450090,0,13254050,202103.0
15,A13591402,0,0,0,0,0,0,2327635,11226840,110,3758400,202103.0
16,A10027474,2464160,11313880,0,0,1155650,10789040,8558420,24913390,-494790,7345780,202103.0
17,A10023825,,,,,,,,,,,202103.0
18,A10024820,,,,,,,,,,,202103.0
19,A10024813,,,,,,,,,,,202103.0
20,A13599303,-25680870,106937400,0,0,-6195000,24175000,3289953,28724170,2472480,0,202103.0
21,A13594007,2634520,20222560,0,2117600,0,17782000,3586000,0,471420,3965580,202103.0
22,A13580602,5377580,45307110,0,0,0,15510500,4455670,25532740,0,13251310,202103.0
23,A13524004,-850,41437200,0,0,0,10444200,5203460,12705110,776110,5651360,202103.0
24,A13599402,0,89313600,0,6203940,0,14457500,5493520,32657690,0,12120420,202103.0
25,A13524005,2697260,34100260,0,0,0,8835200,6484510,15404320,2939040,0,202103.0
26,A13593908,3319350,26584350,0,0,0,23765100,1224290,0,1539470,0,202103.0
27,A13580001,1417180,14551010,0,0,0,4855500,1744907,6914020,-2700,3991780,202103.0
28,A13524006,2400,69108600,0,0,0,7245000,14448447,20219720,4157310,6528350,202103.0
29,A13593901,1912150,11841700,0,0,0,7572000,4197100,15406050,260280,2423800,202103.0
30,A13524009,4966000,39160680,0,0,-3215560,34694200,5527540,23537620,3553840,8568540,202103.0
31,A13580002,14179037,0,0,0,0,7063190,2044811,7953970,102850,3055350,202103.0
32,A13599301,61094330,0,0,0,0,9256000,7564420,24318990,27620,0,202103.0
33,A10025203,6302461,34069460,0,7188960,-19531,29741040,26141311,54304070,1656860,20850450,202103.0
34,A10025675,12181500,47801620,0,0,0,51897490,32260768,100169680,2955220,31706060,202103.0
35,A10023565,,,,,,,,,,,202103.0
36,A10024564,31816730,35571490,374340,0,0,59197040,35224160,92884630,0,39371100,202103.0
37,A10023996,,,,,,,,,,,202103.0
38,A13510003,1411910,15512560,0,0,0,4305600,4112810,11479000,-90,4603840,202103.0
39,A13510001,0,0,0,0,0,0,608030,6327410,-97890,2700850,202103.0
40,A13510201,859890,8548920,0,0,0,3938400,1025010,6177180,0,2953180,202103.0
41,A13510203,0,0,0,0,0,0,797440,8728840,0,4175580,202103.0
42,A13510102,1617310,18926780,0,0,0,6357000,2846960,13112970,0,5816910,202103.0
43,A13510006,0,0,0,0,0,0,1971161,13938490,-14970,10979390,202103.0
44,A13510103,2192160,24789610,0,0,0,7409500,6917180,13418500,29480,7706150,202103.0
45,A13510202,15789640,0,91020,0,0,5952000,2263570,6735420,282160,2916300,202103.0
46,A13576201,0,0,0,0,0,0,888230,10072770,0,0,202103.0
47,A13510005,4863680,42028240,0,0,0,18227450,4525463,32251970,3973100,6110060,202103.0
48,A13510009,0,0,0,0,0,0,3273850,13024120,3760,3482930,202103.0
49,A13510007,5465650,18149130,0,0,0,17207400,10348272,22509770,248140,8143530,202103.0
50,A10025280,,,,,,,,,,,202103.0
51,A10025755,,,,,,,,,,,202103.0
52,A10024640,,,,,,,,,,,202103.0
53,A13509001,0,0,380100,0,0,0,2139750,5639490,0,2947670,202103.0
54,A13570501,7746590,35335950,0,0,0,14940800,10501954,40722620,-10,15670850,202103.0
55,A13550701,1774578,15254242,0,0,0,10926500,4308468,18242640,0,6831320,202103.0
56,A13509005,90790,12471160,0,0,8481000,8481000,4018409,16951700,89310,5361790,202103.0
57,A13509004,0,0,0,0,0,0,982650,8634430,174600,3867540,202103.0
58,A13509010,5133500,27146880,0,0,0,31260000,11068337,48194030,85370,14915320,202103.0
59,A13509006,269880,0,0,0,0,0,3144466,9535870,0,4995700,202103.0
60,A13509003,0,0,0,0,0,0,1081310,8171950,0,0,202103.0
61,A13509012,35189780,0,0,0,36773100,0,60245460,0,15838220,0,202103.0
62,A13509007,1873030,16153860,0,0,0,5834400,3009250,11169750,276360,5334600,202103.0
63,A13570502,,,,,,,,,,,202103.0
64,A13509013,,,,,,,,,,,202103.0
65,A13509101,0,0,0,0,0,0,1120510,6200380,185370,3073960,202103.0
66,A13509009,21282840,39048910,0,0,-16750500,16750500,18431940,55042600,0,10895680,202103.0
67,A13509014,,,,,,,,,,,202103.0
68,A10026350,3275540,8979320,0,0,0,11152000,6030850,23675920,1299600,6087790,202103.0
69,A10026934,0,0,186990,0,0,0,3447503,8726340,0,2924730,202103.0
70,A10024131,,,,,,,,,,,202103.0
71,A10023939,,,,,,,,,,,202103.0
72,A10024819,,,,,,,,,,,202103.0
73,A13528102,5403350,53023530,0,0,0,12476330,12846500,49630490,325430,17532320,202103.0
74,A13528103,12267350,43120430,0,0,0,32197400,15159367,73629680,118480,20851760,202103.0
75,A13528004,27593950,148655700,0,14389870,0,53651700,17565860,115201810,0,50637500,202103.0
76,A13583604,-408000,69126250,0,0,0,21750000,9654221,50209960,1061560,15151180,202103.0
77,A13583701,2887240,25872260,0,3435620,5247420,18412000,4940078,24449810,0,8041010,202103.0
78,A13528003,5315320,40324470,0,5002580,0,38470500,12998780,45723750,1419380,13909900,202103.0
79,A13528007,3795600,9221520,0,0,0,9444600,7971050,23729050,347270,6612360,202103.0
80,A13528105,-200,75601200,0,0,0,30135000,4205040,60775740,74870,15541350,202103.0
81,A13584101,2424330,13293030,0,0,0,12055360,5186315,21960930,0,6173370,202103.0
82,A13583507,-5110,411934320,0,0,0,86675050,37264838,143836780,3890700,40997130,202103.0
83,A13583403,46305630,0,0,0,0,10886140,4377650,17413700,706420,5729300,202103.0
84,A13583404,0,0,0,0,0,9127800,4745748,29756170,495350,9541410,202103.0
85,A13583402,3988500,37700880,0,0,-10176000,10176000,11951800,13033790,2276470,4954920,202103.0
86,A10027800,8532200,36112860,0,0,0,64127700,25315009,118068020,1711250,34236020,202103.0
87,A10025646,,,,,,,,,,,202103.0
88,A10026526,,,,,,,,,,,202103.0
89,A10024102,,,,,,,,,,,202103.0
90,A10024815,,,,,,,,,,,202103.0
91,A10026924,1460530,7673630,0,0,0,7899040,4265060,13638950,195000,5661760,202103.0
92,A10024799,,,,,,,,,,,202103.0
93,A10028094,,,,,,,,,,,202103.0
94,A10024029,,,,,,,,,,,202103.0
95,A10024814,,,,,,,,,,,202103.0
96,A10024805,,,,,,,,,,,202103.0
97,A13501004,0,0,0,0,0,0,6681720,15000900,362090,9018480,202103.0
98,A13501001,5319560,0,0,0,0,0,6295184,26422950,1461670,3588010,202103.0
99,A13582002,-2030550,53587960,0,0,0,13064400,8562610,18252010,0,0,202103.0
100,A13501007,,,,,,,,,,,202103.0
101,A13501008,,,,,,,,,,,202103.0
102,A13583301,0,0,0,0,0,0,3148770,6675050,0,2647980,202103.0
103,A13501006,12426120,8772110,0,0,-10278660,10210080,1851460,22310570,195000,5784040,202103.0
104,A13501005,,,,,,,,,,,202103.0
105,A10024501,0,0,0,0,0,0,5625950,1995750,666260,1530040,202103.0
106,A13590204,96074483,0,0,0,0,16596000,-1413656,37876750,1860542,0,202103.0
107,A13589802,2417816,459613434,0,0,-45350000,45350000,35481283,190716210,33113550,37601460,202103.0
108,A13511201,54092800,0,0,0,0,0,22503233,0,3000000,0,202103.0
109,A13551103,0,129704652,0,0,0,27742000,7370520,32999720,0,0,202103.0
110,A13590602,75251530,0,0,0,0,11057220,6915490,20577060,3361380,0,202103.0
111,A13511001,0,30615774,0,0,0,9810720,3458635,15896420,988100,0,202103.0
112,A13511004,44180540,188844150,0,0,0,37774750,19102970,94874789,175190,0,202103.0
113,A13511101,57942700,0,0,0,0,15594000,2713900,32867050,0,13092950,202103.0
114,A13511003,0,61246923,0,0,0,29058300,7209551,36685180,8916780,0,202103.0
115,A13519002,0,0,318400,0,0,0,1883246,11255320,5980,6465420,202103.0
116,A13519006,9366230,21109400,0,0,-1940,24803130,8965496,33991700,39760,17466070,202103.0
117,A13519007,32299300,17569840,0,0,-22377160,22256260,12070790,26381840,779940,15134350,202103.0
118,A13519004,0,0,-346050,335550,0,0,440460,12055950,39760,4880140,202103.0
119,A13519005,0,0,0,0,0,0,1671788,22673260,511980,9905780,202103.0
120,A13519003,0,0,372380,0,0,0,2753170,10041770,161490,5763030,202103.0
121,A13519001,0,0,334230,0,0,0,2179530,9303750,0,6054920,202103.0
122,A10028172,3937240,11242460,0,0,0,22331210,7769651,26122610,0,12549730,202103.0
123,A13519008,3393190,13834150,0,0,0,19459800,6683514,17137760,0,7186300,202103.0
124,A13520003,0,27415640,0,0,0,40047270,11575070,58083560,0,18555000,202103.0
125,A13520004,2396500,11802650,0,0,0,13017790,5552232,14223700,460970,7568220,202103.0
126,A10027985,5943800,25809890,0,0,0,27832760,15163930,45128390,-1009260,19864640,202103.0
127,A13520002,0,0,0,0,0,0,18089180,52923910,1294480,20058020,202103.0
128,A10023314,,,,,,,,,,,202103.0
129,A13520001,0,0,0,0,0,0,6606904,33176610,66540,15547720,202103.0
130,A10027909,0,0,25130,0,0,0,2597419,7203680,0,3017600,202103.0
131,A10027912,0,0,110900,0,0,0,1758694,10271220,160880,5118530,202103.0
132,A13594702,3355990,35861630,0,0,-400,17716930,4616690,0,0,0,202103.0
133,A13523005,4363980,32448852,0,0,0,20857610,14615723,24011280,0,13022200,202103.0
134,A13523004,12659660,35730660,0,0,0,15352200,2297870,30675720,224820,8356450,202103.0
135,A13594701,5886655,29667960,0,0,0,14784900,6324679,16428850,718525,7185230,202103.0
136,A13593802,26647595,16931180,0,0,0,0,4819940,0,773275,0,202103.0
137,A13523003,6038950,20755730,0,0,0,12666650,978780,16071290,-770,10101980,202103.0
138,A13594402,23830800,0,1420,0,0,8449200,4239090,11886790,941440,0,202103.0
139,A13593801,9147716,8666904,0,2002770,-7638000,10336760,3696700,18022720,1357960,7526880,202103.0
140,A13594203,24775009,36779711,0,0,-21535700,21535700,4116390,32723720,7343280,11623180,202103.0
141,A13594403,52109110,0,0,0,0,20356000,8524910,23990720,426710,0,202103.0
142,A10027571,605280,7727630,0,0,0,3978600,1227490,4050480,797480,0,202103.0
143,A10025823,30087780,18908290,0,0,-24987160,24587670,14204496,39663770,0,13852140,202103.0
144,A10024216,,,,,,,,,,,202103.0
145,A13522003,0,18015900,3339830,0,0,13149500,2472210,0,245530,0,202103.0
146,A13522008,0,24781940,0,0,0,48843000,1435460,0,0,0,202103.0
147,A13522004,4852090,25969120,0,0,0,18984800,9527411,18822860,27490,13307270,202103.0
148,A13588402,18001290,21504780,-616000,600660,-14068860,14033500,7072554,22089560,3377310,0,202103.0
149,A13522007,8275030,27372230,0,0,0,24622280,4714760,0,1017390,0,202103.0
150,A13522006,7421840,23054400,0,0,0,17952000,1598200,19815950,0,0,202103.0
151,A13552001,3235953,18337067,116330,0,0,17322100,0,501900,775670,5000,202103.0
152,A13552002,0,0,0,0,0,0,3100074,35662660,982870,12289180,202103.0
153,A13588601,1489390,11667490,0,0,0,11445600,3688010,9504920,96830,4026180,202103.0
154,A10025204,,,,,,,,,,,202103.0
155,A10027446,3739950,14976880,0,0,0,26445350,11349950,25231160,111550,7197730,202103.0
156,A13550502,4195270,37639550,-1237320,0,0,25137140,10045220,36076870,0,12635720,202103.0
157,A13527004,10961470,9513150,0,0,3540000,3540000,7119420,6018510,2854140,2753130,202103.0
158,A13585404,18162480,9622300,0,0,-15801030,15757510,6073760,23097240,0,8765820,202103.0
159,A13527002,3772650,7485030,0,0,0,2795000,1390697,6628360,0,3071190,202103.0
160,A13527008,0,0,276170,0,0,0,2105381,12039250,26510,6900740,202103.0
161,A13527013,3434020,31070180,0,0,0,11357820,7597301,17666330,497390,4726970,202103.0
162,A13527203,17343150,143202980,0,0,0,107351640,62139088,150891330,-3900210,69092550,202103.0
163,A13585401,0,8101800,0,0,0,4293500,1905858,4899410,0,2423750,202103.0
164,A13586102,4893920,8421700,0,0,-3121200,3121200,840520,8128040,250430,3152700,202103.0
165,A13585804,6341320,41016940,0,0,0,37975000,19470390,38234100,4156860,0,202103.0
166,A13527007,2111410,12552250,0,0,0,9878700,6303382,16468350,287310,4788390,202103.0
167,A13527016,4925170,20192490,0,0,52500,14045500,9571465,12811190,376280,8130560,202103.0
168,A13550403,11564810,22868350,0,0,-11605500,11605500,6277113,11819810,2177570,5043590,202103.0
169,A13586101,0,0,0,0,0,0,820609,0,0,0,202103.0
170,A13527010,20,33422400,0,0,0,9044000,3994381,11115150,50,6740840,202103.0
171,A13527019,3227530,14826180,0,0,0,12237800,9843509,19772260,231550,6975240,202103.0
172,A13527006,26301070,0,0,0,3369400,0,3131260,7306920,0,4854130,202103.0
173,A10027319,3038470,2930590,0,0,-2408380,2408380,2622160,5095230,0,2043900,202103.0
174,A13550404,,,,,,,,,,,202103.0
175,A10024793,0,0,0,0,0,0,1566960,0,0,0,202103.0
