,kaptCode,heatC,heatP,gasC,gasP,waterHotC,waterHotP,electC,electP,waterCoolC,waterCoolP,Date
0,A13508012,2154950,22659610,0,0,0,12885830,8068430,20582820,257750,7153800,202112.0
1,A13579501,2563470,36085300,0,0,0,9558300,6879755,22188240,-523500,7553670,202112.0
2,A13592604,27342140,51944080,0,0,-18983400,18971800,8264480,26328810,0,13859500,202112.0
3,A13508009,3353710,44448510,0,0,0,16873200,13996000,24986360,187890,9710020,202112.0
4,A13508004,6578760,11474890,0,0,0,3874950,3210280,7709810,129360,3860320,202112.0
5,A13508003,0,0,0,0,0,0,3016320,0,1140300,0,202112.0
6,A13579506,1886640,23647530,3300,0,0,2427510,5315611,19164280,0,5038700,202112.0
7,A13508006,5494340,30528320,0,0,0,11299400,5394333,22302680,0,6583030,202112.0
8,A13508011,2615040,35769550,0,0,600,16637050,9668355,30566930,-629750,9090520,202112.0
9,A13592601,6746770,33562050,0,0,0,14925300,5865618,24282280,4480,9097070,202112.0
10,A13592706,3665640,69566340,0,5557310,-1410,35050160,10227421,34716420,60,20722810,202112.0
11,A13579505,2529400,39893600,0,0,0,8306640,8456909,28947980,-453730,11427220,202112.0
12,A13508005,0,0,0,0,0,0,607330,3628500,54890,1975320,202112.0
13,A13579503,219300,0,0,0,0,0,2423040,8361850,117210,6270230,202112.0
14,A13592605,3431540,54597220,0,4375360,0,26231890,11963590,38492550,0,14430130,202112.0
15,A13591402,0,0,0,0,0,0,3309863,12415710,-80,4147870,202112.0
16,A10027474,2464160,26806250,0,0,1318490,9193460,10235206,26714330,-121550,7470550,202112.0
17,A10023825,,,,,,,,,,,202112.0
18,A10024820,,,,,,,,,,,202112.0
19,A10024813,,,,,,,,,,,202112.0
20,A13599303,35274060,90965100,0,0,2435000,14582500,8818436,29001330,0,0,202112.0
21,A13594007,2606760,40945460,0,3852100,0,11401600,4039110,0,412570,4878160,202112.0
22,A13580602,5377676,92494260,0,0,0,15912500,10136539,29591290,0,13992700,202112.0
23,A13524004,460,64387950,0,0,0,11664900,7737530,15322720,678100,5833610,202112.0
24,A13599402,0,67167300,0,0,0,11040000,5717900,31364130,0,12101440,202112.0
25,A13524005,2636260,64379840,0,0,364750,8790400,7845440,18017110,1435200,0,202112.0
26,A13593908,372310,44939470,0,0,0,19940700,0,0,0,0,202112.0
27,A13580001,1417170,28108930,0,0,0,5218200,3574417,8006670,-130,4122640,202112.0
28,A13524006,-300,125297100,0,0,0,7344360,17388952,24600920,3071910,8080430,202112.0
29,A13593901,2465180,23273000,0,0,0,7285700,6398490,15417050,0,2693810,202112.0
30,A13524009,2219350,85533700,0,0,0,31799800,7144708,28094970,1168720,9231040,202112.0
31,A13580002,26316012,0,0,0,0,7605500,2002677,9525010,38010,3223130,202112.0
32,A13599301,85501095,0,0,0,0,14372000,8935890,25982680,27620,0,202112.0
33,A10025203,6302461,74194867,0,0,-51208,25522560,40117440,63522300,2739140,19920720,202112.0
34,A10025675,12241450,102312230,0,0,0,55339210,53727605,109650530,5686360,39357690,202112.0
35,A10023565,,,,,,,,,,,202112.0
36,A10024564,16835700,105892840,0,0,0,74403560,47413677,123927950,6262630,41670840,202112.0
37,A10023996,1612080,6835500,0,0,0,792000,7655160,2069740,0,0,202112.0
38,A13510003,1411780,29282860,0,0,0,4979300,3828970,12583350,0,4604960,202112.0
39,A13510001,0,0,0,0,0,0,192670,6421910,-133320,2802360,202112.0
40,A13510201,870360,16086370,0,0,0,3682800,992170,7080050,0,3125780,202112.0
41,A13510203,0,0,0,0,0,0,2187530,7924960,0,4370880,202112.0
42,A13510102,1617930,30375930,0,0,0,7272600,3512860,14329790,487970,5713970,202112.0
43,A13510006,0,0,0,0,0,0,2349363,15700950,0,0,202112.0
44,A13510103,2194140,42650580,0,0,0,7689600,9047040,16406100,0,7333870,202112.0
45,A13510202,26640400,0,51520,0,0,4804000,2925300,7301250,640510,2350850,202112.0
46,A13576201,0,0,0,0,0,0,476890,10658760,18660,0,202112.0
47,A13510005,4863600,76097910,0,0,0,22266600,5948119,39729930,2060300,7994890,202112.0
48,A13510009,0,0,0,0,0,0,7054390,10925060,3210,3197100,202112.0
49,A13510007,9392730,43735600,0,0,0,16978500,16069227,25281470,842620,7817560,202112.0
50,A10025280,,,,,,,,,,,202112.0
51,A10025755,,,,,,,,,,,202112.0
52,A10024640,,,,,,,,,,,202112.0
53,A13509001,0,0,319790,0,0,0,2376840,6672240,0,3012290,202112.0
54,A13570501,7378760,69997500,0,0,0,14844200,15285617,43460860,0,15059970,202112.0
55,A13550701,1774578,26420082,0,0,0,13372200,6468999,20162280,0,6045140,202112.0
56,A13509005,119970,25802220,0,0,8201340,8201340,5992868,18214750,77030,5675710,202112.0
57,A13509004,0,0,0,0,0,0,465520,9984980,0,4416020,202112.0
58,A13509010,5122750,60034400,0,0,0,32494000,15998681,50597660,150940,13624840,202112.0
59,A13509006,71240,0,0,0,0,0,3113283,10385740,0,5446900,202112.0
60,A13509003,0,0,0,0,0,0,285010,10313520,8039570,0,202112.0
61,A13509012,6036230,0,6291580,0,108842120,0,72601089,0,20221830,0,202112.0
62,A13509007,1680210,34369620,0,0,0,4182850,4240920,13505530,131980,5923480,202112.0
63,A13570502,,,,,,,,,,,202112.0
64,A13509013,,,,,,,,,,,202112.0
65,A13509101,0,0,0,0,0,0,1371950,7486310,382430,3401480,202112.0
66,A13509009,19952710,76719740,0,0,-15623300,15623300,24561293,64112250,1121740,10079910,202112.0
67,A13509014,,,,,,,,,,,202112.0
68,A10026350,3922620,20472920,0,0,0,11940750,9517800,25636200,179240,6472500,202112.0
69,A10026934,,,,,,,,,,,202112.0
70,A10024131,400530,28403960,0,0,0,16673800,15735540,25226150,524150,7272410,202112.0
71,A10023939,,,,,,,,,,,202112.0
72,A10024819,,,,,,,,,,,202112.0
73,A13528102,5403350,93662360,0,0,0,12173770,18315750,52031900,1570800,16295980,202112.0
74,A13528103,16214600,99321190,0,0,0,32197400,22960151,78730160,1145890,25134950,202112.0
75,A13528004,34999350,293696770,0,0,0,52560900,23958180,134568680,0,52039000,202112.0
76,A13583604,-415840,184864040,0,0,0,19767500,14024533,56106810,1019340,14695540,202112.0
77,A13583701,2887240,50727370,0,0,3978000,17680000,5389231,25969080,0,9468690,202112.0
78,A13528003,9749340,72875440,0,0,0,45007200,16046945,49301700,1670750,13352670,202112.0
79,A13528007,4479480,24509100,0,0,0,6934000,9600430,27638600,580283,8439937,202112.0
80,A13528105,1010,180103200,0,0,0,32067000,5510610,70488740,0,16734450,202112.0
81,A13584101,29790930,27366600,0,0,14082910,14084850,8111175,23460680,80,7554140,202112.0
82,A13583507,-9930,715870400,0,0,0,73445960,47976351,155484080,11635060,57020480,202112.0
83,A13583403,83653760,0,0,0,0,10541840,5122320,18158860,236360,6378930,202112.0
84,A13583404,107492170,0,0,0,-7961400,7961400,14068600,31958790,578500,9881880,202112.0
85,A13583402,6053900,64372560,0,0,-10380000,10380000,11532980,14509140,2079390,5750020,202112.0
86,A10027800,8500290,85268540,0,0,0,69251000,42221228,121591300,692200,36041700,202112.0
87,A10025646,,,,,,,,,,,202112.0
88,A10026526,,,,,,,,,,,202112.0
89,A10024102,0,0,5540,13315410,0,0,9362470,10491110,-860,1983980,202112.0
90,A10024815,,,,,,,,,,,202112.0
91,A10026924,1460280,17710670,0,0,0,6680700,5738620,15075450,267470,4121890,202112.0
92,A10024799,,,,,,,,,,,202112.0
93,A10028094,,,,,,,,,,,202112.0
94,A10024029,,,,,,,,,,,202112.0
95,A10024814,,,,,,,,,,,202112.0
96,A10024805,,,,,,,,,,,202112.0
97,A13501004,0,0,105600,0,0,0,6439225,16649917,420670,9167230,202112.0
98,A13501001,6367860,0,0,0,0,0,8931833,31055380,1080210,3527950,202112.0
99,A13582002,-2897610,93215010,0,0,0,11746800,10135660,19311880,164180,0,202112.0
100,A13501007,,,,,,,,,,,202112.0
101,A13501008,,,,,,,,,,,202112.0
102,A13583301,0,0,0,0,0,0,3141530,7035920,0,2586450,202112.0
103,A13501006,12224010,20207730,0,0,-10076250,10006700,4928592,23430870,194920,5446860,202112.0
104,A13501005,,,,,,,,,,,202112.0
105,A10024501,0,0,0,0,0,0,4945460,3285970,361980,1259660,202112.0
106,A13590204,176116886,0,0,0,0,16137000,6790423,43578710,-263631,0,202112.0
107,A13589802,13125600,737496210,0,0,-39306000,39306000,2246193,208251120,26411080,40340790,202112.0
108,A13511201,78861940,0,0,0,0,0,8236606,22895890,3500000,0,202112.0
109,A13551103,0,225327286,0,0,0,10840000,6626197,39428420,0,0,202112.0
110,A13590602,117262890,0,0,0,0,9303180,6083150,23161700,692760,0,202112.0
111,A13511001,52585890,52585876,0,0,0,10955520,7802930,15808090,0,0,202112.0
112,A13511004,63055970,347716120,0,0,0,35869050,27882373,101296390,520200,0,202112.0
113,A13511101,113186320,0,0,0,0,10599000,2232060,29198540,4930,13372430,202112.0
114,A13511003,0,130666630,0,0,0,26294400,16446859,38525020,0,0,202112.0
115,A13519002,0,0,438800,0,0,0,1444398,12273470,289470,6455430,202112.0
116,A13519006,11776590,46396360,0,0,-650,22029680,17196902,35308000,228040,17856110,202112.0
117,A13519007,29858090,41532060,0,0,-22456200,22347000,8722617,32437973,1060310,13738050,202112.0
118,A13519004,0,0,-366120,356150,0,0,2966030,14834710,226250,5136000,202112.0
119,A13519005,0,0,0,0,0,0,8314927,26121050,-299680,10435900,202112.0
120,A13519003,0,0,648050,0,0,0,2051870,11085300,472390,5675830,202112.0
121,A13519001,0,0,455160,0,0,0,2648800,10446240,0,5803240,202112.0
122,A10028172,3909320,27464870,0,0,0,21882630,14559819,29331160,0,12552610,202112.0
123,A13519008,2189916,33669230,0,0,0,18409984,8903213,19599480,0,7121820,202112.0
124,A13520003,0,55609900,0,0,0,49827780,18676876,62940480,0,18971400,202112.0
125,A13520004,2396500,27926390,0,0,0,12147720,8995131,15749000,501050,7608960,202112.0
126,A10027985,5943800,59116180,0,7681840,0,25691220,17568460,48727360,284950,19957070,202112.0
127,A13520002,0,0,0,0,0,0,19444650,60473160,1719510,19266970,202112.0
128,A10023314,,,,,,,,,,,202112.0
129,A13520001,0,0,0,0,0,0,2771706,37922180,783320,16346020,202112.0
130,A10027909,0,0,40070,0,0,0,3957000,6504820,0,2810210,202112.0
131,A10027912,0,0,548450,0,0,0,2307191,11729760,225120,5418710,202112.0
132,A13594702,3355855,59689300,0,0,215,16834110,5490970,0,0,0,202112.0
133,A13523005,4363980,67521972,0,0,0,23220150,14433682,26671360,0,12190800,202112.0
134,A13523004,17859170,65228110,0,0,0,16101000,659230,32022780,137790,8131040,202112.0
135,A13594701,7972410,51027260,0,0,0,16121000,7314509,19321200,685910,6859090,202112.0
136,A13593802,41449506,0,0,0,13983578,0,7016930,0,687350,0,202112.0
137,A13523003,8173550,41127670,0,0,0,11693200,600490,18356290,-950,9844330,202112.0
138,A13594402,37576010,0,1040,0,0,7754400,5242850,12647740,629160,0,202112.0
139,A13593801,23530850,0,1982470,0,2447540,0,25848720,0,0,0,202112.0
140,A13594203,31738839,58423801,0,0,-24001900,24001900,4831640,36575030,6245760,11632880,202112.0
141,A13594403,99676080,0,0,0,0,18496000,9631540,25634030,0,0,202112.0
142,A10027571,1793230,12504420,0,0,0,4111600,1210330,4566460,454140,0,202112.0
143,A10025823,31009560,41901520,0,0,-25908940,25506430,17342360,46356030,0,14658060,202112.0
144,A10024216,25932160,103494840,0,0,165000,45195810,55357140,101351870,-182780,31899830,202112.0
145,A13522003,5279320,37873670,0,0,0,9964500,3334280,0,0,0,202112.0
146,A13522008,0,86376930,0,0,0,22887000,9255550,0,40,0,202112.0
147,A13522004,3207320,48802140,0,3544630,0,22728000,10017563,21952180,16460,12918980,202112.0
148,A13588402,26315420,40075200,-681330,668000,-17029050,16996950,7546702,24623140,2678080,0,202112.0
149,A13522007,11548870,54326470,0,0,0,23884490,5188190,0,943400,0,202112.0
150,A13522006,10182300,47679440,0,0,0,17932000,3749803,23346010,4526780,0,202112.0
151,A13552001,5906355,12256765,79700,0,0,20451200,213020,438830,401400,0,202112.0
152,A13552002,0,0,0,0,0,0,7439807,33668030,1094660,13587390,202112.0
153,A13588601,5863060,24161910,0,0,0,10505100,4445070,11624610,775400,3885340,202112.0
154,A10025204,,,,,,,,,,,202112.0
155,A10027446,4228060,34042860,0,0,0,11023200,13727610,26728060,94360,8008550,202112.0
156,A13550502,4195270,69077370,-1268340,1252890,0,33708800,15431760,37623440,0,15771000,202112.0
157,A13527004,2049600,18896100,0,0,0,3831000,1116630,6884440,444320,3052410,202112.0
158,A13585404,2361450,26547960,0,2594660,0,15552390,7316630,25255120,0,9133240,202112.0
159,A13527002,13228650,12222470,0,0,3267000,3267000,7445800,7154720,0,3204610,202112.0
160,A13527008,0,0,62650,0,0,0,1471588,15119390,29990,6705750,202112.0
161,A13527013,3434020,62124490,0,0,0,14136400,9651825,19100280,483280,5329180,202112.0
162,A13527203,17343730,267215120,0,0,0,130102500,80502493,158474080,2012170,66389880,202112.0
163,A13585401,0,15342500,0,0,0,4044000,1745456,6572990,0,1792840,202112.0
164,A13586102,22235660,0,0,0,0,0,9888760,0,4229950,0,202112.0
165,A13585804,6341320,87652460,0,0,0,39440000,28606410,40410790,1842760,0,202112.0
166,A13527007,2111410,26981600,0,0,0,12475400,7749670,19549790,199970,5279590,202112.0
167,A13527016,4989390,42766430,0,0,42000,9593500,10262107,18194480,1604110,8368530,202112.0
168,A13550403,14304060,39426930,0,0,-12168000,12168000,5211090,14106870,2101940,5185340,202112.0
169,A13586101,0,0,0,0,0,0,768720,0,55920,0,202112.0
170,A13527010,1360,52095900,0,0,0,9516000,5107154,12062950,-50,7351020,202112.0
171,A13527019,3058010,34021940,0,0,0,12025200,10518292,20844100,308290,7196380,202112.0
172,A13527006,38341320,0,0,0,2383400,0,4255900,8964910,813060,4346840,202112.0
173,A10027319,2442120,7013420,0,0,-1812100,1812100,3146020,6329930,0,2282340,202112.0
174,A13550404,,,,,,,,,,,202112.0
175,A10024793,0,0,0,117710,0,0,1784770,0,0,0,202112.0
