,kaptCode,heatC,heatP,gasC,gasP,waterHotC,waterHotP,electC,electP,waterCoolC,waterCoolP,Date
0,A13508012,2154950,0,0,0,0,4216000,5815670,47629810,212300,7912700,202108.0
1,A13579501,2385600,0,0,0,0,3092840,4926300,38493990,-172250,7978930,202108.0
2,A13592604,9823230,0,0,0,-6342600,6335160,12104493,60756580,0,15264710,202108.0
3,A13508009,3335520,0,0,0,0,5237510,8778950,46872030,165340,10512380,202108.0
4,A13508004,0,0,0,0,424970,1883520,2170400,19040090,580920,3863340,202108.0
5,A13508003,0,0,0,0,0,0,8812240,0,1201930,0,202108.0
6,A13579506,1886640,0,1800,0,0,1953680,4357095,37837550,0,5475800,202108.0
7,A13508006,2854620,0,0,0,0,3767190,787290,46107440,0,6616750,202108.0
8,A13508011,2697760,16280,0,0,-570,4514970,10031609,68327450,157820,9494470,202108.0
9,A13592601,2611270,0,0,0,0,4899450,-2702496,52619580,52020,9133560,202108.0
10,A13592706,3665640,0,0,6055750,-110,12814020,12906974,66133090,-30,23514550,202108.0
11,A13579505,2529400,0,0,0,0,4466530,7060413,40658550,-767690,12289300,202108.0
12,A13508005,0,0,0,0,0,0,187440,6791560,72850,2039110,202108.0
13,A13579503,0,0,0,0,0,0,62250,20068080,0,6705410,202108.0
14,A13592605,3431540,0,0,4294080,0,5725630,7988970,55006370,0,15849980,202108.0
15,A13591402,0,0,0,0,0,0,1959381,17123120,-250,4657510,202108.0
16,A10027474,2464160,0,0,0,173340,3255910,1228550,46371100,-444160,7833470,202108.0
17,A10023825,,,,,,,,,,,202108.0
18,A10024820,,,,,,,,,,,202108.0
19,A10024813,,,,,,,,,,,202108.0
20,A13599303,-1307360,7778900,0,0,-1645000,9477500,20474878,42716860,151750,0,202108.0
21,A13594007,2490020,0,0,3944430,0,5010000,2851110,0,458300,6460160,202108.0
22,A13580602,5376704,0,0,0,0,7799540,7108768,62882310,0,15652440,202108.0
23,A13524004,-570,3004950,0,0,0,5467800,6628840,34203550,573220,8458370,202108.0
24,A13599402,0,6477700,0,0,0,9632500,937570,43917290,0,15834520,202108.0
25,A13524005,3039360,0,0,0,10,5206090,4062160,40829000,1530880,0,202108.0
26,A13593908,0,0,0,0,0,5316410,0,0,0,0,202108.0
27,A13580001,1417000,0,0,0,0,2324000,1917358,16757430,420,4783700,202108.0
28,A13524006,-1370,6198860,0,0,0,3988890,3059004,44243890,1029990,11353840,202108.0
29,A13593901,1877850,0,0,0,0,2115640,4331470,26587350,0,2889900,202108.0
30,A13524009,4382330,0,0,0,-1892500,10030250,2107020,56324080,3937330,12364380,202108.0
31,A13580002,1197850,0,0,0,0,3062230,662213,11784600,35530,4558730,202108.0
32,A13599301,10432060,0,0,0,0,5424000,4065190,37442520,27620,0,202108.0
33,A10025203,6302461,0,0,0,-24311,10230920,43705725,137742300,3886090,21439960,202108.0
34,A10025675,11096360,0,0,0,0,13065680,54403027,174242480,6262120,32703680,202108.0
35,A10023565,,,,,,,,,,,202108.0
36,A10024564,12187671,0,0,0,0,18712360,62419120,240113460,4426310,42678590,202108.0
37,A10023996,,,,,,,,,,,202108.0
38,A13510003,1555640,150000,0,0,0,2102800,3867712,35782928,0,4643200,202108.0
39,A13510001,0,0,0,0,0,0,331170,13854670,-131030,3163530,202108.0
40,A13510201,865250,0,0,0,0,2008530,557820,17266760,0,3143400,202108.0
41,A13510203,0,0,0,0,0,0,3399140,17807340,0,4295150,202108.0
42,A13510102,1617660,0,0,0,240,2604400,-3505730,26286060,-420700,6553600,202108.0
43,A13510006,0,0,0,0,0,0,-2269573,37650980,0,0,202108.0
44,A13510103,2116770,0,0,0,0,3487200,5743700,17214900,30000,7224490,202108.0
45,A13510202,739900,0,3710,0,0,2572000,2488900,11245870,309740,3801440,202108.0
46,A13576201,0,0,0,0,0,0,-1842770,25791780,20170,0,202108.0
47,A13510005,4863600,0,0,0,0,8253720,2616135,57593940,1542270,10905400,202108.0
48,A13510009,0,0,0,0,0,0,6052530,21478160,3490,3891680,202108.0
49,A13510007,49830,0,0,0,0,4921020,6943500,119561580,1293250,8771450,202108.0
50,A10025280,,,,,,,,,,,202108.0
51,A10025755,,,,,,,,,,,202108.0
52,A10024640,,,,,,,,,,,202108.0
53,A13509001,0,0,21210,0,0,0,3582080,12935110,0,3474350,202108.0
54,A13570501,5071890,0,0,0,0,7136000,12538145,70775950,0,19149870,202108.0
55,A13550701,1774578,0,0,0,0,4044942,6672922,55041030,0,7903100,202108.0
56,A13509005,30820,0,0,0,2227200,2227200,4609985,29613800,99840,6206060,202108.0
57,A13509004,0,0,0,0,0,0,96120,19694050,89100,5041150,202108.0
58,A13509010,5165140,0,0,0,0,9256000,14079284,78845560,43420,16191070,202108.0
59,A13509006,6510,0,0,0,0,0,2034615,14396830,0,6380020,202108.0
60,A13509003,0,0,0,0,0,0,18838280,0,8362730,0,202108.0
61,A13509012,6036230,0,6232810,0,8230070,0,95244025,0,22745090,0,202108.0
62,A13509007,1496440,0,0,0,0,2205000,3878100,26349800,250740,6454400,202108.0
63,A13570502,,,,,,,,,,,202108.0
64,A13509013,,,,,,,,,,,202108.0
65,A13509101,0,0,0,0,0,0,2438310,11302410,78490,3551630,202108.0
66,A13509009,11389240,837100,0,0,-6976800,6976800,27454442,137046600,4421460,12071940,202108.0
67,A13509014,,,,,,,,,,,202108.0
68,A10026350,2357030,0,0,0,0,3135600,7756960,45896730,344300,7057130,202108.0
69,A10026934,,,,,,,,,,,202108.0
70,A10024131,,,,,,,,,,,202108.0
71,A10023939,,,,,,,,,,,202108.0
72,A10024819,,,,,,,,,,,202108.0
73,A13528102,5403350,0,0,0,0,8643190,16496350,80623570,1752570,18612030,202108.0
74,A13528103,7028210,0,0,0,0,9809100,17905997,176437240,2693840,24922800,202108.0
75,A13528004,17366990,0,0,0,0,28563300,21089350,286972850,0,57516560,202108.0
76,A13583604,220,-6253410,0,0,0,8355000,8130810,83443030,538120,21098100,202108.0
77,A13583701,2887240,0,0,0,0,5461200,7715530,41432170,0,12973990,202108.0
78,A13528003,3382170,0,0,0,0,14126000,5996591,68822380,843050,18126850,202108.0
79,A13528007,3037360,0,0,0,0,3028800,9303860,80135860,366710,8910310,202108.0
80,A13528105,0,0,0,0,0,10055500,-13492200,135408090,596080,22764490,202108.0
81,A13584101,2424330,21600,0,0,0,3233760,6363391,38978150,0,7293670,202108.0
82,A13583507,-3050,26356260,0,0,-300,32271910,29372150,203069890,6528520,68998120,202108.0
83,A13583403,2090770,0,0,0,0,5627740,3627070,29748160,182880,8724860,202108.0
84,A13583404,0,0,0,0,0,4505400,4476090,51023760,583760,8767480,202108.0
85,A13583402,4260400,1832320,0,0,-4832000,4832000,4253790,23422670,1238840,7211400,202108.0
86,A10027800,8416480,0,0,0,0,16151400,40599440,199352990,706000,38724570,202108.0
87,A10025646,,,,,,,,,,,202108.0
88,A10026526,,,,,,,,,,,202108.0
89,A10024102,,,,,,,,,,,202108.0
90,A10024815,,,,,,,,,,,202108.0
91,A10026924,1460530,0,0,0,0,2327070,6301780,49611050,577060,4889540,202108.0
92,A10024799,,,,,,,,,,,202108.0
93,A10028094,,,,,,,,,,,202108.0
94,A10024029,,,,,,,,,,,202108.0
95,A10024814,,,,,,,,,,,202108.0
96,A10024805,,,,,,,,,,,202108.0
97,A13501004,0,0,5650,0,0,0,6345610,37011940,319750,9814560,202108.0
98,A13501001,476170,0,0,0,0,0,6645571,36259180,327480,3871820,202108.0
99,A13582002,-804460,2484610,0,0,0,7333200,6918070,31358190,194510,0,202108.0
100,A13501007,,,,,,,,,,,202108.0
101,A13501008,,,,,,,,,,,202108.0
102,A13583301,0,0,0,0,0,0,3009285,12001050,0,2880950,202108.0
103,A13501006,5147230,0,0,0,-2999860,2979380,4268830,39228040,3190340,5801660,202108.0
104,A13501005,,,,,,,,,,,202108.0
105,A10024501,0,0,0,0,0,0,5786420,6479560,360850,1332110,202108.0
106,A13590204,10921640,0,0,0,0,7395000,-16937328,102040350,2767585,0,202108.0
107,A13589802,8462662,46792338,0,0,-26466000,26466000,4203756,382768740,19109110,53719870,202108.0
108,A13511201,8300040,0,0,0,0,3777600,6002863,45839930,3500000,0,202108.0
109,A13551103,0,16911704,0,0,0,7662000,3705530,86147260,0,0,202108.0
110,A13590602,7168230,0,0,0,0,5575140,5880290,36572730,708400,0,202108.0
111,A13511001,2158660,2158702,0,0,0,5404320,2637270,28329680,0,0,202108.0
112,A13511004,24209560,0,0,0,0,21664800,11708350,176934230,4129085,0,202108.0
113,A13511101,7164350,0,0,0,0,5946000,1535830,52613290,0,15545600,202108.0
114,A13511003,0,0,0,0,0,15417250,303895,70183520,0,0,202108.0
115,A13519002,0,0,25600,0,0,0,1232620,27025820,240510,7331870,202108.0
116,A13519006,5231013,0,0,0,367,8099810,16851951,44601300,852330,19850120,202108.0
117,A13519007,10994210,0,0,0,-6578000,6545800,7287080,49190130,571370,16099810,202108.0
118,A13519004,0,0,-412290,402650,0,0,-19090,12516720,137620,5276460,202108.0
119,A13519005,0,0,0,0,0,0,4589618,28528880,385140,11458140,202108.0
120,A13519003,0,0,27910,0,0,0,638820,25854440,82530,6649790,202108.0
121,A13519001,0,0,24870,0,0,0,-210860,20887930,141580,6717750,202108.0
122,A10028172,3749430,0,0,0,0,5925170,9220317,35745180,0,13516770,202108.0
123,A13519008,0,0,0,0,20,5455740,2278382,20944920,-638020,9175920,202108.0
124,A13520003,0,6639310,0,0,0,10802970,17464454,78153070,0,22569800,202108.0
125,A13520004,2396500,0,0,0,0,4341940,7132153,20208900,416010,7896120,202108.0
126,A10027985,5943800,170150,0,7761430,0,10564100,18267280,62274200,2380690,20203050,202108.0
127,A13520002,0,0,0,0,0,0,21484540,144108490,1718430,20924400,202108.0
128,A10023314,,,,,,,,,,,202108.0
129,A13520001,0,0,0,0,0,0,1952974,70150560,748860,18561810,202108.0
130,A10027909,0,0,22280,0,0,0,4488140,13760000,83840,3148400,202108.0
131,A10027912,0,0,3910,0,0,0,1059347,23395700,183030,5239790,202108.0
132,A13594702,3355970,0,0,0,840,9934930,2360020,0,0,0,202108.0
133,A13523005,4363980,0,0,0,0,5579800,11187208,33248600,0,14500100,202108.0
134,A13523004,5806560,0,0,0,0,6660000,864580,41408190,221320,11554450,202108.0
135,A13594701,2645010,0,0,0,0,6868800,4274854,33689210,480860,11182790,202108.0
136,A13593802,991830,0,0,0,3274400,0,7073370,0,673845,0,202108.0
137,A13523003,2786550,97210,0,0,0,4031930,133040,36022300,188770,10596840,202108.0
138,A13594402,0,0,1540,0,0,4550400,1135000,17731890,999670,0,202108.0
139,A13593801,2006390,0,0,1982450,-1354900,3044540,3125130,50452700,0,0,202108.0
140,A13594203,11126710,0,0,0,-10115820,10115820,2214510,39137990,4184040,15588120,202108.0
141,A13594403,3263660,0,0,0,0,9004000,1292410,40266340,1099780,0,202108.0
142,A10027571,605320,0,0,0,30,2170810,1350890,9893470,408590,0,202108.0
143,A10025823,12720780,0,0,0,-7620160,7595280,21456342,113080220,0,20913670,202108.0
144,A10024216,15309430,1558210,0,0,229400,8634800,102371950,85611020,32612680,15731050,202108.0
145,A13522003,0,0,0,0,0,0,2587410,0,515930,0,202108.0
146,A13522008,0,0,0,0,0,11991000,1617330,0,0,0,202108.0
147,A13522004,3207320,0,0,3667910,0,10090500,10468936,48002030,43420,14148940,202108.0
148,A13588402,6827010,0,-805680,790160,-4626490,4626490,-50613,32837430,2081040,0,202108.0
149,A13522007,3708540,0,0,0,0,8867770,3697990,0,832730,0,202108.0
150,A13522006,3637020,0,0,0,0,6253730,-2943270,39773590,4523940,0,202108.0
151,A13552001,0,9880,0,0,0,4723920,200560,881040,229760,5000,202108.0
152,A13552002,0,0,0,0,0,0,6143300,70913680,1152660,15793190,202108.0
153,A13588601,3021570,27110,0,0,0,1162500,2937700,22869460,463910,5566350,202108.0
154,A10025204,,,,,,,,,,,202108.0
155,A10027446,3795270,0,0,0,0,15543230,9488030,43580700,387000,8645140,202108.0
156,A13550502,4195270,0,-1490260,1468410,0,7950230,10906440,59966230,0,16472520,202108.0
157,A13527004,1205310,0,0,0,969000,969000,8952920,8952920,3518830,3518830,202108.0
158,A13585404,2361450,0,0,2435600,0,3726260,1177520,48062020,0,9101860,202108.0
159,A13527002,2403360,0,0,0,-1471080,1471080,289780,8202487,0,3582040,202108.0
160,A13527008,0,0,7640,0,0,0,1645029,26174260,27260,6702950,202108.0
161,A13527013,3434020,0,0,0,0,6196077,2280878,29917250,519160,7011580,202108.0
162,A13527203,17343471,0,0,0,-5951,35329950,56390421,243086330,-1338100,71214550,202108.0
163,A13585401,0,0,0,0,0,2309500,1968781,10174610,0,1303750,202108.0
164,A13586102,2873550,0,0,0,0,0,11074030,0,4181450,0,202108.0
165,A13585804,6341320,0,0,0,0,12330590,14232010,60882320,3561860,0,202108.0
166,A13527007,2111410,0,0,0,0,3064790,7233689,38073230,300100,6256760,202108.0
167,A13527016,255560,24100,0,0,31500,5102600,3033996,21725620,927850,9760650,202108.0
168,A13550403,4418550,742210,0,0,-4350500,4350500,2120043,18097590,2068840,6347110,202108.0
169,A13586101,0,0,0,0,0,0,796220,0,111300,0,202108.0
170,A13527010,1560,242100,0,0,0,4693500,850571,16454050,-150,7527810,202108.0
171,A13527019,2869490,0,0,0,0,3580500,6441935,39939120,712920,8042250,202108.0
172,A13527006,1254710,0,0,0,1552100,0,3730880,16681100,317950,4936690,202108.0
173,A10027319,1458730,6390,0,0,-828570,828570,3497620,14381380,0,2473170,202108.0
174,A13550404,,,,,,,,,,,202108.0
175,A10024793,0,0,0,0,0,0,1553490,0,0,0,202108.0
