,kaptCode,heatC,heatP,gasC,gasP,waterHotC,waterHotP,electC,electP,waterCoolC,waterCoolP,Date
0,A13508012,2154950,17416950,0,0,0,13393440,9069320,21755040,40280,7600700,202102.0
1,A13579501,2497720,27614200,0,0,0,11996140,6478798,18388380,-227930,7302930,202102.0
2,A13592604,26627010,42122830,0,0,-18995050,18974400,8651292,28119530,0,14108210,202102.0
3,A13508009,3353550,38673260,0,0,0,15358500,12231700,20457260,205160,9754460,202102.0
4,A13508004,6146580,10082060,0,0,0,4303320,3663060,8490550,303340,3604640,202102.0
5,A13508003,0,0,0,0,0,0,2607800,0,1036600,0,202102.0
6,A13579506,1886840,21675460,0,0,0,1228100,4912810,15840720,0,5195780,202102.0
7,A13508006,7044450,22730250,0,0,0,11257060,4879070,26412110,0,5964310,202102.0
8,A13508011,2697760,28208080,0,0,-440,17603760,11048610,33309600,433780,8320010,202102.0
9,A13592601,4586160,28103440,0,0,0,14297500,7579256,28707720,146930,8836240,202102.0
10,A13592706,-20346800,59197070,0,6626620,24017980,35184630,11624584,35479700,-510,20880410,202102.0
11,A13579505,2529400,31412000,0,0,0,10833110,7578899,24014840,0,10395360,202102.0
12,A13508005,0,0,0,0,0,0,1652710,3254240,57840,1992450,202102.0
13,A13579503,0,0,0,0,0,0,2699740,10388970,0,6064030,202102.0
14,A13592605,3431540,43271070,0,4798940,0,26583480,7643930,30620890,0,14532250,202102.0
15,A13591402,0,0,0,0,0,0,3111283,10013010,-100,4211570,202102.0
16,A10027474,2464160,20758660,0,0,1651890,10156680,9341382,21105940,349040,7385320,202102.0
17,A10023825,,,,,,,,,,,202102.0
18,A10024820,,,,,,,,,,,202102.0
19,A10024813,,,,,,,,,,,202102.0
20,A13599303,-47809840,154746900,0,0,10312500,13862500,9890793,30003170,772750,0,202102.0
21,A13594007,2570690,33129660,0,2330520,0,17385000,4781360,0,382630,3421270,202102.0
22,A13580602,5377580,73632240,0,0,0,17708100,10615228,30093180,0,14086060,202102.0
23,A13524004,300,58238850,0,0,0,12604800,9556590,15417560,500780,6011090,202102.0
24,A13599402,0,123218300,0,0,0,14562500,4961600,32318950,0,12175980,202102.0
25,A13524005,3039890,51368220,0,0,0,9849600,9405220,19236620,3053440,0,202102.0
26,A13593908,4190250,35857890,0,0,0,27471500,1654810,0,0,0,202102.0
27,A13580001,1417100,21026310,0,0,0,6948200,4018746,8626940,1570,4304810,202102.0
28,A13524006,2890,107899580,0,0,0,8722140,12351483,22595950,5107960,7341010,202102.0
29,A13593901,1989030,19685820,0,0,0,6914700,6271690,12341340,79650,2581970,202102.0
30,A13524009,-37714560,102114270,0,0,2529600,36566400,7398950,31350660,5403030,9403640,202102.0
31,A13580002,20331188,0,0,0,0,8988020,1841203,7493070,155300,3214170,202102.0
32,A13599301,78662490,0,0,0,0,15786000,7773630,21303750,27620,0,202102.0
33,A10025203,6302461,60816290,0,0,-81751,27630618,37729105,66754240,1702160,18542860,202102.0
34,A10025675,12600110,86239580,0,0,0,57089350,45907283,88187730,3231740,30998520,202102.0
35,A10023565,,,,,,,,,,,202102.0
36,A10024564,40815410,74048160,0,0,0,53349190,56788430,107996100,0,33253410,202102.0
37,A10023996,,,,,,,,,,,202102.0
38,A13510003,1411860,23992790,0,0,0,4342500,4536780,14296320,0,4480620,202102.0
39,A13510001,0,0,0,0,0,0,907520,7784520,-78720,3033750,202102.0
40,A13510201,869250,14219840,0,0,0,3740400,1611110,8163790,0,3513250,202102.0
41,A13510203,0,0,0,0,0,0,814520,10749300,0,4538110,202102.0
42,A13510102,1617660,25800720,0,0,0,6990400,3795060,12136070,644740,5180130,202102.0
43,A13510006,0,0,0,0,0,0,3108703,17354030,0,0,202102.0
44,A13510103,2252800,36189150,0,0,0,8125800,7151780,13090300,0,6613860,202102.0
45,A13510202,22243680,0,84680,0,0,5480000,2267660,6252570,405100,2425290,202102.0
46,A13576201,0,0,0,0,0,0,2717040,12427000,22420,0,202102.0
47,A13510005,4863460,58860990,0,0,0,28381750,5029648,33934870,2281640,8550420,202102.0
48,A13510009,0,0,0,0,0,0,4304750,11720080,4410,3520730,202102.0
49,A13510007,7691990,34442000,0,0,0,18796400,22932968,29399340,675620,8131190,202102.0
50,A10025280,,,,,,,,,,,202102.0
51,A10025755,,,,,,,,,,,202102.0
52,A10024640,,,,,,,,,,,202102.0
53,A13509001,0,0,404920,0,0,0,2540590,7352260,0,3387690,202102.0
54,A13570501,9298140,54141120,0,0,0,16221400,14679474,36053560,0,16421690,202102.0
55,A13550701,1774578,22495332,0,0,0,12984600,5884203,22833970,0,6969770,202102.0
56,A13509005,86390,21179500,0,0,6887790,6887790,5252899,15306000,79250,5856620,202102.0
57,A13509004,0,0,0,0,0,0,857930,11056880,130080,4645110,202102.0
58,A13509010,5237230,49818850,0,0,0,32421000,14144187,41851530,118070,14820500,202102.0
59,A13509006,282510,0,0,0,0,0,3004960,8705620,0,6210370,202102.0
60,A13509003,0,0,0,0,0,0,11838420,0,8494680,0,202102.0
61,A13509012,46668670,0,0,0,52983700,0,55901430,0,20788780,0,202102.0
62,A13509007,1823620,28299310,0,0,0,5147500,4206170,14772340,492020,6062950,202102.0
63,A13570502,,,,,,,,,,,202102.0
64,A13509013,,,,,,,,,,,202102.0
65,A13509101,0,0,0,0,0,0,1832850,8523330,0,3550870,202102.0
66,A13509009,24549500,58425300,0,0,-19732300,19732300,24111560,53318800,2251870,9939140,202102.0
67,A13509014,,,,,,,,,,,202102.0
68,A10026350,3699580,16054210,0,0,0,12046500,8311160,20441990,756190,6225800,202102.0
69,A10026934,0,0,190020,0,0,0,4272998,7689610,0,2004230,202102.0
70,A10024131,,,,,,,,,,,202102.0
71,A10023939,,,,,,,,,,,202102.0
72,A10024819,,,,,,,,,,,202102.0
73,A13528102,5403350,80058270,0,0,0,11775110,15993530,42348410,609840,15404760,202102.0
74,A13528103,13573240,76292340,0,0,0,30099800,21045938,64043100,333730,18712300,202102.0
75,A13528004,32446780,235506850,0,0,0,61711200,25455800,148872070,10060,58896950,202102.0
76,A13583604,-408000,133311600,0,0,0,21535000,10302187,46707720,1208080,14455590,202102.0
77,A13583701,2887240,40559540,0,0,4295980,20956000,6113473,22968020,0,8589090,202102.0
78,A13528003,5476610,63414440,0,0,0,43166100,13286850,35245050,461240,13430780,202102.0
79,A13528007,4287480,18640160,0,0,0,8596480,10536340,29700890,349970,8517470,202102.0
80,A13528105,-940,111064800,0,0,0,35267400,3987490,74988250,1716730,14875820,202102.0
81,A13584101,2424330,21383310,0,0,0,15072360,7158181,19522820,0,6532530,202102.0
82,A13583507,-26450,604581880,0,0,0,98292040,36230354,132016120,4577720,55199530,202102.0
83,A13583403,65710700,0,0,0,0,10595050,5232380,15919320,636520,5142490,202102.0
84,A13583404,0,0,0,0,0,9370800,7147824,26531750,488380,9659820,202102.0
85,A13583402,4628120,56204960,0,0,-10024000,10024000,10965640,11756890,2773680,5357460,202102.0
86,A10027800,8809283,72464600,0,0,0,67781000,34105253,101782350,1919690,36503410,202102.0
87,A10025646,,,,,,,,,,,202102.0
88,A10026526,,,,,,,,,,,202102.0
89,A10024102,,,,,,,,,,,202102.0
90,A10024815,,,,,,,,,,,202102.0
91,A10026924,1460690,14344640,0,0,0,7671290,5846060,16756780,195000,4729240,202102.0
92,A10024799,,,,,,,,,,,202102.0
93,A10028094,,,,,,,,,,,202102.0
94,A10024029,,,,,,,,,,,202102.0
95,A10024814,,,,,,,,,,,202102.0
96,A10024805,,,,,,,,,,,202102.0
97,A13501004,0,0,0,0,0,0,8011700,19092400,446120,8634990,202102.0
98,A13501001,5243190,0,0,0,0,0,7078279,24727200,1107350,3849590,202102.0
99,A13582002,-2376250,73276290,0,0,0,13096800,9022730,16209720,0,0,202102.0
100,A13501007,,,,,,,,,,,202102.0
101,A13501008,,,,,,,,,,,202102.0
102,A13583301,0,0,0,0,0,0,3064790,6152600,0,2332800,202102.0
103,A13501006,12610900,16844260,0,0,-10463370,10387430,4465240,19945700,541000,5088820,202102.0
104,A13501005,,,,,,,,,,,202102.0
105,A10024501,0,0,0,0,0,0,8663750,0,0,0,202102.0
106,A13590204,143395564,0,0,0,0,18678000,5268511,50001340,-787554,0,202102.0
107,A13589802,6933330,656185700,0,0,-48292000,48292000,38558267,179227320,29561120,38073460,202102.0
108,A13511201,78976740,0,0,0,0,0,31455388,0,3500000,0,202102.0
109,A13551103,0,187054376,0,0,0,11690000,12745390,43472140,0,0,202102.0
110,A13590602,100664240,0,0,0,0,12517980,6279730,18690570,847320,0,202102.0
111,A13511001,0,47572504,0,0,0,9253440,4391920,16475050,0,0,202102.0
112,A13511004,54745600,275062720,0,0,0,38214300,29171555,85872180,175190,0,202102.0
113,A13511101,97110350,0,0,0,0,11736000,8827720,24560370,0,14796640,202102.0
114,A13511003,0,96332246,0,0,0,33909650,8383843,32246290,0,0,202102.0
115,A13519002,0,0,351720,0,0,0,4995042,14499110,0,6455650,202102.0
116,A13519006,10958910,38560720,0,0,-2950,21889880,12554770,26539400,789240,17397850,202102.0
117,A13519007,35459120,28275760,0,0,-27583360,27465760,10946370,24124520,310250,13448800,202102.0
118,A13519004,0,0,-314470,306840,0,0,1547260,10997600,57490,4442400,202102.0
119,A13519005,0,0,0,0,0,0,5050777,15140740,-120570,9981260,202102.0
120,A13519003,0,0,396540,0,0,0,4839970,12821570,150410,5932550,202102.0
121,A13519001,0,0,242660,0,0,0,3599500,11652960,0,5744910,202102.0
122,A10028172,3995800,21478050,0,0,0,22886860,9256782,22941890,112120,13697110,202102.0
123,A13519008,4220610,24437440,0,0,0,18616200,9858646,15152140,0,8234670,202102.0
124,A13520003,0,44265570,0,0,0,47185690,15872422,51688100,0,17202600,202102.0
125,A13520004,2396500,21972620,0,0,0,11596360,5910375,12466860,463210,6633450,202102.0
126,A10027985,0,45531840,0,9075910,0,25332140,15894550,39514900,2705290,17743250,202102.0
127,A13520002,0,0,0,0,0,0,26866300,68634190,828780,18108920,202102.0
128,A10023314,,,,,,,,,,,202102.0
129,A13520001,0,0,0,0,0,0,10314575,42165180,19720,17316180,202102.0
130,A10027909,0,0,25400,0,0,0,4038780,9251110,20290,2714410,202102.0
131,A10027912,0,0,170500,0,0,0,3180570,12765950,160070,5006710,202102.0
132,A13594702,3355950,49041920,0,0,-860,20161720,5927210,0,0,0,202102.0
133,A13523005,4363980,53468844,0,0,0,24898880,7562915,23821720,0,12676600,202102.0
134,A13523004,15744510,52260160,0,0,0,16809000,667960,28303570,186450,7600590,202102.0
135,A13594701,6605650,38755720,0,0,0,18345600,9061502,23631660,655690,6556880,202102.0
136,A13593802,33582640,22352210,0,0,0,0,6564940,0,783010,0,202102.0
137,A13523003,7353450,33332790,0,0,0,12036560,391410,20493360,160750,9385100,202102.0
138,A13594402,31053760,0,670,0,0,9410400,4462870,10885820,941430,0,202102.0
139,A13593801,9974266,12136584,0,2325390,-8250000,11165000,4788660,22168060,0,0,202102.0
140,A13594203,32482322,48503108,0,0,-27553900,27553900,4835550,28685970,5611160,11137250,202102.0
141,A13594403,77890540,0,0,0,0,20164000,4124520,26736640,153430,0,202102.0
142,A10027571,605290,11332550,0,0,0,3758200,1489820,5215240,832280,0,202102.0
143,A10025823,28626180,36580430,0,0,-23525560,23183800,20611031,48870700,0,15270010,202102.0
144,A10024216,,,,,,,,,,,202102.0
145,A13522003,4497930,0,0,0,0,0,3502190,0,611460,0,202102.0
146,A13522008,0,66991920,0,0,0,23580000,2000280,0,0,0,202102.0
147,A13522004,3207320,41277410,0,3961840,0,22550400,11362020,23477680,51600,11905010,202102.0
148,A13588402,25094820,30876160,-558710,549680,-16949400,16906760,1641670,22847350,3436820,0,202102.0
149,A13522007,10453040,41086840,0,0,0,31344780,6340540,0,1110790,0,202102.0
150,A13522006,9125760,37648650,0,0,0,18532000,2810260,25450240,2356430,0,202102.0
151,A13552001,6041448,24165792,124070,0,0,18312800,895150,491990,168720,5000,202102.0
152,A13552002,0,0,0,0,0,0,11137175,45337660,266740,14051350,202102.0
153,A13588601,-1809880,24439540,0,0,0,12773700,4907320,12378750,789870,4016170,202102.0
154,A10025204,,,,,,,,,,,202102.0
155,A10027446,1567610,26921290,0,0,0,32022600,11933320,22662710,119230,7843180,202102.0
156,A13550502,4195270,65257140,-1173250,1154940,0,22224110,12678920,32296530,0,15150130,202102.0
157,A13527004,13778610,13778610,0,0,4317000,4317000,5590580,5429040,3111330,3111330,202102.0
158,A13585404,18889570,19831030,0,2918290,-16528120,16492920,7786490,19516550,0,7852480,202102.0
159,A13527002,4384510,10310140,0,0,0,3390000,1825915,5482180,0,3514430,202102.0
160,A13527008,0,0,321840,0,0,0,3192813,15158750,23910,6082740,202102.0
161,A13527013,3434010,47796270,0,0,0,16242290,7557818,16574060,241470,5180440,202102.0
162,A13527203,17342940,219309470,0,0,0,126691200,70930816,130655530,-2274610,60608570,202102.0
163,A13585401,0,13498200,0,0,0,3878100,2475817,6986800,0,2189250,202102.0
164,A13586102,6643100,12349320,0,0,-4653600,4653600,845560,7449480,30,3878010,202102.0
165,A13585804,6341320,65489270,0,0,0,45280000,18113660,35795180,211700,0,202102.0
166,A13527007,2111410,21304200,0,0,0,11882500,8665315,20731620,279940,6018270,202102.0
167,A13527016,4909100,39723270,0,0,38500,10675000,5307261,16842870,2361640,8106680,202102.0
168,A13550403,9342500,37786920,0,0,-11628000,11628000,4773881,12347120,4422380,4477760,202102.0
169,A13586101,0,0,0,0,0,0,815386,0,0,0,202102.0
170,A13527010,-710,44250300,0,0,0,9588000,3929995,10453850,70,6642950,202102.0
171,A13527019,3216310,27007540,0,0,0,11993010,9755298,17315660,79900,7020000,202102.0
172,A13527006,35289070,0,0,0,2624800,0,3488690,9844500,815650,4535760,202102.0
173,A10027319,2681150,5384530,0,0,-2051080,2051080,3728560,6447990,0,2066760,202102.0
174,A13550404,,,,,,,,,,,202102.0
175,A10024793,0,0,0,0,0,0,1972890,0,0,0,202102.0
