,kaptCode,heatC,heatP,gasC,gasP,waterHotC,waterHotP,electC,electP,waterCoolC,waterCoolP,Date
0,A13508012,2370450.0,769360.0,0.0,0.0,0.0,8289050.0,6769950.0,19968640.0,344600.0,7529560.0,202205.0
1,A13579501,2385600.0,1558500.0,0.0,0.0,0.0,6883710.0,8849558.0,16659630.0,-366350.0,7811480.0,202205.0
2,A13592604,16305490.0,3168800.0,0.0,4212410.0,-12134800.0,12121000.0,8887615.0,24588160.0,0.0,16122450.0,202205.0
3,A13508009,3399310.0,2182000.0,0.0,0.0,0.0,10978300.0,8112380.0,23466830.0,224210.0,10437000.0,202205.0
4,A13508004,0.0,1530216.0,0.0,0.0,0.0,4251000.0,1971610.0,7884560.0,598430.0,3716160.0,202205.0
5,A13508003,0.0,0.0,0.0,0.0,0.0,0.0,4290200.0,0.0,1306060.0,0.0,202205.0
6,A13579506,1886840.0,0.0,3320.0,0.0,0.0,3949140.0,3469514.0,18023280.0,0.0,5576940.0,202205.0
7,A13508006,4635850.0,0.0,0.0,0.0,0.0,8147100.0,3897847.0,22726770.0,0.0,7501630.0,202205.0
8,A13508011,2697760.0,1589250.0,0.0,0.0,-2070.0,10059470.0,7103193.0,28195260.0,222580.0,9554160.0,202205.0
9,A13592601,2894630.0,1812200.0,0.0,0.0,0.0,10697000.0,5252231.0,23896510.0,400260.0,9551480.0,202205.0
10,A13592706,3665640.0,3942860.0,0.0,0.0,-900.0,22665040.0,9673019.0,31782760.0,-1630.0,22281930.0,202205.0
11,A13579505,2529400.0,1924800.0,0.0,0.0,0.0,10310470.0,6669776.0,26418720.0,-613140.0,11828090.0,202205.0
12,A13508005,0.0,0.0,0.0,0.0,0.0,0.0,776510.0,3320220.0,124740.0,2208950.0,202205.0
13,A13579503,275020.0,0.0,0.0,0.0,0.0,0.0,2233670.0,8260630.0,6719020.0,0.0,202205.0
14,A13592605,3431540.0,2682420.0,0.0,0.0,0.0,13860020.0,5122920.0,35192420.0,0.0,15659500.0,202205.0
15,A13591402,0.0,0.0,0.0,0.0,0.0,0.0,2147822.0,10888780.0,530.0,4488120.0,202205.0
16,A10027474,2464160.0,965960.0,0.0,0.0,413150.0,7190440.0,8771586.0,24355870.0,-106010.0,8161400.0,202205.0
17,A10023825,6031340.0,1465480.0,0.0,0.0,0.0,1551180.0,14643560.0,9200440.0,0.0,1133640.0,202205.0
18,A10024820,,,,,,,,,,,202205.0
19,A10024813,,,,,,,,,,,202205.0
20,A13599303,-27897350.0,42488800.0,0.0,0.0,-267500.0,15402500.0,4485963.0,28442120.0,3609760.0,0.0,202205.0
21,A13594007,2601610.0,3291480.0,0.0,0.0,0.0,10936800.0,2466020.0,0.0,455550.0,6247150.0,202205.0
22,A13580602,5377294.0,9265410.0,0.0,0.0,0.0,11875750.0,3821740.0,26454300.0,0.0,14728480.0,202205.0
23,A13524004,-530.0,4431150.0,0.0,0.0,0.0,9262500.0,4486900.0,14065270.0,1130090.0,6285350.0,202205.0
24,A13599402,0.0,39806000.0,0.0,5410840.0,0.0,13327500.0,2307240.0,28472420.0,0.0,12884700.0,202205.0
25,A13524005,3039360.0,0.0,0.0,0.0,-860.0,10326080.0,4309710.0,16260320.0,1919840.0,0.0,202205.0
26,A13593908,2295730.0,5000400.0,0.0,0.0,0.0,15816000.0,0.0,0.0,0.0,0.0,202205.0
27,A13580001,1417210.0,6806180.0,0.0,0.0,0.0,4843800.0,837583.0,7867150.0,0.0,4454760.0,202205.0
28,A13524006,780.0,23667820.0,0.0,0.0,0.0,6129270.0,6709249.0,22414370.0,2580880.0,9217530.0,202205.0
29,A13593901,1882570.0,433380.0,0.0,0.0,0.0,5292300.0,4302420.0,14736230.0,0.0,3138100.0,202205.0
30,A13524009,5343160.0,9159880.0,0.0,0.0,0.0,20895840.0,5537320.0,27876860.0,1937540.0,8858920.0,202205.0
31,A13580002,1931604.0,0.0,0.0,0.0,0.0,6246240.0,1481237.0,8021880.0,15420.0,3729770.0,202205.0
32,A13599301,19334590.0,0.0,0.0,0.0,0.0,9218000.0,7494000.0,21831330.0,27620.0,0.0,202205.0
33,A10025203,6302461.0,2635690.0,0.0,6749490.0,-41861.0,19446250.0,25109466.0,61495190.0,2599030.0,21425680.0,202205.0
34,A10025675,11134740.0,3575680.0,0.0,0.0,0.0,34119550.0,36111552.0,107592420.0,2680820.0,42478760.0,202205.0
35,A10023565,,,,,,,,,,,202205.0
36,A10024564,13026820.0,2720480.0,374860.0,0.0,0.0,46268250.0,19145281.0,118173320.0,3579420.0,44384440.0,202205.0
37,A10023996,1613180.0,327860.0,0.0,0.0,0.0,3303360.0,4189860.0,12003180.0,1600750.0,6670210.0,202205.0
38,A13510003,1412010.0,560370.0,0.0,0.0,0.0,4567500.0,3238250.0,11808590.0,190.0,5054040.0,202205.0
39,A13510001,0.0,0.0,0.0,0.0,0.0,0.0,274550.0,6478050.0,-200000.0,3249920.0,202205.0
40,A13510201,866800.0,569720.0,0.0,0.0,0.0,3124800.0,848300.0,6545600.0,0.0,3364930.0,202205.0
41,A13510203,0.0,0.0,0.0,0.0,0.0,0.0,2257860.0,7794620.0,0.0,4540100.0,202205.0
42,A13510102,1617750.0,2424250.0,0.0,0.0,0.0,4956000.0,2404600.0,12965100.0,525660.0,5992880.0,202205.0
43,A13510006,0.0,0.0,0.0,0.0,0.0,0.0,888652.0,14629410.0,-14040.0,11787890.0,202205.0
44,A13510103,2175720.0,2797600.0,0.0,0.0,0.0,5528000.0,6202130.0,14410900.0,136600.0,8938650.0,202205.0
45,A13510202,2612200.0,0.0,100180.0,0.0,0.0,4008000.0,2260430.0,6365300.0,221530.0,3141360.0,202205.0
46,A13576201,0.0,0.0,0.0,0.0,0.0,0.0,595070.0,9884160.0,0.0,0.0,202205.0
47,A13510005,4863530.0,3134280.0,0.0,0.0,0.0,17959200.0,4449593.0,30896480.0,1115390.0,9719620.0,202205.0
48,A13510009,0.0,0.0,0.0,0.0,0.0,0.0,6440540.0,12352130.0,3540.0,3472640.0,202205.0
49,A13510007,1638700.0,1216180.0,0.0,0.0,0.0,9342300.0,11363382.0,24505510.0,898550.0,9174620.0,202205.0
50,A10025280,,,,,,,,,,,202205.0
51,A10025755,,,,,,,,,,,202205.0
52,A10024640,,,,,,,,,,,202205.0
53,A13509001,0.0,0.0,193450.0,0.0,0.0,0.0,1667670.0,6175800.0,0.0,3061990.0,202205.0
54,A13570501,5985310.0,4386560.0,0.0,0.0,0.0,12542400.0,10788810.0,40916880.0,-30.0,18434440.0,202205.0
55,A13550701,1774578.0,718692.0,0.0,0.0,0.0,8351700.0,4601781.0,18713780.0,0.0,7292170.0,202205.0
56,A13509005,41740.0,1676760.0,0.0,0.0,5912340.0,5912340.0,4320120.0,16851490.0,75080.0,6427820.0,202205.0
57,A13509004,0.0,0.0,0.0,0.0,0.0,0.0,863910.0,9319780.0,138750.0,4851920.0,202205.0
58,A13509010,5245210.0,2935100.0,0.0,0.0,0.0,18399100.0,11602743.0,47805700.0,37940.0,17231670.0,202205.0
59,A13509006,24490.0,0.0,0.0,0.0,0.0,0.0,2599792.0,9379630.0,0.0,6072410.0,202205.0
60,A13509003,0.0,0.0,0.0,0.0,0.0,0.0,1380160.0,7755850.0,0.0,0.0,202205.0
61,A13509012,6036230.0,3295890.0,0.0,0.0,0.0,19269400.0,6430359.0,53821100.0,0.0,21737900.0,202205.0
62,A13509007,1605790.0,2395940.0,0.0,0.0,0.0,4359250.0,4285980.0,11638800.0,291720.0,6257680.0,202205.0
63,A13570502,,,,,,,,,,,202205.0
64,A13509013,,,,,,,,,,,202205.0
65,A13509101,0.0,0.0,0.0,0.0,0.0,0.0,1069470.0,6469770.0,243820.0,3929540.0,202205.0
66,A13509009,15997200.0,7173660.0,0.0,0.0,-11543400.0,11543400.0,15234428.0,52959440.0,4313180.0,9124980.0,202205.0
67,A13509014,,,,,,,,,,,202205.0
68,A10026350,2604740.0,963970.0,0.0,0.0,0.0,6723900.0,5574030.0,25311840.0,859460.0,6571580.0,202205.0
69,A10026934,,,,,,,,,,,202205.0
70,A10024131,4253320.0,610660.0,0.0,0.0,0.0,9178000.0,12733960.0,33685300.0,1624690.0,11086200.0,202205.0
71,A10023939,,,,,,,,,,,202205.0
72,A10024819,,,,,,,,,,,202205.0
73,A13528102,5403350.0,13067270.0,0.0,0.0,0.0,9786920.0,12562790.0,48142050.0,338390.0,18960840.0,202205.0
74,A13528103,7749010.0,3126130.0,0.0,0.0,0.0,20337300.0,15698275.0,71839410.0,3274640.0,26595390.0,202205.0
75,A13528004,20350330.0,18098380.0,0.0,11762420.0,0.0,41874300.0,17710600.0,117729760.0,0.0,57333670.0,202205.0
76,A13583604,1340.0,9945710.0,0.0,0.0,0.0,17225000.0,9395864.0,41877130.0,1365230.0,17686240.0,202205.0
77,A13583701,2887240.0,2179660.0,0.0,3075510.0,3753420.0,11979000.0,3144662.0,25077180.0,0.0,9886830.0,202205.0
78,A13528003,1171780.0,4629440.0,0.0,4218090.0,0.0,27400500.0,8065435.0,42451080.0,1233930.0,18132180.0,202205.0
79,A13528007,3968130.0,0.0,0.0,0.0,6197170.0,0.0,33488570.0,0.0,8746760.0,0.0,202205.0
80,A13528105,-2720.0,23056650.0,0.0,0.0,0.0,20877500.0,3356130.0,56569150.0,1135550.0,16475760.0,202205.0
81,A13584101,2424790.0,1055040.0,0.0,0.0,0.0,8667800.0,5292634.0,21301230.0,-3730.0,7269440.0,202205.0
82,A13583507,-8970.0,29442840.0,0.0,0.0,0.0,79126080.0,14542382.0,147749460.0,13424850.0,61011560.0,202205.0
83,A13583403,3074810.0,0.0,0.0,0.0,0.0,8942410.0,3875660.0,17135090.0,247180.0,7371980.0,202205.0
84,A13583404,18101070.0,0.0,0.0,0.0,-6278400.0,6278400.0,6963390.0,27254250.0,614610.0,11007840.0,202205.0
85,A13583402,7343270.0,2717400.0,0.0,0.0,-7868000.0,7868000.0,4130980.0,12598770.0,2067980.0,5861650.0,202205.0
86,A10027800,7759050.0,1501500.0,0.0,0.0,0.0,37488600.0,35180461.0,112157440.0,3386030.0,36147730.0,202205.0
87,A10025646,,,,,,,,,,,202205.0
88,A10026526,,,,,,,,,,,202205.0
89,A10024102,0.0,0.0,0.0,0.0,0.0,0.0,5810990.0,14337380.0,560.0,4759360.0,202205.0
90,A10024815,,,,,,,,,,,202205.0
91,A10026924,1460280.0,427230.0,0.0,0.0,0.0,4721530.0,6462172.0,11628210.0,500220.0,5074560.0,202205.0
92,A10024799,,,,,,,,,,,202205.0
93,A10028094,,,,,,,,,,,202205.0
94,A10024029,,,,,,,,,,,202205.0
95,A10024814,,,,,,,,,,,202205.0
96,A10024805,,,,,,,,,,,202205.0
97,A13501004,0.0,0.0,16890.0,0.0,0.0,0.0,5936698.0,16151710.0,250390.0,9665960.0,202205.0
98,A13501001,2929560.0,0.0,0.0,0.0,0.0,0.0,7227189.0,26569740.0,1420530.0,4098870.0,202205.0
99,A13582002,-747320.0,6476910.0,0.0,0.0,0.0,10551600.0,6495070.0,17965870.0,820650.0,0.0,202205.0
100,A13501007,,,,,,,,,,,202205.0
101,A13501008,,,,,,,,,,,202205.0
102,A13583301,0.0,0.0,0.0,0.0,0.0,0.0,3125670.0,6819870.0,0.0,3098520.0,202205.0
103,A13501006,8353730.0,796960.0,0.0,0.0,-6205630.0,6170090.0,-1289620.0,23062050.0,1709480.0,5495800.0,202205.0
104,A13501005,,,,,,,,,,,202205.0
105,A10024501,0.0,0.0,0.0,0.0,0.0,0.0,3342160.0,2909600.0,528360.0,1235820.0,202205.0
106,A13590204,23213237.0,0.0,0.0,0.0,0.0,11946000.0,-2573827.0,39777500.0,3003073.0,0.0,202205.0
107,A13589802,11853630.0,109964530.0,0.0,0.0,-37892000.0,37892000.0,1410470.0,187973890.0,27367170.0,43218090.0,202205.0
108,A13511201,18031900.0,0.0,0.0,0.0,0.0,0.0,5738000.0,19285540.0,3500000.0,0.0,202205.0
109,A13551103,167.0,37240078.0,0.0,0.0,0.0,11798000.0,6039561.0,35652850.0,0.0,0.0,202205.0
110,A13590602,11677780.0,0.0,0.0,0.0,0.0,8801220.0,2868290.0,20609140.0,497720.0,0.0,202205.0
111,A13511001,3143600.0,3143630.0,0.0,0.0,9167040.0,9167040.0,4411070.0,12432160.0,4660800.0,0.0,202205.0
112,A13511004,22743220.0,22998320.0,0.0,0.0,0.0,32644700.0,12543994.0,90902410.0,5210335.0,0.0,202205.0
113,A13511101,12522390.0,0.0,0.0,0.0,0.0,9738000.0,4246200.0,26276050.0,0.0,15127000.0,202205.0
114,A13511003,0.0,3542591.0,0.0,0.0,0.0,23949650.0,6955949.0,34542590.0,13428240.0,0.0,202205.0
115,A13519002,0.0,0.0,160810.0,0.0,0.0,0.0,1081770.0,11118860.0,17490.0,6888140.0,202205.0
116,A13519006,6492352.0,1882210.0,0.0,0.0,-1832.0,17571390.0,10468449.0,32123000.0,483940.0,20626700.0,202205.0
117,A13519007,19734130.0,3245220.0,0.0,0.0,-14922600.0,14846700.0,3620960.0,33178130.0,1583080.0,13880590.0,202205.0
118,A13519004,0.0,0.0,-364050.0,354280.0,0.0,0.0,393700.0,12051950.0,245620.0,5031390.0,202205.0
119,A13519005,0.0,0.0,0.0,0.0,0.0,0.0,333462.0,21908280.0,1635700.0,10354800.0,202205.0
120,A13519003,0.0,0.0,142270.0,0.0,0.0,0.0,527580.0,10164030.0,101710.0,6404300.0,202205.0
121,A13519001,0.0,0.0,93620.0,0.0,0.0,0.0,1473260.0,10182200.0,181180.0,6368930.0,202205.0
122,A10028172,3769150.0,1009220.0,0.0,0.0,0.0,13284000.0,6955773.0,27094610.0,2777100.0,13206490.0,202205.0
123,A13519008,0.0,1565300.0,0.0,0.0,0.0,14528350.0,5090048.0,17431730.0,0.0,7695000.0,202205.0
124,A13520003,0.0,8801850.0,0.0,0.0,0.0,21548690.0,13366520.0,58111360.0,0.0,20983000.0,202205.0
125,A13520004,12018840.0,0.0,0.0,0.0,0.0,0.0,19599640.0,0.0,8492960.0,0.0,202205.0
126,A10027985,5943800.0,2619040.0,0.0,0.0,0.0,19583570.0,15280040.0,44756980.0,528050.0,21586360.0,202205.0
127,A13520002,0.0,0.0,0.0,0.0,0.0,0.0,19598530.0,44927670.0,1703690.0,20679560.0,202205.0
128,A10023314,,,,,,,,,,,202205.0
129,A13520001,0.0,0.0,0.0,0.0,0.0,0.0,-468534.0,35501540.0,655020.0,17659770.0,202205.0
130,A10027909,0.0,0.0,45860.0,0.0,0.0,0.0,2821690.0,5947400.0,65240.0,3184280.0,202205.0
131,A10027912,0.0,0.0,108920.0,0.0,0.0,0.0,666991.0,11138550.0,61620.0,5772010.0,202205.0
132,A13594702,3355960.0,6409810.0,0.0,0.0,-350.0,15369420.0,4245260.0,0.0,0.0,0.0,202205.0
133,A13523005,4363980.0,4361280.0,0.0,0.0,0.0,13946970.0,6897666.0,25944880.0,0.0,15079360.0,202205.0
134,A13523004,8174510.0,6634980.0,0.0,0.0,0.0,11423700.0,555950.0,29533790.0,508830.0,9198540.0,202205.0
135,A13594701,3252130.0,5779770.0,0.0,0.0,0.0,10931700.0,6568143.0,17460150.0,829230.0,8292260.0,202205.0
136,A13593802,12407375.0,0.0,0.0,0.0,9049260.0,0.0,5207710.0,0.0,771275.0,0.0,202205.0
137,A13523003,3540120.0,2433820.0,0.0,0.0,0.0,8624120.0,306550.0,17163350.0,-1260.0,10477370.0,202205.0
138,A13594402,3702370.0,0.0,1160.0,0.0,0.0,6332400.0,3070780.0,11557040.0,1343550.0,0.0,202205.0
139,A13593801,6249090.0,2013840.0,0.0,1942470.0,-5217000.0,7477700.0,2784610.0,21071130.0,271712.0,10570968.0,202205.0
140,A13594203,6463363.0,7228017.0,0.0,0.0,0.0,15831700.0,2521730.0,32523220.0,1459150.0,13490480.0,202205.0
141,A13594403,9063270.0,0.0,0.0,0.0,0.0,16780000.0,6227740.0,24927160.0,971300.0,0.0,202205.0
142,A10027571,605380.0,3085010.0,0.0,0.0,0.0,3040000.0,1204820.0,4143000.0,891010.0,0.0,202205.0
143,A10025823,21549850.0,2104520.0,0.0,0.0,-16449230.0,15903500.0,12435854.0,44994020.0,0.0,12721800.0,202205.0
144,A10024216,10804200.0,3275010.0,0.0,0.0,29940.0,36788620.0,42894287.0,138155270.0,-398800.0,37567040.0,202205.0
145,A13522003,3637730.0,2546340.0,0.0,4397520.0,0.0,8851500.0,2278290.0,0.0,794860.0,0.0,202205.0
146,A13522008,0.0,10502020.0,0.0,0.0,0.0,23571000.0,6785058.0,0.0,0.0,0.0,202205.0
147,A13522004,3207320.0,4667170.0,0.0,0.0,0.0,15678000.0,8442513.0,21068850.0,55070.0,14203080.0,202205.0
148,A13588402,13857540.0,582660.0,-708340.0,689030.0,-12199290.0,12167580.0,3300590.0,21475220.0,2819620.0,0.0,202205.0
149,A13522007,5024870.0,3905260.0,0.0,0.0,0.0,17532440.0,3824230.0,0.0,1181790.0,0.0,202205.0
150,A13522006,4639950.0,799170.0,0.0,0.0,0.0,14924000.0,1086140.0,21398160.0,0.0,0.0,202205.0
151,A13552001,0.0,4103090.0,11020.0,0.0,0.0,13039000.0,160250.0,429280.0,373320.0,0.0,202205.0
152,A13552002,0.0,0.0,0.0,0.0,0.0,0.0,3375388.0,36899220.0,588120.0,14670280.0,202205.0
153,A13588601,1201700.0,1370610.0,0.0,0.0,0.0,6665400.0,3331620.0,10717100.0,550960.0,5176790.0,202205.0
154,A10025204,,,,,,,,,,,202205.0
155,A10027446,4252810.0,1457020.0,0.0,0.0,0.0,7325300.0,8499550.0,26645340.0,710650.0,7692170.0,202205.0
156,A13550502,7728150.0,649130.0,0.0,0.0,3812810.0,13180230.0,4408920.0,39555130.0,-1225230.0,17742270.0,202205.0
157,A13527004,1062690.0,1154080.0,0.0,0.0,0.0,3423000.0,603010.0,5860000.0,40180.0,3814650.0,202205.0
158,A13585404,2361450.0,531580.0,0.0,0.0,0.0,8329610.0,6338580.0,24376000.0,0.0,9569650.0,202205.0
159,A13527002,3068870.0,1471270.0,0.0,0.0,-2127500.0,2127500.0,1203834.0,6558050.0,0.0,3408130.0,202205.0
160,A13527008,0.0,0.0,93330.0,0.0,0.0,0.0,2047831.0,12831410.0,68060.0,6320090.0,202205.0
161,A13527013,3434010.0,5485420.0,0.0,0.0,0.0,9789160.0,4308252.0,17281130.0,632420.0,5899990.0,202205.0
162,A13527203,17344450.0,2006950.0,0.0,0.0,0.0,83544560.0,58200913.0,149119160.0,175840.0,70370550.0,202205.0
163,A13585401,0.0,828000.0,0.0,0.0,0.0,3111000.0,1676146.0,5233010.0,0.0,1814750.0,202205.0
164,A13586102,5416290.0,722260.0,0.0,0.0,0.0,3383250.0,8740520.0,7971790.0,4384420.0,4170430.0,202205.0
165,A13585804,11807320.0,3011840.0,0.0,0.0,-5466000.0,25508000.0,14441350.0,37656050.0,3589090.0,0.0,202205.0
166,A13527007,2111410.0,329120.0,0.0,0.0,0.0,6692400.0,5482306.0,17898980.0,300070.0,5395910.0,202205.0
167,A13527016,3012440.0,2045380.0,0.0,0.0,42000.0,8582000.0,7308604.0,13834230.0,164640.0,9220810.0,202205.0
168,A13550403,9318690.0,1249050.0,0.0,0.0,-7182000.0,7182000.0,1726516.0,13037710.0,2109800.0,6359250.0,202205.0
169,A13586101,0.0,0.0,0.0,0.0,0.0,0.0,507370.0,0.0,0.0,0.0,202205.0
170,A13527010,-1120.0,5196600.0,0.0,0.0,0.0,7564000.0,2316835.0,11444530.0,-140.0,8621140.0,202205.0
171,A13527019,2885130.0,1470780.0,0.0,0.0,0.0,8151000.0,7718016.0,18928060.0,370570.0,7531390.0,202205.0
172,A13527006,5917220.0,0.0,0.0,0.0,2181100.0,0.0,2562710.0,8174480.0,293120.0,4748850.0,202205.0
173,A10027319,2316110.0,243210.0,0.0,0.0,-1686090.0,1686090.0,2463300.0,5816050.0,0.0,2206600.0,202205.0
174,A13550404,,,,,,,,,,,202205.0
175,A10024793,0.0,0.0,0.0,146360.0,0.0,0.0,1409350.0,0.0,0.0,0.0,202205.0
