,kaptCode,heatC,heatP,gasC,gasP,waterHotC,waterHotP,electC,electP,waterCoolC,waterCoolP,Date
0,A13508012,2370450.0,38697100.0,0.0,0.0,0.0,18700520.0,8347330.0,22878190.0,243470.0,7312710.0,202212.0
1,A13579501,2385600.0,59820400.0,0.0,0.0,0.0,13585500.0,12569399.0,19647720.0,-584120.0,7598490.0,202212.0
2,A13592604,28589620.0,89047170.0,0.0,0.0,-17535000.0,17520000.0,10193254.0,28983630.0,0.0,15965360.0,202212.0
3,A13508009,3464570.0,76211850.0,0.0,0.0,0.0,18278000.0,17213860.0,27045880.0,224640.0,10887820.0,202212.0
4,A13508004,9882500.0,17514510.0,0.0,0.0,0.0,5616660.0,3923811.0,8774000.0,655560.0,3780910.0,202212.0
5,A13508003,0.0,0.0,0.0,0.0,0.0,0.0,4482600.0,0.0,1239360.0,0.0,202212.0
6,A13579506,1886840.0,31746620.0,0.0,0.0,0.0,9056200.0,6901215.0,20464040.0,0.0,5745140.0,202212.0
7,A13508006,6097870.0,56583560.0,0.0,0.0,0.0,14022000.0,8649255.0,21487740.0,0.0,7473880.0,202212.0
8,A13508011,2697760.0,64926660.0,0.0,0.0,-251740.0,17063530.0,11599269.0,31611250.0,110260.0,9247950.0,202212.0
9,A13592601,10717370.0,55822020.0,0.0,0.0,0.0,18878400.0,6524469.0,25033410.0,137910.0,9259970.0,202212.0
10,A13592706,3665640.0,123238150.0,0.0,6665120.0,2930.0,40956530.0,13883731.0,40548500.0,1940.0,21275150.0,202212.0
11,A13579505,2529400.0,61449000.0,0.0,0.0,0.0,12959270.0,10136035.0,30887130.0,-985370.0,12077270.0,202212.0
12,A13508005,0.0,0.0,0.0,0.0,0.0,0.0,1127310.0,4241340.0,105220.0,2184200.0,202212.0
13,A13579503,235330.0,0.0,0.0,0.0,0.0,0.0,2339540.0,8928000.0,-256200.0,6681680.0,202212.0
14,A13592605,3431540.0,91721060.0,0.0,4862730.0,0.0,36876730.0,14544610.0,43081480.0,0.0,14575190.0,202212.0
15,A13591402,0.0,0.0,0.0,0.0,0.0,0.0,3658503.0,13503800.0,-230.0,4098400.0,202212.0
16,A10027474,2464160.0,41662680.0,0.0,0.0,2911950.0,13766140.0,14582756.0,28207150.0,-444410.0,8126240.0,202212.0
17,A10023825,3331860.0,37958230.0,0.0,0.0,0.0,22158910.0,21146620.0,32325350.0,72490.0,7535460.0,202212.0
18,A10024820,,,,,,,,,,,202212.0
19,A10024813,,,,,,,,,,,202212.0
20,A13599303,102914480.0,110192300.0,0.0,0.0,-92500.0,14855000.0,14197867.0,31044470.0,1876990.0,0.0,202212.0
21,A13594007,2574400.0,65672900.0,0.0,4134530.0,0.0,14059680.0,4747730.0,0.0,407650.0,4806750.0,202212.0
22,A13580602,0.0,153775540.0,0.0,0.0,0.0,19384000.0,10051924.0,33699290.0,0.0,14509100.0,202212.0
23,A13524004,800.0,105574800.0,0.0,0.0,0.0,11056500.0,9296352.0,18358837.0,653430.0,5620070.0,202212.0
24,A13599402,0.0,79899300.0,0.0,0.0,0.0,11085000.0,6948990.0,31336900.0,0.0,12592090.0,202212.0
25,A13524005,2216830.0,109438610.0,0.0,0.0,410730.0,7801600.0,9232050.0,20526940.0,1876160.0,0.0,202212.0
26,A13593908,9187260.0,54592340.0,0.0,0.0,0.0,40220000.0,0.0,0.0,0.0,0.0,202212.0
27,A13580001,1417070.0,43394000.0,0.0,0.0,0.0,8807770.0,3725840.0,9186630.0,-290.0,4259570.0,202212.0
28,A13524006,-50.0,186504500.0,0.0,0.0,0.0,7226370.0,19408554.0,28888580.0,4249510.0,8331030.0,202212.0
29,A13593901,2584870.0,40137120.0,0.0,0.0,0.0,7335000.0,7598850.0,16519360.0,0.0,2931400.0,202212.0
30,A13524009,5982820.0,147066660.0,0.0,0.0,0.0,34820500.0,9278710.0,36803700.0,385570.0,8959440.0,202212.0
31,A13580002,40620424.0,0.0,0.0,0.0,0.0,9567610.0,2000883.0,11401200.0,88530.0,3238060.0,202212.0
32,A13599301,143118730.0,0.0,0.0,0.0,0.0,11562000.0,10323980.0,29905780.0,200000.0,0.0,202212.0
33,A10025203,6302470.0,123192870.0,0.0,0.0,-76730.0,30771750.0,42264330.0,71389740.0,2841670.0,20400660.0,202212.0
34,A10025675,45257330.0,159501190.0,0.0,0.0,0.0,60334200.0,65858795.0,123040977.0,143360.0,40316000.0,202212.0
35,A10023565,,,,,,,,,,,202212.0
36,A10024564,13265770.0,191352620.0,0.0,0.0,0.0,82944210.0,59351650.0,136561700.0,291280.0,42846520.0,202212.0
37,A10023996,1794960.0,21847000.0,0.0,0.0,0.0,5821230.0,7502920.0,14821250.0,0.0,0.0,202212.0
38,A13510003,1411830.0,47273100.0,0.0,0.0,0.0,5127000.0,4304450.0,13362540.0,0.0,4777740.0,202212.0
39,A13510001,0.0,0.0,0.0,0.0,0.0,0.0,356830.0,7755750.0,39450.0,2877940.0,202212.0
40,A13510201,870500.0,26587410.0,0.0,0.0,0.0,3996000.0,1163580.0,8577440.0,0.0,3290110.0,202212.0
41,A13510203,0.0,0.0,0.0,0.0,0.0,0.0,2343180.0,9135600.0,0.0,4461090.0,202212.0
42,A13510102,1618600.0,51329470.0,0.0,0.0,0.0,9263700.0,7321840.0,15282840.0,126230.0,5483440.0,202212.0
43,A13510006,0.0,0.0,0.0,0.0,0.0,0.0,1364887.0,16433800.0,0.0,0.0,202212.0
44,A13510103,6403410.0,66767800.0,0.0,0.0,600.0,8978600.0,8555610.0,18641200.0,271679.0,6728321.0,202212.0
45,A13510202,43411760.0,0.0,80020.0,0.0,0.0,4708000.0,3168580.0,8667590.0,477010.0,2566570.0,202212.0
46,A13576201,0.0,0.0,0.0,0.0,0.0,0.0,827630.0,11637460.0,17690.0,0.0,202212.0
47,A13510005,4863730.0,124161120.0,0.0,0.0,0.0,23064100.0,6961704.0,45302250.0,1510690.0,8875910.0,202212.0
48,A13510009,0.0,0.0,0.0,0.0,0.0,0.0,7822120.0,12578060.0,2810.0,3278350.0,202212.0
49,A13510007,19880600.0,63938420.0,0.0,0.0,0.0,25681800.0,18857441.0,28940380.0,49870.0,9360410.0,202212.0
50,A10025280,,,,,,,,,,,202212.0
51,A10025755,,,,,,,,,,,202212.0
52,A10024640,,,,,,,,,,,202212.0
53,A13509001,0.0,0.0,326290.0,0.0,0.0,0.0,2839180.0,7950670.0,0.0,3120990.0,202212.0
54,A13570501,21216600.0,96777450.0,0.0,0.0,0.0,24593600.0,17973911.0,48775929.0,-20.0,16845770.0,202212.0
55,A13550701,1774578.0,49274752.0,0.0,0.0,0.0,13219200.0,7403053.0,21675440.0,0.0,6645870.0,202212.0
56,A13509005,89850.0,42166470.0,0.0,0.0,11515780.0,11515780.0,6445284.0,19228150.0,106140.0,6312870.0,202212.0
57,A13509004,0.0,0.0,0.0,0.0,0.0,0.0,1052860.0,11456420.0,0.0,4144920.0,202212.0
58,A13509010,6387810.0,101635160.0,0.0,0.0,0.0,42712500.0,19149657.0,54297060.0,205170.0,15363010.0,202212.0
59,A13509006,139640.0,0.0,0.0,0.0,0.0,0.0,3247250.0,12569530.0,0.0,6051420.0,202212.0
60,A13509003,0.0,0.0,0.0,0.0,0.0,0.0,1616110.0,10571720.0,-400.0,8425200.0,202212.0
61,A13509012,6036230.0,114159020.0,6985410.0,0.0,0.0,44190000.0,19764613.0,61944720.0,0.0,21375920.0,202212.0
62,A13509007,1755310.0,54265140.0,0.0,0.0,0.0,5130050.0,6880070.0,14819230.0,359890.0,5859200.0,202212.0
63,A13570502,,,,,,,,,,,202212.0
64,A13509013,,,,,,,,,,,202212.0
65,A13509101,0.0,0.0,0.0,0.0,0.0,0.0,11461800.0,0.0,3443570.0,0.0,202212.0
66,A13509009,28232900.0,118855950.0,0.0,0.0,-23772000.0,23772000.0,30638924.0,67557810.0,2386640.0,9108140.0,202212.0
67,A13509014,,,,,,,,,,,202212.0
68,A10026350,4885000.0,30715610.0,0.0,0.0,0.0,19732500.0,11360440.0,28759900.0,406140.0,6754390.0,202212.0
69,A10026934,,,,,,,,,,,202212.0
70,A10024131,7987720.0,49528200.0,0.0,0.0,0.0,24964000.0,19165310.0,39780000.0,1066020.0,11032430.0,202212.0
71,A10023939,,,,,,,,,,,202212.0
72,A10024819,,,,,,,,,,,202212.0
73,A13528102,5403350.0,153724160.0,0.0,0.0,0.0,13196350.0,21140060.0,55348820.0,1391960.0,18567790.0,202212.0
74,A13528103,28497350.0,163227960.0,0.0,0.0,0.0,37396800.0,30272306.0,81902450.0,841310.0,23160180.0,202212.0
75,A13528004,45405860.0,497231000.0,0.0,0.0,0.0,48424500.0,30556050.0,146623640.0,0.0,55145140.0,202212.0
76,A13583604,-455672.0,303195960.0,0.0,0.0,0.0,30344000.0,16542437.0,60160120.0,1890480.0,14837870.0,202212.0
77,A13583701,2887240.0,86880080.0,0.0,0.0,4880340.0,20548800.0,10352254.0,28938320.0,0.0,9145800.0,202212.0
78,A13528003,31465930.0,118760810.0,0.0,0.0,0.0,42487800.0,19333852.0,53646200.0,2529730.0,15496470.0,202212.0
79,A13528007,6304230.0,30491230.0,0.0,0.0,18059310.0,18059310.0,10973770.0,29382940.0,492470.0,8474490.0,202212.0
80,A13528105,2890.0,292891800.0,0.0,0.0,0.0,28623000.0,10537630.0,81896750.0,0.0,17445930.0,202212.0
81,A13584101,2424330.0,52589000.0,0.0,0.0,0.0,13136250.0,10814677.0,24556420.0,0.0,6791940.0,202212.0
82,A13583507,-9470.0,1156911140.0,0.0,0.0,0.0,75271020.0,60217977.0,183379780.0,13742150.0,55472130.0,202212.0
83,A13583403,140228870.0,0.0,0.0,0.0,0.0,13927700.0,8523650.0,21258280.0,292420.0,6339960.0,202212.0
84,A13583404,175481560.0,0.0,0.0,0.0,-7164000.0,7164000.0,19116840.0,34676320.0,571930.0,10532720.0,202212.0
85,A13583402,5851480.0,98849800.0,0.0,0.0,-9788000.0,9788000.0,10893310.0,16943440.0,1943760.0,5898410.0,202212.0
86,A10027800,8257760.0,163556910.0,0.0,0.0,0.0,79319720.0,51074263.0,133591490.0,1254980.0,38869510.0,202212.0
87,A10025646,,,,,,,,,,,202212.0
88,A10026526,,,,,,,,,,,202212.0
89,A10024102,0.0,0.0,0.0,0.0,0.0,0.0,10341730.0,18449850.0,0.0,4692840.0,202212.0
90,A10024815,,,,,,,,,,,202212.0
91,A10026924,1787630.0,29208220.0,0.0,0.0,0.0,8318710.0,8860662.0,13450210.0,292300.0,4394520.0,202212.0
92,A10024799,,,,,,,,,,,202212.0
93,A10028094,,,,,,,,,,,202212.0
94,A10024029,,,,,,,,,,,202212.0
95,A10024814,,,,,,,,,,,202212.0
96,A10024805,,,,,,,,,,,202212.0
97,A13501004,0.0,0.0,37240.0,0.0,0.0,0.0,8181555.0,19729460.0,649070.0,9306710.0,202212.0
98,A13501001,8929310.0,0.0,0.0,0.0,0.0,0.0,13145692.0,32803070.0,1373860.0,4038960.0,202212.0
99,A13582002,-3620560.0,142730240.0,0.0,0.0,0.0,11862000.0,12774990.0,21993200.0,0.0,0.0,202212.0
100,A13501007,,,,,,,,,,,202212.0
101,A13501008,,,,,,,,,,,202212.0
102,A13583301,0.0,0.0,0.0,0.0,0.0,0.0,4619037.0,9256590.0,0.0,2675940.0,202212.0
103,A13501006,16760340.0,33646510.0,0.0,0.0,-14612480.0,14551620.0,4451151.0,26349100.0,1468610.0,5149820.0,202212.0
104,A13501005,,,,,,,,,,,202212.0
105,A10024501,0.0,0.0,0.0,0.0,0.0,0.0,5736350.0,4038660.0,462950.0,1341790.0,202212.0
106,A13590204,285865605.0,0.0,0.0,0.0,0.0,13959000.0,9221213.0,47137670.0,798115.0,0.0,202212.0
107,A13589802,-6910896.0,1169387546.0,0.0,0.0,-37516000.0,37516000.0,51086345.0,230496720.0,33249340.0,40142890.0,202212.0
108,A13511201,131924700.0,0.0,0.0,0.0,0.0,0.0,5246560.0,24838820.0,3000000.0,0.0,202212.0
109,A13551103,-494.0,342491783.0,0.0,0.0,0.0,11226000.0,7606932.0,46292130.0,0.0,0.0,202212.0
110,A13590602,178323959.0,0.0,0.0,0.0,0.0,11251800.0,13540977.0,28510600.0,485760.0,0.0,202212.0
111,A13511001,88896630.0,88896612.0,0.0,0.0,9737280.0,9737280.0,10666200.0,18166860.0,0.0,0.0,202212.0
112,A13511004,88991440.0,534926470.0,0.0,0.0,0.0,34839500.0,51424584.0,93271193.0,512550.0,0.0,202212.0
113,A13511101,175208250.0,0.0,0.0,0.0,11313000.0,0.0,41248800.0,0.0,13460150.0,0.0,202212.0
114,A13511003,-120.0,215135850.0,0.0,0.0,0.0,30105000.0,18481214.0,44270860.0,0.0,0.0,202212.0
115,A13519002,0.0,0.0,654120.0,0.0,0.0,0.0,1894314.0,13952020.0,321040.0,6582980.0,202212.0
116,A13519006,16185170.0,80411710.0,0.0,0.0,-1140.0,28093340.0,20514567.0,39921310.0,1081570.0,19253610.0,202212.0
117,A13519007,36563950.0,72326180.0,0.0,0.0,-27190100.0,26940200.0,6197620.0,39885190.0,2116510.0,13549940.0,202212.0
118,A13519004,0.0,0.0,-364980.0,339880.0,0.0,0.0,3022570.0,16772020.0,73910.0,4655390.0,202212.0
119,A13519005,0.0,0.0,0.0,0.0,0.0,0.0,12117022.0,27946880.0,521190.0,10235570.0,202212.0
120,A13519003,0.0,0.0,798930.0,0.0,0.0,0.0,15924600.0,0.0,5927700.0,0.0,202212.0
121,A13519001,0.0,0.0,576880.0,0.0,0.0,0.0,2794110.0,12078740.0,215340.0,5905280.0,202212.0
122,A10028172,7318200.0,45696470.0,0.0,0.0,-18160.0,28641140.0,19988235.0,32961280.0,0.0,13574130.0,202212.0
123,A13519008,-20662230.0,52814550.0,0.0,0.0,25985170.0,27240400.0,14600095.0,21173210.0,0.0,7093970.0,202212.0
124,A13520003,0.0,83977070.0,0.0,0.0,0.0,71977410.0,22311056.0,69165640.0,0.0,18572200.0,202212.0
125,A13520004,65032380.0,0.0,0.0,0.0,0.0,0.0,29465350.0,0.0,8766470.0,0.0,202212.0
126,A10027985,5943800.0,95678010.0,0.0,9134060.0,0.0,30725010.0,23442050.0,55976660.0,2558020.0,20006330.0,202212.0
127,A13520002,0.0,0.0,0.0,0.0,-2086868.0,2064448.0,16402937.0,55220260.0,1666710.0,20411070.0,202212.0
128,A10023314,,,,,,,,,,,202212.0
129,A13520001,0.0,0.0,0.0,0.0,0.0,0.0,4193120.0,40218360.0,627870.0,17402190.0,202212.0
130,A10027909,0.0,0.0,60020.0,0.0,0.0,0.0,4903850.0,7523890.0,173030.0,3095920.0,202212.0
131,A10027912,0.0,0.0,877060.0,0.0,0.0,0.0,2757722.0,13480400.0,92820.0,5698510.0,202212.0
132,A13594702,3355285.0,92805360.0,0.0,0.0,-2480.0,22076460.0,6655560.0,0.0,0.0,0.0,202212.0
133,A13523005,4363980.0,114660237.0,0.0,0.0,0.0,29961840.0,17522113.0,29117170.0,0.0,13675600.0,202212.0
134,A13523004,32558060.0,100391150.0,0.0,0.0,0.0,17363500.0,4860950.0,37913570.0,370130.0,8648330.0,202212.0
135,A13594701,11351680.0,82257840.0,0.0,0.0,0.0,17537100.0,8620057.0,21834440.0,790217.0,7902170.0,202212.0
136,A13593802,59507524.0,0.0,0.0,0.0,18425070.0,0.0,7603270.0,0.0,771595.0,0.0,202212.0
137,A13523003,16775920.0,62684180.0,0.0,0.0,0.0,19310100.0,867548.0,21205870.0,-660.0,9900360.0,202212.0
138,A13594402,62347800.0,0.0,1680.0,0.0,0.0,7804800.0,6936060.0,13607350.0,1010170.0,0.0,202212.0
139,A13593801,9171370.0,25826700.0,0.0,2209790.0,-6802500.0,9750250.0,6106690.0,24429210.0,0.0,0.0,202212.0
140,A13594203,17991602.0,99350548.0,0.0,0.0,0.0,26360400.0,5203100.0,40812060.0,1738500.0,12447740.0,202212.0
141,A13594403,163894470.0,0.0,0.0,0.0,0.0,17296000.0,11310890.0,31512570.0,67250.0,0.0,202212.0
142,A10027571,605340.0,18684880.0,0.0,0.0,0.0,5195000.0,1397660.0,5997120.0,500650.0,0.0,202212.0
143,A10025823,41851960.0,70420610.0,0.0,0.0,-36751340.0,34623080.0,20162112.0,51460610.0,0.0,15644350.0,202212.0
144,A10024216,32744369.0,152761680.0,0.0,0.0,0.0,71138600.0,51534118.0,130112100.0,-4564710.0,36984070.0,202212.0
145,A13522003,10983370.0,62056070.0,0.0,0.0,0.0,10712000.0,3611490.0,0.0,676710.0,0.0,202212.0
146,A13522008,0.0,137081850.0,0.0,0.0,0.0,26559000.0,10779658.0,0.0,0.0,0.0,202212.0
147,A13522004,11857100.0,83301900.0,0.0,3907200.0,0.0,23867000.0,11841500.0,24743470.0,623140.0,12736690.0,202212.0
148,A13588402,38304490.0,66574160.0,-676190.0,663420.0,-23765200.0,23742400.0,10411256.0,26997930.0,2768000.0,0.0,202212.0
149,A13522007,16526970.0,92733970.0,0.0,0.0,0.0,30423640.0,6847840.0,0.0,1430880.0,0.0,202212.0
150,A13522006,14463410.0,86206680.0,0.0,0.0,0.0,17360000.0,6603290.0,27863700.0,4283400.0,0.0,202212.0
151,A13552001,8604750.0,16406630.0,199750.0,0.0,0.0,27736700.0,1004240.0,474880.0,613590.0,0.0,202212.0
152,A13552002,0.0,0.0,0.0,0.0,0.0,0.0,2083754.0,42894240.0,695110.0,14270480.0,202212.0
153,A13588601,13347280.0,39181610.0,0.0,0.0,0.0,10744500.0,4781800.0,14036100.0,1167800.0,4051570.0,202212.0
154,A10025204,,,,,,,,,,,202212.0
155,A10027446,4939090.0,54900460.0,0.0,0.0,0.0,13211200.0,16333450.0,30182390.0,465770.0,7716560.0,202212.0
156,A13550502,4195270.0,107489320.0,0.0,0.0,0.0,55563780.0,14914670.0,44048310.0,0.0,16284230.0,202212.0
157,A13527004,2542540.0,31332510.0,0.0,0.0,0.0,3690000.0,1493890.0,8284660.0,25540.0,3714340.0,202212.0
158,A13585404,2361460.0,44538820.0,0.0,2900860.0,0.0,21852560.0,9059780.0,27265700.0,0.0,9360480.0,202212.0
159,A13527002,1055240.0,20324820.0,0.0,0.0,0.0,5292000.0,2360241.0,7877980.0,0.0,4191150.0,202212.0
160,A13527008,0.0,0.0,100760.0,0.0,0.0,0.0,2914410.0,15966500.0,64180.0,6744670.0,202212.0
161,A13527013,3434020.0,101868130.0,0.0,0.0,0.0,18635680.0,11741369.0,21415940.0,651540.0,5311910.0,202212.0
162,A13527203,17344809.0,474271060.0,0.0,0.0,-1589.0,128663440.0,105883682.0,173247370.0,-7142310.0,71317250.0,202212.0
163,A13585401,0.0,22947500.0,0.0,0.0,0.0,3962000.0,2420788.0,7711280.0,0.0,1981000.0,202212.0
164,A13586102,26069360.0,9386410.0,0.0,0.0,-4396600.0,4396600.0,2555080.0,8662830.0,1125440.0,3826180.0,202212.0
165,A13585804,6341320.0,158703710.0,0.0,0.0,0.0,37755000.0,33142860.0,45248650.0,2243660.0,0.0,202212.0
166,A13527007,2111410.0,51355300.0,0.0,0.0,0.0,11446400.0,8849754.0,20653490.0,213110.0,5314590.0,202212.0
167,A13527016,5143930.0,72808620.0,0.0,0.0,52500.0,9205000.0,13081397.0,23153310.0,1047570.0,8844850.0,202212.0
168,A13550403,13481780.0,63298900.0,0.0,0.0,-11344500.0,11344500.0,6430149.0,16807990.0,2921730.0,5563260.0,202212.0
169,A13586101,0.0,0.0,0.0,0.0,0.0,0.0,829870.0,0.0,161940.0,0.0,202212.0
170,A13527010,100.0,81200400.0,0.0,0.0,0.0,9224000.0,6873489.0,13166840.0,-60.0,7036780.0,202212.0
171,A13527019,3416140.0,57683450.0,0.0,0.0,0.0,16524900.0,12455086.0,22804450.0,140060.0,7687400.0,202212.0
172,A13527006,65884230.0,0.0,0.0,0.0,2174300.0,0.0,4136610.0,10752480.0,793610.0,4391090.0,202212.0
173,A10027319,4065270.0,10784700.0,0.0,0.0,-3435220.0,3435220.0,4219020.0,6983330.0,0.0,2070540.0,202212.0
174,A13550404,,,,,,,,,,,202212.0
175,A10024793,0.0,0.0,0.0,142280.0,0.0,0.0,2036910.0,0.0,0.0,0.0,202212.0
