,kaptCode,heatC,heatP,gasC,gasP,waterHotC,waterHotP,electC,electP,waterCoolC,waterCoolP,Date
0,A13508012,2370450,3909630,0,0,0,11133980,7723920,22095360,213350,8197310,202204.0
1,A13579501,2385600,7334900,0,0,0,8191650,9132201,16226690,-233840,8152630,202204.0
2,A13592604,19827400,10809400,0,0,-14872500,14857500,9786838,25996390,0,16685290,202204.0
3,A13508009,3392600,8333400,0,0,0,14205450,8260630,22728880,214930,11250520,202204.0
4,A13508004,0,1530216,0,0,0,4251000,2507820,7884560,520860,3716160,202204.0
5,A13508003,0,0,0,0,0,0,3480790,0,1394320,0,202204.0
6,A13579506,1886840,4594720,0,0,0,4629770,3704404,17535330,0,5986260,202204.0
7,A13508006,4717380,5795340,0,0,0,7932600,4949546,23798070,0,6930790,202204.0
8,A13508011,2697760,7266170,0,0,-1510,12510280,7809571,31082740,113890,9830250,202204.0
9,A13592601,4848770,6124950,0,0,0,12004200,5730863,26190070,258340,10015070,202204.0
10,A13592706,3665640,15767780,0,5819130,1690,27592320,11224030,34512750,-240,22417030,202204.0
11,A13579505,2529400,7341600,0,0,0,12382240,6230714,25508630,-315040,12178690,202204.0
12,A13508005,0,0,0,0,0,0,1170480,3412910,150230,1961160,202204.0
13,A13579503,244080,0,0,0,0,0,2342170,9222390,6731620,6731620,202204.0
14,A13592605,3431540,10601970,0,4420600,0,19061900,5273560,34445740,0,16342630,202204.0
15,A13591402,0,0,0,0,0,0,2261932,10414160,-30,4556820,202204.0
16,A10027474,2464160,4502320,0,0,179640,9549750,7604063,23388930,5470,8394790,202204.0
17,A10023825,,,,,,,,,,,202204.0
18,A10024820,,,,,,,,,,,202204.0
19,A10024813,,,,,,,,,,,202204.0
20,A13599303,-56532580,99024600,0,0,1622500,13780000,12314112,24341300,4496990,0,202204.0
21,A13594007,2625450,9472270,0,3637570,0,14314600,3016640,0,476010,4886700,202204.0
22,A13580602,5377513,19302700,0,0,0,16344650,5882227,27864390,0,17361170,202204.0
23,A13524004,-430,19471950,0,0,0,10717200,5450150,15231900,1260930,6370940,202204.0
24,A13599402,0,76497100,0,0,0,20037500,5705770,26996970,0,10772150,202204.0
25,A13524005,2683190,16864150,0,0,355870,7360000,7150070,17827650,2620800,0,202204.0
26,A13593908,4033190,16989430,0,0,0,18852600,0,0,0,0,202204.0
27,A13580001,1417150,6806180,0,0,0,4843800,1953039,7867150,-960,4454760,202204.0
28,A13524006,50,43661600,0,0,0,7054560,8622369,21711560,3146200,9210640,202204.0
29,A13593901,1925820,4430400,0,0,0,6041100,4548640,14206320,0,3177750,202204.0
30,A13524009,5339740,24441640,0,0,0,25133200,8881130,29546300,2088670,8467620,202204.0
31,A13580002,6618899,0,0,0,0,6974910,1625367,7675380,22880,3460830,202204.0
32,A13599301,43386880,0,0,0,0,8658000,8213860,23395590,27620,0,202204.0
33,A10025203,6302461,13402450,0,0,-55061,23874760,27466174,65737690,3141260,20964480,202204.0
34,A10025675,11437110,18165990,0,0,0,42926180,35446792,102932380,2638880,45566020,202204.0
35,A10023565,,,,,,,,,,,202204.0
36,A10024564,12992090,14999610,0,0,0,61810250,20755153,114813420,6352180,43990500,202204.0
37,A10023996,1612010,950750,0,0,0,5503500,4741220,11652340,0,0,202204.0
38,A13510003,1411880,6096300,0,0,0,4454400,3464470,12774370,0,4877640,202204.0
39,A13510001,0,0,0,0,0,0,399170,7096940,-10290,2977380,202204.0
40,A13510201,867480,3875340,0,0,0,3351600,1033930,7201580,0,3381540,202204.0
41,A13510203,0,0,0,0,0,0,2202140,8617530,0,4116730,202204.0
42,A13510102,1617590,8762360,0,0,0,5448000,3905070,11664890,226140,5770530,202204.0
43,A13510006,0,0,0,0,0,0,2529020,16233380,0,0,202204.0
44,A13510103,2561900,11104600,0,0,0,5352000,6128580,14411540,200000,6452210,202204.0
45,A13510202,11297710,0,154100,0,0,4604000,2421780,6273810,323880,3058010,202204.0
46,A13576201,0,0,0,0,0,0,347000,10998050,21890,0,202204.0
47,A13510005,4863480,16559510,0,0,0,21492800,4071164,30632400,1767600,9657300,202204.0
48,A13510009,0,0,0,0,0,0,6602170,10319200,3500,3633210,202204.0
49,A13510007,3840260,6225610,0,0,0,11758600,16077416,26150990,626280,9378290,202204.0
50,A10025280,,,,,,,,,,,202204.0
51,A10025755,,,,,,,,,,,202204.0
52,A10024640,,,,,,,,,,,202204.0
53,A13509001,0,0,371690,0,0,0,1838800,6770560,0,3121610,202204.0
54,A13570501,6474380,17116470,0,0,0,12823800,10866452,39611680,10,16878380,202204.0
55,A13550701,1774578,6580632,0,0,0,9069200,4633417,20164230,0,7010780,202204.0
56,A13509005,70660,5789090,0,0,7282200,7282200,4326091,16318750,68620,6751250,202204.0
57,A13509004,0,0,0,0,0,0,952780,10528970,135550,4366870,202204.0
58,A13509010,5517960,12366000,0,0,0,23386500,12043522,46230540,31090,12645600,202204.0
59,A13509006,152480,0,0,0,0,0,2558057,9202520,0,6739980,202204.0
60,A13509003,0,0,0,0,0,0,1474660,8744810,140,6940720,202204.0
61,A13509012,6036230,1686270,6158580,0,0,38317500,6841250,52403560,0,22582210,202204.0
62,A13509007,1823560,7693200,0,0,0,4496070,4580510,12762520,313040,6520610,202204.0
63,A13570502,,,,,,,,,,,202204.0
64,A13509013,,,,,,,,,,,202204.0
65,A13509101,0,0,0,0,0,0,859120,7663220,612890,3682740,202204.0
66,A13509009,17605680,20241840,0,0,-13099680,13099680,14598645,50097030,3488730,9055050,202204.0
67,A13509014,,,,,,,,,,,202204.0
68,A10026350,2875430,3674150,0,0,0,9025000,5362980,24157190,225960,6766100,202204.0
69,A10026934,,,,,,,,,,,202204.0
70,A10024131,4883890,3598930,0,0,0,13203000,12377520,36234470,1485920,11425680,202204.0
71,A10023939,,,,,,,,,,,202204.0
72,A10024819,,,,,,,,,,,202204.0
73,A13528102,5403350,30275350,0,0,0,9448470,12635280,47145420,1470640,17831430,202204.0
74,A13528103,9486610,13910320,0,0,0,28956000,17075189,68620230,839070,23628510,202204.0
75,A13528004,23051870,64860780,0,0,0,49793400,17919880,131015130,0,60068000,202204.0
76,A13583604,-114100,55977670,0,0,0,18190000,7130614,46868620,1390540,16105110,202204.0
77,A13583701,2887240,9730200,0,0,4308960,18336000,2656256,25082080,0,9930300,202204.0
78,A13528003,8180370,17363810,0,0,0,31329000,9506119,42821727,1048560,14270980,202204.0
79,A13528007,3557710,3259410,0,0,0,7872000,7478060,28361220,549620,8604750,202204.0
80,A13528105,2780,56662050,0,0,0,24493000,3155520,64691580,1466040,16189370,202204.0
81,A13584101,6825740,4400980,0,0,11702400,11702400,26129750,20741130,7173390,7170750,202204.0
82,A13583507,-13760,183007160,0,0,0,78134210,31229826,142587480,16946080,51326170,202204.0
83,A13583403,22941800,0,0,0,0,9599710,3968880,17117820,258330,7001830,202204.0
84,A13583404,39607680,0,0,0,-7480800,7480800,7839750,26865970,592930,12417420,202204.0
85,A13583402,7309610,16867760,0,0,-8324000,8324000,4404950,12501490,3055620,5600370,202204.0
86,A10027800,8175740,12854330,0,0,0,49658700,32486236,110106850,769260,36375220,202204.0
87,A10025646,,,,,,,,,,,202204.0
88,A10026526,,,,,,,,,,,202204.0
89,A10024102,0,0,0,0,0,0,5682790,14071560,1880,4360090,202204.0
90,A10024815,,,,,,,,,,,202204.0
91,A10026924,1460280,2722330,0,0,0,6014550,6998185,12900110,279910,4753790,202204.0
92,A10024799,,,,,,,,,,,202204.0
93,A10028094,,,,,,,,,,,202204.0
94,A10024029,,,,,,,,,,,202204.0
95,A10024814,,,,,,,,,,,202204.0
96,A10024805,,,,,,,,,,,202204.0
97,A13501004,0,0,18500,0,0,0,5742863,18387210,400120,9323950,202204.0
98,A13501001,5097930,0,0,0,0,0,6145389,23220160,1213670,4412300,202204.0
99,A13582002,-974370,19480970,0,0,0,11358000,7239600,17338280,587700,0,202204.0
100,A13501007,,,,,,,,,,,202204.0
101,A13501008,,,,,,,,,,,202204.0
102,A13583301,0,0,0,0,0,0,2567624,6328020,0,2858920,202204.0
103,A13501006,10444260,3565490,0,0,-8296310,8249310,5824320,21419320,922300,5253900,202204.0
104,A13501005,,,,,,,,,,,202204.0
105,A10024501,0,0,0,0,0,0,3708930,2786580,281380,1408940,202204.0
106,A13590204,50954736,0,0,0,0,13986000,-1296878,42032560,2441234,0,202204.0
107,A13589802,10967490,247854910,0,0,-42104000,42104000,20566940,181449010,28558650,43663700,202204.0
108,A13511201,29842480,0,0,0,0,0,6046347,22383030,3000000,0,202204.0
109,A13551103,335,62730276,0,0,0,13066000,4640130,38602560,0,0,202204.0
110,A13590602,32253360,0,0,0,0,11587380,3912110,19445480,509680,0,202204.0
111,A13511001,11316710,11316802,0,0,8281440,8281440,3464580,13432550,0,0,202204.0
112,A13511004,32376500,84760230,0,0,0,33441200,15710261,89379580,518730,0,202204.0
113,A13511101,32937720,0,0,0,0,11625000,4367900,27248200,-2370,14458320,202204.0
114,A13511003,0,27381776,0,0,0,25854500,6704859,34171430,0,0,202204.0
115,A13519002,0,0,269200,0,0,0,1079800,12538410,178460,7279160,202204.0
116,A13519006,7735114,9161990,0,0,-2244,22040000,10787332,31781100,303440,20994220,202204.0
117,A13519007,23757890,9472020,0,0,-19098800,19000000,4174370,32835240,1612360,13770760,202204.0
118,A13519004,0,0,-328720,319090,0,0,507200,11890110,113200,5200730,202204.0
119,A13519005,0,0,0,0,0,0,821902,21378830,-37090,10328990,202204.0
120,A13519003,0,0,332320,0,0,0,1739420,11595800,466740,6561690,202204.0
121,A13519001,0,0,253720,0,0,0,2660890,11309750,174660,6736210,202204.0
122,A10028172,3800820,4507520,0,0,0,18043970,7272367,25944510,0,13703260,202204.0
123,A13519008,3049814,4951696,0,0,0,16906500,3953690,17515110,450,7837880,202204.0
124,A13520003,0,15076120,0,0,0,29795080,12241479,55714680,0,20164000,202204.0
125,A13520004,18649860,0,0,0,0,0,19719826,0,8503340,0,202204.0
126,A10027985,5943800,11171420,0,7592670,0,23685140,14936130,44361520,603300,22235840,202204.0
127,A13520002,0,0,0,0,0,0,26421650,49727510,1378660,20502160,202204.0
128,A10023314,,,,,,,,,,,202204.0
129,A13520001,0,0,0,0,0,0,3306602,38816560,0,19003490,202204.0
130,A10027909,0,0,49400,0,0,0,4176840,6663790,33120,3055870,202204.0
131,A10027912,0,0,229430,0,0,0,1461704,12325150,76760,5648780,202204.0
132,A13594702,3083790,17771530,0,0,272500,17335640,4630790,0,0,0,202204.0
133,A13523005,4363980,16798868,0,0,0,15742080,9069746,24353750,0,11512000,202204.0
134,A13523004,10743990,17427110,0,0,0,13613400,591690,29055320,88540,9152580,202204.0
135,A13594701,4164170,14561120,0,0,0,12004200,7159970,19309780,799550,7995540,202204.0
136,A13593802,22172148,0,0,0,10462042,0,5680780,0,772700,0,202204.0
137,A13523003,4680040,8918100,0,0,0,11359040,320640,19175720,195560,10344760,202204.0
138,A13594402,15437490,0,1190,0,0,7099200,4061050,11525100,973800,0,202204.0
139,A13593801,8704866,3891144,0,1883850,-7456500,10687650,3173900,22592850,0,0,202204.0
140,A13594203,8000954,18524146,0,0,0,18373700,2567250,31939850,1685600,12876900,202204.0
141,A13594403,21747460,0,0,0,0,16852000,5981190,24450780,1540330,0,202204.0
142,A10027571,605290,3833750,0,0,0,3556800,1234240,4625700,809410,0,202204.0
143,A10025823,26086020,7621600,0,0,-20985400,20600570,12714014,49277670,0,20920440,202204.0
144,A10024216,14160250,16093220,0,0,64000,44144730,31323305,113659920,164340,36325540,202204.0
145,A13522003,4573970,8775220,0,0,0,10637500,2457250,0,1691525,0,202204.0
146,A13522008,0,23610750,0,0,0,24606000,6984278,0,0,0,202204.0
147,A13522004,3207320,12656050,0,3432560,0,16489200,9767064,23579350,68850,13791040,202204.0
148,A13588402,15251920,8338680,-640930,624080,-12987000,12946500,2776332,22225370,4022130,0,202204.0
149,A13522007,6202160,12832260,0,0,0,19422810,4127980,0,1124260,0,202204.0
150,A13522006,5759400,9741040,0,0,0,16364000,2553370,24301050,8338000,0,202204.0
151,A13552001,1185914,10673226,75240,0,0,15522500,289600,411760,500850,0,202204.0
152,A13552002,0,0,0,0,0,0,3314511,41711120,400200,14447230,202204.0
153,A13588601,161530,4764190,0,0,0,10026300,3389300,11815490,669650,4418250,202204.0
154,A10025204,,,,,,,,,,,202204.0
155,A10027446,4637140,6082020,0,0,0,9796800,11453070,22872140,338010,7799650,202204.0
156,A13550502,4195270,16170850,0,0,0,20196610,10195900,33583980,0,17438010,202204.0
157,A13527004,1180340,4179130,0,0,0,3780000,766150,5835140,0,3419080,202204.0
158,A13585404,2361450,3143110,0,2687790,0,11599630,6218740,23648020,0,9473380,202204.0
159,A13527002,3488730,3526990,0,0,-2535000,2535000,1405784,6364840,0,3598040,202204.0
160,A13527008,0,0,162000,0,0,0,2331831,14089350,40170,7817140,202204.0
161,A13527013,3434010,14249300,0,0,0,11907520,4451993,17309520,1058320,5855160,202204.0
162,A13527203,17343000,58921110,0,0,0,92854680,55413134,146749030,430990,70153710,202204.0
163,A13585401,0,3375000,0,0,0,3570000,2074876,5532640,0,2082500,202204.0
164,A13586102,8407620,3041480,0,0,0,3906000,9022010,7821030,5427940,4872850,202204.0
165,A13585804,6341320,18106840,0,0,0,31567500,17641660,37379930,6435845,0,202204.0
166,A13527007,2111410,5390940,0,0,0,8689200,5921808,19148890,300080,5843920,202204.0
167,A13527016,4712160,7663280,0,0,38500,9922500,5924779,15676830,970530,9391060,202204.0
168,A13550403,11969430,8335660,0,0,-9832500,9832500,4097921,11402920,3584590,5899280,202204.0
169,A13586101,0,0,0,0,0,0,541960,0,0,0,202204.0
170,A13527010,1280,18653400,0,0,0,8700000,3895311,10502460,-30,8470480,202204.0
171,A13527019,3028950,5925360,0,0,0,10257300,7636683,18527890,561140,7592530,202204.0
172,A13527006,15979770,0,0,0,2315400,0,3252800,8559710,585700,4677480,202204.0
173,A10027319,2802540,1072670,0,0,-2172390,2172390,2422470,6339990,0,2236320,202204.0
174,A13550404,,,,,,,,,,,202204.0
175,A10024793,0,0,0,139500,0,0,1558100,0,0,0,202204.0
