,kaptCode,heatC,heatP,gasC,gasP,waterHotC,waterHotP,electC,electP,waterCoolC,waterCoolP,Date
0,A13508012,2370450.0,10256880.0,0.0,0.0,0.0,13022460.0,7901870.0,22706970.0,128650.0,7753400.0,202211.0
1,A13579501,2385600.0,21725000.0,0.0,0.0,0.0,9262800.0,10321258.0,17702910.0,-356650.0,7868880.0,202211.0
2,A13592604,22531440.0,31905030.0,0.0,4560320.0,-15909000.0,15888000.0,7183391.0,28796390.0,0.0,14646980.0,202211.0
3,A13508009,3429280.0,23366160.0,0.0,0.0,0.0,15980750.0,9753050.0,24510470.0,75700.0,10073170.0,202211.0
4,A13508004,4244050.0,6361560.0,0.0,0.0,0.0,3561030.0,3331709.0,8520590.0,448600.0,4014940.0,202211.0
5,A13508003,0.0,0.0,0.0,0.0,0.0,0.0,3799200.0,0.0,1200450.0,0.0,202211.0
6,A13579506,1886840.0,9701740.0,0.0,0.0,0.0,6819100.0,5343516.0,18361540.0,0.0,5304760.0,202211.0
7,A13508006,6615780.0,17523280.0,0.0,0.0,0.0,9716700.0,6560274.0,23892110.0,0.0,6847230.0,202211.0
8,A13508011,2498090.0,20442920.0,0.0,0.0,-430.0,14706570.0,10116624.0,31784240.0,67440.0,9452260.0,202211.0
9,A13592601,5155410.0,16554360.0,0.0,0.0,0.0,15638400.0,5668294.0,25827410.0,234210.0,9531230.0,202211.0
10,A13592706,47196960.0,0.0,0.0,0.0,31025790.0,0.0,52227857.0,0.0,22273520.0,0.0,202211.0
11,A13579505,2529400.0,21195600.0,0.0,0.0,0.0,11451920.0,9329810.0,28096910.0,958560.0,10482140.0,202211.0
12,A13508005,0.0,0.0,0.0,0.0,0.0,0.0,1137110.0,4084080.0,114240.0,2163250.0,202211.0
13,A13579503,236420.0,0.0,0.0,0.0,0.0,0.0,2276780.0,9112430.0,0.0,0.0,202211.0
14,A13592605,3431540.0,29940430.0,0.0,0.0,0.0,25169840.0,6842100.0,38502520.0,0.0,15323370.0,202211.0
15,A13591402,0.0,0.0,0.0,0.0,0.0,0.0,3269849.0,11294430.0,-390.0,4335320.0,202211.0
16,A10027474,2464160.0,12590400.0,0.0,0.0,1210360.0,10547820.0,9168787.0,25647890.0,-200120.0,8122900.0,202211.0
17,A10023825,3446570.0,11392750.0,0.0,0.0,0.0,15571110.0,14437070.0,29344650.0,287370.0,7008610.0,202211.0
18,A10024820,,,,,,,,,,,202211.0
19,A10024813,,,,,,,,,,,202211.0
20,A13599303,36471280.0,70393700.0,0.0,0.0,2958680.0,15230000.0,13512233.0,30024330.0,3666320.0,0.0,202211.0
21,A13594007,2616990.0,24579580.0,0.0,0.0,0.0,14471760.0,4009730.0,0.0,507860.0,4905450.0,202211.0
22,A13580602,5377653.0,56040480.0,0.0,0.0,0.0,16528000.0,9937458.0,29618400.0,0.0,15863140.0,202211.0
23,A13524004,-260.0,49118250.0,0.0,0.0,0.0,9722700.0,6423347.0,16667120.0,491720.0,6391590.0,202211.0
24,A13599402,0.0,54091700.0,0.0,6275800.0,0.0,9962500.0,6028490.0,32962000.0,0.0,13146980.0,202211.0
25,A13524005,2258890.0,44133530.0,0.0,0.0,388700.0,7100800.0,7837388.0,18816840.0,1876160.0,0.0,202211.0
26,A13593908,5261990.0,27156960.0,0.0,0.0,0.0,21703500.0,0.0,0.0,0.0,0.0,202211.0
27,A13580001,1417320.0,17687030.0,0.0,0.0,0.0,6063750.0,2474227.0,8227400.0,-220.0,4611240.0,202211.0
28,A13524006,1100.0,83937820.0,0.0,0.0,0.0,6315570.0,9931901.0,24057390.0,-409810.0,8997740.0,202211.0
29,A13593901,2477660.0,13876000.0,0.0,0.0,0.0,6168600.0,6429820.0,14945590.0,0.0,2857950.0,202211.0
30,A13524009,5452110.0,57879050.0,0.0,0.0,0.0,28831500.0,7024590.0,37446670.0,2016560.0,8505840.0,202211.0
31,A13580002,16072964.0,0.0,0.0,0.0,0.0,8423150.0,1953579.0,9093730.0,42330.0,3545060.0,202211.0
32,A13599301,70140210.0,0.0,0.0,0.0,0.0,8130000.0,8980829.0,24568710.0,200000.0,0.0,202211.0
33,A10025203,6302470.0,34493200.0,0.0,7661800.0,-43710.0,29853050.0,37619230.0,70821050.0,2382230.0,20120070.0,202211.0
34,A10025675,24766330.0,46867960.0,0.0,0.0,0.0,45758390.0,57523151.0,112539769.0,3481060.0,40041480.0,202211.0
35,A10023565,,,,,,,,,,,202211.0
36,A10024564,12789040.0,52554950.0,450100.0,0.0,0.0,70311740.0,47318898.0,125340470.0,171190.0,42040770.0,202211.0
37,A10023996,1709870.0,6902970.0,0.0,0.0,0.0,4942490.0,5739820.0,14804340.0,1370230.0,7795550.0,202211.0
38,A13510003,1411950.0,18491520.0,0.0,0.0,0.0,4515000.0,3797380.0,13193300.0,-1430.0,4413060.0,202211.0
39,A13510001,0.0,0.0,0.0,0.0,0.0,0.0,459640.0,7140030.0,-50430.0,2918110.0,202211.0
40,A13510201,865260.0,10294440.0,0.0,0.0,0.0,3193200.0,1157970.0,7921510.0,0.0,3646430.0,202211.0
41,A13510203,0.0,0.0,0.0,0.0,0.0,0.0,2099980.0,8904060.0,0.0,4119800.0,202211.0
42,A13510102,1617660.0,20059960.0,1511750.0,0.0,0.0,7383600.0,3123400.0,14249980.0,381730.0,5693760.0,202211.0
43,A13510006,0.0,0.0,0.0,0.0,0.0,0.0,1209509.0,16243050.0,-98220.0,11419860.0,202211.0
44,A13510103,3572360.0,26429600.0,0.0,0.0,0.0,8778900.0,4509360.0,15649300.0,25530.0,7321620.0,202211.0
45,A13510202,21728140.0,0.0,21390.0,0.0,0.0,4160000.0,2633420.0,6918840.0,182290.0,3021280.0,202211.0
46,A13576201,0.0,0.0,0.0,0.0,0.0,0.0,823930.0,11165100.0,0.0,0.0,202211.0
47,A13510005,4863600.0,44652290.0,0.0,0.0,0.0,19410200.0,6672827.0,33757700.0,954820.0,9605540.0,202211.0
48,A13510009,0.0,0.0,0.0,0.0,0.0,0.0,6445600.0,11314780.0,3560.0,3373840.0,202211.0
49,A13510007,6838090.0,17860780.0,0.0,0.0,0.0,19571200.0,17857658.0,28504880.0,450100.0,9222850.0,202211.0
50,A10025280,,,,,,,,,,,202211.0
51,A10025755,,,,,,,,,,,202211.0
52,A10024640,,,,,,,,,,,202211.0
53,A13509001,0.0,0.0,112520.0,0.0,0.0,0.0,1910070.0,7950670.0,52790.0,3120990.0,202211.0
54,A13570501,8608040.0,39635250.0,0.0,0.0,0.0,15755600.0,15755232.0,43685218.0,20.0,17441240.0,202211.0
55,A13550701,1774578.0,18385092.0,0.0,0.0,0.0,10750800.0,6363001.0,21624110.0,0.0,7052320.0,202211.0
56,A13509005,52830.0,13872070.0,0.0,0.0,10058280.0,10058280.0,6707472.0,17132540.0,75240.0,6341180.0,202211.0
57,A13509004,0.0,0.0,0.0,0.0,0.0,0.0,589410.0,10876740.0,0.0,4708170.0,202211.0
58,A13509010,6299740.0,31275000.0,0.0,0.0,0.0,30400500.0,16817018.0,48964980.0,154390.0,15408060.0,202211.0
59,A13509006,27200.0,0.0,0.0,0.0,0.0,0.0,3428295.0,10622250.0,0.0,6338590.0,202211.0
60,A13509003,0.0,0.0,0.0,0.0,0.0,0.0,1398713.0,9636550.0,0.0,0.0,202211.0
61,A13509012,6036230.0,36702700.0,0.0,0.0,0.0,34414800.0,9314326.0,56213980.0,0.0,21132070.0,202211.0
62,A13509007,1825710.0,20339910.0,0.0,0.0,0.0,4681950.0,6167290.0,14001690.0,413600.0,6409600.0,202211.0
63,A13570502,,,,,,,,,,,202211.0
64,A13509013,,,,,,,,,,,202211.0
65,A13509101,0.0,0.0,0.0,0.0,0.0,0.0,1041950.0,8340610.0,6300.0,3749030.0,202211.0
66,A13509009,20301530.0,45092700.0,0.0,0.0,-15842240.0,15842240.0,21165024.0,54825150.0,3085080.0,8702580.0,202211.0
67,A13509014,,,,,,,,,,,202211.0
68,A10026350,3375910.0,9794850.0,0.0,0.0,0.0,12381600.0,9189910.0,25788090.0,929000.0,6704980.0,202211.0
69,A10026934,,,,,,,,,,,202211.0
70,A10024131,5500690.0,12612330.0,0.0,0.0,0.0,17204050.0,18269060.0,39777050.0,1180230.0,11469860.0,202211.0
71,A10023939,,,,,,,,,,,202211.0
72,A10024819,,,,,,,,,,,202211.0
73,A13528102,5403350.0,59087480.0,0.0,0.0,0.0,9407460.0,17878110.0,50385830.0,0.0,16577870.0,202211.0
74,A13528103,23645290.0,39600250.0,0.0,0.0,0.0,32764800.0,23136546.0,72769030.0,860350.0,21453750.0,202211.0
75,A13528004,28852790.0,183866690.0,0.0,14006170.0,0.0,45335700.0,24755270.0,138492230.0,0.0,58047330.0,202211.0
76,A13583604,-200620.0,148963900.0,0.0,0.0,0.0,27176000.0,8039109.0,53208430.0,514800.0,16389060.0,202211.0
77,A13583701,2887240.0,32731550.0,0.0,3663450.0,3478530.0,16764000.0,2986846.0,28762720.0,0.0,10566500.0,202211.0
78,A13528003,21533340.0,41555520.0,0.0,5039260.0,0.0,30532500.0,11061766.0,47055030.0,1905490.0,15814350.0,202211.0
79,A13528007,4215420.0,7887880.0,0.0,0.0,11390540.0,11390540.0,9872100.0,29362910.0,507200.0,8006670.0,202211.0
80,A13528105,940.0,141284400.0,0.0,0.0,0.0,24834600.0,9929140.0,68842360.0,0.0,18621530.0,202211.0
81,A13584101,2424330.0,19895610.0,0.0,0.0,0.0,9831800.0,9716832.0,21732000.0,0.0,7168370.0,202211.0
82,A13583507,-210.0,502385380.0,0.0,0.0,0.0,74488680.0,30977682.0,153485220.0,10730980.0,54790630.0,202211.0
83,A13583403,56063480.0,0.0,0.0,0.0,0.0,11936800.0,5321850.0,18674650.0,229580.0,6708470.0,202211.0
84,A13583404,86915610.0,0.0,0.0,0.0,-6876000.0,6876000.0,8573150.0,29633960.0,562060.0,9315140.0,202211.0
85,A13583402,6336870.0,37975840.0,0.0,0.0,-7848000.0,7848000.0,5795310.0,14193490.0,1488760.0,6527840.0,202211.0
86,A10027800,7943210.0,36768000.0,0.0,0.0,0.0,68785220.0,48081973.0,117440790.0,2555990.0,38138410.0,202211.0
87,A10025646,,,,,,,,,,,202211.0
88,A10026526,,,,,,,,,,,202211.0
89,A10024102,0.0,0.0,0.0,0.0,0.0,0.0,6600420.0,16310430.0,0.0,4636530.0,202211.0
90,A10024815,,,,,,,,,,,202211.0
91,A10026924,1460280.0,10265730.0,0.0,0.0,0.0,6579100.0,8565905.0,13602140.0,292620.0,4995890.0,202211.0
92,A10024799,,,,,,,,,,,202211.0
93,A10028094,,,,,,,,,,,202211.0
94,A10024029,,,,,,,,,,,202211.0
95,A10024814,,,,,,,,,,,202211.0
96,A10024805,,,,,,,,,,,202211.0
97,A13501004,0.0,0.0,8450.0,0.0,0.0,0.0,7564898.0,19093030.0,441290.0,8674420.0,202211.0
98,A13501001,6520960.0,0.0,0.0,0.0,0.0,0.0,10311656.0,27018150.0,1236850.0,4197280.0,202211.0
99,A13582002,-2039320.0,65894440.0,0.0,0.0,0.0,10159200.0,9093370.0,19756640.0,0.0,0.0,202211.0
100,A13501007,,,,,,,,,,,202211.0
101,A13501008,,,,,,,,,,,202211.0
102,A13583301,0.0,0.0,0.0,0.0,0.0,0.0,2721755.0,7623190.0,0.0,3227460.0,202211.0
103,A13501006,12928650.0,9072450.0,0.0,0.0,-10780570.0,10718350.0,1805490.0,23693590.0,1310320.0,5027230.0,202211.0
104,A13501005,,,,,,,,,,,202211.0
105,A10024501,0.0,0.0,0.0,0.0,0.0,0.0,4066250.0,4040180.0,458830.0,1395280.0,202211.0
106,A13590204,125932377.0,0.0,0.0,0.0,0.0,12837000.0,-4241867.0,48789820.0,1191263.0,0.0,202211.0
107,A13589802,4691208.0,546949272.0,0.0,0.0,-35106000.0,35106000.0,2254430.0,196138130.0,31396324.0,42854430.0,202211.0
108,A13511201,62371060.0,0.0,0.0,0.0,0.0,0.0,516531.0,23155890.0,3500000.0,0.0,202211.0
109,A13551103,549.0,159290903.0,0.0,0.0,0.0,10952000.0,3028196.0,43636210.0,0.0,0.0,202211.0
110,A13590602,82459149.0,0.0,0.0,0.0,0.0,10053300.0,11708327.0,22928940.0,1696320.0,0.0,202211.0
111,A13511001,32011670.0,32011700.0,0.0,0.0,8281440.0,8281440.0,6498930.0,15631140.0,1670710.0,0.0,202211.0
112,A13511004,50781860.0,228103010.0,0.0,0.0,0.0,34957500.0,26208186.0,80813959.0,523140.0,0.0,202211.0
113,A13511101,83973820.0,0.0,0.0,0.0,0.0,9918000.0,1154470.0,34578950.0,-1900.0,14197480.0,202211.0
114,A13511003,-198.0,76837908.0,0.0,0.0,0.0,27240000.0,9696514.0,37678120.0,11740960.0,0.0,202211.0
115,A13519002,0.0,0.0,465490.0,0.0,0.0,0.0,1156880.0,12509830.0,231540.0,7092850.0,202211.0
116,A13519006,9857045.0,25920930.0,0.0,0.0,-2405.0,24575920.0,12299574.0,35956500.0,1152350.0,18990240.0,202211.0
117,A13519007,30848040.0,22577610.0,0.0,0.0,-18396300.0,18213000.0,4601620.0,36222330.0,1713000.0,13355240.0,202211.0
118,A13519004,0.0,0.0,-418870.0,390140.0,0.0,0.0,530710.0,14158780.0,213540.0,4999760.0,202211.0
119,A13519005,0.0,0.0,0.0,0.0,0.0,0.0,3682807.0,24871050.0,-82730.0,11020860.0,202211.0
120,A13519003,0.0,0.0,520500.0,0.0,0.0,0.0,860250.0,12701300.0,46980.0,6613920.0,202211.0
121,A13519001,0.0,0.0,243530.0,0.0,0.0,0.0,1398580.0,11822620.0,245210.0,6421290.0,202211.0
122,A10028172,5718900.0,14869180.0,0.0,0.0,0.0,20625460.0,10523860.0,30258320.0,0.0,15018140.0,202211.0
123,A13519008,2215750.0,12155250.0,0.0,0.0,0.0,26486850.0,7095663.0,18941250.0,0.0,6864920.0,202211.0
124,A13520003,0.0,32623340.0,0.0,0.0,0.0,47798240.0,19998661.0,59176890.0,0.0,17705900.0,202211.0
125,A13520004,31127530.0,0.0,0.0,0.0,0.0,0.0,22822087.0,0.0,8314230.0,0.0,202211.0
126,A10027985,5943800.0,30696600.0,0.0,0.0,0.0,26131370.0,18976500.0,50366010.0,1677660.0,19770150.0,202211.0
127,A13520002,0.0,0.0,0.0,0.0,-1755570.0,1736740.0,14817048.0,54148780.0,1235250.0,20339330.0,202211.0
128,A10023314,,,,,,,,,,,202211.0
129,A13520001,0.0,0.0,0.0,0.0,0.0,0.0,1944818.0,40536750.0,239540.0,18462290.0,202211.0
130,A10027909,0.0,0.0,36200.0,0.0,0.0,0.0,12442410.0,0.0,3196890.0,0.0,202211.0
131,A10027912,0.0,0.0,372920.0,0.0,0.0,0.0,1828768.0,13409060.0,177820.0,5835970.0,202211.0
132,A13594702,3355875.0,37871780.0,0.0,0.0,-60.0,20039290.0,5781330.0,0.0,0.0,0.0,202211.0
133,A13523005,4363980.0,36772362.0,0.0,0.0,0.0,25679400.0,10326542.0,27333060.0,0.0,16282620.0,202211.0
134,A13523004,16952300.0,39736560.0,0.0,0.0,0.0,14956800.0,767580.0,32567520.0,13040.0,9341400.0,202211.0
135,A13594701,6614420.0,37216260.0,0.0,0.0,0.0,11364600.0,8028820.0,21200350.0,817820.0,8178200.0,202211.0
136,A13593802,35902060.0,0.0,0.0,0.0,12877590.0,0.0,6464710.0,0.0,757850.0,0.0,202211.0
137,A13523003,8935870.0,22399460.0,0.0,0.0,0.0,15069600.0,570255.0,20573120.0,170.0,10264280.0,202211.0
138,A13594402,24682010.0,0.0,1660.0,0.0,0.0,7034400.0,4293700.0,12818830.0,1010170.0,0.0,202211.0
139,A13593801,7625456.0,11600904.0,0.0,2094290.0,-6045000.0,8664500.0,4502580.0,24799020.0,215132.0,10119218.0,202211.0
140,A13594203,10746984.0,38538786.0,0.0,0.0,0.0,21964000.0,4122019.0,37708811.0,1760700.0,13725080.0,202211.0
141,A13594403,69780340.0,0.0,0.0,0.0,0.0,16360000.0,8442090.0,27917280.0,195950.0,0.0,202211.0
142,A10027571,605340.0,8233090.0,0.0,0.0,0.0,4260000.0,1211360.0,5451530.0,406740.0,0.0,202211.0
143,A10025823,39110770.0,14708220.0,0.0,0.0,-34010150.0,32272450.0,16391151.0,51451920.0,0.0,16648160.0,202211.0
144,A10024216,32868542.0,45393370.0,0.0,0.0,45500.0,55306080.0,49226200.0,118059550.0,-1103600.0,35987860.0,202211.0
145,A13522003,10123970.0,20298200.0,0.0,5354830.0,0.0,10644000.0,3199360.0,0.0,690310.0,0.0,202211.0
146,A13522008,0.0,54679590.0,0.0,0.0,0.0,22101000.0,9070458.0,0.0,0.0,0.0,202211.0
147,A13522004,7504000.0,33795850.0,0.0,0.0,0.0,17171800.0,10738410.0,25097460.0,392250.0,12860550.0,202211.0
148,A13588402,16743520.0,29171320.0,-737950.0,722990.0,-12198980.0,12162660.0,3242887.0,25913060.0,2742240.0,0.0,202211.0
149,A13522007,8912740.0,33349090.0,0.0,0.0,0.0,22768690.0,5761700.0,0.0,1413800.0,0.0,202211.0
150,A13522006,8241640.0,32055250.0,0.0,0.0,0.0,15820000.0,5010300.0,26296750.0,0.0,0.0,202211.0
151,A13552001,3097181.0,3955739.0,8340.0,0.0,0.0,15564000.0,778540.0,436510.0,259690.0,0.0,202211.0
152,A13552002,0.0,0.0,0.0,0.0,0.0,0.0,1276511.0,41869390.0,372630.0,13937780.0,202211.0
153,A13588601,5583330.0,13551410.0,0.0,0.0,0.0,9410700.0,4776050.0,12521310.0,364550.0,4747080.0,202211.0
154,A10025204,,,,,,,,,,,202211.0
155,A10027446,4533970.0,19375440.0,0.0,0.0,0.0,11256200.0,12294010.0,27526600.0,145510.0,7752880.0,202211.0
156,A13550502,4195270.0,40694140.0,0.0,0.0,0.0,33644700.0,13012930.0,38173970.0,0.0,16898210.0,202211.0
157,A13527004,1566130.0,12385500.0,0.0,0.0,0.0,3474000.0,972120.0,6982770.0,0.0,3463700.0,202211.0
158,A13585404,2361450.0,12378600.0,0.0,0.0,0.0,15645380.0,7360490.0,24986640.0,0.0,8997330.0,202211.0
159,A13527002,978500.0,7621230.0,0.0,0.0,0.0,2817000.0,1921715.0,7252100.0,0.0,3359610.0,202211.0
160,A13527008,0.0,0.0,16710.0,0.0,0.0,0.0,2385803.0,15149870.0,40570.0,7298050.0,202211.0
161,A13527013,3434010.0,38705760.0,0.0,0.0,0.0,12577500.0,6190396.0,18615700.0,647640.0,5517140.0,202211.0
162,A13527203,17343060.0,153222370.0,0.0,0.0,0.0,110774860.0,69107128.0,159125070.0,-67580.0,66736970.0,202211.0
163,A13585401,0.0,8532100.0,0.0,0.0,0.0,4007250.0,2072700.0,6854870.0,0.0,2157750.0,202211.0
164,A13586102,6216670.0,9386410.0,0.0,0.0,-4396600.0,4396600.0,1344370.0,8662830.0,509140.0,3826180.0,202211.0
165,A13585804,6341320.0,56499750.0,0.0,0.0,0.0,30483000.0,22695450.0,39924790.0,2836410.0,0.0,202211.0
166,A13527007,2111410.0,19697100.0,0.0,0.0,0.0,7768800.0,7899759.0,20036300.0,248030.0,5582610.0,202211.0
167,A13527016,5257320.0,23169750.0,0.0,0.0,49000.0,9047500.0,9122169.0,17589350.0,237270.0,9264690.0,202211.0
168,A13550403,13620760.0,20762810.0,0.0,0.0,-11484000.0,11484000.0,3703604.0,14941440.0,1361800.0,6567330.0,202211.0
169,A13586101,0.0,0.0,0.0,0.0,0.0,0.0,644240.0,0.0,0.0,0.0,202211.0
170,A13527010,1190.0,36681300.0,0.0,0.0,0.0,8692000.0,4626447.0,12406100.0,-220.0,7719640.0,202211.0
171,A13527019,3281980.0,18164430.0,0.0,0.0,0.0,11746800.0,8857882.0,20782750.0,620800.0,7397100.0,202211.0
172,A13527006,32950060.0,0.0,0.0,0.0,2067200.0,0.0,3659820.0,9770970.0,683760.0,4419860.0,202211.0
173,A10027319,3782680.0,2426220.0,0.0,0.0,-3152410.0,3152410.0,3293190.0,6783670.0,0.0,2232090.0,202211.0
174,A13550404,,,,,,,,,,,202211.0
175,A10024793,0.0,0.0,0.0,154720.0,0.0,0.0,1798720.0,0.0,0.0,0.0,202211.0
