,kaptCode,heatC,heatP,gasC,gasP,waterHotC,waterHotP,electC,electP,waterCoolC,waterCoolP,Date
0,A13508012,2370450.0,12544470.0,0.0,0.0,0.0,13550220.0,7775190.0,19010560.0,270900.0,7248430.0,202203.0
1,A13579501,2439880.0,21649300.0,0.0,0.0,0.0,9803160.0,5049457.0,21582260.0,-831060.0,7910720.0,202203.0
2,A13592604,26295580.0,28940180.0,0.0,4223620.0,-19615600.0,19598200.0,6452765.0,25170690.0,0.0,16063870.0,202203.0
3,A13508009,3376310.0,26896840.0,0.0,0.0,0.0,15947400.0,12862830.0,24155000.0,158380.0,10483720.0,202203.0
4,A13508004,0.0,7121610.0,0.0,0.0,0.0,3897840.0,2729270.0,7011390.0,781490.0,3239890.0,202203.0
5,A13508003,0.0,0.0,0.0,0.0,0.0,0.0,3219900.0,0.0,1165060.0,0.0,202203.0
6,A13579506,1886840.0,14175200.0,0.0,0.0,0.0,3554970.0,3772635.0,18842890.0,0.0,5776810.0,202203.0
7,A13508006,3288210.0,20252650.0,0.0,0.0,0.0,9480900.0,8251599.0,19361320.0,0.0,6558300.0,202203.0
8,A13508011,2697760.0,19958530.0,0.0,0.0,1360.0,17704700.0,7870250.0,27296010.0,98560.0,9893850.0,202203.0
9,A13592601,4615840.0,19805820.0,0.0,0.0,0.0,15424100.0,7289616.0,22411470.0,0.0,9294210.0,202203.0
10,A13592706,3665640.0,44785940.0,0.0,0.0,-100.0,31743300.0,10366146.0,30718130.0,-160.0,20702950.0,202203.0
11,A13579505,2529400.0,23499200.0,0.0,0.0,0.0,12441000.0,5338467.0,28129540.0,-1088480.0,12926710.0,202203.0
12,A13508005,0.0,0.0,0.0,0.0,0.0,0.0,884490.0,3289180.0,171560.0,2019440.0,202203.0
13,A13579503,247080.0,0.0,0.0,0.0,0.0,0.0,2265220.0,8272910.0,0.0,0.0,202203.0
14,A13592605,3431540.0,30659940.0,0.0,0.0,0.0,25251080.0,4144000.0,37685230.0,0.0,14859470.0,202203.0
15,A13591402,0.0,0.0,0.0,0.0,0.0,0.0,2219357.0,12097390.0,10.0,4210910.0,202203.0
16,A10027474,2464160.0,15099190.0,0.0,0.0,1213510.0,10644360.0,7874986.0,25069110.0,-379040.0,7903770.0,202203.0
17,A10023825,,,,,,,,,,,202203.0
18,A10024820,,,,,,,,,,,202203.0
19,A10024813,,,,,,,,,,,202203.0
20,A13599303,-24451110.0,123475300.0,0.0,0.0,-5920000.0,19700000.0,5515129.0,28266830.0,3413280.0,0.0,202203.0
21,A13594007,2543800.0,25476540.0,0.0,0.0,0.0,15960000.0,2883520.0,0.0,465300.0,4495400.0,202203.0
22,A13580602,5213469.0,52919440.0,0.0,0.0,0.0,14599300.0,5443113.0,26345230.0,0.0,13897590.0,202203.0
23,A13524004,20.0,42197850.0,0.0,0.0,0.0,10752300.0,5619420.0,13690730.0,1243940.0,5558310.0,202203.0
24,A13599402,0.0,101526400.0,0.0,5510950.0,0.0,13640000.0,4872710.0,31361590.0,0.0,13098750.0,202203.0
25,A13524005,2686330.0,39251920.0,0.0,0.0,351900.0,8870400.0,6131500.0,16282480.0,2620800.0,0.0,202203.0
26,A13593908,6058360.0,30305020.0,0.0,0.0,0.0,22982400.0,0.0,0.0,0.0,0.0,202203.0
27,A13580001,1417130.0,17491470.0,0.0,0.0,0.0,4804800.0,1484444.0,7097470.0,-900.0,4139010.0,202203.0
28,A13524006,-40.0,81437360.0,0.0,0.0,0.0,7383690.0,15995955.0,22354950.0,2733210.0,8521910.0,202203.0
29,A13593901,1948180.0,14165760.0,0.0,0.0,0.0,6957800.0,4747300.0,15217660.0,0.0,2976540.0,202203.0
30,A13524009,5352100.0,55666560.0,0.0,0.0,0.0,29252400.0,7248110.0,26768700.0,956410.0,8215300.0,202203.0
31,A13580002,15980837.0,0.0,0.0,0.0,0.0,7165030.0,1697279.0,8494890.0,34450.0,3144870.0,202203.0
32,A13599301,69140400.0,0.0,0.0,0.0,0.0,9698000.0,8392387.0,24771880.0,27620.0,0.0,202203.0
33,A10025203,6302461.0,45082680.0,0.0,6938770.0,-63081.0,28370380.0,28581412.0,58224930.0,2118000.0,21910790.0,202203.0
34,A10025675,12611590.0,61812000.0,0.0,0.0,0.0,52447100.0,34152708.0,111221364.0,2688270.0,41236550.0,202203.0
35,A10023565,,,,,,,,,,,202203.0
36,A10024564,12704830.0,55525330.0,382700.0,0.0,0.0,79588800.0,21705025.0,122638870.0,9778260.0,45315610.0,202203.0
37,A10023996,1612040.0,5657860.0,0.0,0.0,0.0,5490000.0,4989880.0,9244210.0,1771570.0,4886180.0,202203.0
38,A13510003,1411790.0,19046750.0,0.0,0.0,0.0,5321500.0,4004300.0,12123380.0,-960.0,5304770.0,202203.0
39,A13510001,0.0,0.0,0.0,0.0,0.0,0.0,178780.0,0.0,-160800.0,0.0,202203.0
40,A13510201,871290.0,10001140.0,0.0,0.0,0.0,3650400.0,1023600.0,6881130.0,0.0,3342410.0,202203.0
41,A13510203,0.0,0.0,0.0,0.0,0.0,0.0,2309170.0,7708380.0,0.0,4753760.0,202203.0
42,A13510102,1617740.0,19335010.0,0.0,0.0,0.0,6666000.0,2697660.0,13989150.0,-546850.0,6520740.0,202203.0
43,A13510006,0.0,0.0,0.0,0.0,0.0,0.0,2402701.0,14293290.0,-14250.0,11149680.0,202203.0
44,A13510103,2373670.0,28702800.0,0.0,0.0,0.0,5288000.0,5706160.0,13406600.0,236600.0,3927340.0,202203.0
45,A13510202,18147470.0,0.0,234810.0,0.0,0.0,5120000.0,2307470.0,6753850.0,369250.0,2861610.0,202203.0
46,A13576201,0.0,0.0,0.0,0.0,0.0,0.0,383150.0,10374510.0,0.0,0.0,202203.0
47,A13510005,4867740.0,46122650.0,0.0,0.0,0.0,20876800.0,4080914.0,35662800.0,3221460.0,6694120.0,202203.0
48,A13510009,0.0,0.0,0.0,0.0,0.0,0.0,6999060.0,10969700.0,3300.0,3296300.0,202203.0
49,A13510007,5710640.0,23117450.0,0.0,0.0,0.0,16960500.0,16156010.0,23648530.0,284580.0,8728110.0,202203.0
50,A10025280,,,,,,,,,,,202203.0
51,A10025755,,,,,,,,,,,202203.0
52,A10024640,,,,,,,,,,,202203.0
53,A13509001,0.0,0.0,536110.0,0.0,0.0,0.0,1904450.0,6218160.0,0.0,2844710.0,202203.0
54,A13570501,6801100.0,43555850.0,0.0,0.0,0.0,14616800.0,11270015.0,43148130.0,10.0,17462940.0,202203.0
55,A13550701,1774578.0,19417942.0,0.0,0.0,0.0,10364800.0,4937350.0,17692190.0,0.0,7532030.0,202203.0
56,A13509005,108670.0,15386830.0,0.0,0.0,8467800.0,8467800.0,3870858.0,17560590.0,72400.0,5885600.0,202203.0
57,A13509004,0.0,0.0,0.0,0.0,0.0,0.0,1120440.0,9451010.0,82870.0,4550200.0,202203.0
58,A13509010,5472700.0,35114820.0,0.0,0.0,0.0,30475000.0,11549243.0,49830130.0,253320.0,16658880.0,202203.0
59,A13509006,285360.0,0.0,0.0,0.0,0.0,0.0,2892916.0,10221840.0,0.0,5665990.0,202203.0
60,A13509003,0.0,0.0,0.0,0.0,0.0,0.0,1516930.0,8178550.0,0.0,0.0,202203.0
61,A13509012,6036230.0,38018400.0,0.0,0.0,0.0,38236000.0,5077308.0,56879250.0,0.0,20758880.0,202203.0
62,A13509007,1771320.0,20016210.0,0.0,0.0,0.0,4091400.0,4622150.0,11676880.0,94320.0,5978540.0,202203.0
63,A13570502,,,,,,,,,,,202203.0
64,A13509013,,,,,,,,,,,202203.0
65,A13509101,0.0,0.0,0.0,0.0,0.0,0.0,1302130.0,6857610.0,804940.0,3565000.0,202203.0
66,A13509009,16549530.0,50481760.0,0.0,0.0,-12327480.0,12327480.0,17590014.0,54659790.0,2893270.0,9153640.0,202203.0
67,A13509014,,,,,,,,,,,202203.0
68,A10026350,3435060.0,11336830.0,0.0,0.0,0.0,11893800.0,6378610.0,25639570.0,1540550.0,6204020.0,202203.0
69,A10026934,,,,,,,,,,,202203.0
70,A10024131,6483670.0,14923680.0,0.0,0.0,0.0,16781300.0,15495560.0,30584650.0,1589670.0,9075880.0,202203.0
71,A10023939,,,,,,,,,,,202203.0
72,A10024819,,,,,,,,,,,202203.0
73,A13528102,5403350.0,63039980.0,0.0,0.0,0.0,10848620.0,13217440.0,50733330.0,3399060.0,16525480.0,202203.0
74,A13528103,14945550.0,50767130.0,0.0,0.0,0.0,35165700.0,16101996.0,74341390.0,814590.0,23957220.0,202203.0
75,A13528004,28727300.0,172200100.0,0.0,12380060.0,0.0,54896400.0,17660890.0,119902940.0,0.0,57276820.0,202203.0
76,A13583604,-406040.0,124971100.0,0.0,0.0,0.0,21077500.0,15409663.0,42895490.0,1529500.0,17152800.0,202203.0
77,A13583701,2887240.0,32628690.0,0.0,3035800.0,5794160.0,17296000.0,4077118.0,25286370.0,0.0,8400920.0,202203.0
78,A13528003,13533610.0,45743420.0,0.0,4344460.0,0.0,36121500.0,15204757.0,47063230.0,1348650.0,13806790.0,202203.0
79,A13528007,5120520.0,12423180.0,0.0,0.0,0.0,8060800.0,8048660.0,25175970.0,476570.0,8539230.0,202203.0
80,A13528105,2050.0,121124400.0,0.0,0.0,0.0,30496200.0,4398690.0,65919050.0,0.0,15678790.0,202203.0
81,A13584101,18565610.0,16140520.0,0.0,0.0,13756000.0,13756000.0,28304861.0,22603240.0,6999660.0,6999770.0,202203.0
82,A13583507,-14410.0,495398400.0,0.0,0.0,0.0,108593030.0,39938182.0,151775360.0,12194360.0,39512450.0,202203.0
83,A13583403,58926800.0,0.0,0.0,0.0,0.0,10422900.0,4841820.0,17455120.0,229110.0,6254640.0,202203.0
84,A13583404,76638380.0,0.0,0.0,0.0,-8263800.0,8263800.0,10025250.0,29253410.0,523490.0,10544360.0,202203.0
85,A13583402,7069700.0,43230040.0,0.0,0.0,-9956000.0,9956000.0,7824600.0,13685790.0,3076680.0,4856500.0,202203.0
86,A10027800,8276150.0,46968220.0,0.0,0.0,0.0,67388410.0,31763074.0,119899820.0,0.0,32487520.0,202203.0
87,A10025646,,,,,,,,,,,202203.0
88,A10026526,,,,,,,,,,,202203.0
89,A10024102,0.0,0.0,8150.0,12093260.0,0.0,0.0,5908140.0,15545320.0,930.0,4193160.0,202203.0
90,A10024815,,,,,,,,,,,202203.0
91,A10026924,1460280.0,9819850.0,0.0,0.0,0.0,7295760.0,6781514.0,11240620.0,280230.0,4327260.0,202203.0
92,A10024799,,,,,,,,,,,202203.0
93,A10028094,,,,,,,,,,,202203.0
94,A10024029,,,,,,,,,,,202203.0
95,A10024814,,,,,,,,,,,202203.0
96,A10024805,,,,,,,,,,,202203.0
97,A13501004,0.0,0.0,55940.0,0.0,0.0,0.0,5761880.0,16486860.0,281090.0,10046720.0,202203.0
98,A13501001,7571600.0,0.0,0.0,0.0,0.0,0.0,6570763.0,26078420.0,1806850.0,3403000.0,202203.0
99,A13582002,-2177650.0,62341590.0,0.0,0.0,0.0,12474000.0,8750140.0,18833970.0,824780.0,0.0,202203.0
100,A13501007,,,,,,,,,,,202203.0
101,A13501008,,,,,,,,,,,202203.0
102,A13583301,0.0,0.0,0.0,0.0,0.0,0.0,3134650.0,6954160.0,0.0,2635740.0,202203.0
103,A13501006,12738970.0,11515020.0,0.0,0.0,-10591830.0,10522380.0,6351690.0,23019960.0,562110.0,5473760.0,202203.0
104,A13501005,,,,,,,,,,,202203.0
105,A10024501,0.0,0.0,0.0,0.0,0.0,0.0,4020310.0,3084220.0,155170.0,1291270.0,202203.0
106,A13590204,117816862.0,0.0,0.0,0.0,0.0,17544000.0,4616370.0,38867210.0,1216528.0,0.0,202203.0
107,A13589802,-3777770.0,533443400.0,0.0,0.0,-42422000.0,42422000.0,33359240.0,201378610.0,37595680.0,41256090.0,202203.0
108,A13511201,59123160.0,0.0,0.0,0.0,0.0,0.0,7615504.0,18773110.0,3500000.0,0.0,202203.0
109,A13551103,31.0,141842477.0,0.0,0.0,0.0,27002000.0,7341144.0,34754650.0,0.0,0.0,202203.0
110,A13590602,74787800.0,0.0,0.0,0.0,0.0,18927840.0,5427970.0,21232440.0,4302280.0,0.0,202203.0
111,A13511001,31350480.0,31350494.0,0.0,0.0,9279360.0,9279360.0,5624880.0,15541560.0,0.0,0.0,202203.0
112,A13511004,46846810.0,216639590.0,0.0,0.0,0.0,36730450.0,19905649.0,97158880.0,515790.0,0.0,202203.0
113,A13511101,73822910.0,0.0,0.0,0.0,0.0,12084000.0,5115990.0,29982400.0,3220.0,13588080.0,202203.0
114,A13511003,0.0,63776645.0,0.0,0.0,0.0,29062450.0,9009852.0,36616410.0,8220590.0,0.0,202203.0
115,A13519002,0.0,0.0,563850.0,0.0,0.0,0.0,1976804.0,11338730.0,278990.0,6999020.0,202203.0
116,A13519006,9986745.0,28032430.0,0.0,0.0,-3585.0,23528000.0,11069036.0,34364350.0,966110.0,20158680.0,202203.0
117,A13519007,28532080.0,24564320.0,0.0,0.0,-22187100.0,22085700.0,4712280.0,35748110.0,1625090.0,14472820.0,202203.0
118,A13519004,0.0,0.0,-256130.0,249420.0,0.0,0.0,645210.0,13274050.0,37560.0,5023560.0,202203.0
119,A13519005,0.0,0.0,0.0,0.0,0.0,0.0,2043723.0,23944210.0,1792410.0,9388360.0,202203.0
120,A13519003,0.0,0.0,497170.0,0.0,0.0,0.0,2126060.0,10462190.0,515240.0,6347800.0,202203.0
121,A13519001,0.0,0.0,721510.0,0.0,0.0,0.0,3212000.0,10130360.0,251950.0,6333250.0,202203.0
122,A10028172,3853800.0,15066600.0,0.0,0.0,0.0,23653430.0,8776094.0,28755770.0,11620.0,15395040.0,202203.0
123,A13519008,6872300.0,15623970.0,0.0,0.0,0.0,19359600.0,6547030.0,17649100.0,0.0,7494490.0,202203.0
124,A13520003,0.0,33973800.0,0.0,0.0,0.0,41282730.0,12986139.0,60738240.0,0.0,20960500.0,202203.0
125,A13520004,31499510.0,0.0,0.0,0.0,0.0,0.0,21298748.0,0.0,8976380.0,0.0,202203.0
126,A10027985,5943800.0,34080480.0,0.0,0.0,0.0,29184280.0,15559080.0,48087580.0,324930.0,20933680.0,202203.0
127,A13520002,0.0,0.0,0.0,0.0,0.0,0.0,20428280.0,56577730.0,1332140.0,21590000.0,202203.0
128,A10023314,,,,,,,,,,,202203.0
129,A13520001,0.0,0.0,0.0,0.0,0.0,0.0,5648823.0,35078120.0,342620.0,17215120.0,202203.0
130,A10027909,0.0,0.0,58100.0,0.0,0.0,0.0,5110220.0,6133470.0,82160.0,3203130.0,202203.0
131,A10027912,0.0,0.0,435540.0,0.0,0.0,0.0,1755460.0,11235510.0,163350.0,5058980.0,202203.0
132,A13594702,3356115.0,46085250.0,0.0,0.0,135.0,16656430.0,4955830.0,0.0,0.0,0.0,202203.0
133,A13523005,4363980.0,41676576.0,0.0,0.0,0.0,19502280.0,12273248.0,27454560.0,0.0,14941860.0,202203.0
134,A13523004,13823070.0,43447920.0,0.0,0.0,0.0,14688000.0,2161140.0,32296360.0,244600.0,8826330.0,202203.0
135,A13594701,6158340.0,34266000.0,0.0,0.0,0.0,13864500.0,7398523.0,17263080.0,798610.0,7986080.0,202203.0
136,A13593802,29845153.0,0.0,0.0,0.0,12539362.0,0.0,7020700.0,0.0,754125.0,0.0,202203.0
137,A13523003,6527000.0,23583690.0,0.0,0.0,0.0,14240160.0,745910.0,16943710.0,-790.0,10676800.0,202203.0
138,A13594402,23834610.0,0.0,1170.0,0.0,0.0,7840800.0,4635670.0,12063790.0,973800.0,0.0,202203.0
139,A13593801,9481726.0,9408504.0,0.0,1909380.0,-7918500.0,11349850.0,3342800.0,19712050.0,983216.0,10023884.0,202203.0
140,A13594203,11084007.0,43540403.0,0.0,0.0,0.0,21104800.0,2475720.0,35230800.0,983950.0,13105840.0,202203.0
141,A13594403,61162030.0,0.0,0.0,0.0,0.0,19976000.0,7395750.0,26130710.0,1110780.0,0.0,202203.0
142,A10027571,605390.0,8907550.0,0.0,0.0,0.0,4043200.0,1170920.0,4601570.0,862540.0,0.0,202203.0
143,A10025823,30001300.0,25583960.0,0.0,0.0,-24900680.0,24445170.0,14175010.0,43563790.0,0.0,15597200.0,202203.0
144,A10024216,20612090.0,57723720.0,0.0,0.0,165000.0,50459520.0,38988450.0,100005830.0,-1308060.0,37922140.0,202203.0
145,A13522003,5902335.0,19300670.0,0.0,0.0,0.0,16391600.0,2816340.0,0.0,179525.0,0.0,202203.0
146,A13522008,0.0,31406520.0,0.0,0.0,0.0,45606000.0,7385720.0,0.0,0.0,0.0,202203.0
147,A13522004,4316120.0,31889180.0,0.0,0.0,0.0,18564000.0,8956256.0,20870650.0,6650.0,14384640.0,202203.0
148,A13588402,19045610.0,25106130.0,-684980.0,668640.0,-15440540.0,15395140.0,6671913.0,23196810.0,4030440.0,0.0,202203.0
149,A13522007,8698240.0,34548640.0,0.0,0.0,0.0,22378760.0,4728910.0,0.0,1124140.0,0.0,202203.0
150,A13522006,8056430.0,28512040.0,0.0,0.0,0.0,18016000.0,2151900.0,21983300.0,0.0,0.0,202203.0
151,A13552001,2377934.0,18081916.0,183680.0,0.0,0.0,20743200.0,300760.0,378740.0,541670.0,0.0,202203.0
152,A13552002,0.0,0.0,0.0,0.0,0.0,0.0,3418881.0,38173290.0,1906590.0,13477990.0,202203.0
153,A13588601,2694100.0,13469670.0,0.0,0.0,0.0,11183400.0,3560860.0,10377440.0,771600.0,4375990.0,202203.0
154,A10025204,,,,,,,,,,,202203.0
155,A10027446,4567140.0,19812920.0,0.0,0.0,0.0,11466000.0,10909510.0,27645070.0,567690.0,7900270.0,202203.0
156,A13550502,4195270.0,46231980.0,-1280750.0,1262780.0,0.0,23196220.0,9169350.0,37064230.0,0.0,15770430.0,202203.0
157,A13527004,1669670.0,11848190.0,0.0,0.0,0.0,3669000.0,864050.0,6471540.0,497020.0,3461900.0,202203.0
158,A13585404,2361450.0,12506570.0,0.0,0.0,0.0,16442900.0,6534940.0,25408620.0,0.0,9905230.0,202203.0
159,A13527002,3577100.0,8649240.0,0.0,0.0,-2592500.0,2592500.0,1524669.0,6957460.0,0.0,3277350.0,202203.0
160,A13527008,0.0,0.0,296900.0,0.0,0.0,0.0,2086772.0,13417610.0,29430.0,6327700.0,202203.0
161,A13527013,3434010.0,36856150.0,0.0,0.0,0.0,11762760.0,7772214.0,18916040.0,652060.0,5241430.0,202203.0
162,A13527203,17341900.0,175722540.0,0.0,0.0,0.0,105264720.0,67292505.0,156053150.0,-630960.0,73106070.0,202203.0
163,A13585401,0.0,9838800.0,0.0,0.0,0.0,3882000.0,1881622.0,5612460.0,0.0,1721020.0,202203.0
164,A13586102,14916850.0,7090370.0,0.0,0.0,0.0,6040700.0,9565580.0,8416460.0,4448330.0,4448000.0,202203.0
165,A13585804,6341320.0,48036080.0,0.0,0.0,0.0,40210000.0,20739930.0,39704260.0,5665595.0,0.0,202203.0
166,A13527007,2111410.0,18462900.0,0.0,0.0,0.0,9894300.0,5399861.0,17065050.0,299940.0,5406290.0,202203.0
167,A13527016,5081730.0,21644370.0,0.0,0.0,38500.0,13723500.0,10012423.0,15000610.0,744330.0,9348560.0,202203.0
168,A13550403,14188040.0,22958740.0,0.0,0.0,-12051000.0,12051000.0,5000892.0,13230840.0,2480440.0,6123800.0,202203.0
169,A13586101,0.0,0.0,0.0,0.0,0.0,0.0,858580.0,0.0,0.0,0.0,202203.0
170,A13527010,1240.0,34543800.0,0.0,0.0,0.0,9700000.0,3543481.0,12110670.0,-50.0,8213780.0,202203.0
171,A13527019,2989120.0,18331100.0,0.0,0.0,0.0,12774200.0,9021477.0,20210230.0,580710.0,7404980.0,202203.0
172,A13527006,25939990.0,0.0,0.0,0.0,3080400.0,0.0,3309760.0,7760840.0,633460.0,4895660.0,202203.0
173,A10027319,3049960.0,3909290.0,0.0,0.0,-2419960.0,2419960.0,2689620.0,5771830.0,0.0,2144770.0,202203.0
174,A13550404,,,,,,,,,,,202203.0
175,A10024793,0.0,0.0,0.0,137810.0,0.0,0.0,1501740.0,0.0,0.0,0.0,202203.0
