,kaptCode,heatC,heatP,gasC,gasP,waterHotC,waterHotP,electC,electP,waterCoolC,waterCoolP,Date
0,A13508012,2370450.0,4027720.0,0.0,0.0,0.0,10853130.0,7565680.0,22217960.0,150570.0,7667200.0,202210.0
1,A13579501,2385600.0,9729200.0,0.0,0.0,0.0,8277620.0,9864664.0,18116040.0,-663950.0,7897700.0,202210.0
2,A13592604,17725410.0,16466250.0,0.0,0.0,-12522500.0,12510000.0,10010489.0,28229930.0,0.0,15035890.0,202210.0
3,A13508009,3452520.0,9421650.0,0.0,0.0,0.0,14399520.0,12914290.0,25546900.0,147900.0,10227700.0,202210.0
4,A13508004,2525390.0,2917010.0,0.0,0.0,0.0,2988780.0,1877551.0,8796740.0,877220.0,3406060.0,202210.0
5,A13508003,0.0,0.0,0.0,0.0,0.0,0.0,4389500.0,0.0,1182800.0,0.0,202210.0
6,A13579506,1886840.0,3063450.0,2410.0,0.0,0.0,5676480.0,4046816.0,19476140.0,0.0,5580750.0,202210.0
7,A13508006,6950420.0,6804330.0,0.0,0.0,0.0,8810200.0,5791210.0,24690700.0,0.0,6902650.0,202210.0
8,A13508011,2697760.0,8928880.0,0.0,0.0,-940.0,12538330.0,8003678.0,32488320.0,-110780.0,9474020.0,202210.0
9,A13592601,4047010.0,6763770.0,0.0,0.0,0.0,12300400.0,3229038.0,26826920.0,-8900.0,9268970.0,202210.0
10,A13592706,3665640.0,20657480.0,0.0,6255620.0,-1630.0,28016780.0,11182583.0,36335900.0,5560.0,22184960.0,202210.0
11,A13579505,2529400.0,9282000.0,0.0,0.0,0.0,10616510.0,7283840.0,27905340.0,-817780.0,11610840.0,202210.0
12,A13508005,0.0,0.0,0.0,0.0,0.0,0.0,809580.0,4247710.0,49250.0,2129670.0,202210.0
13,A13579503,230580.0,0.0,0.0,0.0,0.0,0.0,1866050.0,9716660.0,-290850.0,6789710.0,202210.0
14,A13592605,3431540.0,13772220.0,0.0,4579610.0,0.0,18905570.0,5826440.0,39957150.0,0.0,15625310.0,202210.0
15,A13591402,0.0,0.0,0.0,0.0,0.0,0.0,2426050.0,11713260.0,290.0,4334640.0,202210.0
16,A10027474,2464160.0,4575550.0,0.0,0.0,720650.0,9107830.0,9561334.0,26788220.0,-487830.0,8206890.0,202210.0
17,A10023825,3450380.0,5007640.0,0.0,0.0,0.0,12901720.0,13485840.0,29550990.0,278960.0,6993590.0,202210.0
18,A10024820,,,,,,,,,,,202210.0
19,A10024813,,,,,,,,,,,202210.0
20,A13599303,61958750.0,8435100.0,0.0,0.0,3192500.0,12037500.0,6454510.0,34090680.0,1129570.0,0.0,202210.0
21,A13594007,2579480.0,12390000.0,0.0,4172610.0,0.0,13553760.0,2610470.0,0.0,476740.0,5271500.0,202210.0
22,A13580602,5374458.0,23521510.0,0.0,0.0,0.0,13848000.0,6598037.0,29039310.0,0.0,14717520.0,202210.0
23,A13524004,40.0,30658800.0,0.0,0.0,0.0,8381100.0,4396650.0,16112210.0,253050.0,7045150.0,202210.0
24,A13599402,0.0,9725000.0,0.0,0.0,0.0,9675000.0,218940.0,36465410.0,0.0,15809110.0,202210.0
25,A13524005,2457280.0,22044780.0,0.0,0.0,290730.0,6185600.0,4859261.0,17739810.0,1352000.0,0.0,202210.0
26,A13593908,18156100.0,12930.0,0.0,0.0,0.0,4165.0,0.0,0.0,0.0,0.0,202210.0
27,A13580001,1417130.0,10089650.0,0.0,0.0,0.0,4904900.0,1841523.0,7826200.0,-640.0,4426820.0,202210.0
28,A13524006,2250.0,57954360.0,0.0,0.0,0.0,5785650.0,8826514.0,25189500.0,470770.0,9650990.0,202210.0
29,A13593901,2650900.0,6276600.0,0.0,0.0,0.0,5250300.0,4886770.0,15616010.0,0.0,3025000.0,202210.0
30,A13524009,4807720.0,32584440.0,0.0,0.0,0.0,22736000.0,4223240.0,34798150.0,858670.0,9247280.0,202210.0
31,A13580002,8940405.0,0.0,0.0,0.0,0.0,7536840.0,1834425.0,9136590.0,195290.0,3844730.0,202210.0
32,A13599301,44641400.0,0.0,0.0,0.0,0.0,8742000.0,9059180.0,27306330.0,200000.0,0.0,202210.0
33,A10025203,6302461.0,12922280.0,0.0,0.0,-5731.0,24718260.0,29947835.0,67651310.0,3007520.0,20959560.0,202210.0
34,A10025675,14386280.0,18673850.0,0.0,0.0,0.0,45904530.0,45658348.0,116442655.0,1174020.0,43349180.0,202210.0
35,A10023565,,,,,,,,,,,202210.0
36,A10024564,12488930.0,19389910.0,0.0,0.0,0.0,59346840.0,38270966.0,130450260.0,333020.0,43512740.0,202210.0
37,A10023996,1722190.0,2445000.0,0.0,0.0,0.0,4543600.0,4930630.0,14396860.0,0.0,0.0,202210.0
38,A13510003,1411850.0,8156220.0,0.0,0.0,0.0,4191000.0,3094440.0,13523570.0,0.0,4630340.0,202210.0
39,A13510001,0.0,0.0,0.0,0.0,0.0,0.0,465760.0,6473970.0,-107210.0,3074300.0,202210.0
40,A13510201,868680.0,4758100.0,0.0,0.0,0.0,2829600.0,786040.0,7789830.0,0.0,3347730.0,202210.0
41,A13510203,0.0,0.0,0.0,0.0,0.0,0.0,2136200.0,9241020.0,0.0,4347350.0,202210.0
42,A13510102,1617660.0,8931240.0,0.0,0.0,0.0,6539400.0,7551280.0,14908650.0,-230470.0,5707050.0,202210.0
43,A13510006,0.0,0.0,0.0,0.0,0.0,0.0,2170462.0,16770010.0,0.0,0.0,202210.0
44,A13510103,4882060.0,15169100.0,0.0,0.0,0.0,6486000.0,2969450.0,17572800.0,271290.0,7728710.0,202210.0
45,A13510202,13984540.0,0.0,4620.0,0.0,0.0,3404000.0,2616470.0,7278350.0,286060.0,2929400.0,202210.0
46,A13576201,0.0,0.0,0.0,0.0,0.0,0.0,169190.0,11752000.0,19580.0,0.0,202210.0
47,A13510005,4863600.0,22034890.0,0.0,0.0,0.0,16219900.0,5468212.0,33709640.0,801010.0,9782660.0,202210.0
48,A13510009,0.0,0.0,0.0,0.0,0.0,0.0,6781460.0,12169850.0,3800.0,3325480.0,202210.0
49,A13510007,1750830.0,6403010.0,0.0,0.0,0.0,16502300.0,17640325.0,35818800.0,331600.0,9326590.0,202210.0
50,A10025280,,,,,,,,,,,202210.0
51,A10025755,,,,,,,,,,,202210.0
52,A10024640,,,,,,,,,,,202210.0
53,A13509001,0.0,0.0,39230.0,0.0,0.0,0.0,2254590.0,6792500.0,0.0,3423290.0,202210.0
54,A13570501,7510510.0,20409840.0,0.0,0.0,0.0,13527800.0,12368913.0,45614159.0,10.0,16596960.0,202210.0
55,A13550701,1774578.0,10855432.0,0.0,0.0,0.0,8364000.0,5288621.0,20447480.0,0.0,5676620.0,202210.0
56,A13509005,61510.0,7123090.0,0.0,0.0,8088300.0,8088300.0,5027486.0,18152460.0,66190.0,5975660.0,202210.0
57,A13509004,0.0,0.0,0.0,0.0,0.0,0.0,492680.0,10477480.0,0.0,4891700.0,202210.0
58,A13509010,5676230.0,14548160.0,0.0,0.0,0.0,24876200.0,13561435.0,51011390.0,167310.0,16368330.0,202210.0
59,A13509006,7070.0,0.0,0.0,0.0,0.0,0.0,3204374.0,10776850.0,0.0,6274770.0,202210.0
60,A13509003,0.0,0.0,0.0,0.0,0.0,0.0,1473060.0,8785410.0,-480.0,8975480.0,202210.0
61,A13509012,6036230.0,17980600.0,6596060.0,0.0,0.0,27058220.0,9085293.0,57539200.0,0.0,20535310.0,202210.0
62,A13509007,1782850.0,11385530.0,0.0,0.0,0.0,4298400.0,4281050.0,13576510.0,322000.0,6181340.0,202210.0
63,A13570502,,,,,,,,,,,202210.0
64,A13509013,,,,,,,,,,,202210.0
65,A13509101,0.0,0.0,0.0,0.0,0.0,0.0,1256760.0,7269660.0,278890.0,3430110.0,202210.0
66,A13509009,18129360.0,22221600.0,0.0,0.0,-13644960.0,13644960.0,17189333.0,56882390.0,3370850.0,8793270.0,202210.0
67,A13509014,,,,,,,,,,,202210.0
68,A10026350,2945870.0,4309740.0,0.0,0.0,0.0,9830400.0,6671030.0,27019640.0,853260.0,6697810.0,202210.0
69,A10026934,,,,,,,,,,,202210.0
70,A10024131,4834650.0,4596380.0,0.0,0.0,0.0,12807300.0,14153260.0,39110310.0,1074130.0,11199150.0,202210.0
71,A10023939,,,,,,,,,,,202210.0
72,A10024819,,,,,,,,,,,202210.0
73,A13528102,5403350.0,31057280.0,0.0,0.0,0.0,11742760.0,14224520.0,52148960.0,868610.0,18742180.0,202210.0
74,A13528103,14305770.0,9999640.0,0.0,0.0,0.0,32515000.0,17231329.0,77097970.0,1715510.0,23676230.0,202210.0
75,A13528004,23878780.0,87931510.0,0.0,0.0,0.0,39846600.0,20188650.0,127934370.0,0.0,55736820.0,202210.0
76,A13583604,0.0,86965450.0,0.0,0.0,0.0,23424000.0,11639699.0,47545480.0,647030.0,16903270.0,202210.0
77,A13583701,2887240.0,15381050.0,0.0,0.0,5025840.0,14610000.0,1815610.0,27283140.0,0.0,9076020.0,202210.0
78,A13528003,11798930.0,23206100.0,0.0,0.0,0.0,28296000.0,10421700.0,48043940.0,1793950.0,17248160.0,202210.0
79,A13528007,3661410.0,3009930.0,0.0,0.0,8646120.0,8646120.0,7924670.0,31268460.0,546570.0,8560310.0,202210.0
80,A13528105,460.0,94969200.0,0.0,0.0,0.0,17244500.0,9972470.0,65878600.0,0.0,20518070.0,202210.0
81,A13584101,2424330.0,10516210.0,0.0,0.0,0.0,8098440.0,7243677.0,22564970.0,350.0,7660270.0,202210.0
82,A13583507,12030.0,252780220.0,0.0,0.0,0.0,74428500.0,40957268.0,169735500.0,-1120920.0,62948630.0,202210.0
83,A13583403,24739100.0,0.0,0.0,0.0,0.0,11481000.0,4308880.0,20098620.0,226240.0,7657960.0,202210.0
84,A13583404,47487050.0,0.0,0.0,0.0,-5508000.0,5508000.0,9386890.0,30106820.0,802190.0,10339560.0,202210.0
85,A13583402,5774050.0,27692840.0,0.0,0.0,-7024000.0,7024000.0,5459730.0,14566170.0,1448720.0,6849130.0,202210.0
86,A10027800,7606620.0,10238200.0,0.0,0.0,0.0,51948520.0,37595573.0,124222080.0,2211750.0,38416810.0,202210.0
87,A10025646,,,,,,,,,,,202210.0
88,A10026526,,,,,,,,,,,202210.0
89,A10024102,0.0,0.0,0.0,0.0,0.0,0.0,4115420.0,16715750.0,0.0,4750980.0,202210.0
90,A10024815,,,,,,,,,,,202210.0
91,A10026924,1460280.0,3254180.0,0.0,0.0,0.0,6926950.0,8989226.0,14262390.0,295520.0,4170970.0,202210.0
92,A10024799,,,,,,,,,,,202210.0
93,A10028094,,,,,,,,,,,202210.0
94,A10024029,,,,,,,,,,,202210.0
95,A10024814,,,,,,,,,,,202210.0
96,A10024805,,,,,,,,,,,202210.0
97,A13501004,0.0,0.0,8300.0,0.0,0.0,0.0,6533526.0,19029910.0,179710.0,9871840.0,202210.0
98,A13501001,3954160.0,0.0,0.0,0.0,0.0,0.0,8138035.0,26159060.0,1242730.0,4063520.0,202210.0
99,A13582002,-4121110.0,33242200.0,0.0,0.0,2777940.0,9662400.0,8087950.0,19850120.0,0.0,0.0,202210.0
100,A13501007,,,,,,,,,,,202210.0
101,A13501008,,,,,,,,,,,202210.0
102,A13583301,0.0,0.0,0.0,0.0,0.0,0.0,3504110.0,7490890.0,0.0,2894810.0,202210.0
103,A13501006,10721870.0,3706040.0,0.0,0.0,-8573580.0,8533540.0,-289030.0,24857210.0,1482630.0,5395720.0,202210.0
104,A13501005,,,,,,,,,,,202210.0
105,A10024501,0.0,0.0,0.0,0.0,0.0,0.0,4390940.0,4399350.0,351540.0,1372020.0,202210.0
106,A13590204,63703426.0,0.0,0.0,0.0,0.0,10566000.0,2871808.0,39707470.0,1201709.0,0.0,202210.0
107,A13589802,7354170.0,382330640.0,0.0,0.0,-32742000.0,32742000.0,1670100.0,205806690.0,26867426.0,45874590.0,202210.0
108,A13511201,34005840.0,0.0,0.0,0.0,0.0,0.0,2660630.0,22045550.0,3138680.0,0.0,202210.0
109,A13551103,178.0,76486650.0,0.0,0.0,0.0,10440000.0,3705592.0,40891930.0,0.0,0.0,202210.0
110,A13590602,30306050.0,0.0,0.0,0.0,0.0,8606640.0,10656859.0,22994700.0,506920.0,0.0,202210.0
111,A13511001,25342530.0,25342520.0,0.0,0.0,7283520.0,7283520.0,7082740.0,14688420.0,0.0,0.0,202210.0
112,A13511004,38127780.0,127899780.0,0.0,0.0,0.0,27638550.0,22720082.0,84311997.0,1130605.0,0.0,202210.0
113,A13511101,56248300.0,0.0,0.0,0.0,0.0,8517000.0,8010930.0,30615910.0,-4730.0,14217390.0,202210.0
114,A13511003,-9.0,33138319.0,0.0,0.0,0.0,25275000.0,8278950.0,39337740.0,0.0,0.0,202210.0
115,A13519002,0.0,0.0,179630.0,0.0,0.0,0.0,1205100.0,13222350.0,47290.0,7034490.0,202210.0
116,A13519006,8055649.0,11970350.0,0.0,0.0,-79.0,22180000.0,13581486.0,36219600.0,659150.0,19778200.0,202210.0
117,A13519007,25981660.0,10664410.0,0.0,0.0,-16929900.0,16809000.0,4489600.0,37001920.0,1894020.0,14048690.0,202210.0
118,A13519004,0.0,0.0,-364390.0,342090.0,0.0,0.0,-303710.0,13392190.0,144120.0,4813780.0,202210.0
119,A13519005,0.0,0.0,0.0,0.0,0.0,0.0,2252581.0,24464210.0,912420.0,10603790.0,202210.0
120,A13519003,0.0,0.0,149330.0,0.0,0.0,0.0,2370850.0,11648270.0,392630.0,6315790.0,202210.0
121,A13519001,0.0,0.0,89940.0,0.0,0.0,0.0,1385270.0,10941760.0,125620.0,6255120.0,202210.0
122,A10028172,5193740.0,6503090.0,0.0,0.0,0.0,17184210.0,9569132.0,30192060.0,0.0,14002190.0,202210.0
123,A13519008,506360.0,5532650.0,0.0,0.0,0.0,21936240.0,6933324.0,18832610.0,0.0,7099780.0,202210.0
124,A13520003,0.0,19193540.0,0.0,0.0,0.0,29565470.0,15212413.0,60921330.0,0.0,18167600.0,202210.0
125,A13520004,21013340.0,0.0,0.0,0.0,0.0,0.0,22899596.0,0.0,8300930.0,0.0,202210.0
126,A10027985,5943800.0,15410900.0,0.0,8574520.0,0.0,26472650.0,18650430.0,50911830.0,2097080.0,20101540.0,202210.0
127,A13520002,0.0,0.0,0.0,0.0,0.0,0.0,14573146.0,52679440.0,1716040.0,21093450.0,202210.0
128,A10023314,,,,,,,,,,,202210.0
129,A13520001,0.0,0.0,0.0,0.0,0.0,0.0,1010868.0,40134950.0,592540.0,17553670.0,202210.0
130,A10027909,0.0,0.0,35450.0,0.0,0.0,0.0,4554080.0,6864760.0,146530.0,3148090.0,202210.0
131,A10027912,0.0,0.0,140000.0,0.0,0.0,0.0,425320.0,14481300.0,153880.0,5052520.0,202210.0
132,A13594702,3356320.0,20675240.0,0.0,0.0,910.0,16834740.0,3957640.0,0.0,0.0,0.0,202210.0
133,A13523005,4363980.0,19817280.0,0.0,0.0,0.0,18724446.0,9734034.0,27820560.0,0.0,12212000.0,202210.0
134,A13523004,12097910.0,20136670.0,0.0,0.0,0.0,12867200.0,579090.0,33609940.0,1128540.0,9246200.0,202210.0
135,A13594701,5014830.0,21372960.0,0.0,0.0,0.0,10432500.0,6033702.0,19813280.0,840470.0,8404700.0,202210.0
136,A13593802,26014590.0,0.0,0.0,0.0,9296470.0,0.0,5147100.0,0.0,778680.0,0.0,202210.0
137,A13523003,9756390.0,10575070.0,0.0,0.0,0.0,9921600.0,227639.0,19498420.0,171500.0,10172720.0,202210.0
138,A13594402,13743130.0,0.0,3250.0,0.0,0.0,6465600.0,3765950.0,13205900.0,753220.0,0.0,202210.0
139,A13593801,6610536.0,8370264.0,0.0,2128340.0,-5242500.0,7514250.0,3388130.0,25589960.0,0.0,0.0,202210.0
140,A13594203,8516862.0,23382118.0,0.0,0.0,24000.0,18308000.0,7285399.0,34903911.0,2335600.0,13837020.0,202210.0
141,A13594403,45174650.0,0.0,0.0,0.0,0.0,13248000.0,7911000.0,28545240.0,0.0,0.0,202210.0
142,A10027571,605320.0,4230800.0,0.0,0.0,0.0,4090000.0,1096880.0,5020440.0,427130.0,0.0,202210.0
143,A10025823,30208770.0,6206590.0,0.0,0.0,-25108150.0,23914830.0,14648449.0,52711010.0,0.0,17344030.0,202210.0
144,A10024216,13991780.0,18898760.0,0.0,0.0,45500.0,53045070.0,43127758.0,121888860.0,-2362100.0,37525700.0,202210.0
145,A13522003,7373460.0,10206960.0,0.0,0.0,0.0,9351800.0,2456690.0,0.0,63390.0,0.0,202210.0
146,A13522008,0.0,54007560.0,0.0,0.0,0.0,19377000.0,7247668.0,0.0,0.0,0.0,202210.0
147,A13522004,6725510.0,19669060.0,0.0,3769180.0,0.0,16012600.0,9701156.0,23347390.0,384800.0,13514210.0,202210.0
148,A13588402,13863680.0,14926770.0,-671930.0,658020.0,-10566000.0,10539000.0,5290897.0,23837760.0,2302040.0,0.0,202210.0
149,A13522007,7016100.0,15936000.0,0.0,0.0,0.0,20241780.0,3970050.0,0.0,1350280.0,0.0,202210.0
150,A13522006,6305200.0,17041700.0,0.0,0.0,0.0,13352000.0,-762050.0,27144170.0,2744310.0,0.0,202210.0
151,A13552001,2073739.0,2241501.0,11410.0,0.0,0.0,11655000.0,226100.0,388750.0,330300.0,0.0,202210.0
152,A13552002,0.0,0.0,0.0,0.0,0.0,0.0,1171611.0,39821870.0,1740010.0,14131050.0,202210.0
153,A13588601,4501390.0,6369590.0,0.0,0.0,0.0,7512600.0,3824340.0,11471450.0,768350.0,4722430.0,202210.0
154,A10025204,,,,,,,,,,,202210.0
155,A10027446,4503940.0,8694190.0,0.0,0.0,0.0,9485800.0,12112090.0,28121390.0,678030.0,7660790.0,202210.0
156,A13550502,4195270.0,17203020.0,0.0,0.0,0.0,30085540.0,11448560.0,36781700.0,0.0,16207470.0,202210.0
157,A13527004,1283240.0,7091670.0,0.0,0.0,0.0,3000000.0,747650.0,6943490.0,0.0,3619720.0,202210.0
158,A13585404,2361450.0,4100910.0,0.0,2593020.0,0.0,12046100.0,7420270.0,26130510.0,0.0,9321580.0,202210.0
159,A13527002,3360020.0,4062440.0,0.0,0.0,-2403000.0,2403000.0,1760304.0,7168580.0,0.0,3384340.0,202210.0
160,A13527008,0.0,0.0,22600.0,0.0,0.0,0.0,2126413.0,14087220.0,63090.0,6655410.0,202210.0
161,A13527013,3434020.0,21298930.0,0.0,0.0,0.0,10823100.0,5343708.0,19133880.0,1087210.0,5809300.0,202210.0
162,A13527203,17343388.0,68493740.0,0.0,0.0,-358.0,104473870.0,65506235.0,164751710.0,-4704950.0,69133780.0,202210.0
163,A13585401,0.0,4385550.0,0.0,0.0,0.0,3112200.0,1940755.0,5789670.0,0.0,1729000.0,202210.0
164,A13586102,5405410.0,4601740.0,0.0,0.0,-3865120.0,3865120.0,1367610.0,8557970.0,74790.0,4276770.0,202210.0
165,A13585804,6341320.0,28637250.0,0.0,0.0,0.0,26842500.0,17770090.0,42828520.0,2984400.0,0.0,202210.0
166,A13527007,2111410.0,8487090.0,0.0,0.0,0.0,7203300.0,6034693.0,18811930.0,270190.0,5358500.0,202210.0
167,A13527016,5080700.0,10570560.0,0.0,0.0,49000.0,7661500.0,8976117.0,16298290.0,2200640.0,9123440.0,202210.0
168,A13550403,9122810.0,13946820.0,0.0,0.0,-6986000.0,6986000.0,6262543.0,12204900.0,2013190.0,6180690.0,202210.0
169,A13586101,0.0,0.0,0.0,0.0,0.0,0.0,590920.0,0.0,79990.0,0.0,202210.0
170,A13527010,-750.0,27388800.0,0.0,0.0,0.0,7244000.0,3882415.0,12725280.0,400.0,8658980.0,202210.0
171,A13527019,3103610.0,7681820.0,0.0,0.0,0.0,9960300.0,9076459.0,20928230.0,334490.0,7723620.0,202210.0
172,A13527006,16415930.0,0.0,0.0,0.0,1966900.0,0.0,2838240.0,9882040.0,808890.0,4427640.0,202210.0
173,A10027319,2972740.0,932540.0,0.0,0.0,-2342780.0,2342780.0,2826240.0,6341230.0,0.0,2179210.0,202210.0
174,A13550404,,,,,,,,,,,202210.0
175,A10024793,0.0,0.0,0.0,138200.0,0.0,0.0,1511770.0,0.0,0.0,0.0,202210.0
