,kaptCode,heatC,heatP,gasC,gasP,waterHotC,waterHotP,electC,electP,waterCoolC,waterCoolP,Date
0,A13508012,2370450.0,21754830.0,0.0,0.0,0.0,13406790.0,10283390.0,22270530.0,346180.0,8008100.0,202202.0
1,A13579501,2501950.0,35408800.0,0.0,0.0,0.0,9786870.0,6478234.0,18834080.0,-19420.0,7795560.0,202202.0
2,A13592604,27375520.0,51330410.0,0.0,0.0,-19050000.0,19038000.0,9061335.0,27763100.0,0.0,15058450.0,202202.0
3,A13508009,3356840.0,45855360.0,0.0,0.0,0.0,14645240.0,12861600.0,20842270.0,189300.0,10509510.0,202202.0
4,A13508004,0.0,13249050.0,0.0,0.0,0.0,4316400.0,3791810.0,8201620.0,927610.0,3584830.0,202202.0
5,A13508003,0.0,0.0,0.0,0.0,0.0,0.0,2793410.0,0.0,1076990.0,0.0,202202.0
6,A13579506,1886840.0,23165300.0,3320.0,0.0,0.0,2658610.0,4932836.0,16029630.0,0.0,5547960.0,202202.0
7,A13508006,3103470.0,34308830.0,0.0,0.0,0.0,9535500.0,5823382.0,26972270.0,0.0,6597130.0,202202.0
8,A13508011,2697760.0,36036320.0,0.0,0.0,-1150.0,17911660.0,11127375.0,31930380.0,1100050.0,8642670.0,202202.0
9,A13592601,6197960.0,35125210.0,0.0,0.0,0.0,14151300.0,8420518.0,26632120.0,261750.0,9675500.0,202202.0
10,A13592706,3665640.0,71845780.0,0.0,5857150.0,5560.0,34650700.0,16240655.0,37088610.0,-220.0,21983800.0,202202.0
11,A13579505,2529400.0,39728800.0,0.0,0.0,0.0,9167820.0,7619803.0,23834100.0,-616810.0,11101380.0,202202.0
12,A13508005,0.0,0.0,0.0,0.0,0.0,0.0,1221160.0,3905210.0,122540.0,2186900.0,202202.0
13,A13579503,237030.0,0.0,0.0,0.0,0.0,0.0,2755070.0,9575040.0,241280.0,6246730.0,202202.0
14,A13592605,3431540.0,54927150.0,0.0,4275540.0,0.0,27706660.0,5117680.0,33109710.0,0.0,16132760.0,202202.0
15,A13591402,0.0,0.0,0.0,0.0,0.0,0.0,3134001.0,11229870.0,-170.0,4287960.0,202202.0
16,A10027474,2464160.0,26950020.0,0.0,0.0,1306200.0,9768030.0,10280370.0,21705320.0,121550.0,8043020.0,202202.0
17,A10023825,,,,,,,,,,,202202.0
18,A10024820,,,,,,,,,,,202202.0
19,A10024813,,,,,,,,,,,202202.0
20,A13599303,-19591620.0,143067500.0,0.0,0.0,107500.0,19592500.0,10187739.0,30565200.0,204220.0,0.0,202202.0
21,A13594007,1401880.0,38373660.0,0.0,3716690.0,0.0,15909000.0,4146460.0,0.0,489010.0,4191200.0,202202.0
22,A13580602,5377547.0,88589590.0,0.0,0.0,0.0,17115150.0,10961391.0,30577200.0,0.0,15179510.0,202202.0
23,A13524004,330.0,65471400.0,0.0,0.0,0.0,12589200.0,9748810.0,16418740.0,552520.0,5899110.0,202202.0
24,A13599402,0.0,116094700.0,0.0,0.0,0.0,13680000.0,6871030.0,35601250.0,0.0,13083940.0,202202.0
25,A13524005,2689360.0,61826310.0,0.0,0.0,336580.0,8886400.0,9339400.0,19014490.0,2531360.0,0.0,202202.0
26,A13593908,5643260.0,33345120.0,0.0,0.0,0.0,21319200.0,0.0,0.0,0.0,0.0,202202.0
27,A13580001,1417050.0,24695930.0,0.0,0.0,0.0,7168700.0,4015569.0,8922170.0,-380.0,4824470.0,202202.0
28,A13524006,1070.0,113283480.0,0.0,0.0,0.0,8162010.0,13832128.0,21902050.0,3978220.0,8436080.0,202202.0
29,A13593901,1937930.0,23802240.0,0.0,0.0,0.0,6968000.0,5891940.0,13098600.0,0.0,2947650.0,202202.0
30,A13524009,3687110.0,80009300.0,0.0,0.0,0.0,38372100.0,10466700.0,30205050.0,1807350.0,5759920.0,202202.0
31,A13580002,24512479.0,0.0,0.0,0.0,0.0,8513950.0,1703435.0,8173420.0,130650.0,3026460.0,202202.0
32,A13599301,92545910.0,0.0,0.0,0.0,0.0,8538000.0,7851193.0,23309670.0,27620.0,0.0,202202.0
33,A10025203,6302461.0,76384460.0,0.0,0.0,-46001.0,24245760.0,42111463.0,68717630.0,4612760.0,17573260.0,202202.0
34,A10025675,12326680.0,106128280.0,0.0,0.0,0.0,55159680.0,47215100.0,95743310.0,2488490.0,43398080.0,202202.0
35,A10023565,,,,,,,,,,,202202.0
36,A10024564,12465420.0,105448850.0,0.0,0.0,0.0,77362670.0,35028714.0,105971230.0,5199980.0,40484570.0,202202.0
37,A10023996,984480.0,8892670.0,0.0,0.0,0.0,4617000.0,8701760.0,7526380.0,0.0,0.0,202202.0
38,A13510003,1411770.0,28257940.0,0.0,0.0,0.0,4590700.0,4533890.0,14899060.0,0.0,4094140.0,202202.0
39,A13510001,0.0,0.0,0.0,0.0,0.0,0.0,198390.0,7676480.0,-71610.0,3065740.0,202202.0
40,A13510201,867530.0,16120960.0,0.0,0.0,0.0,3668400.0,1648790.0,8660330.0,0.0,3338110.0,202202.0
41,A13510203,0.0,0.0,0.0,0.0,0.0,0.0,2568300.0,8931090.0,0.0,4502810.0,202202.0
42,A13510102,1617590.0,29722920.0,0.0,0.0,0.0,7619400.0,814540.0,15095510.0,71830.0,6301340.0,202202.0
43,A13510006,0.0,0.0,0.0,0.0,0.0,0.0,2991848.0,16976900.0,0.0,0.0,202202.0
44,A13510103,2592720.0,43436700.0,0.0,0.0,0.0,6910000.0,4250910.0,14174570.0,0.0,11368310.0,202202.0
45,A13510202,26331260.0,0.0,135250.0,0.0,0.0,4900000.0,2275980.0,6228920.0,377880.0,2485860.0,202202.0
46,A13576201,0.0,0.0,0.0,0.0,0.0,0.0,81560.0,12726810.0,27730.0,0.0,202202.0
47,A13510005,4863720.0,71786890.0,0.0,0.0,0.0,25574400.0,4830795.0,34813100.0,4328520.0,7127280.0,202202.0
48,A13510009,0.0,0.0,0.0,0.0,0.0,0.0,6844170.0,9645110.0,3430.0,3536960.0,202202.0
49,A13510007,8539640.0,43043740.0,0.0,0.0,0.0,17537100.0,21267519.0,27833550.0,539550.0,9345210.0,202202.0
50,A10025280,,,,,,,,,,,202202.0
51,A10025755,,,,,,,,,,,202202.0
52,A10024640,,,,,,,,,,,202202.0
53,A13509001,0.0,0.0,607300.0,0.0,0.0,0.0,2193980.0,7520900.0,0.0,3085540.0,202202.0
54,A13570501,8983760.0,65749120.0,0.0,0.0,0.0,16179800.0,15380495.0,37241430.0,-60.0,18023340.0,202202.0
55,A13550701,1774578.0,27992052.0,0.0,0.0,0.0,12245100.0,6694476.0,21121100.0,0.0,7591470.0,202202.0
56,A13509005,91890.0,25748630.0,0.0,0.0,8053400.0,8053400.0,5754650.0,15115060.0,67240.0,6438280.0,202202.0
57,A13509004,0.0,0.0,0.0,0.0,0.0,0.0,959740.0,11417120.0,0.0,4278830.0,202202.0
58,A13509010,5420890.0,61962420.0,0.0,0.0,0.0,29140000.0,14520526.0,44193640.0,86380.0,30015670.0,202202.0
59,A13509006,437820.0,0.0,0.0,0.0,0.0,0.0,2733381.0,9215490.0,0.0,6559090.0,202202.0
60,A13509003,0.0,0.0,0.0,0.0,0.0,0.0,1781530.0,10229950.0,-280.0,9010480.0,202202.0
61,A13509012,6036230.0,61927370.0,6382290.0,0.0,0.0,47195190.0,7583398.0,49899350.0,0.0,22543520.0,202202.0
62,A13509007,1809870.0,33643700.0,0.0,0.0,0.0,4011150.0,5942590.0,14666830.0,358970.0,6353500.0,202202.0
63,A13570502,,,,,,,,,,,202202.0
64,A13509013,,,,,,,,,,,202202.0
65,A13509101,0.0,0.0,0.0,0.0,0.0,0.0,3278970.0,7743900.0,664660.0,3769630.0,202202.0
66,A13509009,22053900.0,72379860.0,0.0,0.0,-17554500.0,17554500.0,24656368.0,53970810.0,2457440.0,10060200.0,202202.0
67,A13509014,,,,,,,,,,,202202.0
68,A10026350,3910290.0,20732190.0,0.0,0.0,0.0,11438730.0,8718510.0,21933320.0,1338070.0,6212210.0,202202.0
69,A10026934,,,,,,,,,,,202202.0
70,A10024131,6131200.0,22436190.0,0.0,0.0,0.0,23214000.0,23220900.0,33279850.0,1454660.0,9434470.0,202202.0
71,A10023939,,,,,,,,,,,202202.0
72,A10024819,,,,,,,,,,,202202.0
73,A13528102,5403350.0,95498480.0,0.0,0.0,0.0,9942360.0,17301900.0,43480530.0,3110580.0,14559990.0,202202.0
74,A13528103,19937440.0,87808540.0,0.0,0.0,0.0,33600000.0,22651214.0,65343280.0,579770.0,21074060.0,202202.0
75,A13528004,34652140.0,286009950.0,0.0,0.0,0.0,53651700.0,26787490.0,148032430.0,0.0,58695300.0,202202.0
76,A13583604,-408810.0,185904810.0,0.0,0.0,0.0,19037500.0,8425032.0,56470190.0,2071940.0,14271300.0,202202.0
77,A13583701,2887240.0,48363340.0,0.0,0.0,3616200.0,20664000.0,3495047.0,23707720.0,0.0,9162640.0,202202.0
78,A13528003,1606230.0,79780550.0,0.0,0.0,0.0,47714700.0,10746353.0,39329510.0,1034900.0,11889630.0,202202.0
79,A13528007,5262750.0,24084060.0,0.0,0.0,0.0,6626000.0,10236530.0,29745700.0,404690.0,6943320.0,202202.0
80,A13528105,-3230.0,184254900.0,0.0,0.0,0.0,31311000.0,4226360.0,70296120.0,2689240.0,15462610.0,202202.0
81,A13584101,28775460.0,26350730.0,0.0,0.0,13699200.0,13699200.0,27699240.0,19768180.0,7955210.0,7955580.0,202202.0
82,A13583507,-10200.0,695625560.0,0.0,0.0,0.0,80825430.0,43451135.0,137920490.0,-2530130.0,61432240.0,202202.0
83,A13583403,79042180.0,0.0,0.0,0.0,0.0,11092720.0,4411420.0,16946710.0,231820.0,5729230.0,202202.0
84,A13583404,111560560.0,0.0,0.0,0.0,-8274600.0,8274600.0,14353805.0,30008830.0,492880.0,10021540.0,202202.0
85,A13583402,5817530.0,61753160.0,0.0,0.0,-9660000.0,9660000.0,9928180.0,12428060.0,3486250.0,5406550.0,202202.0
86,A10027800,8893880.0,92093460.0,0.0,0.0,0.0,65851200.0,40623643.0,102016340.0,3354400.0,37853540.0,202202.0
87,A10025646,,,,,,,,,,,202202.0
88,A10026526,,,,,,,,,,,202202.0
89,A10024102,0.0,0.0,21040.0,16887820.0,0.0,0.0,9416650.0,12033060.0,1600.0,3544900.0,202202.0
90,A10024815,,,,,,,,,,,202202.0
91,A10026924,1460280.0,17167710.0,0.0,0.0,0.0,7166250.0,8417796.0,13250380.0,1225730.0,4911100.0,202202.0
92,A10024799,,,,,,,,,,,202202.0
93,A10028094,,,,,,,,,,,202202.0
94,A10024029,,,,,,,,,,,202202.0
95,A10024814,,,,,,,,,,,202202.0
96,A10024805,,,,,,,,,,,202202.0
97,A13501004,0.0,0.0,200550.0,0.0,0.0,0.0,7032327.0,19446630.0,337540.0,9031830.0,202202.0
98,A13501001,7083980.0,0.0,0.0,0.0,0.0,0.0,7445829.0,24411330.0,2415730.0,3652830.0,202202.0
99,A13582002,-2771910.0,91367410.0,0.0,0.0,0.0,11926800.0,9274410.0,16592690.0,981500.0,0.0,202202.0
100,A13501007,,,,,,,,,,,202202.0
101,A13501008,,,,,,,,,,,202202.0
102,A13583301,0.0,0.0,0.0,0.0,0.0,0.0,3067720.0,6114440.0,0.0,2202620.0,202202.0
103,A13501006,12704130.0,20928560.0,0.0,0.0,-10556960.0,10470920.0,9192010.0,20324490.0,1078670.0,4879950.0,202202.0
104,A13501005,,,,,,,,,,,202202.0
105,A10024501,0.0,0.0,0.0,0.0,0.0,0.0,5316990.0,3338310.0,202530.0,1329110.0,202202.0
106,A13590204,176977344.0,0.0,0.0,0.0,0.0,14499000.0,6317847.0,47328260.0,237086.0,0.0,202202.0
107,A13589802,2338788.0,713604802.0,0.0,0.0,-45308000.0,45308000.0,38018840.0,186654290.0,31988130.0,43417910.0,202202.0
108,A13511201,84465850.0,0.0,0.0,0.0,0.0,0.0,10741901.0,22458790.0,3500000.0,0.0,202202.0
109,A13551103,-454.0,223867170.0,0.0,0.0,0.0,10702000.0,13637292.0,44692580.0,0.0,0.0,202202.0
110,A13590602,116551900.0,0.0,0.0,0.0,0.0,9128340.0,6350740.0,19513300.0,594320.0,0.0,202202.0
111,A13511001,51634320.0,0.0,0.0,0.0,9253440.0,0.0,20504240.0,0.0,0.0,0.0,202202.0
112,A13511004,61158600.0,313096830.0,0.0,0.0,0.0,41748400.0,29261550.0,88113610.0,515790.0,0.0,202202.0
113,A13511101,108466580.0,0.0,0.0,0.0,0.0,15534000.0,2170800.0,29906020.0,-2620.0,14610670.0,202202.0
114,A13511003,0.0,120742500.0,0.0,0.0,0.0,31249500.0,10106980.0,33113360.0,0.0,0.0,202202.0
115,A13519002,0.0,0.0,1265630.0,0.0,0.0,0.0,3527816.0,14015310.0,253160.0,6249010.0,202202.0
116,A13519006,11870480.0,47537260.0,0.0,0.0,30.0,21005950.0,12068863.0,30186000.0,830900.0,17520340.0,202202.0
117,A13519007,28611130.0,41962800.0,0.0,0.0,-22831200.0,22743000.0,5139050.0,31554400.0,1801340.0,12876240.0,202202.0
118,A13519004,0.0,0.0,-309180.0,302210.0,0.0,0.0,1233590.0,11583590.0,0.0,5447580.0,202202.0
119,A13519005,0.0,0.0,0.0,0.0,0.0,0.0,4153843.0,21463400.0,1346500.0,10290010.0,202202.0
120,A13519003,0.0,0.0,911740.0,0.0,0.0,0.0,3831250.0,12619730.0,155220.0,6268360.0,202202.0
121,A13519001,0.0,0.0,1091690.0,0.0,0.0,0.0,3008510.0,14246510.0,0.0,6310890.0,202202.0
122,A10028172,3885160.0,27664190.0,0.0,0.0,0.0,23160930.0,9452835.0,24825760.0,0.0,11915350.0,202202.0
123,A13519008,9857245.0,25939700.0,0.0,0.0,0.0,20328672.0,9840930.0,15977310.0,0.0,7636840.0,202202.0
124,A13520003,0.0,52972900.0,0.0,0.0,0.0,47727470.0,17010804.0,52501040.0,0.0,18464600.0,202202.0
125,A13520004,2396500.0,28888890.0,0.0,0.0,0.0,11480700.0,6610711.0,13589200.0,666920.0,7619370.0,202202.0
126,A10027985,5943800.0,58669860.0,0.0,7520100.0,0.0,26480460.0,17891250.0,42027980.0,362040.0,21186800.0,202202.0
127,A13520002,0.0,0.0,0.0,0.0,0.0,0.0,27991580.0,68265690.0,1039130.0,19295700.0,202202.0
128,A10023314,,,,,,,,,,,202202.0
129,A13520001,0.0,0.0,0.0,0.0,0.0,0.0,8666865.0,41133400.0,2238890.0,16665830.0,202202.0
130,A10027909,0.0,0.0,44300.0,0.0,0.0,0.0,6729960.0,7397050.0,80780.0,2958190.0,202202.0
131,A10027912,0.0,0.0,689820.0,0.0,0.0,0.0,2869925.0,13435930.0,643300.0,6292140.0,202202.0
132,A13594702,3355901.0,63959820.0,0.0,0.0,-581.0,19032010.0,6367740.0,0.0,0.0,0.0,202202.0
133,A13523005,4363980.0,63263872.0,0.0,0.0,0.0,24793380.0,8605314.0,24173540.0,0.0,12462200.0,202202.0
134,A13523004,17633790.0,63126370.0,0.0,0.0,0.0,17736000.0,717440.0,29908660.0,234050.0,8984380.0,202202.0
135,A13594701,7859920.0,48895160.0,0.0,0.0,0.0,16517900.0,8484772.0,21260150.0,692990.0,6929910.0,202202.0
136,A13593802,42842892.0,0.0,0.0,0.0,13859120.0,0.0,8041760.0,0.0,775678.0,0.0,202202.0
137,A13523003,7983350.0,41617050.0,0.0,0.0,0.0,9554200.0,530160.0,20245060.0,-790.0,10120640.0,202202.0
138,A13594402,36514490.0,0.0,2380.0,0.0,0.0,8402400.0,5011970.0,11048220.0,610120.0,0.0,202202.0
139,A13593801,9300846.0,14128104.0,0.0,2222970.0,-7510500.0,10765050.0,4449180.0,23679920.0,0.0,0.0,202202.0
140,A13594203,13515210.0,60947970.0,0.0,0.0,0.0,25578100.0,2600680.0,31297090.0,1136050.0,11949520.0,202202.0
141,A13594403,94359110.0,0.0,0.0,0.0,0.0,19888000.0,8185100.0,22907120.0,493170.0,0.0,202202.0
142,A10027571,605380.0,12868380.0,0.0,0.0,0.0,3876000.0,1017150.0,6035450.0,888940.0,0.0,202202.0
143,A10025823,27116590.0,46754250.0,0.0,0.0,-21387840.0,21008400.0,20199755.0,50705580.0,0.0,16547840.0,202202.0
144,A10024216,27765020.0,101890970.0,0.0,0.0,165000.0,44723840.0,55213880.0,115612140.0,29570.0,32842190.0,202202.0
145,A13522003,7341700.0,36227900.0,0.0,4603300.0,0.0,11410000.0,3890960.0,0.0,644535.0,0.0,202202.0
146,A13522008,0.0,79884830.0,0.0,0.0,0.0,22623000.0,9891290.0,0.0,0.0,0.0,202202.0
147,A13522004,3207320.0,55456340.0,0.0,3460280.0,0.0,23294600.0,10292676.0,24085130.0,50180.0,13538480.0,202202.0
148,A13588402,26429810.0,37441800.0,-603930.0,593390.0,-17728270.0,17689980.0,219959.0,24882470.0,3432690.0,0.0,202202.0
149,A13522007,11402670.0,46069430.0,0.0,0.0,0.0,35741590.0,6684800.0,0.0,1041410.0,0.0,202202.0
150,A13522006,10136780.0,47510180.0,0.0,0.0,0.0,17636000.0,4852641.0,25106200.0,4302240.0,0.0,202202.0
151,A13552001,5413923.0,23158917.0,207110.0,0.0,0.0,23504800.0,743170.0,424380.0,499350.0,0.0,202202.0
152,A13552002,0.0,0.0,0.0,0.0,0.0,0.0,11430648.0,42605880.0,176350.0,14718610.0,202202.0
153,A13588601,2544220.0,26468520.0,0.0,0.0,0.0,11457000.0,4713820.0,12936510.0,635700.0,4082610.0,202202.0
154,A10025204,,,,,,,,,,,202202.0
155,A10027446,4911720.0,31821100.0,0.0,0.0,0.0,11176000.0,13390320.0,21534370.0,657200.0,7821020.0,202202.0
156,A13550502,4195270.0,74063460.0,-1134140.0,1122830.0,0.0,26663400.0,11790710.0,34870580.0,0.0,17228700.0,202202.0
157,A13527004,2519610.0,17521190.0,0.0,0.0,0.0,4416000.0,962810.0,5816160.0,601530.0,3191160.0,202202.0
158,A13585404,2361450.0,25545620.0,0.0,2391930.0,0.0,16420830.0,6792150.0,21638160.0,0.0,8303330.0,202202.0
159,A13527002,4544610.0,11958210.0,0.0,0.0,3540000.0,3540000.0,1401121.0,6274600.0,0.0,3483640.0,202202.0
160,A13527008,0.0,0.0,409700.0,0.0,0.0,0.0,2850855.0,16127710.0,24800.0,6405230.0,202202.0
161,A13527013,3434020.0,58086890.0,0.0,0.0,0.0,16184980.0,8096820.0,16717330.0,447870.0,5522140.0,202202.0
162,A13527203,17344280.0,273233280.0,0.0,0.0,0.0,123165360.0,79471408.0,132918570.0,-593620.0,65030890.0,202202.0
163,A13585401,0.0,15762600.0,0.0,0.0,0.0,3789000.0,2184999.0,7530200.0,0.0,1679790.0,202202.0
164,A13586102,21690330.0,15950890.0,0.0,0.0,0.0,3615000.0,8751900.0,7647040.0,4831420.0,4513760.0,202202.0
165,A13585804,6341320.0,85498440.0,0.0,0.0,0.0,40480000.0,20971470.0,35084270.0,2148240.0,0.0,202202.0
166,A13527007,2111410.0,29242840.0,0.0,0.0,0.0,11686500.0,7972828.0,20619150.0,200000.0,6246960.0,202202.0
167,A13527016,5060160.0,43092410.0,0.0,0.0,38500.0,9695000.0,5829905.0,19247490.0,2598270.0,8926660.0,202202.0
168,A13550403,13152580.0,40179650.0,0.0,0.0,-11016000.0,11016000.0,3027422.0,14678120.0,3815310.0,5197150.0,202202.0
169,A13586101,0.0,0.0,0.0,0.0,0.0,0.0,937460.0,0.0,0.0,0.0,202202.0
170,A13527010,-150.0,49236000.0,0.0,0.0,0.0,9372000.0,3979135.0,11144500.0,-400.0,7694950.0,202202.0
171,A13527019,3284660.0,33819640.0,0.0,0.0,0.0,12015200.0,9189380.0,17485820.0,95130.0,7327620.0,202202.0
172,A13527006,50925900.0,0.0,0.0,0.0,2476900.0,0.0,4289510.0,9334280.0,848310.0,4984760.0,202202.0
173,A10027319,2549920.0,7035490.0,0.0,0.0,-1919870.0,1919870.0,3906990.0,6709290.0,0.0,2193830.0,202202.0
174,A13550404,,,,,,,,,,,202202.0
175,A10024793,0.0,0.0,0.0,127980.0,0.0,0.0,1858780.0,0.0,0.0,0.0,202202.0
