,kaptCode,heatC,heatP,gasC,gasP,waterHotC,waterHotP,electC,electP,waterCoolC,waterCoolP,Date
0,A13508012,2370450.0,0.0,0.0,0.0,0.0,5088510.0,,,,,202208.0
1,A13579501,2595770.0,42073500.0,0.0,0.0,0.0,10978580.0,8513161.0,30818040.0,-764130.0,8426100.0,202208.0
2,A13592604,30385500.0,60707940.0,0.0,4320260.0,-8269190.0,8260030.0,12427226.0,51987270.0,0.0,17633500.0,202208.0
3,A13508009,3386970.0,0.0,,,0.0,7487520.0,9834990.0,48873700.0,151170.0,10337730.0,202208.0
4,A13508004,0.0,0.0,0.0,0.0,0.0,2560410.0,2978042.0,9936710.0,651060.0,3599240.0,202208.0
5,A13508003,,,,,0.0,2373790.0,,,1217750.0,0.0,202208.0
6,A13579506,1886400.0,0.0,3060.0,0.0,0.0,2521790.0,5222292.0,38450640.0,0.0,7071280.0,202208.0
7,A13508006,,,0.0,0.0,-134.0,19320220.0,11122294.0,32734730.0,1222250.0,8758670.0,202208.0
8,A13508011,,,,,,,11365140.0,59807650.0,0.0,9884000.0,202208.0
9,A13592601,2616010.0,0.0,,,6090.0,38154690.0,6444026.0,38463290.0,0.0,9673950.0,202208.0
10,A13592706,,,0.0,5873520.0,0.0,9500000.0,14641450.0,69941340.0,1800.0,24018360.0,202208.0
11,A13579505,2529400.0,0.0,0.0,0.0,0.0,6201800.0,,,-498980.0,12301090.0,202208.0
12,A13508005,248620.0,0.0,,,0.0,0.0,543690.0,6600640.0,138350.0,2184350.0,202208.0
13,A13579503,276780.0,0.0,0.0,0.0,0.0,31046790.0,10331290.0,39285530.0,0.0,7006480.0,202208.0
14,A13592605,3431540.0,3160.0,0.0,4246620.0,,,,,,,202208.0
15,A13591402,0.0,0.0,0.0,0.0,1503820.0,10732800.0,2738189.0,18537570.0,-800.0,4681600.0,202208.0
16,A10027474,2464160.0,88000.0,,,,,,,,,202208.0
17,A10023825,,,,,0.0,5001870.0,21328110.0,43943080.0,208320.0,7536210.0,202208.0
18,A10024820,,,,,,,,,,,202208.0
19,A10024813,,,,,,,,,2111280.0,0.0,202208.0
20,A13599303,,,,,,,,,1153930.0,0.0,202208.0
21,A13594007,2585040.0,0.0,0.0,0.0,,,2953820.0,0.0,487240.0,6713200.0,202208.0
22,A13580602,,,,,,,8366857.0,62277670.0,905020.0,5769060.0,202208.0
23,A13524004,0.0,100098500.0,,,0.0,6275100.0,6694432.0,31368270.0,,,202208.0
24,A13599402,0.0,8553400.0,0.0,0.0,0.0,8790000.0,924630.0,46035840.0,2531360.0,0.0,202208.0
25,A13524005,,,0.0,0.0,610.0,6969150.0,8893021.0,37884900.0,0.0,0.0,202208.0
26,A13593908,,,,,,,4631950.0,9174990.0,0.0,0.0,202208.0
27,A13580001,,,0.0,0.0,,,,,0.0,5028280.0,202208.0
28,A13524006,2382090.0,27550600.0,0.0,0.0,0.0,4307670.0,6411690.0,15645380.0,,,202208.0
29,A13593901,,,0.0,0.0,,,5198760.0,26431220.0,0.0,3195300.0,202208.0
30,A13524009,4257400.0,0.0,0.0,0.0,,,,,27620.0,0.0,202208.0
31,A13580002,1197540.0,0.0,0.0,0.0,0.0,3983960.0,826169.0,13360890.0,27170.0,4480240.0,202208.0
32,A13599301,13783350.0,124670030.0,0.0,0.0,0.0,60400800.0,4478804.0,41748060.0,200000.0,0.0,202208.0
33,A10025203,,,,,,,44597180.0,135467380.0,,,202208.0
34,A10025675,13840720.0,126501020.0,0.0,0.0,0.0,22227550.0,52120058.0,124370440.0,4607510.0,45438200.0,202208.0
35,A10023565,318517.0,14687380.0,,,,,,,,,202208.0
36,A10024564,1411820.0,33159310.0,0.0,0.0,0.0,28548240.0,62977841.0,208042675.0,939150.0,45475730.0,202208.0
37,A10023996,,,0.0,0.0,0.0,0.0,253230.0,7969950.0,,,202208.0
38,A13510003,1085800.0,0.0,0.0,0.0,0.0,3114600.0,4029041.0,26909809.0,,,202208.0
39,A13510001,0.0,0.0,0.0,0.0,0.0,0.0,511100.0,11553880.0,,,202208.0
40,A13510201,868580.0,0.0,,,0.0,7119600.0,,,,,202208.0
41,A13510203,0.0,0.0,0.0,0.0,0.0,0.0,3219392.0,16861840.0,-14970.0,11009880.0,202208.0
42,A13510102,,,0.0,0.0,-440.0,3671690.0,,,-87380.0,6339740.0,202208.0
43,A13510006,31771600.0,0.0,0.0,0.0,0.0,0.0,153792.0,29869120.0,0.0,0.0,202208.0
44,A13510103,2708400.0,0.0,,,0.0,3909400.0,4227330.0,16557900.0,147440.0,6882140.0,202208.0
45,A13510202,4863480.0,88302510.0,2260.0,0.0,0.0,2844000.0,2699270.0,11207430.0,257770.0,3854070.0,202208.0
46,A13576201,0.0,0.0,,,0.0,18883200.0,-267350.0,19582040.0,18320.0,0.0,202208.0
47,A13510005,,,0.0,0.0,,,5890946.0,51963300.0,24620.0,12171910.0,202208.0
48,A13510009,0.0,0.0,0.0,0.0,0.0,0.0,6295870.0,24555040.0,3550.0,4224030.0,202208.0
49,A13510007,73630.0,0.0,,,,,,,722620.0,9742020.0,202208.0
50,A10025280,,,,,0.0,0.0,,,,,202208.0
51,A10025755,,,,,0.0,17005000.0,,,-20.0,18431250.0,202208.0
52,A10024640,1774578.0,32979832.0,,,,,6816869.0,21776690.0,0.0,7487330.0,202208.0
53,A13509001,0.0,0.0,16870.0,0.0,,,2632390.0,11748210.0,0.0,3262430.0,202208.0
54,A13570501,,,0.0,0.0,,,15016122.0,76567050.0,-20.0,17931060.0,202208.0
55,A13550701,1774578.0,0.0,,,,,7486684.0,42881140.0,0.0,7312940.0,202208.0
56,A13509005,,,0.0,0.0,3669300.0,3669300.0,5797859.0,31471140.0,0.0,0.0,202208.0
57,A13509004,0.0,0.0,0.0,0.0,0.0,0.0,99360.0,18808500.0,0.0,4960970.0,202208.0
58,A13509010,5281190.0,0.0,0.0,0.0,0.0,12171900.0,16166460.0,83835910.0,,,202208.0
59,A13509006,,,,,,,,,,,202208.0
60,A13509003,0.0,0.0,0.0,0.0,0.0,0.0,,,250.0,8710150.0,202208.0
61,A13509012,6036230.0,67000.0,6050640.0,0.0,0.0,11695410.0,2438780.0,8829140.0,0.0,22218940.0,202208.0
62,A13509007,1572990.0,0.0,0.0,0.0,0.0,3024000.0,,,310280.0,6477380.0,202208.0
63,A13570502,,,,,,,,,,,202208.0
64,A13509013,4190050.0,24616610.0,,,,,9995180.0,25879480.0,1162140.0,6548720.0,202208.0
65,A13509101,0.0,0.0,,,,,610060.0,14070920.0,,,202208.0
66,A13509009,2929170.0,30480710.0,0.0,0.0,-7623750.0,7623750.0,24368840.0,31094430.0,4191150.0,9247010.0,202208.0
67,A13509014,,,,,,,8013910.0,7016800.0,,,202208.0
68,A10026350,,,0.0,0.0,,,,,,,202208.0
69,A10026934,5403350.0,108954460.0,0.0,0.0,0.0,13059840.0,,,,,202208.0
70,A10024131,4123500.0,58910.0,,,0.0,5131060.0,24249100.0,70231200.0,268690.0,21638500.0,202208.0
71,A10023939,,,0.0,12950600.0,0.0,55177200.0,,,,,202208.0
72,A10024819,-411930.0,219730210.0,,,,,,,2507200.0,15283130.0,202208.0
73,A13528102,,,0.0,3200610.0,0.0,10925330.0,,,969160.0,19064860.0,202208.0
74,A13528103,7005127.0,0.0,,,0.0,12734700.0,16629142.0,49573970.0,2003060.0,13461360.0,202208.0
75,A13528004,17366990.0,0.0,0.0,0.0,0.0,31182300.0,31646500.0,259982190.0,,,202208.0
76,A13583604,,,0.0,0.0,0.0,10055000.0,4526723.0,96606900.0,1027880.0,21744380.0,202208.0
77,A13583701,,,0.0,0.0,,,32005185.0,23868340.0,0.0,12093130.0,202208.0
78,A13528003,-9130.0,818411580.0,0.0,0.0,0.0,73380160.0,49561638.0,160860030.0,17890990.0,62298260.0,202208.0
79,A13528007,,,0.0,0.0,4210500.0,4210500.0,,,,,202208.0
80,A13528105,,,0.0,0.0,0.0,11063500.0,,,495240.0,21964550.0,202208.0
81,A13584101,2424330.0,0.0,0.0,0.0,-120.0,4457990.0,,,-69790.0,8048920.0,202208.0
82,A13583507,-1560.0,27780200.0,0.0,0.0,0.0,55117800.0,6600065.0,287500620.0,405430.0,35120790.0,202208.0
83,A13583403,2411720.0,0.0,0.0,0.0,0.0,6300690.0,,,227740.0,8856600.0,202208.0
84,A13583404,11166100.0,0.0,,,-4676400.0,4676400.0,,,,,202208.0
85,A13583402,0.0,0.0,13620.0,17975030.0,-4964000.0,4964000.0,11362680.0,12313810.0,-100.0,2820020.0,202208.0
86,A10027800,7766400.0,0.0,,,,,,,,,202208.0
87,A10025646,1460280.0,20524950.0,0.0,0.0,0.0,7762600.0,5514258.0,16543190.0,286860.0,4380600.0,202208.0
88,A10026526,,,,,,,,,,,202208.0
89,A10024102,0.0,0.0,0.0,0.0,0.0,0.0,,,,,202208.0
90,A10024815,,,,,,,,,,,202208.0
91,A10026924,,,0.0,0.0,,,17652860.0,27617020.0,,,202208.0
92,A10024799,,,,,,,,,,,202208.0
93,A10028094,0.0,0.0,278720.0,0.0,0.0,0.0,7457783.0,19190340.0,351400.0,9761390.0,202208.0
94,A10024029,7308570.0,0.0,0.0,0.0,0.0,0.0,9530708.0,30169130.0,1663490.0,3623900.0,202208.0
95,A10024814,-4445830.0,111297340.0,0.0,0.0,0.0,12387600.0,13985510.0,19282440.0,199870.0,0.0,202208.0
96,A10024805,,,,,,,,,,,202208.0
97,A13501004,0.0,0.0,,,0.0,0.0,,,281740.0,10242990.0,202208.0
98,A13501001,0.0,0.0,0.0,0.0,0.0,0.0,3112790.0,7304940.0,1263550.0,4149270.0,202208.0
99,A13582002,13726040.0,24796330.0,0.0,0.0,-11578600.0,11490390.0,10238510.0,24222380.0,250560.0,0.0,202208.0
100,A13501007,,,,,,,,,,,202208.0
101,A13501008,0.0,0.0,0.0,0.0,0.0,0.0,5667860.0,3535540.0,354660.0,1331990.0,202208.0
102,A13583301,206129257.0,0.0,0.0,0.0,0.0,0.0,3195670.0,13112280.0,0.0,3539210.0,202208.0
103,A13501006,16506496.0,835523834.0,0.0,0.0,-45494000.0,45494000.0,3836180.0,42205110.0,849170.0,5274530.0,202208.0
104,A13501005,95056590.0,0.0,0.0,0.0,0.0,0.0,10210722.0,25901770.0,3500000.0,0.0,202208.0
105,A10024501,0.0,0.0,0.0,0.0,0.0,0.0,7340650.0,6307400.0,0.0,0.0,202208.0
106,A13590204,12883651.0,0.0,0.0,0.0,0.0,8115000.0,-14138803.0,98314220.0,2990984.0,0.0,202208.0
107,A13589802,60159090.0,60159008.0,0.0,0.0,0.0,12355200.0,8775260.0,15778100.0,0.0,0.0,202208.0
108,A13511201,67296920.0,384419080.0,0.0,0.0,0.0,36827800.0,32662767.0,104624290.0,518730.0,0.0,202208.0
109,A13551103,300.0,17742740.0,0.0,0.0,0.0,10719000.0,0.0,84269670.0,0.0,0.0,202208.0
110,A13590602,0.0,155672000.0,0.0,0.0,0.0,6976680.0,840320.0,41674590.0,424120.0,0.0,202208.0
111,A13511001,2763900.0,2763950.0,578290.0,0.0,0.0,0.0,3228664.0,14245210.0,0.0,0.0,202208.0
112,A13511004,13076970.0,56822810.0,0.0,0.0,-1420.0,23597730.0,32435025.0,153420270.0,3641175.0,0.0,202208.0
113,A13511101,35081790.0,46531720.0,0.0,0.0,-27396000.0,27270000.0,1155710.0,59230310.0,1953640.0,14645970.0,202208.0
114,A13511003,0.0,948316.0,0.0,0.0,0.0,0.0,8069719.0,68133460.0,0.0,0.0,202208.0
115,A13519002,0.0,0.0,105230.0,0.0,0.0,0.0,9681161.0,25721350.0,134710.0,7465010.0,202208.0
116,A13519006,0.0,0.0,1293960.0,0.0,0.0,0.0,3782440.0,13033180.0,782070.0,21090490.0,202208.0
117,A13519007,2913680.0,33767230.0,0.0,0.0,-9381000.0,9354000.0,6314930.0,54586600.0,1544060.0,14489210.0,202208.0
118,A13519004,0.0,0.0,0.0,0.0,0.0,21933138.0,-160930.0,13661460.0,86060.0,5370740.0,202208.0
119,A13519005,0.0,62815390.0,0.0,0.0,0.0,56570270.0,7132409.0,32512110.0,1067040.0,11609520.0,202208.0
120,A13519003,2396500.0,32818230.0,0.0,0.0,0.0,13187290.0,10675607.0,15774200.0,292940.0,6845110.0,202208.0
121,A13519001,0.0,0.0,15680.0,0.0,0.0,0.0,945150.0,18121760.0,84420.0,6834850.0,202208.0
122,A10028172,3772320.0,3630.0,0.0,0.0,0.0,0.0,13000813.0,42331580.0,0.0,13575850.0,202208.0
123,A13519008,127760.0,199410.0,0.0,0.0,,,,,0.0,7885080.0,202208.0
124,A13520003,0.0,0.0,0.0,0.0,0.0,0.0,23454167.0,86069480.0,0.0,20486100.0,202208.0
125,A13520004,8429790.0,0.0,51390.0,0.0,0.0,0.0,32346569.0,15912600.0,38140.0,3465860.0,202208.0
126,A10027985,0.0,0.0,0.0,7532640.0,0.0,14988840.0,3263973.0,13396070.0,346320.0,4929430.0,202208.0
127,A13520002,0.0,0.0,0.0,0.0,0.0,0.0,31010139.0,91289100.0,0.0,0.0,202208.0
128,A10023314,4363980.0,80703006.0,0.0,0.0,0.0,23151600.0,17697779.0,25436100.0,0.0,14735840.0,202208.0
129,A13520001,19886450.0,76904960.0,0.0,0.0,0.0,16476000.0,-1891710.0,64729380.0,493440.0,19113420.0,202208.0
130,A10027909,8513790.0,55552200.0,36280.0,0.0,0.0,18169200.0,11892486.0,22291520.0,123410.0,3139090.0,202208.0
131,A10027912,47479581.0,0.0,20640.0,0.0,13309359.0,0.0,9352410.0,0.0,763670.0,0.0,202208.0
132,A13594702,8947120.0,45938010.0,0.0,0.0,0.0,13923840.0,806070.0,20126340.0,1169050.0,9619940.0,202208.0
133,A13523005,4363980.0,0.0,2290.0,0.0,0.0,7189560.0,9048976.0,39136570.0,0.0,12683000.0,202208.0
134,A13523004,9005014.0,17505396.0,0.0,0.0,0.0,8968400.0,4431370.0,24113250.0,258450.0,11675050.0,202208.0
135,A13594701,14488398.0,70650162.0,0.0,0.0,0.0,24634600.0,4604780.0,37466050.0,1220400.0,12152120.0,202208.0
136,A13593802,112891460.0,0.0,0.0,0.0,7628233.0,0.0,9266280.0,26896020.0,792310.0,0.0,202208.0
137,A13523003,605300.0,15453210.0,0.0,0.0,0.0,4202800.0,117402.0,29033730.0,439740.0,0.0,202208.0
138,A13594402,29772340.0,54318100.0,0.0,0.0,-24671720.0,24073780.0,21482387.0,50960470.0,0.0,16592870.0,202208.0
139,A13593801,2633610.0,0.0,0.0,1822890.0,165000.0,50389360.0,3950430.0,43170960.0,-1938540.0,36434590.0,202208.0
140,A13594203,3901190.0,0.0,0.0,0.0,-29050.0,12507480.0,5378889.0,42346061.0,829435.0,0.0,202208.0
141,A13594403,0.0,101691470.0,0.0,0.0,0.0,22686000.0,930420.0,45594560.0,40.0,0.0,202208.0
142,A10027571,605320.0,0.0,0.0,0.0,-100.0,2631150.0,1172860.0,8664420.0,45780.0,13599900.0,202208.0
143,A10025823,28770620.0,46920120.0,0.0,0.0,-10022570.0,9611100.0,25617663.0,97008740.0,0.0,16983010.0,202208.0
144,A10024216,10804200.0,141360.0,0.0,0.0,25530.0,22588640.0,68510160.0,193419590.0,-378680.0,37858420.0,202208.0
145,A13522003,11281880.0,57870700.0,0.0,0.0,0.0,17364000.0,2379090.0,0.0,0.0,0.0,202208.0
146,A13522008,6860833.0,22681417.0,0.0,0.0,0.0,21406500.0,8625028.0,0.0,486170.0,0.0,202208.0
147,A13522004,0.0,0.0,0.0,0.0,0.0,10033200.0,15822477.0,38383130.0,877350.0,14067750.0,202208.0
148,A13588402,3434960.0,30470080.0,0.0,0.0,0.0,12260700.0,4761000.0,13767840.0,1904810.0,0.0,202208.0
149,A13522007,3976100.0,0.0,0.0,0.0,,,,,1188230.0,0.0,202208.0
150,A13522006,4271310.0,39847700.0,0.0,0.0,0.0,12013900.0,-793039.0,37692660.0,102700.0,8133300.0,202208.0
151,A13552001,0.0,1400.0,0.0,0.0,0.0,5961060.0,15061870.0,38450330.0,0.0,17752150.0,202208.0
152,A13552002,2799380.0,21469510.0,0.0,0.0,0.0,4200000.0,1191880.0,6810910.0,417410.0,3236320.0,202208.0
153,A13588601,3123550.0,107330.0,0.0,0.0,0.0,1978200.0,7536920.0,25076090.0,459610.0,5723000.0,202208.0
154,A10025204,4399480.0,14241580.0,0.0,0.0,-3381000.0,3381000.0,1677039.0,6963630.0,0.0,3456790.0,202208.0
155,A10027446,3847500.0,0.0,0.0,0.0,0.0,0.0,2592945.0,16860190.0,713590.0,8236850.0,202208.0
156,A13550502,4195270.0,0.0,0.0,0.0,0.0,11334740.0,10258807.0,19663050.0,0.0,17662900.0,202208.0
157,A13527004,17342790.0,322528020.0,0.0,0.0,0.0,135256800.0,94477491.0,156531930.0,0.0,3789510.0,202208.0
158,A13585404,2361450.0,0.0,0.0,0.0,0.0,5207110.0,3420330.0,47468890.0,0.0,9248060.0,202208.0
159,A13527002,2691640.0,0.0,0.0,0.0,0.0,0.0,10001780.0,0.0,0.0,3598850.0,202208.0
160,A13527008,0.0,0.0,0.0,0.0,0.0,0.0,2160036.0,25040910.0,1947240.0,0.0,202208.0
161,A13527013,3428410.0,0.0,0.0,0.0,0.0,7690955.0,8673749.0,21299520.0,199850.0,5314540.0,202208.0
162,A13527203,17343471.0,0.0,0.0,0.0,-71.0,48435000.0,7509390.0,21633870.0,1714360.0,8914880.0,202208.0
163,A13585401,0.0,0.0,0.0,0.0,-12406500.0,12406500.0,1315522.0,9930890.0,2449570.0,5560320.0,202208.0
164,A13586102,-970.0,59783400.0,0.0,0.0,0.0,10308000.0,-1590210.0,13673080.0,-89280.0,4878620.0,202208.0
165,A13585804,6341320.0,0.0,0.0,0.0,0.0,15593210.0,16187790.0,66678550.0,445560.0,7980570.0,202208.0
166,A13527007,43341240.0,0.0,0.0,0.0,0.0,4099230.0,3630640.0,11055680.0,771400.0,4578010.0,202208.0
167,A13527016,442280.0,118300.0,0.0,0.0,-1866530.0,1866530.0,1344080.0,27512690.0,0.0,2443770.0,202208.0
168,A13550403,,,0.0,0.0,-4075560.0,4075560.0,,,,,202208.0
169,A13586101,0.0,0.0,0.0,0.0,0.0,0.0,824370.0,0.0,39000.0,0.0,202208.0
170,A13527010,-410.0,103500.0,,,0.0,5811000.0,,,10.0,8253100.0,202208.0
171,A13527019,2843440.0,0.0,,,,,7933360.0,42785870.0,,,202208.0
172,A13527006,2548690.0,0.0,,,,,,,,,202208.0
173,A10027319,1702950.0,7100.0,0.0,0.0,,,,,0.0,2309300.0,202208.0
174,A13550404,,,,,,,,,,,202208.0
175,A10024793,0.0,0.0,0.0,154500.0,,,,,,,202208.0
