,kaptCode,heatC,heatP,gasC,gasP,waterHotC,waterHotP,electC,electP,waterCoolC,waterCoolP,Date
0,A13508012,,,,,,,5667170,28919430,,,202209.0
1,A13579501,2385600,0,0,0,,,,,-359490,7976190,202209.0
2,A13592604,,,,,,,,,,,202209.0
3,A13508009,3381150,475000,,,0,8283200,,,,,202209.0
4,A13508004,,,,,0,0,,,,,202209.0
5,A13508003,,,,,,,6421110,0,1112170,0,202209.0
6,A13579506,,,,,0,3089100,,,,,202209.0
7,A13508006,,,0,0,0,5354240,,,0,7401920,202209.0
8,A13508011,2697760,123790,0,0,,,9616360,39157580,,,202209.0
9,A13592601,2612580,0,,,0,7359690,1653469,40193450,,,202209.0
10,A13592706,3665640,609430,,,,,9759707,40823090,,,202209.0
11,A13579505,,,0,0,,,5711479,30737460,-266930,11707630,202209.0
12,A13508005,,,0,0,0,0,310160,5653630,,,202209.0
13,A13579503,249300,0,,,,,1367680,15249240,,,202209.0
14,A13592605,3431540,2100,0,0,0,9343700,3595920,40693020,,,202209.0
15,A13591402,,,,,0,0,2006456,12169290,320,4469120,202209.0
16,A10027474,2464160,171160,0,0,331270,5444460,,,-117820,8305610,202209.0
17,A10023825,3429480,566600,0,0,-4690,7585070,,,532020,7223060,202209.0
18,A10024820,,,,,,,,,,,202209.0
19,A10024813,,,,,,,,,,,202209.0
20,A13599303,,,,,-110000,12147500,-12180206,52628140,,,202209.0
21,A13594007,,,,,0,7490600,2343970,0,450400,5660200,202209.0
22,A13580602,5885636,0,,,,,,,0,16374180,202209.0
23,A13524004,,,,,0,7612800,3419764,17919780,,,202209.0
24,A13599402,0,8892300,0,5666720,,,588260,60757770,,,202209.0
25,A13524005,3039360,0,0,0,,,3922156,21986910,,,202209.0
26,A13593908,,,0,0,,,,,,,202209.0
27,A13580001,1417210,0,0,0,,,,,,,202209.0
28,A13524006,,,0,0,0,5114970,5771005,25707850,,,202209.0
29,A13593901,1875870,188330,,,0,4008000,,,0,2975600,202209.0
30,A13524009,4497570,0,,,,,,,,,202209.0
31,A13580002,913799,0,0,0,0,5357910,1437344,9143140,12260,4149190,202209.0
32,A13599301,14108510,0,0,0,0,6346000,7453590,27950770,,,202209.0
33,A10025203,6302461,332760,0,7375590,,,33529020,80927740,,,202209.0
34,A10025675,11072190,799790,,,0,26742100,42144198,125133240,,,202209.0
35,A10023565,,,,,,,,,,,202209.0
36,A10024564,,,375230,0,,,36570164,142420590,,,202209.0
37,A10023996,,,0,0,,,5441300,19326700,1196360,8115490,202209.0
38,A13510003,,,0,0,,,3770814,17649226,,,202209.0
39,A13510001,,,0,0,,,346380,9040830,,,202209.0
40,A13510201,,,0,0,0,2773500,,,,,202209.0
41,A13510203,0,0,0,0,0,0,,,0,4757010,202209.0
42,A13510102,,,0,0,,,,,,,202209.0
43,A13510006,,,,,,,,,-98490,11935470,202209.0
44,A13510103,2855020,0,,,0,4825400,,,238350,8520530,202209.0
45,A13510202,1415460,0,,,,,2218880,7205100,492000,3495680,202209.0
46,A13576201,0,0,0,0,,,-209380,14260300,,,202209.0
47,A13510005,4863600,0,0,0,0,12485250,4224866,33941200,1417050,10896380,202209.0
48,A13510009,0,0,0,0,0,0,7041710,15537130,3530,3983440,202209.0
49,A13510007,601780,0,0,0,0,7377320,17977374,56855790,602410,9600220,202209.0
50,A10025280,,,,,,,,,,,202209.0
51,A10025755,,,,,,,,,,,202209.0
52,A10024640,,,,,,,,,,,202209.0
53,A13509001,0,0,17650,0,0,0,1626480,8200530,0,3380620,202209.0
54,A13570501,5710590,1404900,0,0,0,10520300,10332080,49151600,-30,17538370,202209.0
55,A13550701,1774578,93452,0,0,0,5191380,6215454,26243030,0,8000800,202209.0
56,A13509005,60210,112130,0,0,4471400,4471400,4169575,19361850,132100,6572470,202209.0
57,A13509004,0,0,0,0,0,0,139610,13078200,0,4846700,202209.0
58,A13509010,5336500,0,0,0,0,14395100,10794646,54527820,105370,15370410,202209.0
59,A13509006,4290,0,0,0,0,0,2902048,11243630,0,6147140,202209.0
60,A13509003,0,0,0,0,0,0,1507990,10142110,0,0,202209.0
61,A13509012,6036230,981600,0,0,0,13756440,2830860,62805010,0,22090180,202209.0
62,A13509007,1703460,0,0,0,0,3998700,4797320,15776930,312460,6368560,202209.0
63,A13570502,,,,,,,,,,,202209.0
64,A13509013,,,,,,,,,,,202209.0
65,A13509101,0,0,0,0,0,0,639370,8541110,0,3576780,202209.0
66,A13509009,13970980,2879800,0,0,-9554000,9554000,16400564,66085490,3855000,8782900,202209.0
67,A13509014,,,,,,,,,,,202209.0
68,A10026350,2355590,0,0,0,0,5282400,5473920,30768320,2981610,6563830,202209.0
69,A10026934,,,,,,,,,,,202209.0
70,A10024131,4217940,162830,0,0,0,6764610,18026020,49640920,1577570,11468590,202209.0
71,A10023939,,,,,,,,,,,202209.0
72,A10024819,,,,,,,,,,,202209.0
73,A13528102,5403350,0,0,0,0,12931680,10958790,55364930,919030,18208620,202209.0
74,A13528103,7165790,0,0,0,0,14376250,14126253,90569860,1157890,23359400,202209.0
75,A13528004,17366990,0,0,12709830,0,36139500,17783370,154225700,0,58900060,202209.0
76,A13583604,-480,41484640,0,0,0,11492500,11131442,47750490,1030270,19133940,202209.0
77,A13583701,2887240,0,0,3375380,1578290,7859240,1707612,31806400,0,12524540,202209.0
78,A13528003,1036300,1598080,0,4424510,0,22783500,5982407,49954270,-48000,17884710,202209.0
79,A13528007,3181320,135520,0,0,4730600,4730600,9405640,39950470,453790,7800710,202209.0
80,A13528105,-3230,31965300,0,0,0,14010500,9573030,72828030,0,22414640,202209.0
81,A13584101,2424330,2157040,0,0,0,5452900,5971656,24373250,-1340,7372400,202209.0
82,A13583507,10300,34501740,0,0,0,58579920,20121948,171958480,5246490,64507860,202209.0
83,A13583403,3026660,0,0,0,0,7023720,3338500,20475660,235920,7974830,202209.0
84,A13583404,11962060,0,0,0,-5527800,5527800,6699230,30129910,582340,10364560,202209.0
85,A13583402,5379980,3025400,0,0,-5852000,5852000,3886080,14557840,1438220,7881930,202209.0
86,A10027800,8058900,0,0,0,0,28370300,37796328,130187260,1496780,39310000,202209.0
87,A10025646,,,,,,,,,,,202209.0
88,A10026526,,,,,,,,,,,202209.0
89,A10024102,0,0,0,0,0,0,3686410,18583250,0,4864910,202209.0
90,A10024815,,,,,,,,,,,202209.0
91,A10026924,1460280,0,0,0,0,3546500,6791128,23514000,519640,5245210,202209.0
92,A10024799,,,,,,,,,,,202209.0
93,A10028094,,,,,,,,,,,202209.0
94,A10024029,,,,,,,,,,,202209.0
95,A10024814,,,,,,,,,,,202209.0
96,A10024805,,,,,,,,,,,202209.0
97,A13501004,0,0,12360,0,0,0,4322034,23822530,496400,9149580,202209.0
98,A13501001,2159810,0,0,0,0,0,6301952,26817110,1163150,4249670,202209.0
99,A13582002,-2905840,4894000,0,0,2228090,7772400,6082300,20494020,7000,0,202209.0
100,A13501007,,,,,,,,,,,202209.0
101,A13501008,,,,,,,,,,,202209.0
102,A13583301,0,0,0,0,0,0,3177140,7969830,0,2945200,202209.0
103,A13501006,6695560,0,0,0,-4547960,4521000,-625400,27201020,1245190,5011430,202209.0
104,A13501005,,,,,,,,,,,202209.0
105,A10024501,0,0,0,0,0,0,6115640,5151360,369710,1373990,202209.0
106,A13590204,10864189,0,0,0,0,9762000,-1520098,52524530,1479476,0,202209.0
107,A13589802,1979236,67119974,0,0,-29590000,29590000,1795370,222420000,29263660,51246660,202209.0
108,A13511201,10371070,0,0,0,0,0,440125,26058410,3500000,0,202209.0
109,A13551103,-139,21965399,0,0,0,8936000,5246640,47653030,0,0,202209.0
110,A13590602,5669930,0,0,0,0,8558700,1781550,26289730,2243370,0,202209.0
111,A13511001,3221990,3222002,0,0,6186240,6186240,2817080,18563960,1990680,0,202209.0
112,A13511004,25129250,0,0,0,0,28659250,19973311,84034031,810685,0,202209.0
113,A13511101,9564680,0,0,0,0,7869000,1202510,34819520,3130,14208490,202209.0
114,A13511003,14,2794396,0,0,0,18143800,7208349,41543280,9192100,0,202209.0
115,A13519002,0,0,128970,0,0,0,1223950,14997750,218110,7364670,202209.0
116,A13519006,5893546,0,0,0,304,13734070,12508979,35115900,860500,20250400,202209.0
117,A13519007,16546550,1101610,0,0,-11781000,11721600,4292440,36685440,1728430,13644540,202209.0
118,A13519004,0,0,-436250,409410,0,0,-208130,12271940,236250,5310670,202209.0
119,A13519005,0,0,0,0,0,0,2705032,23470500,711660,11146500,202209.0
120,A13519003,0,0,36050,0,0,0,2039821,14399410,60230,6735640,202209.0
121,A13519001,0,0,22820,0,0,0,1093660,12964520,237600,6668060,202209.0
122,A10028172,3780840,13240,0,0,0,9549460,8125315,30495060,0,15153170,202209.0
123,A13519008,206010,510900,0,0,0,10676660,5267741,18299900,0,7249180,202209.0
124,A13520003,0,7925940,0,0,0,17016010,14890865,62797590,0,19488800,202209.0
125,A13520004,9099100,0,0,0,0,0,21435029,0,8566640,0,202209.0
126,A10027985,5943800,962130,0,0,0,17104800,17162020,49442140,1888770,19753710,202209.0
127,A13520002,0,0,0,0,0,0,25832346,62536750,824630,21461280,202209.0
128,A10023314,,,,,,,,,,,202209.0
129,A13520001,0,0,0,0,0,0,894535,58535390,478310,18768720,202209.0
130,A10027909,0,0,29580,0,0,0,5450090,8215950,100310,3074920,202209.0
131,A10027912,0,0,34020,0,0,0,4509854,13763100,220080,5619730,202209.0
132,A13594702,3355970,0,0,0,290,13610750,2621660,0,0,0,202209.0
133,A13523005,4363980,1122100,0,0,0,10539930,5615806,27931200,0,15588050,202209.0
134,A13523004,6944550,911320,0,0,0,11660800,599200,33076830,12900,10159420,202209.0
135,A13594701,3120150,4360330,0,0,0,7772700,3185280,22679940,891740,8917420,202209.0
136,A13593802,8016000,0,0,0,8617510,0,5440930,0,776950,0,202209.0
137,A13523003,3092850,253990,0,0,0,6751650,182605,21055370,161480,10128100,202209.0
138,A13594402,675290,0,1500,0,0,5349600,3307090,13321320,753230,0,202209.0
139,A13593801,3943540,0,0,2216990,-3292559,3292559,3388060,30997040,207438,11985262,202209.0
140,A13594203,6265690,0,0,0,-10940,13409760,1628550,36353500,2387800,14662370,202209.0
141,A13594403,4665850,0,0,0,0,11908000,6747320,28092640,967200,0,202209.0
142,A10027571,605320,0,0,0,-10,2880320,984420,5564350,322480,0,202209.0
143,A10025823,17906090,427670,0,0,-12805470,12233260,15160161,69371310,0,18075390,202209.0
144,A10024216,10804200,873980,0,0,31840,30691570,43344061,127858590,-2940980,36213970,202209.0
145,A13522003,3239580,1045930,0,0,0,6489600,2059330,0,66620,0,202209.0
146,A13522008,0,0,0,0,0,15780000,7490168,0,0,0,202209.0
147,A13522004,3207320,1657560,0,0,0,12460500,6557582,27950770,676830,13611600,202209.0
148,A13588402,9726200,1218660,-722190,708270,-7824250,7807250,-82777,26766000,2305160,0,202209.0
149,A13522007,4535950,1645170,0,0,0,11067780,3913090,0,990890,0,202209.0
150,A13522006,3996130,0,0,0,0,9748300,1403140,28874100,0,0,202209.0
151,A13552001,0,3715270,0,0,0,7372050,255390,501130,155780,0,202209.0
152,A13552002,0,0,0,0,0,0,1240216,48638880,142420,15371800,202209.0
153,A13588601,3134010,454910,0,0,0,3564800,3672070,14582830,288620,5406610,202209.0
154,A10025204,,,,,,,,,,,202209.0
155,A10027446,3852970,0,0,0,0,5808000,13153510,28777160,848400,8077030,202209.0
156,A13550502,4195270,1145750,0,0,0,13693400,9805550,40227430,0,17279260,202209.0
157,A13527004,989290,480360,0,0,0,2457000,392060,6928400,0,3522700,202209.0
158,A13585404,2361450,0,0,0,0,6454570,5563110,30374170,0,8965440,202209.0
159,A13527002,2959460,0,0,0,-2026740,2026740,754633,7379550,0,3536160,202209.0
160,A13527008,0,0,17820,0,0,0,1246655,16672700,66800,6066050,202209.0
161,A13527013,3434020,0,0,0,0,9465160,3881193,19589690,621710,6731960,202209.0
162,A13527203,17343471,0,0,0,-1311,57076390,60926198,170920490,8555930,67212730,202209.0
163,A13585401,0,0,0,0,0,2397000,1365475,6006310,0,1398250,202209.0
164,A13586102,3817550,0,0,0,-2359840,2359840,-4481330,13673080,154910,4878620,202209.0
165,A13585804,6341320,0,0,0,0,18451130,13288420,43046290,3739650,0,202209.0
166,A13527007,2111410,0,0,0,0,4678440,6172592,21749660,303370,5661890,202209.0
167,A13527016,1304970,0,0,0,31500,6541500,3705342,19001260,171250,9207900,202209.0
168,A13550403,7483400,0,0,0,-5346830,5346830,2220599,14889980,1893740,6608950,202209.0
169,A13586101,0,0,0,0,0,0,727130,0,0,0,202209.0
170,A13527010,-250,1297200,0,0,0,6156000,1773374,12169580,330,7269620,202209.0
171,A13527019,3021670,176130,0,0,0,5516000,7794120,21846570,336430,7721680,202209.0
172,A13527006,3018580,0,0,0,1691500,0,2558880,10167710,1372940,4099220,202209.0
173,A10027319,1898380,0,0,0,0,0,11003100,0,2327130,0,202209.0
174,A13550404,,,,,,,,,,,202209.0
175,A10024793,0,0,0,142870,0,0,1501200,0,0,0,202209.0
