,kaptCode,heatC,heatP,gasC,gasP,waterHotC,waterHotP,electC,electP,waterCoolC,waterCoolP,Date
0,A13508012,2370450,130640,0,0,0,6184660,6522630,22621200,163310,8266860,202206.0
1,A13579501,2385600,0,0,0,0,4955520,6368447,21427140,-313680,7825910,202206.0
2,A13592604,13415820,323650,0,0,-9647000,9636000,8927762,27332570,0,17591090,202206.0
3,A13508009,3399310,188000,0,0,0,8068250,9640590,30754780,419980,11318450,202206.0
4,A13508004,0,0,0,0,0,3077070,2219900,7929240,975540,3456500,202206.0
5,A13508003,0,0,0,0,0,0,6527140,0,1200400,0,202206.0
6,A13579506,1886840,0,3540,0,0,2895550,4927618,23679000,0,6238170,202206.0
7,A13508006,3583880,0,0,0,0,5479200,6404315,21084930,0,7700160,202206.0
8,A13508011,2697760,112800,0,0,-260,7099840,9108789,31607190,42590,9837330,202206.0
9,A13592601,2615250,0,0,0,0,7063800,5210343,24041080,199320,9614550,202206.0
10,A13592706,3665640,468810,0,5574300,-1160,15659980,9754990,37265200,-270,23025140,202206.0
11,A13579505,2529400,210400,0,0,0,7719730,8854734,35701470,0,11602480,202206.0
12,A13508005,0,0,0,0,0,0,433120,3910330,93970,2038230,202206.0
13,A13579503,277310,0,0,0,0,0,2269830,8446060,25200,6819640,202206.0
14,A13592605,3431540,1260,0,4000720,0,9093730,2710600,42381090,0,16431540,202206.0
15,A13591402,0,0,0,0,0,0,1669808,15693830,450,4603500,202206.0
16,A10027474,2464160,169120,0,0,295100,5450200,7966163,31368290,-102750,8410550,202206.0
17,A10023825,3851690,1221980,0,0,0,4386930,17904980,20061370,225410,4178150,202206.0
18,A10024820,,,,,,,,,,,202206.0
19,A10024813,,,,,,,,,,,202206.0
20,A13599303,-8443780,14594500,0,0,-1010000,15135000,12582499,25171600,2483790,0,202206.0
21,A13594007,2628840,0,0,3511810,0,7410000,2702520,0,434580,5190900,202206.0
22,A13580602,5945996,0,0,0,566593,10931260,5384192,28180710,0,17221790,202206.0
23,A13524004,60,3658500,0,0,0,7917000,3850180,16139700,1343870,7106240,202206.0
24,A13599402,0,17165000,0,0,0,11207500,3739390,29035630,0,12462010,202206.0
25,A13524005,3039360,0,0,0,-70,7365250,2707060,20070680,1919840,0,202206.0
26,A13593908,1023900,0,0,0,0,6643110,0,0,0,0,202206.0
27,A13580001,1417210,0,0,0,0,3755730,1515912,7924150,0,4459250,202206.0
28,A13524006,-320,6767780,0,0,0,5783580,9730284,25018490,1634600,10780800,202206.0
29,A13593901,1880360,0,0,0,0,3399660,4993140,17538240,0,3098450,202206.0
30,A13524009,4362210,421600,0,0,0,18147500,3382220,31730070,2386330,9598960,202206.0
31,A13580002,1197760,0,0,0,0,4374160,1508052,9245160,66700,4050480,202206.0
32,A13599301,11541110,0,0,0,0,6618000,7157980,27378170,27620,0,202206.0
33,A10025203,6302461,310270,0,0,-10651,14117200,33266870,71813330,2552900,20819610,202206.0
34,A10025675,10907440,881970,0,0,0,26497450,55904102,129102032,2849660,45253010,202206.0
35,A10023565,,,,,,,,,,,202206.0
36,A10024564,12276380,266290,0,0,0,32544120,50584771,145228763,2881100,43818170,202206.0
37,A10023996,1611560,53270,0,0,0,2437560,5271970,16204670,0,0,202206.0
38,A13510003,536810,0,0,0,0,3822200,3606980,12336230,0,5136440,202206.0
39,A13510001,0,0,0,0,0,0,7202550,5995940,3165880,3085700,202206.0
40,A13510201,867810,0,0,0,0,2685460,669440,7144220,0,3406650,202206.0
41,A13510203,0,0,0,0,0,0,2296960,8341010,0,4256480,202206.0
42,A13510102,1617660,0,0,0,-1920,4079270,215980,16306940,-116470,6202460,202206.0
43,A13510006,0,0,0,0,0,0,2169366,15579730,0,0,202206.0
44,A13510103,2749590,0,0,0,0,4532000,9016270,18439800,0,8730150,202206.0
45,A13510202,1314100,0,32720,0,0,3280000,2188320,7622750,645580,3258970,202206.0
46,A13576201,0,0,0,0,0,0,422550,10664270,18740,0,202206.0
47,A13510005,4863600,0,0,0,0,12350800,6046686,35185920,833330,10842330,202206.0
48,A13510009,0,0,0,0,0,0,6410420,17013070,3540,3646560,202206.0
49,A13510007,314100,0,0,0,0,7192000,15683283,32693580,425610,10096510,202206.0
50,A10025280,,,,,,,,,,,202206.0
51,A10025755,,,,,,,,,,,202206.0
52,A10024640,,,,,,,,,,,202206.0
53,A13509001,0,0,68040,0,0,0,1968290,6566330,0,3109380,202206.0
54,A13570501,5268730,777140,0,0,0,10605600,15059251,52788715,-30,20445440,202206.0
55,A13550701,1774578,0,0,0,0,5438062,5650119,21062490,0,6927260,202206.0
56,A13509005,46980,414680,0,0,4494670,4494670,6218398,20470550,106840,6597730,202206.0
57,A13509004,0,0,0,0,0,0,789800,10332390,25370,4993390,202206.0
58,A13509010,5181430,0,0,0,0,13223850,15084468,57718490,9430,17183140,202206.0
59,A13509006,4820,0,0,0,0,0,2693568,11236580,0,6753390,202206.0
60,A13509003,0,0,0,0,0,0,1296010,8628330,20,8339930,202206.0
61,A13509012,6036230,0,5898740,0,0,13367040,5905686,67884860,0,22087630,202206.0
62,A13509007,1592100,47320,0,0,0,3483000,5107860,12653760,297490,6394030,202206.0
63,A13570502,,,,,,,,,,,202206.0
64,A13509013,,,,,,,,,,,202206.0
65,A13509101,0,0,0,0,0,0,1448320,7053800,0,3568540,202206.0
66,A13509009,13655170,3312000,0,0,-9071250,9071250,23671339,69878870,5013340,8942630,202206.0
67,A13509014,,,,,,,,,,,202206.0
68,A10026350,2451650,74190,0,0,0,4732000,8200170,32318560,-558780,8505980,202206.0
69,A10026934,,,,,,,,,,,202206.0
70,A10024131,4096250,0,0,0,0,6183180,16437750,39305840,1428400,11556260,202206.0
71,A10023939,,,,,,,,,,,202206.0
72,A10024819,,,,,,,,,,,202206.0
73,A13528102,5403350,0,0,0,0,12389090,15480780,58406010,1100450,18520840,202206.0
74,A13528103,7346600,0,0,0,0,14539200,18900289,93696700,2571000,25262400,202206.0
75,A13528004,17366990,0,0,0,0,37540800,24781220,135035920,0,59631320,202206.0
76,A13583604,570,9242870,0,0,0,12717500,10044559,51370000,1033430,18671100,202206.0
77,A13583701,2887240,0,0,0,3167560,7746750,3389200,29938790,0,10500520,202206.0
78,A13528003,4985390,116280,0,0,0,18431000,8634287,46192550,580560,18155110,202206.0
79,A13528007,3138430,95480,0,0,0,4485280,9375660,29696540,549880,8250050,202206.0
80,A13528105,0,0,0,0,0,17146500,2658730,77346510,2705340,17177190,202206.0
81,A13584101,2424330,0,0,0,-120,4757520,6772505,26532690,-3180,7095180,202206.0
82,A13583507,-5250,24251220,0,0,0,66775020,18825889,170340800,3944000,66228530,202206.0
83,A13583403,2772410,0,0,0,0,7389930,3253430,20488780,368320,7669400,202206.0
84,A13583404,12339460,0,0,0,-6010200,6010200,10396190,31206710,572760,9895540,202206.0
85,A13583402,5754570,2287320,0,0,-6196000,6196000,4007990,14942230,3127620,5753590,202206.0
86,A10027800,7739400,141000,0,0,0,27201880,20311967,138287200,1471450,36022230,202206.0
87,A10025646,,,,,,,,,,,202206.0
88,A10026526,,,,,,,,,,,202206.0
89,A10024102,0,0,0,0,0,0,7998270,18188510,0,4291530,202206.0
90,A10024815,,,,,,,,,,,202206.0
91,A10026924,1460280,0,0,0,0,3491010,7840973,13620200,292600,5106670,202206.0
92,A10024799,,,,,,,,,,,202206.0
93,A10028094,,,,,,,,,,,202206.0
94,A10024029,,,,,,,,,,,202206.0
95,A10024814,,,,,,,,,,,202206.0
96,A10024805,,,,,,,,,,,202206.0
97,A13501004,0,0,11350,0,0,0,6218301,17551870,315300,10141830,202206.0
98,A13501001,2044560,0,0,0,0,0,9252272,48968290,1561130,4214040,202206.0
99,A13582002,-655840,3861960,0,0,0,8650800,6271790,20847650,567400,0,202206.0
100,A13501007,,,,,,,,,,,202206.0
101,A13501008,,,,,,,,,,,202206.0
102,A13583301,0,0,0,0,0,0,3220180,8476880,0,2962800,202206.0
103,A13501006,6443380,0,0,0,-4295240,4278630,2100460,27822310,785300,5275340,202206.0
104,A13501005,,,,,,,,,,,202206.0
105,A10024501,0,0,0,0,0,0,4610970,3731220,330630,1485960,202206.0
106,A13590204,12354235,0,0,0,0,11115000,-3878202,45068590,3292595,0,202206.0
107,A13589802,16113442,56642538,0,0,-36220000,36220000,2104930,223330880,21602040,48979200,202206.0
108,A13511201,10295710,0,0,0,0,0,6320160,22010070,3500000,0,202206.0
109,A13551103,354,19518742,0,0,0,10158000,2758517,42911860,0,0,202206.0
110,A13590602,6584230,0,0,0,0,9181920,4642100,22782490,491280,0,202206.0
111,A13511001,0,2329362,0,0,0,7223040,3110880,18400840,0,0,202206.0
112,A13511004,26118200,0,0,0,0,30104750,26031877,104711260,6011995,0,202206.0
113,A13511101,8206430,0,0,0,0,8646000,989630,37445420,-1610,13812990,202206.0
114,A13511003,0,0,0,0,0,20098450,7803890,40699750,0,0,202206.0
115,A13519002,0,0,105330,0,0,0,1144340,11403840,410120,7179470,202206.0
116,A13519006,5831029,0,0,0,3051,13120130,10916663,36938800,640280,19903000,202206.0
117,A13519007,15122380,322590,0,0,-10558800,10488800,3910877,37153793,1554320,14661220,202206.0
118,A13519004,0,0,-376070,366890,0,0,-806140,15669780,92240,5274180,202206.0
119,A13519005,0,0,0,0,0,0,2039588,27942930,1084970,10403050,202206.0
120,A13519003,0,0,88960,0,0,0,133940,10683800,118180,6718340,202206.0
121,A13519001,0,0,44660,0,0,0,952960,10366530,244750,6677150,202206.0
122,A10028172,3776100,99060,0,0,0,10169470,11496741,36784940,0,13648470,202206.0
123,A13519008,253880,275400,0,0,0,9627000,7622005,19233370,0,7274290,202206.0
124,A13520003,0,6764200,0,0,0,14753310,20243588,75107520,0,21113900,202206.0
125,A13520004,8843320,0,0,0,0,0,22008305,0,8535060,0,202206.0
126,A10027985,5943800,439580,0,7531040,0,15375080,16502860,52958510,1110080,20129080,202206.0
127,A13520002,0,0,0,0,0,0,19520430,49429630,1404240,21043780,202206.0
128,A10023314,,,,,,,,,,,202206.0
129,A13520001,0,0,0,0,0,0,-2371278,36121480,767450,18761320,202206.0
130,A10027909,0,0,41740,0,0,0,3104620,6156240,80620,3177820,202206.0
131,A10027912,0,0,55230,0,0,0,421960,11605400,143780,5887460,202206.0
132,A13594702,3355952,515690,0,0,1318,14380350,3438240,0,0,0,202206.0
133,A13523005,4363980,0,0,0,0,8204710,5213501,28383220,0,12377200,202206.0
134,A13523004,6831740,0,0,0,0,9849600,926880,35701040,12020,11156560,202206.0
135,A13594701,2782540,1281560,0,0,0,8406000,6686141,18745480,890070,8900700,202206.0
136,A13593802,4074370,0,0,0,7982010,0,5729930,0,695300,0,202206.0
137,A13523003,2981370,12580,0,0,0,5872480,221840,17882360,296140,10245410,202206.0
138,A13594402,0,0,0,0,0,5652000,2790260,13433660,1343550,0,202206.0
139,A13593801,2870850,0,0,1897160,-2219749,4535699,2959010,23875610,0,0,202206.0
140,A13594203,3901190,0,0,0,-24570,14991040,619900,36660710,1555400,15447270,202206.0
141,A13594403,2664100,0,0,0,0,13248000,6871060,28190840,1456960,0,202206.0
142,A10027571,605320,0,0,0,-50,2922890,1165960,4450030,628675,0,202206.0
143,A10025823,16655390,160030,0,0,-11554770,11056810,16692562,49942100,0,17914210,202206.0
144,A10024216,10804200,112820,0,0,27360,27924400,52334768,136481900,-1505060,36653870,202206.0
145,A13522003,3042260,0,0,0,0,5856310,1995360,0,1089260,0,202206.0
146,A13522008,0,0,0,0,0,17130000,7219808,0,0,0,202206.0
147,A13522004,3207320,946170,0,3404050,0,11937600,8548352,22649250,37840,13711520,202206.0
148,A13588402,8914350,0,-709560,692110,-7408800,7391650,-2681570,28298830,2815510,0,202206.0
149,A13522007,4064150,0,0,0,0,11085870,4885150,0,1071770,0,202206.0
150,A13522006,3921010,0,0,0,0,9217440,-147510,23431330,5989070,0,202206.0
151,A13552001,0,358350,0,0,0,8554000,186860,481640,278250,0,202206.0
152,A13552002,0,0,0,0,0,0,1200886,37724810,1085130,15631960,202206.0
153,A13588601,3109090,157630,0,0,0,2396100,3819820,11734500,950800,5137830,202206.0
154,A10025204,,,,,,,,,,,202206.0
155,A10027446,3973650,29480,0,0,0,5331200,11947700,30005720,948310,7918370,202206.0
156,A13550502,3462610,1381790,0,0,548660,12631570,16593710,38379190,961210,16781060,202206.0
157,A13527004,577840,0,0,0,0,2940000,401070,6961770,0,3564330,202206.0
158,A13585404,2361450,0,0,2452340,0,5952770,5088740,31802730,0,9356960,202206.0
159,A13527002,2963430,0,0,0,-2030980,2030980,280680,8688184,0,3594110,202206.0
160,A13527008,0,0,13820,0,0,0,1459426,15005430,42960,7038080,202206.0
161,A13527013,3434010,0,0,0,0,8591735,4091941,19477810,624320,6701530,202206.0
162,A13527203,17343471,0,0,0,-5551,53049580,55432119,186459450,-4696350,69208890,202206.0
163,A13585401,0,289800,0,0,0,2595000,2139072,5296700,0,1513750,202206.0
164,A13586102,3655390,0,0,0,-2614900,2614900,628880,8692880,215880,4411450,202206.0
165,A13585804,6341320,0,0,0,0,18319610,15875890,43665490,4940580,0,202206.0
166,A13527007,2111410,9750,0,0,0,4550910,6917769,20567430,312020,5922470,202206.0
167,A13527016,717210,3900,0,0,35000,7084000,7078283,15225240,731410,9288000,202206.0
168,A13550403,6495360,0,0,0,-4358750,4358750,1623372,15366860,820940,7648110,202206.0
169,A13586101,0,0,0,0,0,0,500360,0,0,0,202206.0
170,A13527010,-330,195900,0,0,0,6142000,2408448,12732980,-80,8212300,202206.0
171,A13527019,2888240,0,0,0,0,5264300,6721768,24156060,564880,7696570,202206.0
172,A13527006,3757570,0,0,0,1635400,0,2883940,9000790,1135380,4321360,202206.0
173,A10027319,1899910,19890,0,0,-1269900,1269900,3374900,6597160,0,2200900,202206.0
174,A13550404,,,,,,,,,,,202206.0
175,A10024793,0,0,0,151050,0,0,1569630,0,0,0,202206.0
