,kaptCode,heatC,heatP,gasC,gasP,waterHotC,waterHotP,electC,electP,waterCoolC,waterCoolP,Date
0,A13508012,2370450,0,0,0,0,5288340,3954140,39325840,646250,7628990,202207.0
1,A13579501,2385600,0,0,0,0,4562090,7091094,35621640,-153650,7780810,202207.0
2,A13592604,12467640,0,0,4366470,-8796060,8789040,11442076,44803400,0,16431830,202207.0
3,A13508009,3384700,0,0,0,0,7771380,8470380,54398960,243240,10982630,202207.0
4,A13508004,0,0,0,0,0,2390370,2618690,12503510,675400,3444210,202207.0
5,A13508003,0,0,0,0,0,0,10879690,0,1235590,0,202207.0
6,A13579506,1886840,0,0,0,0,2679410,5318457,41202680,0,5953200,202207.0
7,A13508006,2854620,0,0,0,0,4755430,4081592,27621640,0,7406730,202207.0
8,A13508011,2697760,28690,0,0,-860,6466620,10971249,49980870,-38190,9939320,202207.0
9,A13592601,2615450,0,0,0,0,6365360,3221448,29297560,3730,9532000,202207.0
10,A13592706,3665640,0,0,0,-500,13984870,8213734,58837840,1090,22910720,202207.0
11,A13579505,2529400,0,0,0,0,6584100,9049843,50845240,-1104360,12552410,202207.0
12,A13508005,0,0,0,0,0,0,515380,6175910,115290,2163180,202207.0
13,A13579503,292420,0,0,0,0,0,2088720,10830370,0,0,202207.0
14,A13592605,3431540,630,0,0,0,8356900,6795490,65984270,0,16234650,202207.0
15,A13591402,0,0,0,0,0,0,2670846,17358320,-470,4508340,202207.0
16,A10027474,2464160,121800,0,0,282120,5062680,4948432,52939820,-285670,8687810,202207.0
17,A10023825,3435820,0,0,0,-33080,4826800,20605450,44253580,171580,5489460,202207.0
18,A10024820,,,,,,,,,,,202207.0
19,A10024813,,,,,,,,,,,202207.0
20,A13599303,1660630,6148800,0,0,-3162500,14125000,22997069,29111020,4544400,0,202207.0
21,A13594007,2623170,0,0,0,0,6481750,2973950,0,485840,5923450,202207.0
22,A13580602,6178090,0,0,0,0,10440940,9581275,48942010,0,15362850,202207.0
23,A13524004,-280,4481850,0,0,0,6423300,5232090,27145010,1486140,7505140,202207.0
24,A13599402,0,9064100,0,5299290,0,10187500,2226310,31270470,0,13976480,202207.0
25,A13524005,3039360,0,0,0,-570,7076160,5755060,33796720,1133600,0,202207.0
26,A13593908,883290,0,0,0,0,7846900,0,0,0,0,202207.0
27,A13580001,1417210,0,0,0,0,3297340,2222947,12890850,420,5014740,202207.0
28,A13524006,-1040,7572700,0,0,0,4460850,13990547,46174040,1305210,10744750,202207.0
29,A13593901,1871280,0,0,0,0,3160300,5230290,28986190,0,3264380,202207.0
30,A13524009,4410090,0,0,0,0,16383600,8581810,43920760,2042700,10357760,202207.0
31,A13580002,1197260,0,0,0,0,4034800,1301723,14267600,122950,4071280,202207.0
32,A13599301,13280540,0,0,0,0,5000000,7466127,40464970,200000,0,202207.0
33,A10025203,6302461,0,0,6935470,-31991,12965250,40865658,113359580,4100620,22099990,202207.0
34,A10025675,10989380,0,0,0,0,22825600,64640254,216334790,1592580,46092390,202207.0
35,A10023565,,,,,,,,,,,202207.0
36,A10024564,11743750,0,388330,0,-395150,29837660,59523377,226360965,1023740,45718300,202207.0
37,A10023996,1610240,0,0,0,0,2197800,6720780,28456990,1362150,7731600,202207.0
38,A13510003,1315080,0,0,0,0,2931900,4349975,19649165,70,4584240,202207.0
39,A13510001,0,0,0,0,0,0,402530,10067270,-89740,2957420,202207.0
40,A13510201,868410,0,0,0,0,2585480,572570,11473160,0,3568740,202207.0
41,A13510203,0,0,0,0,0,0,3027330,11941240,0,4756960,202207.0
42,A13510102,1617660,0,0,0,-240,3947500,3573720,21945870,378060,5907570,202207.0
43,A13510006,0,0,0,0,0,0,1535025,23514450,-98640,11780490,202207.0
44,A13510103,2416250,0,0,0,0,4158000,10904160,31424400,207470,6901890,202207.0
45,A13510202,1959040,0,13840,0,0,2572000,3021930,12415060,538160,3622130,202207.0
46,A13576201,0,0,0,0,0,0,-377500,16579580,0,0,202207.0
47,A13510005,4863600,0,0,0,0,11244750,6332874,57689850,1324510,10965690,202207.0
48,A13510009,0,0,0,0,0,0,5939950,25906130,3570,4015470,202207.0
49,A13510007,149460,0,0,0,0,7326000,17227797,60080410,1077340,9733760,202207.0
50,A10025280,,,,,,,,,,,202207.0
51,A10025755,,,,,,,,,,,202207.0
52,A10024640,,,,,,,,,,,202207.0
53,A13509001,0,0,26920,0,0,0,1952860,10292900,0,3667350,202207.0
54,A13570501,5437340,0,0,0,0,9895000,15426457,86207665,-10,18882490,202207.0
55,A13550701,1774578,0,0,0,0,5347802,7603153,35051660,0,7500550,202207.0
56,A13509005,32600,0,0,0,3881880,3881880,6423700,33103360,122310,6438190,202207.0
57,A13509004,0,0,0,0,0,0,232530,16454150,0,4432310,202207.0
58,A13509010,5332660,0,0,0,0,12562550,17183875,93176880,115100,16393310,202207.0
59,A13509006,9560,0,0,0,0,0,3577480,17572520,0,6306680,202207.0
60,A13509003,0,0,0,0,0,0,1582942,11959900,0,0,202207.0
61,A13509012,6036230,0,0,0,0,12209470,3639485,109113520,0,21965430,202207.0
62,A13509007,1606680,0,0,0,0,3111500,5759970,19879530,310310,6228590,202207.0
63,A13570502,,,,,,,,,,,202207.0
64,A13509013,,,,,,,,,,,202207.0
65,A13509101,0,0,0,0,0,0,955680,11716860,0,3438440,202207.0
66,A13509009,12365770,2952750,0,0,-7957500,7957500,28247171,148944220,3000960,9448660,202207.0
67,A13509014,,,,,,,,,,,202207.0
68,A10026350,2328860,0,0,0,0,4421200,8564720,51745270,1293370,6648670,202207.0
69,A10026934,,,,,,,,,,,202207.0
70,A10024131,4120480,0,0,0,0,5865950,23174810,61356540,1129600,11357510,202207.0
71,A10023939,,,,,,,,,,,202207.0
72,A10024819,,,,,,,,,,,202207.0
73,A13528102,5403350,0,0,0,0,11347530,16723680,91566880,743220,19280670,202207.0
74,A13528103,6949830,0,0,0,0,13197500,20529476,195017570,1201240,25217950,202207.0
75,A13528004,17366990,0,12408550,0,664200,31182300,-11543730,259982190,-480550,60342690,202207.0
76,A13583604,-450,8233840,0,0,0,9442500,27316910,78528800,1013220,19730380,202207.0
77,A13583701,2887240,0,0,3204720,3573040,7327760,6451269,45460060,0,11789240,202207.0
78,A13528003,4672330,0,0,4271510,0,16019500,8143963,83231820,-234270,21352970,202207.0
79,A13528007,3103100,29260,0,0,4169440,4169440,12095200,50951950,497500,8461150,202207.0
80,A13528105,19140440,0,0,0,0,12817000,13274140,101054100,1245380,19430530,202207.0
81,A13584101,2424330,0,0,0,290,4422220,8292310,45078960,-290,7440290,202207.0
82,A13583507,8350,32246480,0,0,0,49616640,40642348,270201610,4405710,62888180,202207.0
83,A13583403,3346250,0,0,0,0,6263130,9508890,32683240,252830,8392860,202207.0
84,A13583404,11789990,0,0,0,-4519800,4519800,12393580,52432370,511220,9967430,202207.0
85,A13583402,4705760,3019520,0,0,-5400000,5400000,7169270,25900790,1979720,6268730,202207.0
86,A10027800,8072810,39600,0,0,0,24347200,89607893,221586510,1114520,34544420,202207.0
87,A10025646,,,,,,,,,,,202207.0
88,A10026526,,,,,,,,,,,202207.0
89,A10024102,0,0,0,0,0,0,7927740,28830250,0,5150780,202207.0
90,A10024815,,,,,,,,,,,202207.0
91,A10026924,1460280,0,0,0,0,3259710,13034169,25478470,228630,5045280,202207.0
92,A10024799,,,,,,,,,,,202207.0
93,A10028094,,,,,,,,,,,202207.0
94,A10024029,,,,,,,,,,,202207.0
95,A10024814,,,,,,,,,,,202207.0
96,A10024805,,,,,,,,,,,202207.0
97,A13501004,0,0,8460,0,0,0,6098385,25922030,308480,9945850,202207.0
98,A13501001,1679100,0,0,0,0,0,9992095,72603700,1290800,3972810,202207.0
99,A13582002,-2991630,4778230,0,0,2043180,7113600,11399160,35250640,1008910,0,202207.0
100,A13501007,,,,,,,,,,,202207.0
101,A13501008,,,,,,,,,,,202207.0
102,A13583301,0,0,0,0,0,0,3165580,15035550,0,2849330,202207.0
103,A13501006,6130190,0,0,0,-3982710,3968670,3771480,46198010,1605610,5373590,202207.0
104,A13501005,,,,,,,,,,,202207.0
105,A10024501,0,0,0,0,0,0,6807980,5437050,448870,1395560,202207.0
106,A13590204,12702326,0,0,0,0,8826000,-6326564,78287240,2743939,0,202207.0
107,A13589802,2167462,64571908,0,0,-28262000,28262000,2337110,374506720,27677560,49017900,202207.0
108,A13511201,9961380,0,0,0,0,0,5603267,38169020,3500000,0,202207.0
109,A13551103,-737,26381795,0,0,0,8004000,14982933,70562720,0,0,202207.0
110,A13590602,5824940,0,0,0,0,7444800,6275980,37962160,2099830,0,202207.0
111,A13511001,0,3204558,0,0,0,5663520,9897990,26071720,1112220,0,202207.0
112,A13511004,22402990,0,0,0,0,25980650,23365499,141411200,3639315,0,202207.0
113,A13511101,9588920,0,0,0,0,6714000,11130220,46388700,-7740,15407920,202207.0
114,A13511003,0,0,0,0,0,17558650,17096054,66471700,10416290,0,202207.0
115,A13519002,0,0,104710,0,0,0,1155060,16896060,237700,7348670,202207.0
116,A13519006,5739501,0,0,0,2019,12648070,20880653,55398990,1354440,20716950,202207.0
117,A13519007,14077900,0,0,0,-9825000,9792000,5707220,59670720,1492430,15080500,202207.0
118,A13519004,0,0,-426940,415050,0,0,-411590,19343490,13700,5317040,202207.0
119,A13519005,0,0,0,0,0,0,7495345,39020990,-18510,11270520,202207.0
120,A13519003,0,0,20070,0,0,0,1419640,15944530,341790,6758040,202207.0
121,A13519001,0,0,20130,0,0,0,1103340,14686920,130060,6605180,202207.0
122,A10028172,3775040,10850,0,0,0,9095560,13231594,50724780,0,14911050,202207.0
123,A13519008,105780,128010,0,0,0,8431170,1237036,28941970,0,8229450,202207.0
124,A13520003,0,6639310,0,0,0,13426210,26409649,103396850,0,21134200,202207.0
125,A13520004,8435400,0,0,0,0,0,35434462,0,8903120,0,202207.0
126,A10027985,5943800,139380,0,0,0,14788890,24485990,77832040,1838910,21211960,202207.0
127,A13520002,0,0,0,0,0,0,30108760,77285560,1341000,22215400,202207.0
128,A10023314,,,,,,,,,,,202207.0
129,A13520001,0,0,0,0,0,0,2097802,44154190,286400,18873930,202207.0
130,A10027909,0,0,23420,0,0,0,4156607,8990510,147750,3114750,202207.0
131,A10027912,0,0,19540,0,0,0,1289416,17094350,228130,5704290,202207.0
132,A13594702,3355970,0,0,0,-690,12233490,2680850,0,0,0,202207.0
133,A13523005,4363980,0,0,0,0,7400640,8693666,44261690,0,15681020,202207.0
134,A13523004,7305500,0,0,0,0,7828800,832150,55025400,1089270,11048590,202207.0
135,A13594701,2655520,125440,0,0,0,7941500,5747551,28263860,287090,11483630,202207.0
136,A13593802,2500560,0,0,0,6699050,0,7073120,0,356650,0,202207.0
137,A13523003,2932290,7860,0,0,0,5470390,160160,25844960,190270,10383540,202207.0
138,A13594402,129300,0,2210,0,0,4935600,4270400,21170570,1062100,0,202207.0
139,A13593801,2710090,0,0,1946420,-2058628,4120428,3668990,38014970,944864,11756786,202207.0
140,A13594203,3901190,0,0,0,-8800,12074150,4708278,46559432,1609400,14962930,202207.0
141,A13594403,5131570,0,0,0,0,9620000,10417330,44981210,1281800,0,202207.0
142,A10027571,605320,0,0,0,120,2617510,1246530,6924500,664675,0,202207.0
143,A10025823,15474090,0,0,0,-10373470,9910020,26809845,77889960,0,17139430,202207.0
144,A10024216,10804200,0,0,0,26570,23855870,69096860,209436710,-1221800,37099820,202207.0
145,A13522003,3074440,108090,0,0,0,5553840,2271370,0,1353450,0,202207.0
146,A13522008,0,0,0,0,0,13008000,8353128,0,0,0,202207.0
147,A13522004,3207320,164770,0,0,0,10490400,9774746,37930010,71260,13927450,202207.0
148,A13588402,8494890,0,-802800,782950,-6663160,6644610,4835160,36651310,1976570,0,202207.0
149,A13522007,3969700,0,0,0,0,10279540,4125620,0,1151230,0,202207.0
150,A13522006,3630540,0,0,0,0,8878640,-3581220,38561050,0,0,202207.0
151,A13552001,0,20090,0,0,0,6549630,432310,660110,328610,0,202207.0
152,A13552002,0,0,0,0,0,0,1188776,50427070,571060,15142300,202207.0
153,A13588601,3178260,68900,0,0,0,2068500,5260420,16774830,852550,5601870,202207.0
154,A10025204,,,,,,,,,,,202207.0
155,A10027446,3985580,0,0,0,0,4854000,11973860,54399080,971630,7946080,202207.0
156,A13550502,4195270,0,0,0,0,12004060,17004540,62159200,0,17051630,202207.0
157,A13527004,980070,0,0,0,0,2373000,-262860,10433625,0,3685370,202207.0
158,A13585404,2361450,0,0,0,0,5311350,1635130,52854640,0,9287130,202207.0
159,A13527002,2738220,0,0,0,-1805620,1805620,284798,12192264,0,3592510,202207.0
160,A13527008,0,0,12010,0,0,0,1726579,20939520,69300,6792910,202207.0
161,A13527013,3434020,0,0,0,0,7935053,8429763,30639730,605920,6862330,202207.0
162,A13527203,17343471,0,0,0,-1451,49054320,67797722,279206370,-1648590,71181970,202207.0
163,A13585401,0,0,0,0,0,2082000,874144,8579160,0,1214500,202207.0
164,A13586102,3399660,0,0,0,-2359840,2359840,640510,13673080,54970,4878620,202207.0
165,A13585804,6341320,0,0,0,0,16351930,22111240,68906030,4062670,0,202207.0
166,A13527007,2111410,0,0,0,0,4294590,7625458,31340420,307080,5826460,202207.0
167,A13527016,861120,13000,0,0,35000,5796000,6130364,25111450,1268340,9141530,202207.0
168,A13550403,6319410,0,0,0,-4183450,4183450,5606743,19311870,1229830,7052250,202207.0
169,A13586101,0,0,0,0,0,0,763680,0,0,0,202207.0
170,A13527010,-1350,341100,0,0,0,5840000,5455542,16628040,90,7885130,202207.0
171,A13527019,2832690,0,0,0,0,4947000,6685059,48533670,317470,7823330,202207.0
172,A13527006,2749270,0,0,0,1541900,0,3155520,14970500,91280,4862420,202207.0
173,A10027319,1745540,7810,0,0,-1115400,1115400,3884160,11615350,0,2290760,202207.0
174,A13550404,,,,,,,,,,,202207.0
175,A10024793,0,0,,,0,0,1680660,0,0,0,202207.0
