,kaptCode,heatC,heatP,gasC,gasP,waterHotC,waterHotP,electC,electP,waterCoolC,waterCoolP,Date
0,A13508012,2370450,26463870,0,0,0,14588930,10330590,22404610,68140,8134950,202201.0
1,A13579501,2595770,42073500,0,0,0,10978580,7145503,22275080,-640870,8235830,202201.0
2,A13592604,30385500,60707940,0,4320260,-21201000,21183000,8881176,28619730,0,17633500,202201.0
3,A13508009,3370590,54997220,0,0,0,16632870,15879470,24568370,211560,12222140,202201.0
4,A13508004,0,12294370,0,0,0,4371990,3724860,8741830,902280,3654000,202201.0
5,A13508003,0,0,0,0,0,0,3373890,0,1200210,0,202201.0
6,A13579506,1886840,28343670,0,0,0,2373790,5461215,19312130,0,6527090,202201.0
7,A13508006,4715670,37758540,0,0,0,11392500,7331066,24898710,0,7071280,202201.0
8,A13508011,2697760,41662354,0,0,-134,19320220,11122294,32734730,1222250,8758670,202201.0
9,A13592601,6291080,41914110,0,0,0,15656300,6911960,26767790,0,9884000,202201.0
10,A13592706,3665640,84871420,0,0,6090,38154690,6444026,38463290,1200,25281550,202201.0
11,A13579505,2529400,46955200,0,0,0,9500000,8661630,28268540,-135290,12447600,202201.0
12,A13508005,0,0,0,0,0,0,1544830,3761810,96340,1861710,202201.0
13,A13579503,248620,0,0,0,0,0,2697180,9262750,0,0,202201.0
14,A13592605,3431540,64963330,0,0,0,31046790,10331290,39285530,0,15722240,202201.0
15,A13591402,0,0,0,0,0,0,3391336,12907250,-450,4817210,202201.0
16,A10027474,2464160,31586180,0,0,1503820,10732800,12554918,25968930,541820,7542610,202201.0
17,A10023825,,,,,,,,,,,202201.0
18,A10024820,,,,,,,,,,,202201.0
19,A10024813,,,,,,,,,,,202201.0
20,A13599303,16828350,126240600,0,0,2575000,17017500,15943289,26337270,2111280,0,202201.0
21,A13594007,2623060,46254390,0,0,0,14626800,4289440,0,471980,4881520,202201.0
22,A13580602,5377571,104953030,0,0,0,17822000,9672025,33674870,0,17596790,202201.0
23,A13524004,300,76426500,0,0,0,12351300,10370110,17060580,905020,5769060,202201.0
24,A13599402,0,100098500,0,5561400,0,13560000,4701410,29552570,0,12134230,202201.0
25,A13524005,2700620,73021930,0,0,332460,8553600,9928610,19478970,2531360,0,202201.0
26,A13593908,10378510,148859,0,0,0,5076,0,0,0,0,202201.0
27,A13580001,1417320,30303890,0,0,0,7163800,4631950,9174990,-400,4901350,202201.0
28,A13524006,2290,131864620,0,0,0,8232390,17966573,25106790,3601930,8703750,202201.0
29,A13593901,2382090,27550600,0,0,0,7999100,6411690,15645380,0,3071510,202201.0
30,A13524009,6848590,99472000,0,0,0,33393600,10772400,30129980,2140690,9197630,202201.0
31,A13580002,29761058,0,0,0,0,8772610,2169452,9445840,20780,3502670,202201.0
32,A13599301,99727530,0,0,0,0,14410000,9419890,26530590,27620,0,202201.0
33,A10025203,6302461,90132770,0,6272440,-82871,25974550,46609960,68721410,5789590,19509080,202201.0
34,A10025675,13783350,124670030,0,0,0,60400800,52941413,112259130,2389270,42486250,202201.0
35,A10023565,,,,,,,,,,,202201.0
36,A10024564,13840720,126501020,367850,0,0,86969610,52120058,124370440,4607510,45438200,202201.0
37,A10023996,318517,14687380,0,0,0,4023000,9476980,5762710,387020,1615950,202201.0
38,A13510003,1411820,33159310,0,0,0,5637600,4230340,15269080,900,5129080,202201.0
39,A13510001,0,0,0,0,0,0,253230,7969950,-19240,2768240,202201.0
40,A13510201,870760,18963770,0,0,0,4172400,1631650,8439620,0,3137640,202201.0
41,A13510203,0,0,0,0,0,0,2362790,8832760,0,3975430,202201.0
42,A13510102,1617880,36299590,0,0,0,7119600,6734690,13448210,-14070,5869440,202201.0
43,A13510006,0,0,0,0,0,0,3219392,16861840,-14970,11009880,202201.0
44,A13510103,3452220,50525530,0,0,0,7026700,4471880,14785900,131780,7712560,202201.0
45,A13510202,31771600,0,71730,0,0,5404000,2951790,7300710,362030,2696530,202201.0
46,A13576201,0,0,0,0,0,0,-15190,12756690,0,0,202201.0
47,A13510005,4863480,88302510,0,0,0,24869550,5666877,42280700,3249210,7706390,202201.0
48,A13510009,0,0,0,0,0,0,7668960,11207760,3280,3562890,202201.0
49,A13510007,10697940,51917280,0,0,0,18883200,21001727,27908700,1545540,8076520,202201.0
50,A10025280,,,,,,,,,,,202201.0
51,A10025755,,,,,,,,,,,202201.0
52,A10024640,,,,,,,,,,,202201.0
53,A13509001,0,0,581240,0,0,0,2003650,7942420,0,3129880,202201.0
54,A13570501,10227690,77842440,0,0,0,17005000,16425517,43406320,-20,18431250,202201.0
55,A13550701,1774578,32979832,0,0,0,13887300,6816869,21776690,0,7487330,202201.0
56,A13509005,126570,30635910,0,0,8771220,8771220,5206087,17867330,90200,6324450,202201.0
57,A13509004,0,0,0,0,0,0,906710,11559920,0,4275720,202201.0
58,A13509010,5185940,74524650,0,0,0,31820050,16999139,49074320,56310,17296350,202201.0
59,A13509006,284610,0,0,0,0,0,2946891,10686860,0,6149550,202201.0
60,A13509003,0,0,0,0,0,0,1827690,10313520,0,0,202201.0
61,A13509012,6036230,74664560,0,0,0,51704800,15320059,58753030,0,21619270,202201.0
62,A13509007,1724020,39431470,0,0,0,4460350,6299580,14957880,248960,6158800,202201.0
63,A13570502,,,,,,,,,,,202201.0
64,A13509013,,,,,,,,,,,202201.0
65,A13509101,0,0,0,0,0,0,2438780,8829140,512690,3889210,202201.0
66,A13509009,25038070,84062000,0,0,-20746680,20746680,27802377,64054320,2137610,9828320,202201.0
67,A13509014,,,,,,,,,,,202201.0
68,A10026350,4190050,24616610,0,0,0,12866560,9995180,25879480,1162140,6548720,202201.0
69,A10026934,,,,,,,,,,,202201.0
70,A10024131,2929170,30480710,0,0,0,20956200,24368840,31094430,1313350,8456740,202201.0
71,A10023939,0,0,0,0,0,0,8013910,7016800,2612230,2586190,202201.0
72,A10024819,,,,,,,,,,,202201.0
73,A13528102,5403350,108954460,0,0,0,13059840,19306280,51587320,3628020,16300360,202201.0
74,A13528103,23506960,106668980,0,0,0,35350200,25621210,78065860,268690,21638500,202201.0
75,A13528004,37946540,347139190,0,12950600,0,55177200,27367700,155376300,0,60297840,202201.0
76,A13583604,-411930,219730210,0,0,0,20905000,15456110,60745320,2507200,15283130,202201.0
77,A13583701,2887240,60095810,0,3200610,3882700,18940000,7197110,27844620,0,8929210,202201.0
78,A13528003,13753510,83636370,0,4392670,0,46369500,16629142,49573970,2003060,13461360,202201.0
79,A13528007,5268570,29180690,0,0,0,7436000,9997710,29810620,589890,8574140,202201.0
80,A13528105,950,204421500,0,0,0,31235400,5464710,90536280,0,16395560,202201.0
81,A13584101,35001240,32581530,0,0,15079240,15079240,32005185,23868340,7332230,7334620,202201.0
82,A13583507,-9130,818411580,0,0,0,73380160,49561638,160860030,17890990,62298260,202201.0
83,A13583403,94605280,0,0,0,0,11668640,7887420,19035940,235230,6038270,202201.0
84,A13583404,130474650,0,0,0,-7945200,7945200,18453105,31517800,493590,9543810,202201.0
85,A13583402,5340740,76867560,0,0,-10984000,10984000,13730000,14541490,2461440,5579020,202201.0
86,A10027800,8770000,109138100,0,0,0,72883790,44374942,120068110,405430,35120790,202201.0
87,A10025646,,,,,,,,,,,202201.0
88,A10026526,,,,,,,,,,,202201.0
89,A10024102,0,0,13620,17975030,0,0,11362680,12313810,-100,2820020,202201.0
90,A10024815,,,,,,,,,,,202201.0
91,A10026924,1460280,20524950,0,0,0,7762600,5514258,16543190,286860,4380600,202201.0
92,A10024799,,,,,,,,,,,202201.0
93,A10028094,,,,,,,,,,,202201.0
94,A10024029,,,,,,,,,,,202201.0
95,A10024814,,,,,,,,,,,202201.0
96,A10024805,,,,,,,,,,,202201.0
97,A13501004,0,0,278720,0,0,0,7457783,19190340,351400,9761390,202201.0
98,A13501001,7308570,0,0,0,0,0,9530708,30169130,1663490,3623900,202201.0
99,A13582002,-4445830,111297340,0,0,0,12387600,13985510,19282440,199870,0,202201.0
100,A13501007,,,,,,,,,,,202201.0
101,A13501008,,,,,,,,,,,202201.0
102,A13583301,0,0,0,0,0,0,3112790,7304940,0,2630390,202201.0
103,A13501006,13726040,24796330,0,0,-11578600,11490390,10238510,24222380,2289660,5477370,202201.0
104,A13501005,,,,,,,,,,,202201.0
105,A10024501,0,0,0,0,0,0,5667860,3535540,354660,1331990,202201.0
106,A13590204,206129257,0,0,0,0,15636000,4235837,54136930,-125730,0,202201.0
107,A13589802,16506496,835523834,0,0,-45494000,45494000,11909865,213608080,26347100,41127810,202201.0
108,A13511201,95056590,0,0,0,0,0,10210722,25901770,3500000,0,202201.0
109,A13551103,0,252107803,0,0,0,10756000,9604224,48820190,0,0,202201.0
110,A13590602,131672470,0,0,0,0,9094500,4842210,24294800,509680,0,202201.0
111,A13511001,60159090,60159008,0,0,0,12355200,8775260,15778100,0,0,202201.0
112,A13511004,67296920,384419080,0,0,0,36827800,32662767,104624290,518730,0,202201.0
113,A13511101,133286320,0,0,0,0,10719000,9139440,27210040,0,14463210,202201.0
114,A13511003,0,155672000,0,0,0,27157600,17230185,39659730,5674990,0,202201.0
115,A13519002,0,0,578290,0,0,0,3228664,14245210,175280,7322020,202201.0
116,A13519006,13076970,56822810,0,0,-1420,23597730,18784486,35452260,3077030,17936170,202201.0
117,A13519007,35081790,46531720,0,0,-27396000,27270000,9531820,37134480,1953640,14645970,202201.0
118,A13519004,0,0,-381680,373690,0,0,2523480,14790340,41660,5475420,202201.0
119,A13519005,0,0,0,0,0,0,9681161,25721350,1167950,10704530,202201.0
120,A13519003,0,0,1293960,0,0,0,3782440,13033180,122120,6583850,202201.0
121,A13519001,0,0,1209080,0,0,0,7134810,10286690,127320,6527540,202201.0
122,A10028172,2913680,33767230,0,0,-1601030,26752900,16374072,28489370,3065540,13970690,202201.0
123,A13519008,9560538,31359470,0,0,0,21933138,12083785,20102280,-80,8517380,202201.0
124,A13520003,0,62815390,0,0,0,56570270,20070258,62303580,0,20715300,202201.0
125,A13520004,2396500,32818230,0,0,0,13187290,10675607,15774200,608890,8335590,202201.0
126,A10027985,5943800,69846580,0,0,0,29276920,19783440,48939690,525200,23439730,202201.0
127,A13520002,0,0,0,0,0,0,24716900,68138680,1171340,21710470,202201.0
128,A10023314,,,,,,,,,,,202201.0
129,A13520001,0,0,0,0,0,0,6816229,40524070,1949910,16698570,202201.0
130,A10027909,0,0,51390,0,0,0,5873630,7461370,38140,3465860,202201.0
131,A10027912,0,0,594390,0,0,0,3263973,13396070,346320,4929430,202201.0
132,A13594702,3355818,77956150,0,0,1282,19017520,6203200,0,0,0,202201.0
133,A13523005,4363980,80703006,0,0,0,23151600,17697779,25436100,0,14735840,202201.0
134,A13523004,19886450,76904960,0,0,0,16476000,4265250,34715190,521910,8275600,202201.0
135,A13594701,8513790,55552200,0,0,0,18169200,11892486,22291520,759540,7595380,202201.0
136,A13593802,47479581,0,0,0,13309359,0,9352410,0,763670,0,202201.0
137,A13523003,8947120,45938010,0,0,0,13923840,806070,20126340,1169050,9619940,202201.0
138,A13594402,43696290,0,2290,0,0,7992000,5585940,12964320,610120,0,202201.0
139,A13593801,9005014,17505396,0,1683220,-7060500,9555210,4431370,24113250,4515742,7419328,202201.0
140,A13594203,14488398,70650162,0,0,0,24634600,4604780,37466050,1220400,12152120,202201.0
141,A13594403,112891460,0,0,0,0,19116000,9266280,26896020,599320,0,202201.0
142,A10027571,605300,15453210,0,0,0,4202800,1753520,6142720,439740,0,202201.0
143,A10025823,29772340,54318100,0,0,-24671720,24073780,21482387,50960470,0,16592870,202201.0
144,A10024216,26995680,120890840,0,0,165000,50389360,62961680,114641700,-1938540,36434590,202201.0
145,A13522003,8096540,43589480,0,0,0,10657500,3947220,0,829435,0,202201.0
146,A13522008,0,101691470,0,0,0,22686000,10149950,0,40,0,202201.0
147,A13522004,3207320,59273760,0,0,0,23554300,9750629,24997740,45780,13599900,202201.0
148,A13588402,28770620,46920120,-733860,719010,-18535000,18491000,8076300,25275060,3420560,0,202201.0
149,A13522007,12728150,66228870,0,0,0,23378630,7115850,0,960010,0,202201.0
150,A13522006,11281880,57870700,0,0,0,17364000,2750690,28030180,0,0,202201.0
151,A13552001,6860833,22681417,199940,0,0,21406500,836490,446110,486170,0,202201.0
152,A13552002,0,0,0,0,0,0,15822477,38383130,536820,13527680,202201.0
153,A13588601,3434960,30470080,0,0,0,12260700,4761000,13767840,919800,4246210,202201.0
154,A10025204,,,,,,,,,,,202201.0
155,A10027446,4271310,39847700,0,0,0,12013900,14879820,26877220,102700,8133300,202201.0
156,A13550502,4195270,80073430,-1247340,1234520,0,37156620,15061870,38450330,0,17752150,202201.0
157,A13527004,2799380,21469510,0,0,0,4200000,1191880,6810910,417410,3236320,202201.0
158,A13585404,2361450,30952360,0,0,0,18138300,7536920,25076090,0,10396870,202201.0
159,A13527002,4399480,14241580,0,0,-3381000,3381000,1677039,6963630,0,3456790,202201.0
160,A13527008,0,0,318090,0,0,0,2592945,16860190,29760,6945060,202201.0
161,A13527013,3434020,70947940,0,0,0,15328410,10258807,19663050,451730,5620260,202201.0
162,A13527203,17342790,322528020,0,0,0,135256800,94477491,156531930,2021150,65564900,202201.0
163,A13585401,0,17799000,0,0,0,4338000,1971227,8133610,0,1923180,202201.0
164,A13586102,25213410,0,0,0,0,0,10001780,0,5164070,0,202201.0
165,A13585804,6341320,104715760,0,0,0,41820000,30214620,41238470,1947240,0,202201.0
166,A13527007,2111410,34018700,0,0,0,13058500,8673749,21299520,199850,5314540,202201.0
167,A13527016,5072840,51467060,0,0,35000,9810500,7509390,21633870,1714360,8914880,202201.0
168,A13550403,14543450,46830290,0,0,-12406500,12406500,7414287,13029660,2449570,5560320,202201.0
169,A13586101,0,0,0,0,0,0,847950,0,0,0,202201.0
170,A13527010,-970,59783400,0,0,0,10308000,6540883,11055210,-50,8062600,202201.0
171,A13527019,3284040,40046620,0,0,0,13122000,11624639,20854770,445560,7980570,202201.0
172,A13527006,43341240,0,0,0,2519400,0,3630640,11055680,771400,4578010,202201.0
173,A10027319,2496540,8564110,0,0,-1866530,1866530,3838630,6886700,0,2443770,202201.0
174,A13550404,,,,,,,,,,,202201.0
175,A10024793,0,0,0,133600,0,0,1891890,0,0,0,202201.0
