,kaptCode,heatC,heatP,gasC,gasP,waterHotC,waterHotP,electC,electP,waterCoolC,waterCoolP,Date
0,A13120701,0,0,0,0,0,0,4453819,6659490,0,3097960,202102.0
1,A13184401,0,0,0,0,0,0,2156757,6880160,0,0,202102.0
2,A13183202,0,0,0,0,0,0,633870,7586490,0,0,202102.0
3,A13184301,0,0,0,0,0,0,2611950,8163280,0,0,202102.0
4,A13183504,0,0,0,0,0,0,1438260,24281750,616760,8922830,202102.0
5,A13183701,0,0,0,0,0,0,1301630,7648020,0,0,202102.0
6,A13181203,0,0,0,0,0,0,3873290,17707950,324120,0,202102.0
7,A13120403,0,0,0,0,0,0,4469980,14608820,-1690,7334050,202102.0
8,A13184107,0,0,-696480,691420,0,0,8942181,23797540,0,11292200,202102.0
9,A13183405,0,0,0,0,0,0,2825828,13562410,-1023170,10587710,202102.0
10,A13120704,76410,0,0,0,0,0,2088726,6088950,68920,6303750,202102.0
11,A13184502,0,0,0,0,0,0,2115300,5236670,0,0,202102.0
12,A13183303,0,0,0,0,0,0,1875180,6661080,0,3090060,202102.0
13,A13120001,1350000,0,0,0,0,0,1072100,7621500,0,0,202102.0
14,A13188406,0,0,76880,0,0,0,4618276,13127600,763680,0,202102.0
15,A13177701,0,0,0,0,0,0,17502020,0,909720,0,202102.0
16,A13183204,0,0,0,0,0,0,2450060,15924440,0,0,202102.0
17,A13184208,179450,0,0,0,0,0,4926040,24675670,582180,0,202102.0
18,A13183502,0,0,221420,0,0,0,10978310,0,119010,0,202102.0
19,A13181201,0,0,103810,0,0,0,527440,7562210,530,2807740,202102.0
20,A13175103,0,0,0,0,0,0,6832510,31320420,1247500,0,202102.0
21,A13175102,,,,,,,,,,,202102.0
22,A10028033,0,0,0,0,0,0,5289630,14150150,466540,8439650,202102.0
23,A10025159,0,0,0,0,0,0,6810280,19470430,479400,6413590,202102.0
24,A13120003,,,,,,,,,,,202102.0
25,A10024703,0,0,0,0,0,0,23641970,0,6036640,0,202102.0
26,A10023384,,,,,,,,,,,202102.0
27,A10024443,0,0,0,0,0,0,5900100,9063050,663150,5798910,202102.0
28,A10024741,0,0,39100,0,0,0,18633710,65876250,980,23921720,202102.0
29,A10024366,,,,,,,,,,,202102.0
30,A10023606,,,,,,,,,,,202102.0
31,A13185602,0,0,0,0,0,0,4259820,14142010,1102680,6373110,202102.0
32,A13185603,0,0,0,0,0,0,3170390,13413730,379440,0,202102.0
33,A13170401,0,0,0,0,0,0,6587212,24118650,0,9633090,202102.0
34,A13186306,24359290,0,0,0,17068000,0,5016160,0,750000,0,202102.0
35,A13186401,0,0,0,0,0,0,4244129,10239250,0,6195890,202102.0
36,A13122104,0,0,0,0,0,0,28043145,0,10714440,0,202102.0
37,A13186305,8416600,22718690,0,0,0,34670400,5636940,25027350,1035980,14442800,202102.0
38,A13185607,0,0,0,0,0,0,1188230,49350340,1432260,0,202102.0
39,A13122001,0,0,0,0,0,0,4690220,23873690,0,9088260,202102.0
40,A13187501,0,0,0,0,0,0,726430,6826360,0,0,202102.0
41,A13187702,0,0,482600,0,0,0,5017080,49896300,470,28393540,202102.0
42,A10026046,,,,,,,,,,,202102.0
43,A13176801,0,0,0,0,0,0,1940183,0,0,0,202102.0
44,A13114103,0,0,0,0,0,0,2711928,9765910,212500,3275850,202102.0
45,A13184804,0,0,0,0,0,0,2340314,9751560,3224810,0,202102.0
46,A13184609,4649020,29573120,0,0,0,31888300,3767790,25894870,-2539070,15451910,202102.0
47,A13184610,18407730,107791830,0,0,0,41421500,29673350,41725020,259290,25346520,202102.0
48,A13114106,0,0,223340,0,0,0,5437346,8847800,8621430,7711130,202102.0
49,A13185508,0,0,0,0,0,0,5149270,24676500,0,13609650,202102.0
50,A13185501,0,0,0,0,0,0,921820,7486270,0,5829490,202102.0
51,A13185507,0,0,0,0,0,0,2257140,9998330,0,0,202102.0
52,A13185502,0,0,0,0,0,0,1406590,5874880,0,5665250,202102.0
53,A13114002,0,0,0,0,0,980810,1090201,24349630,294800,11577400,202102.0
54,A13185402,0,0,246930,0,0,0,12008101,0,0,0,202102.0
55,A13114201,0,0,1100,0,0,0,561740,6385310,0,3626510,202102.0
56,A10025855,0,0,0,0,0,0,8628710,23836020,173670,23838950,202102.0
57,A10025187,,,,,,,,,,,202102.0
58,A10026469,0,0,0,0,0,0,6979493,18087830,0,5850440,202102.0
59,A13123102,0,0,0,0,0,0,3941300,33849900,0,13536970,202102.0
60,A13176102,0,0,12590,0,0,0,6590730,6993230,0,0,202102.0
61,A13123002,0,0,0,0,0,0,7389220,17955450,0,7522390,202102.0
62,A13123001,0,0,0,0,0,0,8844190,0,6983940,0,202102.0
63,A13123101,0,0,0,0,0,0,2048430,6237750,0,3093360,202102.0
64,A13176101,,,,,,,,,,,202102.0
65,A10027498,,,,,,,,,,,202102.0
66,A10023816,,,,,,,,,,,202102.0
67,A10024008,,,,,,,,,,,202102.0
68,A10024018,,,,,,,,,,,202102.0
69,A10024214,,,,,,,,,,,202102.0
70,A10023952,,,,,,,,,,,202102.0
71,A13186801,0,0,0,0,0,0,1474076,4621130,0,2866830,202102.0
72,A13186503,0,0,0,0,0,0,2066980,8917390,0,0,202102.0
73,A13176902,1165390,10488490,0,0,0,4335830,1304320,0,151450,0,202102.0
74,A13113002,0,0,0,0,0,0,1615048,12145700,-2530,4718290,202102.0
75,A13113006,-389820,388840,0,0,0,0,1713660,8933730,0,3958640,202102.0
76,A13186905,0,0,208370,0,0,355340,2186130,0,0,0,202102.0
77,A13113001,0,0,0,0,0,0,2978941,6690850,-350,3528830,202102.0
78,A13186502,0,0,0,0,0,0,4012670,5877880,19330,3147510,202102.0
79,A13178101,2816420,64163630,0,0,0,35467320,6468538,51470930,3297440,17513470,202102.0
80,A13176901,9057290,69896320,0,0,0,22578600,6007427,42131200,3978610,19917730,202102.0
81,A13113003,20222490,21431590,0,0,-18585000,18585000,4960840,17599790,997750,8358240,202102.0
82,A13187306,380,36130930,0,0,1520,21610750,6594310,0,26400,0,202102.0
83,A13186504,0,0,0,0,0,0,3044182,11015690,594190,4899820,202102.0
84,A13187406,0,0,639450,0,0,0,6425036,20430150,0,11193020,202102.0
85,A13113004,4715517,61052200,0,0,0,9397500,1655117,29920850,-1206360,15537200,202102.0
86,A13187302,1829020,33420050,0,0,0,12985520,2745250,0,1818190,10020980,202102.0
87,A13187305,2452590,47163390,0,0,0,19647500,6848035,24385050,-2595470,17401960,202102.0
88,A13186907,0,0,0,0,0,0,1358960,29130170,452145,0,202102.0
89,A13187004,0,0,0,0,0,0,44317502,0,1453230,0,202102.0
90,A13186708,5445540,65758300,0,0,0,18538800,8334407,28432010,3300000,0,202102.0
91,A13187201,5967727,31418413,0,0,0,24240000,9609178,24496660,691590,12724290,202102.0
92,A13187203,11137970,62499870,0,0,0,22580300,11405287,39310370,195790,16765880,202102.0
93,A13113008,0,0,0,0,0,0,14006971,42825010,-1029640,23256380,202102.0
94,A13113007,0,0,0,0,0,0,20173570,59358180,529180,28168340,202102.0
95,A10025397,0,0,0,0,0,0,8612550,0,1884090,0,202102.0
96,A10027297,,,,,,,,,,,202102.0
97,A10027775,0,0,0,0,0,0,2281890,1698960,42470,757920,202102.0
98,A10025137,2577650,0,0,0,4434980,0,6430430,0,0,0,202102.0
