,kaptCode,heatC,heatP,gasC,gasP,waterHotC,waterHotP,electC,electP,waterCoolC,waterCoolP,Date
0,A13120701,0,0,0,0,0,0,1862462,5862880,0,2730260,202104.0
1,A13184401,0,0,0,0,0,0,1694682,5704490,0,0,202104.0
2,A13183202,0,0,0,0,0,0,649790,0,0,0,202104.0
3,A13184301,0,0,0,0,0,0,2301100,7623670,0,0,202104.0
4,A13183504,0,0,0,0,0,0,1025240,20507150,604030,9655060,202104.0
5,A13183701,0,0,0,0,0,0,976270,6401370,0,0,202104.0
6,A13181203,0,0,0,0,0,0,2959690,16036050,283150,0,202104.0
7,A13120403,0,0,0,0,0,0,3362536,12596730,-1520,5784080,202104.0
8,A13184107,0,0,-793650,786190,0,0,6285006,19703110,0,10922390,202104.0
9,A13183405,0,0,0,0,0,0,1071375,11614430,-231120,9973830,202104.0
10,A13120704,29750,0,0,0,0,0,1675049,5627700,202240,6548130,202104.0
11,A13184502,0,0,0,0,0,0,1430280,5056290,0,0,202104.0
12,A13183303,0,0,0,0,0,0,1427840,5247750,0,3199530,202104.0
13,A13120001,1530000,0,0,0,0,0,652390,7591600,0,0,202104.0
14,A13188406,0,0,171040,0,0,0,4586710,12142660,509120,0,202104.0
15,A13177701,0,0,0,0,0,0,9249420,0,0,0,202104.0
16,A13183204,0,0,0,0,0,0,1766490,13511990,0,0,202104.0
17,A13184208,92490,0,0,0,0,0,5358600,20032650,754330,0,202104.0
18,A13183502,0,0,90720,0,0,0,9059250,0,0,0,202104.0
19,A13181201,0,0,48510,0,0,0,7112560,0,2793340,0,202104.0
20,A13175103,0,0,0,0,0,0,4247150,26714590,1250390,0,202104.0
21,A13175102,,,,,,,,,,,202104.0
22,A10028033,0,0,0,0,0,0,3733040,12220660,-243960,8241270,202104.0
23,A10025159,0,0,0,0,0,0,4019140,20197160,459380,6521150,202104.0
24,A13120003,,,,,,,,,,,202104.0
25,A10024703,0,0,0,0,0,0,21890900,0,6991640,0,202104.0
26,A10023384,,,,,,,,,,,202104.0
27,A10024443,0,0,0,0,0,0,3343610,9915580,0,3697630,202104.0
28,A10024741,0,0,0,0,0,0,12745430,66406730,1810,23910540,202104.0
29,A10024366,,,,,,,,,,,202104.0
30,A10023606,,,,,,,,,,,202104.0
31,A13185602,0,0,0,0,0,0,3664800,11661340,428890,6378680,202104.0
32,A13185603,0,0,0,0,0,0,2516420,12474660,378510,0,202104.0
33,A13170401,0,0,0,0,0,0,3819890,19384780,0,8373220,202104.0
34,A13186306,7170230,0,0,0,11356400,0,2974870,0,960000,0,202104.0
35,A13186401,0,0,0,0,0,0,3693934,10017940,0,6612460,202104.0
36,A13122104,0,0,0,0,0,0,24552585,0,11216630,0,202104.0
37,A13186305,5054190,6599430,0,0,0,13491540,6471060,24703260,978380,14407650,202104.0
38,A13185607,0,0,0,0,0,0,2023750,41568070,611600,0,202104.0
39,A13122001,0,0,0,0,0,0,930040,20800520,0,9854840,202104.0
40,A13187501,0,0,0,0,0,0,959790,5390490,0,0,202104.0
41,A13187702,0,0,384930,0,0,0,2442520,48109350,1886910,26352030,202104.0
42,A10026046,,,,,,,,,,,202104.0
43,A13176801,0,0,0,0,0,0,1569982,0,0,0,202104.0
44,A13114103,0,0,0,0,0,0,1841931,8343090,289030,3181380,202104.0
45,A13184804,0,0,0,0,0,0,9366160,0,3187140,0,202104.0
46,A13184609,2973740,5173530,0,0,0,18662800,1738870,23348530,347170,14019680,202104.0
47,A13184610,7861380,12877830,0,0,0,37762200,16644700,44340060,133670,26739130,202104.0
48,A13114106,0,0,164140,0,0,0,3104260,7406240,8209060,8049480,202104.0
49,A13185508,0,0,0,0,0,0,5134530,21015430,0,12081960,202104.0
50,A13185501,0,0,0,0,0,0,330320,6707700,0,5308980,202104.0
51,A13185507,0,0,0,0,0,0,1618930,9422230,0,0,202104.0
52,A13185502,0,0,0,0,0,0,955370,5398640,4997330,0,202104.0
53,A13114002,0,0,0,0,0,966430,979332,23014300,295930,11350560,202104.0
54,A13185402,0,0,147350,0,0,0,1794339,8080750,0,0,202104.0
55,A13114201,0,0,1100,0,0,0,600960,0,196600,0,202104.0
56,A10025855,0,0,0,0,0,0,6900900,23344980,1470310,23193980,202104.0
57,A10025187,,,,,,,,,,,202104.0
58,A10026469,0,0,0,0,0,0,4571382,18023600,0,5304760,202104.0
59,A13123102,0,0,0,0,0,0,2575210,29750420,0,11607930,202104.0
60,A13176102,0,0,0,0,0,0,5540820,6141420,0,0,202104.0
61,A13123002,0,0,0,0,0,0,740970,15390930,133390,7743080,202104.0
62,A13123001,0,0,0,0,0,0,8059050,0,7232280,0,202104.0
63,A13123101,0,0,0,0,0,0,1303560,5434600,0,2788070,202104.0
64,A13176101,,,,,,,,,,,202104.0
65,A10027498,,,,,,,,,,,202104.0
66,A10023816,,,,,,,,,,,202104.0
67,A10024008,,,,,,,,,,,202104.0
68,A10024018,,,,,,,,,,,202104.0
69,A10024214,,,,,,,,,,,202104.0
70,A10023952,,,,,,,,,,,202104.0
71,A13186801,0,0,0,0,0,0,1408352,4299270,-30,2262420,202104.0
72,A13186503,0,0,0,0,0,0,1425799,8506780,0,0,202104.0
73,A13176902,378160,3403930,0,0,0,3799420,893630,0,149950,0,202104.0
74,A13113002,0,0,0,0,0,0,1254957,9965160,-2270,5245310,202104.0
75,A13113006,-330710,330540,0,0,0,0,1423940,8477500,9460,3924580,202104.0
76,A13186905,0,0,126170,0,0,313540,1852400,0,0,0,202104.0
77,A13113001,0,0,0,0,0,0,1740370,6805020,-1460,3464100,202104.0
78,A13186502,0,0,0,0,0,0,2129711,5321390,17450,3262820,202104.0
79,A13178101,2816420,10881870,0,0,0,33058410,105673,51858580,2139070,17714220,202104.0
80,A13176901,3605850,13095900,0,0,0,20413100,546470,35185810,0,20666130,202104.0
81,A13113003,11940190,3615050,0,0,-8505000,8505000,3888450,15318330,926190,8768700,202104.0
82,A13187306,-1060,11494860,0,0,1110,17295720,3689120,0,33120,0,202104.0
83,A13186504,0,0,0,0,0,0,2311894,10444760,139650,5245590,202104.0
84,A13187406,0,0,180010,0,0,0,5050086,16731360,0,11054360,202104.0
85,A13113004,3347457,13588570,0,0,0,9752900,477327,28577350,-1963820,16826920,202104.0
86,A13187302,1829020,7291440,0,0,0,9974580,2033960,0,1973460,8894430,202104.0
87,A13187305,2470510,11970000,0,0,0,11814000,4958537,20452922,-1410470,17296930,202104.0
88,A13186907,0,0,0,0,0,0,1618410,24625440,712980,0,202104.0
89,A13187004,0,0,0,0,0,0,36886693,0,1454160,0,202104.0
90,A13186708,4353880,12426670,0,0,0,19721520,6864100,27496380,2527500,0,202104.0
91,A13187201,2813562,5508308,0,0,0,14301000,7103531,22717330,82130,13773590,202104.0
92,A13187203,4951200,14363390,0,0,0,13387940,8922844,32933750,272750,16788410,202104.0
93,A13113008,0,0,0,0,0,0,10869933,41487360,-655310,24022550,202104.0
94,A13113007,0,0,0,0,0,0,10180840,56303260,899310,27500080,202104.0
95,A10025397,0,0,0,0,0,0,3751180,0,1885380,0,202104.0
96,A10027297,,,,,,,,,,,202104.0
97,A10027775,0,0,0,0,0,0,819580,1397810,44650,747810,202104.0
98,A10025137,369420,0,0,0,2948940,0,5270230,0,0,0,202104.0
