,kaptCode,heatC,heatP,gasC,gasP,waterHotC,waterHotP,electC,electP,waterCoolC,waterCoolP,Date
0,A13120701,0,0,0,0,0,0,2362279,5111160,0,3526960,202103.0
1,A13184401,0,0,0,0,0,0,1643878,5476670,0,0,202103.0
2,A13183202,0,0,0,0,0,0,782120,5665730,70,5422240,202103.0
3,A13184301,0,0,0,0,0,0,2393730,8863490,68090,9255750,202103.0
4,A13183504,0,0,0,0,0,0,1715830,18431280,598500,10035380,202103.0
5,A13183701,0,0,0,0,0,0,1332830,5742060,581430,6039670,202103.0
6,A13181203,0,0,0,0,0,0,3132670,18480780,283160,0,202103.0
7,A13120403,0,0,0,0,0,0,3476960,11515910,-3340,6225130,202103.0
8,A13184107,0,0,-725606,718420,0,0,7250886,17760140,-2442760,9843510,202103.0
9,A13183405,0,0,0,0,0,0,1295280,10538160,0,0,202103.0
10,A13120704,48170,0,0,0,0,0,2056788,5859990,0,0,202103.0
11,A13184502,0,0,0,0,0,0,1479260,5781610,0,0,202103.0
12,A13183303,0,0,0,0,0,0,1654970,5005080,0,3451720,202103.0
13,A13120001,0,0,0,0,0,0,668250,8475200,0,6510540,202103.0
14,A13188406,0,0,73870,0,0,0,6794136,13511680,0,0,202103.0
15,A13177701,0,0,0,0,0,0,9675510,0,0,0,202103.0
16,A13183204,0,0,0,0,0,0,1785770,11943600,0,0,202103.0
17,A13184208,122740,0,0,0,0,0,5694810,18123740,582180,0,202103.0
18,A13183502,0,0,129780,0,0,0,10971680,0,87660,0,202103.0
19,A13181201,0,0,68100,0,0,0,789970,5982210,860,2612930,202103.0
20,A13175103,0,0,0,0,0,0,4325450,24834070,1250390,0,202103.0
21,A13175102,,,,,,,,,,,202103.0
22,A10028033,0,0,0,0,0,0,3999000,10876730,0,0,202103.0
23,A10025159,0,0,0,0,0,0,5376990,20145590,475000,7051310,202103.0
24,A13120003,,,,,,,,,,,202103.0
25,A10024703,0,0,0,0,0,0,23802850,0,7155570,0,202103.0
26,A10023384,,,,,,,,,,,202103.0
27,A10024443,0,0,0,0,0,0,3831370,10532700,0,3643740,202103.0
28,A10024741,0,0,24290,0,0,0,13927150,73691040,580,22631980,202103.0
29,A10024366,,,,,,,,,,,202103.0
30,A10023606,,,,,,,,,,,202103.0
31,A13185602,0,0,0,0,0,0,3720410,10720920,511430,5838650,202103.0
32,A13185603,0,0,0,0,0,0,2719540,14318090,0,0,202103.0
33,A13170401,0,0,0,0,0,0,4222692,18074360,0,8171590,202103.0
34,A13186306,16896060,0,0,0,17012650,0,3549810,0,950000,0,202103.0
35,A13186401,0,0,0,0,0,0,3904011,11255270,0,6089180,202103.0
36,A13122104,0,0,0,0,0,0,27030125,0,10692870,0,202103.0
37,A13186305,7264140,15052160,0,0,0,24879360,5346810,27404860,663710,14733480,202103.0
38,A13185607,0,0,0,0,0,0,2817290,38191180,0,0,202103.0
39,A13122001,0,0,0,0,0,0,1456150,18632550,0,9358530,202103.0
40,A13187501,0,0,0,0,0,0,1278680,4728720,0,0,202103.0
41,A13187702,0,0,428230,0,0,0,2534370,57290270,3200720,24619680,202103.0
42,A10026046,,,,,,,,,,,202103.0
43,A13176801,0,0,0,0,0,0,1797860,0,5485200,0,202103.0
44,A13114103,0,0,0,0,0,0,2096306,7538270,108290,2859540,202103.0
45,A13184804,0,0,0,0,0,0,2169820,7613090,3104040,0,202103.0
46,A13184609,4766340,21275290,0,0,0,23138480,324870,23021450,917420,13169820,202103.0
47,A13184610,13322950,62030270,0,0,0,43308500,29187470,49559830,206760,28045060,202103.0
48,A13114106,0,0,184490,0,0,0,2805361,6968400,0,0,202103.0
49,A13185508,0,0,0,0,0,0,4873850,19494760,0,13498940,202103.0
50,A13185501,0,0,0,0,0,0,877080,5732860,0,0,202103.0
51,A13185507,0,0,0,0,0,0,1467340,10494690,0,9389980,202103.0
52,A13185502,0,0,0,0,0,0,1392270,5437950,0,0,202103.0
53,A13114002,0,0,0,0,0,1005440,973561,25669090,377920,10545210,202103.0
54,A13185402,0,0,197090,0,0,0,1572625,7879120,6966530,0,202103.0
55,A13114201,0,0,1100,0,0,0,645270,5391690,0,3031830,202103.0
56,A10025855,0,0,0,0,0,0,8144410,26250080,0,0,202103.0
57,A10025187,,,,,,,,,,,202103.0
58,A10026469,0,0,0,0,0,0,4937025,19478980,0,6111460,202103.0
59,A13123102,0,0,0,0,0,0,3188430,27164730,0,13301320,202103.0
60,A13176102,0,0,3920,0,0,0,2338182,5540820,0,6000420,202103.0
61,A13123002,0,0,0,0,0,0,2723230,13985760,0,6919510,202103.0
62,A13123001,0,0,0,0,0,0,9008690,0,0,0,202103.0
63,A13123101,0,0,0,0,0,0,1301430,5048050,0,3291510,202103.0
64,A13176101,,,,,,,,,,,202103.0
65,A10027498,,,,,,,,,,,202103.0
66,A10023816,,,,,,,,,,,202103.0
67,A10024008,,,,,,,,,,,202103.0
68,A10024018,,,,,,,,,,,202103.0
69,A10024214,,,,,,,,,,,202103.0
70,A10023952,,,,,,,,,,,202103.0
71,A13186801,0,0,0,0,0,0,2394554,3962510,0,2199810,202103.0
72,A13186503,0,0,0,0,0,0,1536644,9505110,0,0,202103.0
73,A13176902,828880,7460160,0,0,0,4334400,1012660,0,150700,0,202103.0
74,A13113002,0,0,0,0,0,0,1499627,9207550,150,5111070,202103.0
75,A13113006,-400070,398110,0,0,0,0,1484090,9485480,903710,3462240,202103.0
76,A13186905,0,0,171590,0,0,341720,1883900,0,0,0,202103.0
77,A13113001,0,0,0,0,0,0,2520260,5563540,-2230,3859930,202103.0
78,A13186502,0,0,0,0,0,0,2188370,5096130,16280,3207290,202103.0
79,A13178101,2816420,36761460,0,0,0,36735600,3025459,57761510,40550,12280460,202103.0
80,A13176901,3605850,32842850,0,0,0,33705000,477220,32599660,0,19862290,202103.0
81,A13113003,17655890,11866220,0,0,-15705000,15705000,4976310,13758880,789570,9042580,202103.0
82,A13187306,260,24607970,0,0,1450,20647680,4351940,0,29670,0,202103.0
83,A13186504,0,0,0,0,0,0,2653386,11281240,703600,5161460,202103.0
84,A13187406,0,0,362240,0,0,0,5085659,15734690,0,10078900,202103.0
85,A13113004,3792417,39114940,0,0,0,9602250,326377,32548120,-1428840,16982700,202103.0
86,A13187302,1829020,19843620,0,0,0,13427610,2157170,0,2668300,7616330,202103.0
87,A13187305,2483770,32517920,0,0,0,14195000,3346565,19497239,1231070,14938050,202103.0
88,A13186907,0,0,0,0,0,0,991180,23374810,452145,0,202103.0
89,A13187004,0,0,0,0,0,0,35620251,0,0,0,202103.0
90,A13186708,4928617,39100540,0,0,0,22358060,7900810,30892530,3331970,0,202103.0
91,A13187201,5321909,16838001,0,0,0,22506200,8163868,19856100,1131820,14146440,202103.0
92,A13187203,8365660,37522910,0,0,0,20744560,11087286,35476190,273140,16310180,202103.0
93,A13113008,0,0,0,0,0,0,11431595,46646930,-954720,21989690,202103.0
94,A13113007,0,0,0,0,0,0,18308330,56303260,-2170380,27500080,202103.0
95,A10025397,0,0,0,0,0,0,5205220,0,1717620,0,202103.0
96,A10027297,,,,,,,,,,,202103.0
97,A10027775,0,0,0,0,0,0,1021810,1242050,44670,619380,202103.0
98,A10025137,1281120,0,0,0,4027880,0,5908050,0,3992000,0,202103.0
