,kaptCode,heatC,heatP,gasC,gasP,waterHotC,waterHotP,electC,electP,waterCoolC,waterCoolP,Date
0,A13120701,0,0,0,0,0,0,2895455,10741070,0,3448230,202108.0
1,A13184401,0,0,0,0,0,0,2187263,10796410,0,0,202108.0
2,A13183202,0,0,0,0,0,0,289980,0,0,0,202108.0
3,A13184301,0,0,0,0,0,0,1936710,10487180,0,0,202108.0
4,A13183504,0,0,0,0,0,0,857370,44545540,689700,10655240,202108.0
5,A13183701,0,0,0,0,0,0,715390,16172430,0,0,202108.0
6,A13181203,0,0,0,0,0,0,3758990,22076340,204130,0,202108.0
7,A13120403,0,0,0,0,0,0,4429792,28786920,110,7664330,202108.0
8,A13184107,0,0,-991550,984240,0,0,9183327,43038760,0,11599080,202108.0
9,A13183405,0,0,0,0,0,0,410702,22522790,-181100,10698360,202108.0
10,A13120704,2200,0,0,0,0,0,1087705,8278100,36450,6752120,202108.0
11,A13184502,0,0,0,0,0,0,1891510,6691830,0,0,202108.0
12,A13183303,0,0,0,0,0,0,2272030,9147440,0,3823990,202108.0
13,A13120001,1590000,0,0,0,0,0,-2822620,13508500,0,0,202108.0
14,A13188406,0,0,2980,0,0,0,7270280,18294670,258000,0,202108.0
15,A13177701,0,0,0,0,0,0,15922080,0,876160,0,202108.0
16,A13183204,0,0,0,0,0,0,2465260,21725040,0,0,202108.0
17,A13184208,5800,0,0,0,0,0,6555480,30325100,475000,0,202108.0
18,A13183502,0,0,0,0,0,0,14369470,12251570,0,0,202108.0
19,A13181201,0,0,3730,0,0,0,0,12768190,-780,3026240,202108.0
20,A13175103,0,0,0,0,0,0,1592280,56147380,623500,0,202108.0
21,A13175102,,,,,,,,,,,202108.0
22,A10028033,0,0,0,0,0,0,4464450,28852850,290590,9369630,202108.0
23,A10025159,0,0,0,0,0,0,11491970,23170640,485020,8146440,202108.0
24,A13120003,,,,,,,,,,,202108.0
25,A10024703,0,0,0,0,0,0,4996920,28887830,322220,7190920,202108.0
26,A10023384,,,,,,,,,,,202108.0
27,A10024443,0,0,0,0,0,0,4472665,16356530,0,4084060,202108.0
28,A10024741,0,0,0,0,0,0,25757790,113972650,97870,26711290,202108.0
29,A10024366,,,,,,,,,,,202108.0
30,A10023606,,,,,,,,,,,202108.0
31,A13185602,0,0,0,0,0,0,4895030,23759390,502670,7165470,202108.0
32,A13185603,0,0,0,0,0,0,556810,18274140,460020,0,202108.0
33,A13170401,0,0,0,0,0,0,4646791,42977373,0,9140820,202108.0
34,A13186306,370000,0,0,0,5330960,0,3086210,0,540000,0,202108.0
35,A13186401,0,0,0,0,0,0,2513799,14023010,0,7146190,202108.0
36,A13122104,0,0,0,0,0,0,29184846,0,12555280,0,202108.0
37,A13186305,2976160,0,0,0,0,3965610,-4868540,38702300,1094560,16263810,202108.0
38,A13185607,0,0,0,0,0,0,0,82961880,833250,0,202108.0
39,A13122001,0,0,0,0,0,0,259610,47280050,0,10459830,202108.0
40,A13187501,0,0,0,0,0,0,1971790,10484940,0,0,202108.0
41,A13187702,0,0,40830,0,0,0,6460250,60897280,2095590,31018500,202108.0
42,A10026046,,,,,,,,,,,202108.0
43,A13176801,0,0,0,0,0,0,650892,0,0,0,202108.0
44,A13114103,0,0,0,0,0,0,1962501,16590011,289130,3503120,202108.0
45,A13184804,0,0,0,0,0,0,1703760,15144310,3383360,0,202108.0
46,A13184609,2398910,0,0,0,0,4756000,364350,39352880,1152250,14171400,202108.0
47,A13184610,6430740,0,0,0,1070,8362410,6170380,71101680,137710,30450810,202108.0
48,A13114106,0,0,10370,0,0,0,3531945,0,9487270,0,202108.0
49,A13185508,0,0,0,0,0,0,6874480,44881720,0,12436380,202108.0
50,A13185501,0,0,0,0,0,0,768940,10322330,0,6496040,202108.0
51,A13185507,0,0,0,0,0,0,2094660,12100250,0,0,202108.0
52,A13185502,0,0,0,0,0,0,9144760,0,5746130,0,202108.0
53,A13114002,0,0,0,0,0,1222330,1130119,29154300,315090,14693450,202108.0
54,A13185402,0,0,1210,0,0,0,526633,16855040,0,0,202108.0
55,A13114201,0,0,-375630,375630,0,0,300000,14616900,0,3583970,202108.0
56,A10025855,0,0,0,0,0,0,11273810,35185060,1992050,25351940,202108.0
57,A10025187,,,,,,,,,,,202108.0
58,A10026469,0,0,0,0,0,0,7360848,51258960,0,5715720,202108.0
59,A13123102,0,0,0,0,0,0,3344780,48164490,0,13858330,202108.0
60,A13176102,0,0,0,0,0,0,1787050,12588560,0,0,202108.0
61,A13123002,0,0,0,0,0,0,2631370,35736640,6240,8364480,202108.0
62,A13123001,0,0,0,0,0,0,9117540,0,8147550,0,202108.0
63,A13123101,0,0,0,0,0,0,2062280,9555680,0,3376700,202108.0
64,A13176101,,,,,,,,,,,202108.0
65,A10027498,,,,,,,,,,,202108.0
66,A10023816,,,,,,,,,,,202108.0
67,A10024008,,,,,,,,,,,202108.0
68,A10024018,,,,,,,,,,,202108.0
69,A10024214,2141650,0,0,0,0,2044630,0,941970,1478540,2663040,202108.0
70,A10023952,,,,,,,,,,,202108.0
71,A13186801,0,0,0,0,0,0,173096,6514730,1590,2841130,202108.0
72,A13186503,0,0,0,0,0,0,2474320,11248410,0,0,202108.0
73,A13176902,1980,17840,0,0,0,1692600,1136600,0,148550,0,202108.0
74,A13113002,0,0,0,0,0,0,332220,21158890,136350,5492190,202108.0
75,A13113006,-477370,477370,0,0,0,0,812070,12634690,0,4019260,202108.0
76,A13186905,0,0,0,0,0,407290,2184170,0,0,0,202108.0
77,A13113001,0,0,0,0,0,0,3665068,12058370,-1520,4191870,202108.0
78,A13186502,0,0,0,0,0,0,2390820,11496440,24060,3954700,202108.0
79,A13178101,2816420,0,0,0,0,12114650,2692479,77321740,2094030,23192520,202108.0
80,A13176901,4015090,0,0,0,0,6045000,1703231,58412390,0,22365270,202108.0
81,A13113003,4105870,0,0,0,-2784000,2784000,5841310,29684030,1143860,9878890,202108.0
82,A13187306,0,0,0,0,-660,6171050,3740230,0,34840,0,202108.0
83,A13186504,0,0,0,0,0,0,1519385,16544090,970610,5678550,202108.0
84,A13187406,0,0,35170,0,0,0,8573510,30304010,0,11899940,202108.0
85,A13113004,3194130,0,0,0,0,4460800,-2337766,34124920,-62110,17756970,202108.0
86,A13187302,1829020,0,0,0,0,2146210,1967170,0,1989180,10263860,202108.0
87,A13187305,2484660,16000,0,0,-16150,2760000,-1761750,39268090,1082020,17091100,202108.0
88,A13186907,0,0,0,0,0,0,1071620,52136970,662445,0,202108.0
89,A13187004,0,0,0,0,0,0,67416795,0,1830840,0,202108.0
90,A13186708,3882680,20830,0,0,0,6585480,3566020,39471480,1950000,0,202108.0
91,A13187201,2613090,0,0,0,0,2027200,9630210,38222190,606150,15607520,202108.0
92,A13187203,4195145,0,0,0,175,3035880,4692996,54631440,0,18435710,202108.0
93,A13113008,0,0,0,0,0,0,8708421,57617620,-1568560,24855750,202108.0
94,A13113007,0,0,0,0,0,0,8998890,78052860,2447660,28150700,202108.0
95,A10025397,0,0,0,0,0,0,1203970,6165650,0,2007210,202108.0
96,A10027297,,,,,,,,,,,202108.0
97,A10027775,0,0,0,0,0,0,589810,3092420,63940,824670,202108.0
98,A10025137,35810,0,0,0,1340010,0,9086840,0,0,0,202108.0
