,kaptCode,heatC,heatP,gasC,gasP,waterHotC,waterHotP,electC,electP,waterCoolC,waterCoolP,Date
0,A13120701,0,0,0,0,0,0,1600643,5439030,0,3404370,202105.0
1,A13184401,0,0,0,0,0,0,1665348,5152480,0,0,202105.0
2,A13183202,0,0,0,0,0,0,994340,5364780,-230,5648580,202105.0
3,A13184301,0,0,0,0,0,0,2555770,7868050,88490,8642220,202105.0
4,A13183504,0,0,0,0,0,0,1360080,18497200,596520,10352070,202105.0
5,A13183701,0,0,0,0,0,0,903410,5957480,846820,6809900,202105.0
6,A13181203,0,0,0,0,0,0,2790790,16852480,243650,0,202105.0
7,A13120403,0,0,0,0,0,0,3058247,11816650,110,8469400,202105.0
8,A13184107,0,0,-874750,868050,0,0,5713614,17775480,-1754570,10725960,202105.0
9,A13183405,0,0,0,0,0,0,1306265,10492920,0,0,202105.0
10,A13120704,5750,0,0,0,0,0,1619180,6036210,0,0,202105.0
11,A13184502,0,0,0,0,0,0,1359940,5503990,0,0,202105.0
12,A13183303,0,0,0,0,0,0,1187580,5042740,0,3370290,202105.0
13,A13120001,1500000,0,0,0,0,0,519160,8050770,0,7624230,202105.0
14,A13188406,0,0,109910,0,0,0,4624440,12810460,0,0,202105.0
15,A13177701,0,0,0,0,0,0,9703510,0,0,0,202105.0
16,A13183204,0,0,0,0,0,0,1609170,12955560,0,0,202105.0
17,A13184208,62610,0,0,0,0,0,4699110,17527650,754330,0,202105.0
18,A13183502,0,0,56390,0,0,0,9356440,0,53310,0,202105.0
19,A13181201,0,0,21280,0,0,0,331970,6069430,-730,2719240,202105.0
20,A13175103,0,0,0,0,0,0,3429260,24478130,1977860,0,202105.0
21,A13175102,,,,,,,,,,,202105.0
22,A10028033,0,0,0,0,0,0,3483670,11327900,0,0,202105.0
23,A10025159,0,0,0,0,0,0,4999200,20373590,490310,7805810,202105.0
24,A13120003,,,,,,,,,,,202105.0
25,A10024703,0,0,0,0,0,0,5677920,17786340,362980,6779460,202105.0
26,A10023384,,,,,,,,,,,202105.0
27,A10024443,0,0,0,0,0,0,3321670,10683530,0,4040850,202105.0
28,A10024741,0,0,72040,0,0,0,13234090,72110920,11140,24304160,202105.0
29,A10024366,,,,,,,,,,,202105.0
30,A10023606,,,,,,,,,,,202105.0
31,A13185602,0,0,0,0,0,0,3360620,11043420,441910,6226360,202105.0
32,A13185603,0,0,0,0,0,0,2825040,12935950,0,0,202105.0
33,A13170401,0,0,0,0,0,0,3914451,17688900,0,8837320,202105.0
34,A13186306,4938790,0,0,0,9865800,0,2644170,0,750000,0,202105.0
35,A13186401,0,0,0,0,0,0,3606228,10737230,0,6416680,202105.0
36,A13122104,0,0,0,0,0,0,25180037,0,11772990,0,202105.0
37,A13186305,7373620,0,0,0,12129840,0,29646000,0,15507010,0,202105.0
38,A13185607,0,0,0,0,0,0,3166720,37742890,0,0,202105.0
39,A13122001,0,0,0,0,0,0,947910,19629200,0,9593670,202105.0
40,A13187501,0,0,0,0,0,0,1009470,4678510,0,0,202105.0
41,A13187702,0,0,156840,0,0,0,6213580,47780080,3909730,28811780,202105.0
42,A10026046,,,,,,,,,,,202105.0
43,A13176801,0,0,0,0,0,0,1431484,0,5993360,0,202105.0
44,A13114103,0,0,0,0,0,0,1679308,7760480,105210,3284090,202105.0
45,A13184804,0,0,0,0,0,0,1450050,7530620,3122970,0,202105.0
46,A13184609,2636630,2141200,0,0,0,15380900,1348950,22021560,1703290,12971150,202105.0
47,A13184610,6430740,4796740,0,0,220,27932680,14046990,45947080,308650,26806740,202105.0
48,A13114106,0,0,76730,0,0,0,2679179,7017870,0,0,202105.0
49,A13185508,0,0,0,0,0,0,4922520,18908480,0,13871110,202105.0
50,A13185501,0,0,0,0,0,0,883510,4918610,0,0,202105.0
51,A13185507,0,0,0,0,0,0,1723490,9892770,0,9178580,202105.0
52,A13185502,0,0,0,0,0,0,1193550,5398640,0,0,202105.0
53,A13114002,0,0,0,0,0,1081740,980744,24087650,269060,11156220,202105.0
54,A13185402,0,0,104040,0,0,0,1296352,7753000,7331560,0,202105.0
55,A13114201,0,0,1100,0,0,0,58670,0,0,0,202105.0
56,A10025855,0,0,0,0,0,0,7849090,23970400,0,0,202105.0
57,A10025187,,,,,,,,,,,202105.0
58,A10026469,0,0,0,0,0,0,4632873,20045240,0,5778170,202105.0
59,A13123102,0,0,0,0,0,0,2830030,26456600,0,12806940,202105.0
60,A13176102,0,0,0,0,0,0,5275610,5675610,0,5079090,202105.0
61,A13123002,0,0,0,0,0,0,608220,14124900,0,7380750,202105.0
62,A13123001,0,0,0,0,0,0,8381870,0,0,0,202105.0
63,A13123101,0,0,0,0,0,0,1199840,5322660,0,3041470,202105.0
64,A13176101,,,,,,,,,,,202105.0
65,A10027498,,,,,,,,,,,202105.0
66,A10023816,,,,,,,,,,,202105.0
67,A10024008,,,,,,,,,,,202105.0
68,A10024018,,,,,,,,,,,202105.0
69,A10024214,,,,,,,,,,,202105.0
70,A10023952,,,,,,,,,,,202105.0
71,A13186801,0,0,0,0,0,0,1648241,4256010,0,2626550,202105.0
72,A13186503,0,0,0,0,0,0,1498218,9015710,0,0,202105.0
73,A13176902,198910,1790490,0,0,0,3185000,898580,0,149200,0,202105.0
74,A13113002,0,0,0,0,0,0,1584554,9309960,-2240,5403450,202105.0
75,A13113006,-450170,450130,0,0,0,0,1391280,8800600,585850,3760320,202105.0
76,A13186905,0,0,70480,0,0,376530,1835690,0,0,0,202105.0
77,A13113001,0,0,0,0,0,0,2387044,5069310,-1530,3937720,202105.0
78,A13186502,0,0,0,0,0,0,1722178,5385220,21820,3598840,202105.0
79,A13178101,2816420,2869030,0,0,0,31850470,2945230,55142370,1946170,17841240,202105.0
80,A13176901,4861370,6907500,0,0,0,18081500,2683863,31890900,5101570,19682510,202105.0
81,A13113003,10412110,1797410,0,0,-8295000,8295000,4297810,13486040,950090,9673770,202105.0
82,A13187306,70,7588170,0,0,710,13488230,3279700,0,34980,0,202105.0
83,A13186504,0,0,0,0,0,0,2101120,11287210,369760,4918960,202105.0
84,A13187406,0,0,89420,0,0,0,4596848,14964440,0,10819120,202105.0
85,A13113004,2488837,4743750,0,0,0,12902400,-869283,30608040,-1074370,16986640,202105.0
86,A13187302,1829020,3793920,0,0,0,8930000,1921580,0,2556710,9133020,202105.0
87,A13187305,2461700,6804250,0,0,0,10566600,3432667,19442280,-351510,15537120,202105.0
88,A13186907,0,0,0,0,0,0,1815710,22565920,712980,0,202105.0
89,A13187004,0,0,0,0,0,0,32660586,0,0,0,202105.0
90,A13186708,4182113,5105590,0,0,0,17973330,6459150,28958110,1849770,0,202105.0
91,A13187201,3540797,2325973,0,0,0,10358400,7664529,19261710,1260880,13395480,202105.0
92,A13187203,4531830,6389980,0,0,0,12402380,8531171,33137300,201460,17222340,202105.0
93,A13113008,0,0,0,0,0,0,11467506,43852030,-694790,22883280,202105.0
94,A13113007,0,0,0,0,0,0,10957280,59726570,17040,26970980,202105.0
95,A10025397,0,0,0,0,0,0,710560,2709540,-304520,2162270,202105.0
96,A10027297,,,,,,,,,,,202105.0
97,A10027775,0,0,0,0,0,0,891470,1238410,145470,741300,202105.0
98,A10025137,132920,0,0,0,2560160,0,5842090,0,4228950,0,202105.0
