,kaptCode,heatC,heatP,gasC,gasP,waterHotC,waterHotP,electC,electP,waterCoolC,waterCoolP,Date
0,A13120701,0,0,0,0,0,0,1474262,6144950,0,3739610,202107.0
1,A13184401,0,0,0,0,0,0,1403584,6103060,0,0,202107.0
2,A13183202,0,0,0,0,0,0,147490,10145670,0,0,202107.0
3,A13184301,0,0,0,0,0,0,3465910,15748160,-44040,9485320,202107.0
4,A13183504,0,0,0,0,0,0,291280,23055550,686240,10818750,202107.0
5,A13183701,0,0,0,0,0,0,178910,7640160,-60,6595820,202107.0
6,A13181203,0,0,0,0,0,0,4973270,30533090,204140,0,202107.0
7,A13120403,0,0,0,0,0,0,2723441,14894250,-200,7923560,202107.0
8,A13184107,0,0,-1083590,1075570,0,0,7890566,22170590,-2290830,11645060,202107.0
9,A13183405,0,0,0,0,0,0,697499,12046710,0,0,202107.0
10,A13120704,0,0,0,0,0,0,2359792,11442520,0,0,202107.0
11,A13184502,0,0,0,0,0,0,2049190,8951710,0,0,202107.0
12,A13183303,0,0,0,0,0,0,1145330,5445430,0,3874530,202107.0
13,A13120001,1560000,0,0,0,0,0,-22210,16864500,-731250,7903900,202107.0
14,A13188406,0,0,11990,0,0,0,8363620,25746020,0,0,202107.0
15,A13177701,0,0,0,0,0,0,12258810,0,1097080,0,202107.0
16,A13183204,0,0,0,0,0,0,2502830,18671990,0,0,202107.0
17,A13184208,9010,0,0,0,0,0,4361680,18157110,693285,0,202107.0
18,A13183502,0,0,8790,0,0,0,2995610,16981450,72640,0,202107.0
19,A13181201,0,0,2930,0,0,0,0,7056860,-830,2880540,202107.0
20,A13175103,0,0,0,0,0,0,3726160,30734680,623500,0,202107.0
21,A13175102,,,,,,,,,,,202107.0
22,A10028033,0,0,0,0,0,0,3922390,15014130,0,0,202107.0
23,A10025159,0,0,0,0,0,0,9959600,32682650,548920,8871960,202107.0
24,A13120003,,,,,,,,,,,202107.0
25,A10024703,0,0,0,0,0,0,6396350,36678970,490150,7260650,202107.0
26,A10023384,,,,,,,,,,,202107.0
27,A10024443,0,0,0,0,0,0,4389846,22293680,0,4153620,202107.0
28,A10024741,0,0,0,0,0,0,24100470,151387630,82220,25808850,202107.0
29,A10024366,,,,,,,,,,,202107.0
30,A10023606,,,,,,,,,,,202107.0
31,A13185602,0,0,0,0,0,0,2874090,13224890,690690,6499810,202107.0
32,A13185603,0,0,0,0,0,0,5476240,24520500,0,0,202107.0
33,A13170401,0,0,0,0,0,0,6299288,22046367,0,9483690,202107.0
34,A13186306,380000,0,0,0,6237900,0,2877150,0,540000,0,202107.0
35,A13186401,0,0,0,0,0,0,4359232,18633720,0,6745760,202107.0
36,A13122104,0,0,0,0,0,0,46234920,0,12465810,0,202107.0
37,A13186305,2970100,0,0,0,0,4798260,2783860,40747680,2509580,15836970,202107.0
38,A13185607,0,0,0,0,0,0,1428360,43525940,0,0,202107.0
39,A13122001,0,0,0,0,0,0,1366360,24381280,0,10028940,202107.0
40,A13187501,0,0,0,0,0,0,351860,5709400,0,0,202107.0
41,A13187702,0,0,54290,0,0,0,7680640,87840150,1536940,28252340,202107.0
42,A10026046,,,,,,,,,,,202107.0
43,A13176801,0,0,0,0,0,0,2525624,0,6050710,0,202107.0
44,A13114103,0,0,0,0,0,0,1935505,8712000,266220,3395760,202107.0
45,A13184804,0,0,0,0,0,0,2168840,7346620,3238860,0,202107.0
46,A13184609,2398910,0,0,0,0,6068000,348320,27601780,1063960,14679720,202107.0
47,A13184610,6430740,0,0,0,-3380,10195540,28255250,83011430,234880,29639410,202107.0
48,A13114106,0,0,0,0,0,0,2738026,0,0,0,202107.0
49,A13185508,0,0,0,0,0,0,4769590,22194040,0,12174200,202107.0
50,A13185501,0,0,0,0,0,0,831040,6035650,0,0,202107.0
51,A13185507,0,0,0,0,0,0,2853020,18446760,0,10465650,202107.0
52,A13185502,0,0,0,0,0,0,2199220,9148280,0,0,202107.0
53,A13114002,0,0,0,0,0,1341480,1181790,45996180,352940,13330700,202107.0
54,A13185402,0,0,19000,0,0,0,761945,9057710,8456700,0,202107.0
55,A13114201,0,0,0,383960,0,0,384710,7259260,0,3488170,202107.0
56,A10025855,0,0,0,0,0,0,12767090,48111320,0,0,202107.0
57,A10025187,,,,,,,,,,,202107.0
58,A10026469,0,0,0,0,0,0,7930788,80906750,0,5724790,202107.0
59,A13123102,0,0,0,0,0,0,2118210,28256720,0,13632340,202107.0
60,A13176102,0,0,0,0,0,0,1505560,6841440,6268570,6268570,202107.0
61,A13123002,0,0,0,0,0,0,1394580,18417170,0,7940110,202107.0
62,A13123001,0,0,0,0,0,0,13362720,0,0,0,202107.0
63,A13123101,0,0,0,0,0,0,754010,6267400,0,3297980,202107.0
64,A13176101,,,,,,,,,,,202107.0
65,A10027498,,,,,,,,,,,202107.0
66,A10023816,,,,,,,,,,,202107.0
67,A10024008,,,,,,,,,,,202107.0
68,A10024018,,,,,,,,,,,202107.0
69,A10024214,,,,,,,,,,,202107.0
70,A10023952,,,,,,,,,,,202107.0
71,A13186801,0,0,0,0,0,0,2227569,7342210,0,2764500,202107.0
72,A13186503,0,0,0,0,0,0,1769703,17438800,0,0,202107.0
73,A13176902,2730,24930,0,0,0,1672050,1285850,0,149300,0,202107.0
74,A13113002,0,0,0,0,0,0,701300,11475600,181070,5583550,202107.0
75,A13113006,-514920,514560,0,0,0,0,1155230,17206110,138700,4015190,202107.0
76,A13186905,0,0,1150,0,0,459680,2127060,0,0,0,202107.0
77,A13113001,0,0,0,0,0,0,754960,8018220,-140,4002180,202107.0
78,A13186502,0,0,0,0,0,0,2082730,5982790,25210,3535700,202107.0
79,A13178101,2816420,0,0,0,0,14714470,2622530,108661040,4230010,23363700,202107.0
80,A13176901,3919030,0,0,0,0,7427750,308140,38417850,3150890,22556430,202107.0
81,A13113003,4683110,0,0,0,-3258000,3258000,3369130,14256350,668960,9893290,202107.0
82,A13187306,0,0,0,0,-620,7125340,3762810,0,39530,0,202107.0
83,A13186504,0,0,0,0,0,0,3943270,18664620,161290,6163990,202107.0
84,A13187406,0,0,0,0,0,0,3969123,17930320,0,11650020,202107.0
85,A13113004,3194130,0,0,0,0,5400000,6168634,45318700,-525950,18244430,202107.0
86,A13187302,1829020,41040,0,0,0,2831300,2269460,0,1678410,9937720,202107.0
87,A13187305,2484660,500,0,0,-14010,3723840,3153049,22842050,568310,17312460,202107.0
88,A13186907,0,0,0,0,0,0,1034570,26496380,716040,0,202107.0
89,A13187004,0,0,0,0,0,0,33936390,0,0,0,202107.0
90,A13186708,3878970,0,0,0,0,8172450,8033360,55440660,1668705,0,202107.0
91,A13187201,2616380,0,0,0,0,2905200,4499834,22091100,1118670,14659700,202107.0
92,A13187203,4195145,0,0,0,1095,5026680,16879582,57366110,0,19385460,202107.0
93,A13113008,0,0,0,0,0,0,18854183,79033870,-1655720,24976530,202107.0
94,A13113007,0,0,0,0,0,0,20930100,108347610,1111370,28341460,202107.0
95,A10025397,0,0,0,0,0,0,-1575270,6165650,-99240,2007210,202107.0
96,A10027297,,,,,,,,,,,202107.0
97,A10027775,0,0,0,0,0,0,54920,1906350,63940,766800,202107.0
98,A10025137,45370,0,0,0,1517820,0,9694120,0,4070220,0,202107.0
