,kaptCode,heatC,heatP,gasC,gasP,waterHotC,waterHotP,electC,electP,waterCoolC,waterCoolP,Date
0,A13120701,0,0,0,0,0,0,1677245,5835580,0,3269930,202106.0
1,A13184401,0,0,0,0,0,0,1587552,5671190,0,0,202106.0
2,A13183202,0,0,0,0,0,0,592270,6089220,0,0,202106.0
3,A13184301,0,0,0,0,0,0,2070180,8613730,0,0,202106.0
4,A13183504,0,0,0,0,0,0,1084830,20621490,662640,10196310,202106.0
5,A13183701,0,0,0,0,0,0,1169280,6312880,0,0,202106.0
6,A13181203,0,0,0,0,0,0,3865840,16292070,243640,0,202106.0
7,A13120403,0,0,0,0,0,0,3000987,13223760,-750,7161070,202106.0
8,A13184107,0,0,-938280,930420,0,0,6812374,19904550,0,11547170,202106.0
9,A13183405,0,0,0,0,0,0,1108642,11379900,76680,10552060,202106.0
10,A13120704,1760,0,0,0,0,0,1577267,6141820,7540,6826240,202106.0
11,A13184502,0,0,0,0,0,0,1981310,5393730,0,0,202106.0
12,A13183303,0,0,0,0,0,0,1497710,5022390,0,3636240,202106.0
13,A13120001,1560000,0,0,0,0,0,364230,8512900,0,0,202106.0
14,A13188406,0,0,52530,0,0,0,8133940,12142660,509120,0,202106.0
15,A13177701,0,0,0,0,0,0,10488880,0,0,0,202106.0
16,A13183204,0,0,0,0,0,0,2169810,14131380,0,0,202106.0
17,A13184208,11650,0,0,0,0,0,4951540,18390610,693285,0,202106.0
18,A13183502,0,0,39920,0,0,0,1931980,8924860,0,0,202106.0
19,A13181201,0,0,10680,0,0,0,13080,6766550,-10,2813950,202106.0
20,A13175103,0,0,0,0,0,0,4054090,27131690,988930,0,202106.0
21,A13175102,,,,,,,,,,,202106.0
22,A10028033,0,0,0,0,0,0,4098730,12321460,4160,9154260,202106.0
23,A10025159,0,0,0,0,0,0,5996510,18022290,491010,7163360,202106.0
24,A13120003,,,,,,,,,,,202106.0
25,A10024703,0,0,0,0,0,0,6262350,16840540,472430,6610860,202106.0
26,A10023384,,,,,,,,,,,202106.0
27,A10024443,0,0,0,0,0,0,4340040,11889630,0,3786870,202106.0
28,A10024741,0,0,0,0,0,0,18902255,80894045,63120,25652660,202106.0
29,A10024366,,,,,,,,,,,202106.0
30,A10023606,,,,,,,,,,,202106.0
31,A13185602,0,0,0,0,0,0,3429920,11714630,569320,6516750,202106.0
32,A13185603,0,0,0,0,0,0,2999580,13322530,378510,0,202106.0
33,A13170401,0,0,0,0,0,0,5044177,19923950,0,9594010,202106.0
34,A13186306,838090,0,0,0,8232500,0,2930760,0,750000,0,202106.0
35,A13186401,0,0,0,0,0,0,3511049,10884780,0,6657730,202106.0
36,A13122104,0,0,0,0,0,0,24961044,0,11697610,0,202106.0
37,A13186305,3322600,0,0,0,0,6353760,-1035680,27999360,459090,15424910,202106.0
38,A13185607,0,0,0,0,0,0,2351920,41084900,812490,0,202106.0
39,A13122001,0,0,0,0,0,0,384770,21626660,0,10036650,202106.0
40,A13187501,0,0,0,0,0,0,418880,5594340,0,0,202106.0
41,A13187702,0,0,83300,0,0,0,5548200,51794260,2702380,26378390,202106.0
42,A10026046,,,,,,,,,,,202106.0
43,A13176801,0,0,0,0,0,0,1877419,0,0,0,202106.0
44,A13114103,0,0,0,0,0,0,1934928,8485260,180850,3459750,202106.0
45,A13184804,0,0,0,0,0,0,1996515,6579970,3136990,0,202106.0
46,A13184609,2398910,0,0,0,0,7596000,367150,24637080,380080,13946320,202106.0
47,A13184610,6430740,0,0,0,360,14131190,9197440,46406270,315410,27953560,202106.0
48,A13114106,0,0,67420,0,0,0,3250319,6976400,0,8432910,202106.0
49,A13185508,0,0,0,0,0,0,5194070,20360080,0,12989630,202106.0
50,A13185501,0,0,0,0,0,0,973120,5732450,0,6104560,202106.0
51,A13185507,0,0,0,0,0,0,2324970,9947490,0,0,202106.0
52,A13185502,0,0,0,0,0,0,1706670,5435810,0,4952660,202106.0
53,A13114002,0,0,0,0,0,1152710,1193812,24207440,315630,13288960,202106.0
54,A13185402,0,0,60450,0,0,0,9584536,0,0,0,202106.0
55,A13114201,0,0,1100,344140,0,0,885060,5999960,0,3684550,202106.0
56,A10025855,0,0,0,0,0,0,6301550,26640250,1425830,24021450,202106.0
57,A10025187,,,,,,,,,,,202106.0
58,A10026469,0,0,0,0,0,0,7333083,26370110,0,5732370,202106.0
59,A13123102,0,0,0,0,0,0,2497450,28213170,0,13110190,202106.0
60,A13176102,0,0,0,0,0,0,4752,6323760,0,0,202106.0
61,A13123002,0,0,0,0,0,0,929430,15714640,83730,8005200,202106.0
62,A13123001,0,0,0,0,0,0,8225310,0,7556230,0,202106.0
63,A13123101,0,0,0,0,0,0,1241750,5523210,0,3113300,202106.0
64,A13176101,,,,,,,,,,,202106.0
65,A10027498,,,,,,,,,,,202106.0
66,A10023816,,,,,,,,,,,202106.0
67,A10024008,,,,,,,,,,,202106.0
68,A10024018,,,,,,,,,,,202106.0
69,A10024214,,,,,,,,,,,202106.0
70,A10023952,,,,,,,,,,,202106.0
71,A13186801,0,0,0,0,0,0,1401512,4381350,110,2706460,202106.0
72,A13186503,0,0,0,0,0,0,2016169,9109030,0,0,202106.0
73,A13176902,30410,274170,0,0,0,3221380,1046250,0,150050,0,202106.0
74,A13113002,0,0,0,0,0,0,1197632,10072920,-1880,5325900,202106.0
75,A13113006,-464950,464560,0,0,0,0,1287570,9119290,9460,4099100,202106.0
76,A13186905,0,0,39670,0,0,402460,2032720,0,0,0,202106.0
77,A13113001,0,0,0,0,0,0,2059710,6151420,-1950,3630870,202106.0
78,A13186502,0,0,0,0,0,0,2394630,5050280,12970,3548640,202106.0
79,A13178101,2816420,409050,0,0,0,20917010,2394962,55586800,4544500,21048360,202106.0
80,A13176901,4086390,3096000,0,0,0,8531200,271310,37274140,280210,21986220,202106.0
81,A13113003,6038510,23830,0,0,-4218000,4218000,3645860,14287940,426440,8911130,202106.0
82,A13187306,-20,1688300,0,0,2170,10577060,3675510,0,31020,0,202106.0
83,A13186504,0,0,0,0,0,0,3141067,10920220,386200,5245390,202106.0
84,A13187406,0,0,26720,0,0,0,3493938,17050820,0,11819200,202106.0
85,A13113004,1553867,0,0,0,0,7920000,-1880453,30225330,-173350,16811760,202106.0
86,A13187302,1829020,513360,0,0,0,4188600,2222880,0,1227350,9986250,202106.0
87,A13187305,2482400,502200,0,0,0,6531000,2568199,20666340,35750,16550640,202106.0
88,A13186907,0,0,0,0,0,0,1128750,25028010,716040,0,202106.0
89,A13187004,0,0,0,0,0,0,33787644,0,814680,0,202106.0
90,A13186708,3946135,0,0,0,0,11413020,5820510,29078210,1938000,0,202106.0
91,A13187201,2854660,0,0,0,0,4557300,7106398,20722340,-17770,14792430,202106.0
92,A13187203,4195145,233840,0,0,-315,7654050,8937870,35327190,135660,17042470,202106.0
93,A13113008,0,0,0,0,0,0,11597491,44454620,-883710,24667950,202106.0
94,A13113007,0,0,0,0,0,0,11247570,59813160,1968590,27067410,202106.0
95,A10025397,0,0,0,0,0,0,3795640,0,2162270,0,202106.0
96,A10027297,,,,,,,,,,,202106.0
97,A10027775,0,0,0,0,0,0,867380,1404350,75850,760410,202106.0
98,A10025137,45010,0,0,0,1930390,0,6768410,0,0,0,202106.0
