,kaptCode,heatC,heatP,gasC,gasP,waterHotC,waterHotP,electC,electP,waterCoolC,waterCoolP,Date
0,A13120701,0,0,0,0,0,0,1655199,5773480,0,3400780,202110.0
1,A13184401,0,0,0,0,0,0,1508198,5810060,0,0,202110.0
2,A13183202,0,0,0,0,0,0,576650,0,0,0,202110.0
3,A13184301,0,0,0,0,0,0,2025920,8854030,0,0,202110.0
4,A13183504,0,0,0,0,0,0,758030,20408610,628080,10110760,202110.0
5,A13183701,0,0,0,0,0,0,752310,6259260,0,0,202110.0
6,A13181203,0,0,0,0,0,0,3197420,18140710,210720,0,202110.0
7,A13120403,0,0,0,0,0,0,2770614,13050020,0,7476450,202110.0
8,A13184107,0,0,-888160,878510,0,0,5526298,20594570,0,10967730,202110.0
9,A13183405,0,0,0,0,0,0,1070997,11044800,213050,10963080,202110.0
10,A13120704,2200,0,0,0,0,0,1625283,6493370,149920,7214020,202110.0
11,A13184502,0,0,0,0,0,0,1176150,5811690,0,0,202110.0
12,A13183303,0,0,0,0,0,0,1052340,5471250,0,3322960,202110.0
13,A13120001,1650000,0,0,0,0,0,587420,8291400,0,0,202110.0
14,A13188406,0,0,1370,0,0,0,4909500,13175850,330240,0,202110.0
15,A13177701,0,0,0,0,0,0,10838850,0,0,0,202110.0
16,A13183204,0,0,0,0,0,0,1652710,14096000,0,0,202110.0
17,A13184208,6430,0,0,0,0,0,3530160,19586630,537500,0,202110.0
18,A13183502,0,0,21880,0,0,0,10301190,8282780,0,0,202110.0
19,A13181201,0,0,4940,0,0,0,0,6561180,750,2957090,202110.0
20,A13175103,0,0,0,0,0,0,3391290,27945600,507300,0,202110.0
21,A13175102,,,,,,,,,,,202110.0
22,A10028033,0,0,0,0,0,0,2935240,12303530,362490,8908440,202110.0
23,A10025159,0,0,0,0,0,0,6842700,17002370,401910,7548680,202110.0
24,A13120003,,,,,,,,,,,202110.0
25,A10024703,0,0,0,0,0,0,5749840,16157230,121260,7261660,202110.0
26,A10023384,,,,,,,,,,,202110.0
27,A10024443,0,0,0,0,0,0,2135700,0,4434950,0,202110.0
28,A10024741,0,0,0,0,0,0,23866950,62256700,90730,24846240,202110.0
29,A10024366,,,,,,,,,,,202110.0
30,A10023606,,,,,,,,,,,202110.0
31,A13185602,0,0,0,0,0,0,3368270,11697720,561230,7013090,202110.0
32,A13185603,0,0,0,0,0,0,2855630,13582110,0,0,202110.0
33,A13170401,0,0,0,0,0,0,3987441,19938310,0,8582410,202110.0
34,A13186306,8106910,0,0,0,9147600,0,2900920,0,470000,0,202110.0
35,A13186401,0,0,0,0,0,0,3685386,11061300,0,6793690,202110.0
36,A13122104,0,0,0,0,0,0,26028944,0,12313490,0,202110.0
37,A13186305,4622570,5725950,0,0,0,10538640,4961570,26495520,2486150,15032280,202110.0
38,A13185607,0,0,0,0,0,0,1100000,39881660,845880,0,202110.0
39,A13122001,0,0,0,0,0,0,74390,21156220,0,10215470,202110.0
40,A13187501,0,0,0,0,0,0,754100,5321460,0,0,202110.0
41,A13187702,0,0,70730,0,0,0,10642430,46971140,2268540,25960970,202110.0
42,A10026046,,,,,,,,,,,202110.0
43,A13176801,0,0,0,0,0,0,1774320,0,0,0,202110.0
44,A13114103,0,0,0,0,0,0,1314425,8174760,350600,3237840,202110.0
45,A13184804,0,0,0,0,0,0,1661010,7664970,3301260,0,202110.0
46,A13184609,3230650,7449780,0,0,0,12872300,344120,24295120,2935160,13602480,202110.0
47,A13184610,8340250,17186320,0,0,0,28815600,9840120,50723470,248850,27129630,202110.0
48,A13114106,0,0,6380,0,0,0,2592366,0,8773030,0,202110.0
49,A13185508,0,0,0,0,0,0,4818850,20477700,0,12731740,202110.0
50,A13185501,0,0,0,0,0,0,309060,6357650,0,6247320,202110.0
51,A13185507,0,0,0,0,0,0,1838980,10708920,0,0,202110.0
52,A13185502,0,0,0,0,0,0,1149120,5741850,0,5319320,202110.0
53,A13114002,0,0,0,0,0,1126250,951369,25164770,411480,12818280,202110.0
54,A13185402,0,0,690,0,0,0,2018293,7250130,0,0,202110.0
55,A13114201,0,0,0,340420,0,0,317440,7198320,0,3528190,202110.0
56,A10025855,0,0,0,0,0,0,7997640,26398550,2176140,24484540,202110.0
57,A10025187,,,,,,,,,,,202110.0
58,A10026469,0,0,0,0,0,0,5100502,20362140,0,5829350,202110.0
59,A13123102,0,0,0,0,0,0,2298010,28309880,0,14218290,202110.0
60,A13176102,0,0,0,0,0,0,2834690,5065200,0,0,202110.0
61,A13123002,0,0,0,0,0,0,2401530,15212270,120810,7774740,202110.0
62,A13123001,0,0,0,0,0,0,8793270,0,7690460,0,202110.0
63,A13123101,0,0,0,0,0,0,1099650,5906370,0,3807460,202110.0
64,A13176101,,,,,,,,,,,202110.0
65,A10027498,,,,,,,,,,,202110.0
66,A10023816,,,,,,,,,,,202110.0
67,A10024008,-4010670,8100510,-188060,184800,-4285250,2520000,-4632070,1426610,-1642560,1042560,202110.0
68,A10024018,,,,,,,,,,,202110.0
69,A10024214,9101890,0,0,0,22070,4892500,12162940,19272360,70961,7499899,202110.0
70,A10023952,,,,,,,,,,,202110.0
71,A13186801,0,0,0,0,0,0,1815671,4205260,0,2737430,202110.0
72,A13186503,0,0,0,0,0,0,1286184,9713870,0,0,202110.0
73,A13176902,367020,3302410,0,0,0,2448600,882300,0,100400,0,202110.0
74,A13113002,0,0,0,0,0,0,1180744,10057800,308060,5105090,202110.0
75,A13113006,-366480,366360,0,0,0,0,1235390,9398130,0,3990770,202110.0
76,A13186905,0,0,2790,0,0,388750,1865200,0,0,0,202110.0
77,A13113001,0,0,0,0,0,0,1607910,6458270,-2220,4172380,202110.0
78,A13186502,0,0,0,0,0,0,2058280,5095730,20220,3782850,202110.0
79,A13178101,2816420,9412750,0,0,0,25999400,2493639,58375140,4891250,19286160,202110.0
80,A13176901,8578400,10796250,0,0,0,14148000,1334756,36554660,0,20226290,202110.0
81,A13113003,9849350,3133580,0,0,-6471000,6471000,3589523,14345880,941430,8873500,202110.0
82,A13187306,70,11718010,0,0,1120,8975720,3016280,0,31950,0,202110.0
83,A13186504,0,0,0,0,0,0,2675673,10923630,0,5602100,202110.0
84,A13187406,0,0,27810,0,0,0,3735642,16567410,0,11550620,202110.0
85,A13113004,3194130,13557880,0,0,0,6494550,5431024,25478830,0,17052090,202110.0
86,A13187302,1829020,5716920,0,0,0,7635040,1285740,0,2060700,9343830,202110.0
87,A13187305,2462590,11283580,0,0,0,7586020,2067686,21213760,256960,16241960,202110.0
88,A13186907,0,0,0,0,0,0,1125100,24313120,803790,0,202110.0
89,A13187004,0,0,0,0,0,0,33867161,0,1506720,0,202110.0
90,A13186708,4244940,12947850,0,0,0,12763080,7528738,30484960,2194000,0,202110.0
91,A13187201,3246190,4780850,0,0,0,10041300,5515297,21422410,654130,13449640,202110.0
92,A13187203,4846450,12365960,0,0,0,11285050,10058912,34839960,0,17500060,202110.0
93,A13113008,0,0,0,0,0,0,11770901,45636390,-1034840,23445770,202110.0
94,A13113007,0,0,0,0,0,0,12415720,62391010,1288040,26464930,202110.0
95,A10025397,0,0,0,0,0,0,1103230,3167630,549720,1323550,202110.0
96,A10027297,,,,,,,,,,,202110.0
97,A10027775,0,0,0,0,0,0,642870,1387440,52330,808170,202110.0
98,A10025137,527640,0,0,0,2571330,0,6234530,0,0,0,202110.0
