,kaptCode,heatC,heatP,gasC,gasP,waterHotC,waterHotP,electC,electP,waterCoolC,waterCoolP,Date
0,A13120701,0,0,0,0,0,0,1502521,5917320,0,3353330,202109.0
1,A13184401,0,0,0,0,0,0,1303641,5728460,0,0,202109.0
2,A13183202,0,0,0,0,0,0,343960,0,0,0,202109.0
3,A13184301,0,0,0,0,0,0,1749740,8745150,271810,9765040,202109.0
4,A13183504,0,0,0,0,0,0,803470,22038080,646520,10255640,202109.0
5,A13183701,0,0,0,0,0,0,882880,6412670,360,6846340,202109.0
6,A13181203,0,0,0,0,0,0,2881790,16717980,210720,0,202109.0
7,A13120403,0,0,0,0,0,0,1919324,14159540,150,7294450,202109.0
8,A13184107,0,0,-936290,927140,0,0,6529236,22017590,-2281060,12165630,202109.0
9,A13183405,0,0,0,0,0,0,707675,11332710,0,0,202109.0
10,A13120704,0,0,0,0,0,0,1325519,6313080,0,0,202109.0
11,A13184502,0,0,0,0,0,0,1004820,5642490,0,0,202109.0
12,A13183303,0,0,0,0,0,0,1290130,4896210,0,3486690,202109.0
13,A13120001,1680000,0,0,0,0,0,244810,8243200,-664670,7829870,202109.0
14,A13188406,0,0,1290,0,0,0,4605140,13606390,0,0,202109.0
15,A13177701,0,0,0,0,0,0,10255360,0,0,0,202109.0
16,A13183204,0,0,0,0,0,0,1806620,14920610,0,0,202109.0
17,A13184208,5780,0,0,0,0,0,2429870,23282930,475000,0,202109.0
18,A13183502,0,0,5970,0,0,0,10277960,8946370,74660,0,202109.0
19,A13181201,0,0,2650,0,0,0,0,6539650,470,3024990,202109.0
20,A13175103,0,0,0,0,0,0,3051920,30379530,507300,0,202109.0
21,A13175102,,,,,,,,,,,202109.0
22,A10028033,0,0,0,0,0,0,3412320,13075680,0,0,202109.0
23,A10025159,0,0,0,0,0,0,3336800,20110150,365900,7011600,202109.0
24,A13120003,,,,,,,,,,,202109.0
25,A10024703,0,0,0,0,0,0,5673480,17256740,572870,6830570,202109.0
26,A10023384,,,,,,,,,,,202109.0
27,A10024443,0,0,0,0,0,0,3086908,11509800,0,3990690,202109.0
28,A10024741,0,0,0,0,0,0,16524201,80061890,86770,26448930,202109.0
29,A10024366,,,,,,,,,,,202109.0
30,A10023606,,,,,,,,,,,202109.0
31,A13185602,0,0,0,0,0,0,2927160,11916980,948110,7089030,202109.0
32,A13185603,0,0,0,0,0,0,2696108,16134842,0,0,202109.0
33,A13170401,0,0,0,0,0,0,5051111,21549000,0,11098110,202109.0
34,A13186306,470540,0,0,0,6261596,0,3125370,0,475839,0,202109.0
35,A13186401,0,0,0,0,0,0,2898921,11046410,0,7147160,202109.0
36,A13122104,0,0,0,0,0,0,24325207,0,12758210,0,202109.0
37,A13186305,3427880,395730,0,0,0,5169750,1674560,27453390,1074070,15459660,202109.0
38,A13185607,0,0,0,0,0,0,0,41642710,0,0,202109.0
39,A13122001,0,0,0,0,0,0,189130,21752190,0,10436350,202109.0
40,A13187501,0,0,0,0,0,0,219650,5531040,0,0,202109.0
41,A13187702,0,0,24460,0,0,0,5440880,50417610,2209220,32681190,202109.0
42,A10026046,,,,,,,,,,,202109.0
43,A13176801,0,0,0,0,0,0,1186029,0,6561170,0,202109.0
44,A13114103,0,0,0,0,0,0,1632770,8123330,289370,3484350,202109.0
45,A13184804,0,0,0,0,0,0,2476910,9523410,3194720,0,202109.0
46,A13184609,2398910,0,0,0,0,5818000,362600,25151980,1819540,13412820,202109.0
47,A13184610,6430740,0,0,0,-540,12096300,5568500,49385680,289320,27563270,202109.0
48,A13114106,0,0,0,0,0,0,2363310,7398860,0,0,202109.0
49,A13185508,0,0,0,0,0,0,4180490,21587320,0,12900680,202109.0
50,A13185501,0,0,0,0,0,0,534320,5816140,0,0,202109.0
51,A13185507,0,0,0,0,0,0,1692450,10000870,0,10477240,202109.0
52,A13185502,0,0,0,0,0,0,6685780,0,0,0,202109.0
53,A13114002,0,0,0,0,0,1214480,932683,24249840,290890,13112600,202109.0
54,A13185402,0,0,650,0,0,0,469672,8678380,7981660,0,202109.0
55,A13114201,0,0,-370010,372210,0,0,332430,6146840,0,3712670,202109.0
56,A10025855,0,0,0,0,0,0,7496030,25571240,0,0,202109.0
57,A10025187,,,,,,,,,,,202109.0
58,A10026469,0,0,0,0,0,0,4460970,24168990,0,5673960,202109.0
59,A13123102,0,0,0,0,0,0,2354930,33321510,0,14220170,202109.0
60,A13176102,0,0,0,0,0,0,486190,7369340,0,5815550,202109.0
61,A13123002,0,0,0,0,0,0,1889260,16407970,223250,8293680,202109.0
62,A13123001,0,0,0,0,0,0,8184590,0,0,0,202109.0
63,A13123101,0,0,0,0,0,0,945740,5692670,0,3410050,202109.0
64,A13176101,,,,,,,,,,,202109.0
65,A10027498,,,,,,,,,,,202109.0
66,A10023816,,,,,,,,,,,202109.0
67,A10024008,,,,,,,,,,,202109.0
68,A10024018,,,,,,,,,,,202109.0
69,A10024214,2141650,0,0,0,0,4214620,3761240,18246030,1478540,6636280,202109.0
70,A10023952,,,,,,,,,,,202109.0
71,A13186801,0,0,0,0,0,0,1062173,4595630,0,2668830,202109.0
72,A13186503,0,0,0,0,0,0,1345917,8786280,0,0,202109.0
73,A13176902,27680,248970,0,0,0,1859750,795040,0,151150,0,202109.0
74,A13113002,0,0,0,0,0,0,713710,10683880,265650,5201960,202109.0
75,A13113006,-427660,427650,0,0,0,0,986360,8987340,1132990,3874880,202109.0
76,A13186905,0,0,0,0,0,476100,1934400,0,0,0,202109.0
77,A13113001,0,0,0,0,0,0,1489820,6414850,-2090,3945690,202109.0
78,A13186502,0,0,0,0,0,0,1844310,5225050,15130,3582960,202109.0
79,A13178101,2816420,0,0,0,0,16518470,2479861,54824040,4569910,19965930,202109.0
80,A13176901,4120030,2590900,0,0,0,6583500,1013967,37182000,1924341,22819820,202109.0
81,A13113003,5308830,0,0,0,-3684000,3684000,1730660,16693670,779700,9437270,202109.0
82,A13187306,-180,2097300,0,0,1280,6780720,3317450,0,36210,0,202109.0
83,A13186504,0,0,0,0,0,0,1870744,11138590,325900,5675540,202109.0
84,A13187406,0,0,0,0,0,0,1894894,18359690,0,11776480,202109.0
85,A13113004,3194130,0,0,0,0,6215200,1829864,24999850,-416350,16996280,202109.0
86,A13187302,1829020,278160,0,0,0,3878400,2006560,0,1578750,9825780,202109.0
87,A13187305,2484660,280500,0,0,-8420,4753350,1301233,23404830,176020,16633560,202109.0
88,A13186907,0,0,0,0,0,0,1220640,24315160,662445,0,202109.0
89,A13187004,0,0,0,0,0,0,40850511,0,0,0,202109.0
90,A13186708,3903530,0,0,0,0,9489120,6013653,29849850,1979300,0,202109.0
91,A13187201,2691230,0,0,0,0,3954000,3453891,25296560,904310,14426030,202109.0
92,A13187203,4195145,0,0,0,335,5291830,4506209,37364940,0,18590710,202109.0
93,A13113008,0,0,0,0,0,0,9876339,44547100,-941760,24606590,202109.0
94,A13113007,0,0,0,0,0,0,10053000,61091200,697270,28874500,202109.0
95,A10025397,0,0,0,0,0,0,5422630,0,1560530,0,202109.0
96,A10027297,,,,,,,,,,,202109.0
97,A10027775,0,0,0,0,0,0,935740,1387440,69790,808170,202109.0
98,A10025137,65470,0,0,0,1695800,0,6696820,0,4713740,0,202109.0
