,kaptCode,heatC,heatP,gasC,gasP,waterHotC,waterHotP,electC,electP,waterCoolC,waterCoolP,Date
0,A13120701,0,0,0,0,0,0,1953090,6214460,0,3672810,202112.0
1,A13184401,0,0,0,0,0,0,1882995,6131670,0,0,202112.0
2,A13183202,0,0,0,0,0,0,457730,0,0,0,202112.0
3,A13184301,0,0,0,0,0,0,2953600,9417810,0,0,202112.0
4,A13183504,0,0,0,0,0,0,1283690,21558390,653210,9860520,202112.0
5,A13183701,0,0,0,0,0,0,1025420,6847730,0,0,202112.0
6,A13181203,0,0,0,0,0,0,4429420,21539700,166820,0,202112.0
7,A13120403,0,0,0,0,0,0,3638278,13269950,0,7295220,202112.0
8,A13184107,0,0,-854850,848080,0,0,8699702,20728780,0,10567080,202112.0
9,A13183405,0,0,0,0,0,0,1088243,12320690,260130,10222900,202112.0
10,A13120704,15130,0,0,0,0,0,2246901,7060290,81200,7044200,202112.0
11,A13184502,0,0,0,0,0,0,2009980,6441480,0,0,202112.0
12,A13183303,0,0,0,0,0,0,1646620,5804180,305000,3299470,202112.0
13,A13120001,1620000,0,0,0,0,0,785640,9544400,0,0,202112.0
14,A13188406,0,0,93780,0,0,0,8551740,15413380,330240,0,202112.0
15,A13177701,0,0,0,0,0,0,11186530,0,0,0,202112.0
16,A13183204,0,0,0,0,0,0,2337680,15774650,0,0,202112.0
17,A13184208,73310,0,0,0,0,0,4437747,20289550,956250,0,202112.0
18,A13183502,0,0,110040,0,0,0,13096310,10424430,0,0,202112.0
19,A13181201,0,0,74990,0,0,0,0,6814220,1500,2969540,202112.0
20,A13175103,0,0,0,0,0,0,4445070,29064570,1200200,0,202112.0
21,A13175102,,,,,,,,,,,202112.0
22,A10028033,0,0,0,0,0,0,4090160,13023970,275060,8649330,202112.0
23,A10025159,0,0,0,0,0,0,9168720,20611330,154260,7674440,202112.0
24,A13120003,,,,,,,,,,,202112.0
25,A10024703,0,0,0,0,0,0,9708280,18009880,386820,7010890,202112.0
26,A10023384,,,,,,,,,,,202112.0
27,A10024443,0,0,0,0,0,0,2906484,0,0,0,202112.0
28,A10024741,0,0,47980,0,0,0,32561340,69182850,94740,24118030,202112.0
29,A10024366,,,,,,,,,,,202112.0
30,A10023606,,,,,,,,,,,202112.0
31,A13185602,0,0,0,0,0,0,4043540,12638430,403320,6663430,202112.0
32,A13185603,0,0,0,0,0,0,2733890,15657570,465120,0,202112.0
33,A13170401,0,0,0,0,0,0,6183372,21257170,0,8583720,202112.0
34,A13186306,28348160,0,0,0,15980000,0,4603460,0,590000,0,202112.0
35,A13186401,0,0,0,0,0,0,4536929,12417470,0,6431450,202112.0
36,A13122104,0,0,0,0,0,0,30105547,0,11065400,0,202112.0
37,A13186305,9787050,40791330,0,0,0,21779360,7761240,29129113,407860,15237420,202112.0
38,A13185607,0,0,0,0,0,0,2711440,43428330,1066560,0,202112.0
39,A13122001,0,0,0,0,0,0,321930,21767400,0,9509330,202112.0
40,A13187501,0,0,0,0,0,0,1041360,5865820,0,0,202112.0
41,A13187702,0,0,487880,0,0,0,7309420,58749390,2843580,27310110,202112.0
42,A10026046,,,,,,,,,,,202112.0
43,A13176801,0,0,0,0,0,0,2269565,6316060,0,6013250,202112.0
44,A13114103,0,0,0,0,0,0,2092047,8878940,443330,2959830,202112.0
45,A13184804,0,0,0,0,0,0,2363610,7448370,0,3491610,202112.0
46,A13184609,6079980,50947840,0,0,0,19811150,312200,24292650,599710,13098450,202112.0
47,A13184610,21686050,137296080,0,0,0,39297700,24704310,53883150,150520,28252520,202112.0
48,A13114106,0,0,105090,0,0,0,3121883,8003920,8786310,8333570,202112.0
49,A13185508,0,0,0,0,0,0,5541780,21592140,0,12045600,202112.0
50,A13185501,0,0,0,0,0,0,945310,6446370,0,6073880,202112.0
51,A13185507,0,0,0,0,0,0,2869060,13045050,0,0,202112.0
52,A13185502,0,0,0,0,0,0,8340280,0,5353910,0,202112.0
53,A13114002,0,0,0,0,0,1109590,550130,29455370,449450,12391920,202112.0
54,A13185402,0,0,130810,0,0,0,1660658,8756960,0,0,202112.0
55,A13114201,0,0,0,0,0,0,7405990,0,3059100,0,202112.0
56,A10025855,0,0,0,0,0,0,14505150,29828260,1285500,23488100,202112.0
57,A10025187,,,,,,,,,,,202112.0
58,A10026469,0,0,0,0,0,0,8568745,22118010,0,5526160,202112.0
59,A13123102,0,0,0,0,0,0,3091180,28836000,0,13341710,202112.0
60,A13176102,0,0,11720,0,0,0,-400000,7305850,0,0,202112.0
61,A13123002,0,0,0,0,0,0,3294290,16566490,0,7410750,202112.0
62,A13123001,0,0,0,0,0,0,9984180,0,7494800,0,202112.0
63,A13123101,0,0,0,0,0,0,1627460,5923310,-4630,3373390,202112.0
64,A13176101,,,,,,,,,,,202112.0
65,A10027498,,,,,,,,,,,202112.0
66,A10023816,,,,,,,,,,,202112.0
67,A10024008,5150170,14770590,-248660,246570,-4168500,4168500,4722320,5699420,-720870,2754980,202112.0
68,A10024018,3187990,9534240,0,0,0,2147900,7565870,3245970,283000,1276800,202112.0
69,A10024214,27403100,0,0,0,0,16678230,6990770,20503290,71810,8156770,202112.0
70,A10023952,,,,,,,,,,,202112.0
71,A13186801,0,0,0,0,0,0,1758260,5283770,-40,2710060,202112.0
72,A13186503,0,0,0,0,0,0,2520449,10433200,0,0,202112.0
73,A13176902,1313150,11818140,0,0,0,4215640,1504860,0,149650,0,202112.0
74,A13113002,0,0,0,0,0,0,1380488,10797260,356520,4889770,202112.0
75,A13113006,-400940,400200,0,0,0,0,1990470,10482260,0,3684370,202112.0
76,A13186905,0,0,158310,0,0,0,2185920,0,0,0,202112.0
77,A13113001,0,0,0,0,0,0,2559947,6491620,-1450,3990370,202112.0
78,A13186502,0,0,0,0,0,0,2587370,5410100,19600,3696770,202112.0
79,A13178101,2816420,80487010,0,0,0,41776800,5937498,70503640,2802040,15608730,202112.0
80,A13176901,5419980,88595000,0,0,0,18755000,4601737,40333860,2964000,20528590,202112.0
81,A13113003,23686350,26070910,0,0,-14410000,14410000,3907279,15655200,967330,8904200,202112.0
82,A13187306,330,44019090,0,0,2110,19637400,5541880,0,27900,0,202112.0
83,A13186504,0,0,0,0,0,0,3054240,13675340,1010,5468860,202112.0
84,A13187406,0,0,135840,0,0,0,4677404,17739800,0,11025550,202112.0
85,A13113004,4274165,74843700,0,0,0,8677500,6753420,28823390,-787870,16266340,202112.0
86,A13187302,1829020,37674720,0,0,0,13771450,2411120,0,315340,9922590,202112.0
87,A13187305,2456460,63483700,0,0,0,15696800,4826652,22457830,-1128960,15821780,202112.0
88,A13186907,0,0,0,0,0,0,1459600,26221220,736050,0,202112.0
89,A13187004,0,0,0,0,0,0,35582234,0,1163750,0,202112.0
90,A13186708,5800920,83235420,0,0,0,19328500,9607438,34176440,2560000,0,202112.0
91,A13187201,11562825,36575115,0,0,0,23112000,7815873,22063750,-279860,14354680,202112.0
92,A13187203,13293900,81880630,0,0,0,20898120,17840510,39087610,13990,17024610,202112.0
93,A13113008,0,0,0,0,0,0,15798761,51360040,-545110,22353320,202112.0
94,A13113007,0,0,0,0,0,0,21080108,73137750,1098660,26396150,202112.0
95,A10025397,0,0,0,0,0,0,4486710,0,1852800,0,202112.0
96,A10027297,,,,,,,,,,,202112.0
97,A10027775,0,0,0,0,0,0,2607610,1562840,784860,757020,202112.0
98,A10025137,3680240,0,0,0,5273750,0,7133850,0,0,0,202112.0
