,kaptCode,heatC,heatP,gasC,gasP,waterHotC,waterHotP,electC,electP,waterCoolC,waterCoolP,Date
0,A13120701,0,0,0,0,0,0,1784037,6074050,0,3191820,202111.0
1,A13184401,0,0,0,0,0,0,1696932,5998120,0,0,202111.0
2,A13183202,0,0,0,0,0,0,459120,6543880,0,0,202111.0
3,A13184301,0,0,0,0,0,0,2311870,8513600,188860,9697750,202111.0
4,A13183504,0,0,0,0,0,0,823840,20465100,670810,9739690,202111.0
5,A13183701,0,0,0,0,0,0,960800,6515500,-260,6505680,202111.0
6,A13181203,0,0,0,0,0,0,4154550,18369100,166820,0,202111.0
7,A13120403,0,0,0,0,0,0,3421206,12959010,0,6776800,202111.0
8,A13184107,0,0,-925250,916800,0,0,6923827,20582550,-1364310,10913340,202111.0
9,A13183405,0,0,0,0,0,0,1237929,11721810,0,0,202111.0
10,A13120704,1760,0,0,0,0,0,1731643,6351300,0,0,202111.0
11,A13184502,0,0,0,0,0,0,1745660,5648040,0,0,202111.0
12,A13183303,0,0,0,0,0,0,1673160,5514940,202600,3263610,202111.0
13,A13120001,1590000,0,0,0,0,0,725400,8337100,0,7030170,202111.0
14,A13188406,0,0,32690,0,0,0,18285400,0,0,0,202111.0
15,A13177701,0,0,0,0,0,0,11274030,0,0,0,202111.0
16,A13183204,0,0,0,0,0,0,2160650,15044260,0,0,202111.0
17,A13184208,10140,0,0,0,0,0,5909880,18553020,537500,0,202111.0
18,A13183502,0,0,83030,0,0,0,11270640,8661530,76150,0,202111.0
19,A13181201,0,0,31740,0,0,0,0,6775350,550,2924200,202111.0
20,A13175103,0,0,0,0,0,0,4040310,28293400,1200200,0,202111.0
21,A13175102,,,,,,,,,,,202111.0
22,A10028033,0,0,0,0,0,0,3602800,12743760,0,0,202111.0
23,A10025159,0,0,0,0,0,0,5092270,18513710,134070,7245540,202111.0
24,A13120003,,,,,,,,,,,202111.0
25,A10024703,0,0,0,0,0,0,6057350,15620240,245550,6897430,202111.0
26,A10023384,,,,,,,,,,,202111.0
27,A10024443,0,0,0,0,0,0,413799,12928200,0,4492700,202111.0
28,A10024741,0,0,0,0,0,0,16630180,60830120,94560,25124810,202111.0
29,A10024366,,,,,,,,,,,202111.0
30,A10023606,,,,,,,,,,,202111.0
31,A13185602,0,0,0,0,0,0,3902850,12386750,521400,6904750,202111.0
32,A13185603,0,0,0,0,0,0,3125750,13578010,465120,0,202111.0
33,A13170401,0,0,0,0,0,0,5270762,20149240,0,9693530,202111.0
34,A13186306,16888190,0,0,0,11158400,0,2710000,0,590000,0,202111.0
35,A13186401,0,0,0,0,0,0,3716027,11014610,0,6871460,202111.0
36,A13122104,0,0,0,0,0,0,26209773,0,10946760,0,202111.0
37,A13186305,6314270,17951350,0,0,0,13436460,3889210,28958990,384020,15239580,202111.0
38,A13185607,0,0,0,0,0,0,1301320,42338260,0,0,202111.0
39,A13122001,0,0,0,0,0,0,294700,21787520,0,10213940,202111.0
40,A13187501,0,0,0,0,0,0,817930,5655940,0,0,202111.0
41,A13187702,0,0,178220,0,0,0,2518440,56875740,894550,29259140,202111.0
42,A10026046,,,,,,,,,,,202111.0
43,A13176801,0,0,0,0,0,0,1511912,7307670,6255500,0,202111.0
44,A13114103,0,0,0,0,0,0,1680922,8557260,212620,3394350,202111.0
45,A13184804,0,0,0,0,0,0,1687530,7997700,3355990,0,202111.0
46,A13184609,4715630,20747730,0,0,0,16313300,333620,24508730,2986660,13130900,202111.0
47,A13184610,12583160,55370920,0,0,-179000,38132200,13194670,49148290,85710,26817710,202111.0
48,A13114106,0,0,22130,0,0,0,3126210,7716110,0,0,202111.0
49,A13185508,0,0,0,0,0,0,5802220,21017120,0,12054040,202111.0
50,A13185501,0,0,0,0,0,0,840050,5993420,0,0,202111.0
51,A13185507,0,0,0,0,0,0,2604720,10939840,0,10618290,202111.0
52,A13185502,0,0,0,0,0,0,1468640,5688140,0,0,202111.0
53,A13114002,0,0,0,0,-1247430,1243890,1090495,25916750,442090,12498970,202111.0
54,A13185402,0,0,66880,0,0,0,1267266,8819880,7536400,0,202111.0
55,A13114201,0,0,-301450,301450,0,0,-415480,7037820,722180,3056220,202111.0
56,A10025855,0,0,0,0,0,0,8812230,26332220,0,0,202111.0
57,A10025187,,,,,,,,,,,202111.0
58,A10026469,0,0,0,0,0,0,7048905,18964820,211760,5426240,202111.0
59,A13123102,0,0,0,0,0,0,2843480,29029380,0,13337220,202111.0
60,A13176102,0,0,0,0,0,0,2015300,6356550,0,6440840,202111.0
61,A13123002,0,0,0,0,0,0,2070650,16228070,339590,7884920,202111.0
62,A13123001,0,0,0,0,0,0,8928440,0,0,0,202111.0
63,A13123101,0,0,0,0,0,0,2011470,5562070,0,3168150,202111.0
64,A13176101,,,,,,,,,,,202111.0
65,A10027498,,,,,,,,,,,202111.0
66,A10023816,,,,,,,,,,,202111.0
67,A10024008,10809930,8100510,0,184800,0,2520000,6648380,1426610,1916690,1042560,202111.0
68,A10024018,,,,,,,,,,,202111.0
69,A10024214,13713850,0,0,0,0,9863160,6011060,20614250,260400,7972470,202111.0
70,A10023952,,,,,,,,,,,202111.0
71,A13186801,0,0,0,0,0,0,1099046,5114330,0,2637860,202111.0
72,A13186503,0,0,0,0,0,0,2462845,8583030,0,0,202111.0
73,A13176902,762110,6858780,0,0,0,2913140,1142180,0,49900,0,202111.0
74,A13113002,0,0,0,0,0,0,1516026,10316750,327110,4813760,202111.0
75,A13113006,-455470,452960,0,0,0,0,1714350,9267050,360660,3886090,202111.0
76,A13186905,0,0,80240,0,0,0,2062090,0,0,0,202111.0
77,A13113001,0,0,0,0,0,0,2750560,5933700,-870,4103070,202111.0
78,A13186502,0,0,0,0,0,0,896590,6704640,17210,3727280,202111.0
79,A13178101,2816420,35329290,0,0,0,29895880,2501713,56720790,4362330,18120210,202111.0
80,A13176901,4776580,35600400,0,0,0,19309900,4136280,38570320,383510,21268570,202111.0
81,A13113003,14027360,11605150,0,0,-8355000,8355000,4039748,14789750,794770,9272890,202111.0
82,A13187306,-140,26627900,0,0,-2050,12212120,4361830,0,34080,0,202111.0
83,A13186504,0,0,0,0,0,0,3109312,11423130,202690,5518910,202111.0
84,A13187406,0,0,59360,0,0,0,4244711,17701460,0,11532000,202111.0
85,A13113004,3194130,33764640,0,0,0,7291200,6353644,25469310,-942230,16043080,202111.0
86,A13187302,1829020,16978910,0,0,0,9639000,1687280,0,1079600,9630720,202111.0
87,A13187305,2443120,28708600,0,0,0,10149550,4424872,22127660,-235120,15212410,202111.0
88,A13186907,0,0,0,0,0,0,1472880,25591640,803790,0,202111.0
89,A13187004,0,0,0,0,0,0,34979640,0,0,0,202111.0
90,A13186708,4784318,38422310,0,0,0,14100910,8230379,30421530,1926530,0,202111.0
91,A13187201,4272402,16250358,0,0,0,16709000,6838891,22015590,1194890,14696350,202111.0
92,A13187203,7872150,33090750,0,0,0,19966290,13891352,37785760,76590,17812090,202111.0
93,A13113008,0,0,0,0,0,0,12434071,45305730,-1210720,23989840,202111.0
94,A13113007,0,0,0,0,0,0,75732070,0,28876440,0,202111.0
95,A10025397,0,0,0,0,0,0,4062480,0,1323550,0,202111.0
96,A10027297,,,,,,,,,,,202111.0
97,A10027775,0,0,0,0,0,0,809410,1404910,69790,745860,202111.0
98,A10025137,1663720,0,0,0,3629210,0,6118970,0,4274060,0,202111.0
