,kaptCode,heatC,heatP,gasC,gasP,waterHotC,waterHotP,electC,electP,waterCoolC,waterCoolP,Date
0,A13120701,0,0,0,0,0,0,4677928,7292280,0,3435020,202101.0
1,A13184401,0,0,0,0,0,0,1762730,7540760,0,0,202101.0
2,A13183202,0,0,0,0,0,0,798490,7594750,110,5763660,202101.0
3,A13184301,0,0,0,0,0,0,3119770,10310240,91410,9034700,202101.0
4,A13183504,0,0,0,0,0,0,1094730,26335740,584120,9901800,202101.0
5,A13183701,0,0,0,0,0,0,2061220,8159200,602810,6479000,202101.0
6,A13181203,0,0,0,0,0,0,4591310,23001640,324120,0,202101.0
7,A13120403,0,0,0,0,0,0,6944696,15581380,-2160,6438870,202101.0
8,A13184107,0,0,-751950,747920,0,0,8773570,25104840,-1789500,10820680,202101.0
9,A13183405,0,0,0,0,0,0,2818722,14830150,0,0,202101.0
10,A13120704,41200,0,0,0,0,0,4565259,7280100,0,0,202101.0
11,A13184502,0,0,0,0,0,0,2204180,6592420,0,0,202101.0
12,A13183303,0,0,0,0,0,0,1676660,7316940,0,3432570,202101.0
13,A13120001,0,0,0,0,0,0,760470,11180700,0,6694740,202101.0
14,A13188406,0,0,29510,0,0,0,8083146,17360960,0,0,202101.0
15,A13177701,0,0,0,0,0,0,18245150,0,909720,0,202101.0
16,A13183204,0,0,0,0,0,0,2758090,17022060,0,0,202101.0
17,A13184208,175100,0,0,0,0,0,6539280,21986990,463240,0,202101.0
18,A13183502,0,0,31310,0,0,0,13816610,0,0,0,202101.0
19,A13181201,0,0,145170,0,0,0,1722850,8145770,250,2927710,202101.0
20,A13175103,0,0,0,0,0,0,6467050,34798480,1247500,0,202101.0
21,A13175102,,,,,,,,,,,202101.0
22,A10028033,0,0,0,0,0,0,5611640,15197620,0,0,202101.0
23,A10025159,0,0,0,0,0,0,8659800,25074810,441340,7063160,202101.0
24,A13120003,,,,,,,,,,,202101.0
25,A10024703,0,0,0,0,0,0,8480510,21098270,424440,6352300,202101.0
26,A10023384,,,,,,,,,,,202101.0
27,A10024443,0,0,0,0,0,0,7765330,6841350,0,0,202101.0
28,A10024741,0,0,225800,0,0,0,22267810,83861150,2020,23925060,202101.0
29,A10024366,,,,,,,,,,,202101.0
30,A10023606,,,,,,,,,,,202101.0
31,A13185602,0,0,0,0,0,0,3929860,15348080,711150,6476940,202101.0
32,A13185603,0,0,0,0,0,0,6208470,17377880,0,0,202101.0
33,A13170401,0,0,0,0,0,0,6320463,25705450,0,9053690,202101.0
34,A13186306,34691490,0,0,0,19585700,0,5356790,0,750000,0,202101.0
35,A13186401,0,0,0,0,0,0,5015696,13236650,0,6702660,202101.0
36,A13122104,0,0,0,0,0,0,35388887,0,12112890,0,202101.0
37,A13186305,16229410,51426290,0,0,0,22585200,7632260,30387040,1187320,14368180,202101.0
38,A13185607,0,0,0,0,0,0,268550,54116670,0,0,202101.0
39,A13122001,0,0,0,0,0,0,3767820,25314830,0,9626130,202101.0
40,A13187501,0,0,0,0,0,0,1786150,7132190,0,0,202101.0
41,A13187702,0,0,402810,0,0,0,12864250,55468700,5810300,25308510,202101.0
42,A10026046,,,,,,,,,,,202101.0
43,A13176801,0,0,0,0,0,0,3555733,0,5799920,0,202101.0
44,A13114103,0,0,0,0,0,0,3034185,9765910,122750,3275850,202101.0
45,A13184804,0,0,0,0,0,0,2355571,8329190,2958240,0,202101.0
46,A13184609,8637160,65047910,0,0,0,21405000,2819900,27532460,1926660,12468090,202101.0
47,A13184610,24991840,167048880,0,0,0,43800600,34740520,58912410,205600,26449560,202101.0
48,A13114106,0,0,176700,0,0,0,5839604,0,0,0,202101.0
49,A13185508,0,0,0,0,0,0,7835860,27052770,-1440,12679130,202101.0
50,A13185501,0,0,0,0,0,0,8979820,0,0,0,202101.0
51,A13185507,0,0,0,0,0,0,2790100,13512900,0,9443570,202101.0
52,A13185502,0,0,0,0,0,0,2247090,6528150,0,0,202101.0
53,A13114002,0,0,0,0,0,975070,1175419,30033520,240610,11462360,202101.0
54,A13185402,0,0,218460,0,0,0,2897696,10932350,7671810,0,202101.0
55,A13114201,0,0,1100,0,0,0,469410,8615750,0,3268230,202101.0
56,A10025855,0,0,0,0,0,0,11589750,33559080,0,0,202101.0
57,A10025187,,,,,,,,,,,202101.0
58,A10026469,0,0,0,0,0,0,8434991,23293890,278320,4769020,202101.0
59,A13123102,0,0,0,0,0,0,3571370,32979690,0,13031720,202101.0
60,A13176102,0,0,21070,0,0,0,6745700,7148200,6059320,6040000,202101.0
61,A13123002,0,0,0,0,0,0,7790460,18875530,78800,7549820,202101.0
62,A13123001,0,0,0,0,0,0,12685200,0,0,0,202101.0
63,A13123101,0,0,0,0,0,0,1192590,7406390,0,3181800,202101.0
64,A13176101,,,,,,,,,,,202101.0
65,A10027498,,,,,,,,,,,202101.0
66,A10023816,,,,,,,,,,,202101.0
67,A10024008,,,,,,,,,,,202101.0
68,A10024018,,,,,,,,,,,202101.0
69,A10024214,,,,,,,,,,,202101.0
70,A10023952,,,,,,,,,,,202101.0
71,A13186801,0,0,0,0,0,0,1283787,6146700,0,2795570,202101.0
72,A13186503,0,0,0,0,0,0,2477489,11361090,0,0,202101.0
73,A13176902,1619180,14572350,0,0,0,4533060,1630310,0,148850,0,202101.0
74,A13113002,0,0,0,0,0,0,1283816,13345140,123660,5040300,202101.0
75,A13113006,-425070,425070,0,0,0,0,3672010,10715510,302350,3742930,202101.0
76,A13186905,0,0,188900,0,0,349280,2260510,0,0,0,202101.0
77,A13113001,0,0,0,0,0,0,2502910,8233850,-520,4243990,202101.0
78,A13186502,0,0,0,0,0,0,2491430,7936670,20440,3075500,202101.0
79,A13178101,2816420,99999540,0,0,0,39622090,13153357,66839010,1116100,17201760,202101.0
80,A13176901,3605850,110191900,0,0,0,23283200,372750,49605510,0,20529900,202101.0
81,A13113003,20730670,37539480,0,0,-15490000,15490000,4826900,17659530,992850,8735630,202101.0
82,A13187306,500,58540640,0,0,-1800,21093300,6909780,0,35700,0,202101.0
83,A13186504,0,0,0,0,0,0,3028762,15306530,4340,5079610,202101.0
84,A13187406,0,0,490990,0,0,0,10777486,21499550,0,11240940,202101.0
85,A13113004,4735144,91072280,0,0,0,9520500,909290,38514440,-731080,16963870,202101.0
86,A13187302,1829020,50082120,0,0,0,15238800,2878490,0,1061470,10159730,202101.0
87,A13187305,2465770,80972470,0,0,0,14415000,7697165,26248059,5010,16546740,202101.0
88,A13186907,0,0,0,0,0,0,1508830,30267410,518740,0,202101.0
89,A13187004,0,0,0,0,0,0,42642215,0,0,0,202101.0
90,A13186708,6187360,101961840,0,0,0,18921600,10291775,35587000,2336540,0,202101.0
91,A13187201,15394078,46052192,0,0,0,25830000,8103250,26671290,1046300,13908200,202101.0
92,A13187203,15372770,100554420,0,0,0,21247120,16378451,42953890,15000,15412880,202101.0
93,A13113008,0,0,0,0,0,0,17910095,54227680,-1374360,24013570,202101.0
94,A13113007,0,0,0,0,0,0,49390030,72586400,1266380,27793450,202101.0
95,A10025397,0,0,0,0,0,0,2653050,3435600,-47280,1884090,202101.0
96,A10027297,,,,,,,,,,,202101.0
97,A10027775,0,0,0,0,0,0,3145220,2007840,35110,740160,202101.0
98,A10025137,4281300,0,0,0,5329240,0,8114500,0,4503120,0,202101.0
