,kaptCode,heatC,heatP,gasC,gasP,waterHotC,waterHotP,electC,electP,waterCoolC,waterCoolP
0,A13120701,0,0,0,0,0,0,1168585,7030950,0,3686240
1,A13184401,0,0,0,0,0,0,1883189,6104950,0,0
2,A13183202,0,0,0,0,0,0,529170,0,0,0
3,A13184301,0,0,0,0,0,0,2175090,9472610,-9613940,9613940
4,A13183504,0,0,0,0,0,0,1234530,22048390,592480,10310010
5,A13183701,0,0,0,0,0,0,752691,6933240,0,0
6,A13181203,0,0,0,0,0,0,3446160,20112950,44000,0
7,A13120403,0,0,0,0,0,0,3678005,13894160,634240,7675640
8,A13184107,0,0,-788280,781880,0,0,6249140,22006990,0,10054600
9,A13183405,0,0,0,0,0,0,1693607,11755780,-213650,11058760
10,A13120704,1100,0,0,0,0,0,8919684,0,6995670,0
11,A13184502,0,0,0,0,0,0,5855440,6250440,0,0
12,A13183303,0,0,0,0,0,0,1184980,6102940,-5200,3533330
13,A13120001,1710000,0,0,0,0,0,890450,9395400,0,0
14,A13188406,0,0,9600,0,0,0,5471509,14581720,791200,0
15,A13177701,0,0,0,0,0,0,10365600,0,0,0
16,A13183204,0,0,0,0,0,0,1965965,15912585,0,0
17,A13184208,12410,0,0,0,0,0,4805284,20819050,1178130,0
18,A13183502,0,0,41230,0,0,0,2010090,8951750,0,0
19,A13181201,0,0,22620,0,0,0,0,6948800,-260,3048050
20,A13175103,0,0,0,0,0,0,3640888,31841860,273270,0
21,A13175102,,,,,,,,,,
22,A10028033,0,0,0,0,0,0,3561920,12847760,-95360,9902170
23,A10025159,0,0,0,0,0,0,5865020,21132420,-1510,8025130
24,A13120003,,,,,,,,,,
25,A10024703,0,0,0,0,0,0,6273577,18485600,63600,7776480
26,A10023384,,,,,,,,,,
27,A10024443,0,0,0,0,0,0,3817323,12991890,0,4482780
28,A10024741,0,0,6750,0,0,0,21755080,72070270,102240,25014140
29,A10024366,,,,,,,,,,
30,A10023606,,,,,,,,,,
31,A13185602,0,0,0,0,0,0,3733085,12902020,326720,7587150
32,A13185603,0,0,0,0,0,0,3983150,15544490,507500,0
33,A13170401,0,0,0,0,0,0,4731701,21124250,0,9447630
34,A13186306,15278320,0,0,0,10214394,0,3025760,0,524261,0
35,A13186401,0,0,0,0,0,0,4598316,11871340,-582670,7545580
36,A13122104,0,0,0,0,0,0,29119902,0,11944500,0
37,A13186305,9892840,6840960,0,0,0,14990180,4860000,30882230,1442280,15390720
38,A13185607,0,0,0,0,0,0,1026300,42506280,1162350,0
39,A13122001,0,0,0,0,0,0,2090420,21804810,0,9942090
40,A13187501,0,0,0,0,0,0,780090,5741630,0,0
41,A13187702,0,0,62710,0,0,0,3130639,55912030,1828940,28986590
42,A10026046,,,,,,,,,,
43,A13176801,0,0,0,0,0,0,1658314,7459670,0,0
44,A13114103,0,0,0,0,0,0,1698592,8612430,688530,3053250
45,A13184804,0,0,0,0,0,0,540110,9379430,0,3842960
46,A13184609,4175320,15838270,0,0,0,12139700,355740,25278690,1283150,13249430
47,A13184610,10672450,39374210,0,0,-95200,28349400,13329461,54191550,408770,26445030
48,A13114106,0,0,8690,0,0,0,3285803,8217870,9703910,0
49,A13185508,0,0,0,0,0,0,28371190,0,13277670,0
50,A13185501,0,0,0,0,0,0,1291800,5435150,0,6579930
51,A13185507,0,0,0,0,0,0,2183690,11739030,0,0
52,A13185502,0,0,0,0,0,0,1380330,6384360,-680,5736020
53,A13114002,0,0,0,0,0,973180,1520382,27462460,590980,12792270
54,A13185402,0,0,10040,0,0,0,1560579,8695090,0,0
55,A13114201,0,0,0,0,0,0,440254,6721320,0,3551520
56,A10025855,0,0,0,0,0,0,9271450,29609600,0,27017170
57,A10025187,,,,,,,,,,
58,A10026469,0,0,0,0,0,0,2110332,25552930,0,6099590
59,A13123102,0,0,0,0,0,0,4312513,36346830,0,14263980
60,A13176102,0,0,0,0,0,0,1710280,7278470,0,0
61,A13123002,0,0,0,0,0,0,2628560,16835440,79840,7728360
62,A13123001,0,0,0,0,0,0,9734330,0,7996150,0
63,A13123101,0,0,0,0,0,0,8258690,0,3374730,0
64,A13176101,,,,,,,,,,
65,A10027498,,,,,,,,,,
66,A10023816,0,5002910,0,0,0,12745800,-1019960,17027170,0,7565550
67,A10024008,5907440,772780,-324070,324070,-4934580,4934580,4458980,10896320,-370295,4177670
68,A10024018,3195780,0,0,0,5910000,0,12985842,0,4879180,0
69,A10024214,8023230,0,0,0,0,8860800,6692590,24306300,256340,9231990
70,A10023952,-40422343,0,0,0,51691293,0,21130247,0,7031800,0
71,A13186801,0,0,0,0,0,0,1681002,4921500,-384600,2924910
72,A13186503,0,0,0,0,0,0,1762531,10067790,0,0
73,A13176902,586020,5273590,0,0,0,2929510,1026470,0,100300,0
74,A13113002,0,0,0,0,0,0,1372360,11226280,100200,5308200
75,A13113006,-395540,393110,0,0,0,0,1634110,10246700,0,3862980
76,A13186905,0,0,19810,0,0,330560,2011640,0,0,0
77,A13113001,0,0,0,0,0,0,2457699,5941950,-580,4190390
78,A13186502,0,0,0,0,0,0,1790940,6003290,29640,3977240
79,A13178101,2816420,21171220,0,0,0,30466800,8068593,60251500,4770330,19452140
80,A13176901,10449190,16756900,0,0,0,19508000,3682024,40599810,0,20148420
81,A13113003,14094390,4204500,0,0,-6933000,6933000,3370160,16266850,794840,9759320
82,A13187306,120,18352820,0,0,1790,14759360,3638520,0,40200,0
83,A13186504,0,0,0,0,0,0,2488344,12834460,60200,6071560
84,A13187406,0,0,20900,0,0,0,6886662,18112260,0,10952620
85,A13113004,5522710,19997400,0,0,0,8782000,5030023,32336617,-1888660,18134000
86,A13187302,1826420,7516080,0,0,0,11536560,2203390,0,397840,10956980
87,A13187305,2473830,17836020,0,0,0,9672500,3462433,24407880,1510810,15143830
88,A13186907,0,0,0,0,0,0,1687950,26528870,877665,0
89,A13187004,0,0,0,0,0,0,36366140,0,2191230,0
90,A13186708,4844010,20025590,0,0,0,18616200,7973960,34729370,1632100,0
91,A13187201,4487667,7701683,0,0,0,15391400,5104035,24928360,-334400,14718960
92,A13187203,5343980,21845820,0,0,0,15872560,10140175,37082780,0,17675770
93,A13113008,0,0,0,0,0,0,15575526,50069530,-1238020,24615350
94,A13113007,0,0,0,0,0,0,15971026,67573410,812040,26967550
95,A10025397,0,0,0,0,0,0,930730,4377740,0,2013350
96,A10027297,,,,,,,,,,
97,A10027775,0,0,0,0,0,0,798390,1274960,89130,647280
98,A10025137,670770,0,0,0,2911080,0,6851390,0,0,0
