,kaptCode,heatC,heatP,gasC,gasP,waterHotC,waterHotP,electC,electP,waterCoolC,waterCoolP
0,A13120701,0,0,0,0,0,0,2120496,5783920,0,3396120
1,A13184401,0,0,0,0,0,0,1647406,5826590,0,0
2,A13183202,0,0,0,0,0,0,724660,7659510,0,6172890
3,A13184301,0,0,0,0,0,0,1905300,9026470,0,0
4,A13183504,0,0,0,0,0,0,1968220,20851180,608040,10533020
5,A13183701,0,0,0,0,0,0,812960,6650250,0,0
6,A13181203,0,0,0,0,0,0,4335106,18735944,231000,0
7,A13120403,0,0,0,0,0,0,2992548,13251110,634240,7706270
8,A13184107,0,0,-837720,830690,0,0,8285498,19465300,0,10877260
9,A13183405,0,0,0,0,0,0,1608503,11216330,411400,10756180
