,kaptCode,heatC,heatP,gasC,gasP,waterHotC,waterHotP,electC,electP,waterCoolC,waterCoolP,Date
0,A15786116,0,0,202750,0,0,0,1181730,10381570,9364760,0,202112.0
1,A15704015,0,0,171830,0,0,0,5814040,11675680,342100,11231880,202112.0
2,A15786118,0,0,0,0,0,0,6017000,10894680,183070,6166550,202112.0
3,A15786426,0,0,0,0,0,0,819891,20283610,478080,0,202112.0
4,A15704025,0,0,0,0,0,0,1374088,22418480,0,0,202112.0
5,A15776001,0,0,0,0,0,0,1532617,9984330,0,3278350,202112.0
6,A15786321,0,0,0,0,0,0,201510,13970150,63000,0,202112.0
7,A15786314,0,0,0,0,0,0,3937680,8244400,0,5137210,202112.0
8,A15704006,101920,0,0,0,0,0,1804740,0,0,0,202112.0
9,A15786222,0,0,0,0,0,0,1404287,13592580,0,5938850,202112.0
10,A15786420,0,0,332840,0,0,0,3238710,10308890,198360,0,202112.0
11,A15786111,0,0,0,0,0,0,11991710,0,0,0,202112.0
12,A15786405,0,0,27950,0,0,0,1365081,6052660,34410,0,202112.0
13,A15786424,0,0,337800,0,0,0,6481372,20166340,-494410,7752540,202112.0
14,A15786104,0,0,0,0,0,0,171926,6091830,480,5236400,202112.0
15,A15786510,0,0,0,0,0,0,357280,8714620,0,0,202112.0
16,A15704028,350160,0,0,0,0,0,3406410,27380400,197930,0,202112.0
17,A15704009,0,0,45260,0,0,0,2475440,0,0,0,202112.0
18,A15786312,0,0,0,0,0,0,596360,9370490,0,4138160,202112.0
19,A15704007,0,0,0,0,0,0,2586560,0,4189110,0,202112.0
20,A15704023,0,0,0,0,0,0,903300,18359270,278010,8469960,202112.0
21,A15704017,73030,0,0,0,0,0,12281918,0,0,0,202112.0
22,A15786227,0,0,65880,0,0,0,5417590,16104520,0,19278470,202112.0
23,A15704003,0,0,2580,0,0,0,2389260,6959700,-1400,3543020,202112.0
24,A15704002,0,0,0,0,0,0,197300,8000110,0,3893090,202112.0
25,A15704001,0,0,0,0,0,0,1789860,6757960,97540,6142570,202112.0
26,A15786213,0,0,0,0,0,0,1221380,10054370,0,4395720,202112.0
27,A15786408,0,0,91950,0,0,0,428840,10044260,0,3982500,202112.0
28,A15776003,,,,,,,,,,,202112.0
29,A15776004,,,,,,,,,,,202112.0
30,A15785919,0,0,0,401840,0,0,1172171,14543790,0,0,202112.0
31,A10025600,0,0,0,0,0,0,30343940,0,500000,8502130,202112.0
32,A10027541,0,0,0,0,0,0,2461562,8916330,664870,5136600,202112.0
33,A10025049,,,,,,,,,,,202112.0
34,A15783907,0,0,0,0,0,0,1157265,14950890,0,11603650,202112.0
35,A15783703,0,0,0,0,0,0,1891280,10454000,0,9389020,202112.0
36,A15703004,29178910,34695790,0,0,-20400110,20400110,3275937,27446280,40,15026890,202112.0
37,A15703304,901240,29991780,0,0,1160300,2844600,3226430,0,50160,0,202112.0
38,A15703303,55465810,0,0,0,-19308920,19308920,23234340,0,9823780,0,202112.0
39,A15703301,870490,22496140,0,0,0,6993000,2175410,0,906600,0,202112.0
40,A15784008,9019190,25206500,0,0,0,10525550,7117409,11668700,-860,7458720,202112.0
41,A15772902,0,0,0,0,0,0,1355970,0,0,0,202112.0
42,A15703302,30348848,43202950,0,0,-19526100,19526100,7053295,20766290,3158310,5988620,202112.0
43,A15772901,0,0,0,0,0,0,1584890,0,0,0,202112.0
44,A15703002,0,0,0,0,0,0,3066530,9592110,530590,3770010,202112.0
45,A15703005,0,0,0,0,0,0,10613300,9538590,3550760,3758120,202112.0
46,A15703309,29994640,50273000,0,0,-9482200,9482200,2989900,24777910,207020,16478240,202112.0
47,A15703307,36677840,57210160,0,0,-24940800,24940800,6734420,29352670,0,12404450,202112.0
48,A15776916,0,33495130,0,0,0,17802000,4017830,0,0,0,202112.0
49,A15703001,0,0,0,0,0,0,1711030,6495680,-460,7278740,202112.0
50,A15784402,0,0,-339550,339550,0,0,1492620,0,0,0,202112.0
51,A15776414,0,30046150,0,0,0,18844000,4362530,0,0,0,202112.0
52,A15703308,9561940,48811100,0,0,0,25763300,4497790,20828620,1532260,10580910,202112.0
53,A15783806,9383510,19701840,0,0,0,8155800,4222380,10362650,1979950,4173720,202112.0
54,A15776617,0,18693870,0,0,0,8303000,2043620,0,0,0,202112.0
55,A15783905,0,0,0,0,0,0,2333620,6911850,139080,0,202112.0
56,A15703318,0,11902470,0,0,0,9901500,1761260,11970650,0,5844570,202112.0
57,A15703204,0,0,0,0,0,0,15193823,108430260,0,36339040,202112.0
58,A15703313,0,28110130,0,0,0,14502000,6531350,0,0,0,202112.0
59,A15783902,0,0,35380,0,0,0,256842,7308340,0,0,202112.0
60,A15776715,0,26551310,0,0,0,13248000,3810430,0,0,0,202112.0
61,A15783701,160790,0,0,0,-318690,318690,800280,6814740,6259180,0,202112.0
62,A15784003,0,0,0,0,0,0,2427070,5113280,6723020,0,202112.0
63,A15703306,1373850,35071390,0,0,0,6325000,3227650,0,539230,8202060,202112.0
64,A15784201,0,0,0,0,0,0,2011410,4792610,163200,0,202112.0
65,A10025703,,,,,,,,,,,202112.0
66,A10023543,,,,,,,,,,,202112.0
67,A15701004,0,0,0,0,0,0,690940,9433330,0,0,202112.0
68,A15701601,0,0,0,0,0,0,-2844440,13136410,-311540,4012930,202112.0
69,A15788302,0,0,64930,0,0,0,3386786,16423330,415490,7584850,202112.0
70,A15788901,0,0,0,0,0,0,2659220,8222470,0,0,202112.0
71,A15792602,10908410,238281150,0,13665420,0,69192000,18072770,123923460,1697220,28680330,202112.0
72,A15701602,0,0,0,0,0,0,80629069,0,0,0,202112.0
73,A15770801,1848360,40728250,0,0,-36000,14300000,5253564,16171800,240,10511820,202112.0
74,A15701002,0,0,0,0,0,0,4257753,8961400,-47360,7717480,202112.0
75,A15701003,32588940,203766460,0,0,0,67206800,45976601,107235050,981070,48462710,202112.0
76,A15788203,0,0,0,0,0,0,4093423,12091360,269040,0,202112.0
77,A15770101,0,0,0,0,0,0,1851190,6694370,0,0,202112.0
78,A15701007,33788250,160243870,0,0,0,101020440,55848130,164631210,0,43007630,202112.0
79,A10025201,,,,,,,,,,,202112.0
80,A15701006,,,,,,,,,,,202112.0
81,A10023515,,,,,,,,,,,202112.0
82,A10024145,0,0,0,0,0,0,3886250,4864510,266960,2760845,202112.0
83,A15780604,8987900,75833000,0,0,-2430,22336830,11374460,41978760,0,0,202112.0
84,A15780605,75007270,0,0,0,23948000,0,30209670,0,23750,0,202112.0
85,A15780905,10355422,0,0,0,0,0,9694910,0,0,0,202112.0
86,A15780002,1584880,36337680,0,0,388720,7851200,947510,17179930,0,7871620,202112.0
87,A15781002,10577570,29737690,0,632750,0,11114880,1901830,0,0,0,202112.0
88,A15780701,5194690,17207210,0,0,-3723720,3723720,4582607,8873510,-970,3059480,202112.0
89,A15780806,70884110,0,0,0,35212500,0,7240690,0,0,0,202112.0
90,A15780705,89014640,0,0,0,0,0,0,0,0,0,202112.0
91,A15720101,0,0,78390,0,0,0,640681,6988000,-70,6999610,202112.0
92,A15780703,9075875,52486915,0,0,0,21366000,12454950,21916980,0,3540010,202112.0
93,A15774708,0,21888020,0,0,0,18025000,8907756,0,0,0,202112.0
94,A15780401,5386910,39822460,0,0,0,25385410,9187720,16495250,590,8083440,202112.0
95,A15780904,5760720,44740600,0,0,0,13790570,4026400,0,423200,0,202112.0
96,A15780602,0,0,232350,0,0,0,4396710,10318220,204630,6791070,202112.0
97,A15780603,13321430,64347890,0,0,0,25027600,6462860,40135710,4385530,0,202112.0
98,A15780704,12738019,59798920,0,0,0,25248000,8220700,24274600,6923530,11780940,202112.0
99,A15720001,0,0,0,0,0,0,12795359,49902280,0,13910860,202112.0
100,A15781003,2854050,43252500,0,0,0,18203500,4368960,40230,0,4920,202112.0
101,A10025616,,,,,,,,,,,202112.0
102,A10024367,,,,,,,,,,,202112.0
103,A10024792,,,,,,,,,,,202112.0
104,A15721001,0,0,7770,0,0,0,1529380,6600580,-329220,2044460,202112.0
105,A15721003,126580,0,0,0,0,0,1677530,0,0,0,202112.0
106,A15721005,0,0,-429000,429000,0,0,2511550,18284290,30,9642700,202112.0
107,A15722010,16477900,21563320,0,0,-14000630,14000630,5326340,23410940,566100,7998370,202112.0
108,A15721006,5992723,73663280,0,0,0,34651850,12455365,54741770,1768340,25243860,202112.0
109,A15728011,3666756,53438340,0,0,0,30637330,10163270,54524747,0,20449410,202112.0
110,A15721007,5016440,66528410,0,0,0,20000250,17481417,50696920,0,18338060,202112.0
111,A15721004,0,0,0,0,0,0,400040,0,-1767530,0,202112.0
112,A15721010,98478840,0,1310,0,0,0,75676520,0,20429280,0,202112.0
113,A15721009,1284700,0,0,0,0,0,7622580,0,0,0,202112.0
114,A15721008,2669320,19909530,0,0,0,9226860,3346222,17231830,27420,3875900,202112.0
115,A15722009,13415530,0,0,0,5059200,0,14926030,0,3713240,0,202112.0
116,A10027433,0,25358700,0,816280,0,11588310,3347200,21795920,0,9292650,202112.0
117,A10027452,13524820,17583780,0,0,-12500600,12459000,6415870,17630540,593350,8970820,202112.0
118,A10027403,2069847,11967460,0,0,0,10057460,5191880,13316540,191030,6442130,202112.0
119,A10026879,13201430,64233900,0,0,0,27587000,8562365,62557960,1191120,19509610,202112.0
120,A10027687,3349380,38346870,0,0,11353290,0,11701531,31556550,-126540,10643990,202112.0
121,A10027371,2427350,10951290,0,0,0,9658720,4114354,11998880,96260,5806230,202112.0
122,A10024426,4193402,52087213,0,0,0,49852650,25105211,49683610,815720,23178720,202112.0
123,A15721011,18442670,0,0,0,8250420,0,20813522,0,4975480,0,202112.0
124,A15728002,428440,17029440,0,0,0,10250670,5045650,12131180,60690,6653500,202112.0
125,A15728006,2055980,48516560,0,0,307540,31991020,9293200,31054220,0,16337840,202112.0
126,A15728009,106370,0,0,0,0,0,-4580467,115678670,-3546710,86359690,202112.0
127,A15728005,3558320,32177660,0,0,0,9878780,7165074,22772068,169620,10244670,202112.0
128,A15728010,0,0,0,0,0,0,1138434,7342390,-10,6299780,202112.0
129,A15728007,258820,43827230,0,0,55860,24504940,6994360,25800050,505140,15018630,202112.0
130,A15728003,2793710,32005320,0,0,0,16557750,7786690,22897860,149580,10273430,202112.0
131,A15782501,0,0,0,0,0,0,1468700,7106940,86660,5503900,202112.0
132,A15728013,,,,,,,,,,,202112.0
133,A15728008,6134990,55468220,0,0,0,35608000,10224470,35969710,747320,19091830,202112.0
134,A15728004,2216550,35611750,0,0,47900,22692500,5511900,19644260,58190,12583670,202112.0
135,A15779704,0,0,65840,0,0,0,2863670,10251510,0,4444870,202112.0
136,A10028020,,,,,,,,,,,202112.0
137,A15781201,0,0,0,0,0,0,3561390,10972760,683450,6992560,202112.0
138,A15722005,0,0,0,0,0,0,3583040,10320670,5850,5631760,202112.0
139,A15784601,0,0,0,0,0,0,2097350,6343640,76290,4725600,202112.0
140,A15722106,0,0,0,0,0,0,3691962,12420010,0,0,202112.0
141,A15722314,48214250,44816240,0,0,17710940,17710940,6327830,0,0,0,202112.0
142,A15785711,23827650,35748900,0,0,-15998400,15897400,3022220,0,1549940,5728640,202112.0
143,A15785709,9071930,27892920,0,0,-7140000,7140000,3393140,0,55310,6431750,202112.0
144,A15785703,0,0,0,0,0,0,3044974,6957340,-140,4302830,202112.0
145,A15722304,0,0,0,0,0,0,1165520,8113410,0,0,202112.0
146,A15777501,8027230,39286100,0,0,0,20085900,5027970,0,219915,2619900,202112.0
147,A15722108,0,0,0,0,0,0,9181110,15440060,-350,8017560,202112.0
148,A15722201,0,0,0,0,0,0,1564180,6449510,-1468070,8000190,202112.0
149,A15785608,6489600,43682770,0,0,0,11073600,7291640,20048550,169630,8918680,202112.0
150,A15785002,0,0,0,0,0,0,447615,8102700,-201530,3550370,202112.0
151,A15785005,2571300,0,0,0,0,0,4605620,0,787770,0,202112.0
152,A15722004,0,0,0,0,0,0,13133617,12820520,6296080,6296080,202112.0
153,A15722203,0,0,0,0,0,0,9926769,0,6418460,0,202112.0
154,A15785613,6393470,63454620,0,0,0,19943340,6148167,24641150,6066430,0,202112.0
155,A15785507,3555940,21664390,0,0,0,8416000,4188439,10344043,1956720,0,202112.0
156,A15722204,0,0,0,0,0,0,14775320,0,0,0,202112.0
157,A15785612,-1590,31776000,0,0,0,10229950,3182220,0,0,0,202112.0
158,A15722102,0,0,0,0,0,0,2593190,7744580,178970,3238630,202112.0
159,A15785605,1400290,8073680,0,0,0,5216400,1872500,0,0,0,202112.0
160,A15778101,9190930,45546000,0,0,-12300,18486900,9567541,21278500,0,4058100,202112.0
161,A15785601,0,16445660,0,0,0,3300500,2819840,5973450,839270,0,202112.0
162,A15722307,771080,22780010,-1477800,1477800,-15200,6239600,2705690,0,1577820,0,202112.0
163,A15722011,,,,,,,,,,,202112.0
164,A15722003,0,0,0,0,0,0,4396380,14246660,0,0,202112.0
165,A15773501,0,0,0,0,0,0,664098,11409500,0,0,202112.0
166,A15722007,0,0,0,0,0,0,1452550,7045610,0,0,202112.0
167,A15785710,9093720,54006680,0,0,0,25168080,10249680,31699150,440820,7867680,202112.0
168,A10025641,,,,,,,,,,,202112.0
169,A15722104,0,0,11780,0,0,0,112146,8925200,234080,0,202112.0
170,A15722008,,,,,,,,,,,202112.0
171,A15722306,0,0,74280,0,0,0,11846460,0,2908080,0,202112.0
172,A10023292,,,,,,,,,,,202112.0
173,A15722001,0,0,23510,0,0,0,1915110,5317860,111540,0,202112.0
174,A10024505,23740590,0,0,0,0,0,23151480,0,6467250,0,202112.0
