,kaptCode,heatC,heatP,gasC,gasP,waterHotC,waterHotP,electC,electP,waterCoolC,waterCoolP,Date
0,A15786116,0,0,750,0,0,0,-485940,21370350,0,10351510,202108.0
1,A15704015,0,0,0,0,0,0,6259500,24068680,561490,11519620,202108.0
2,A15786118,0,0,0,0,0,0,4851074,20407680,422160,7265850,202108.0
3,A15786426,0,0,0,0,0,0,1037640,41141480,141930,0,202108.0
4,A15704025,0,0,0,0,0,0,0,28240310,0,0,202108.0
5,A15776001,0,0,0,0,0,0,2071493,20661550,0,4010440,202108.0
6,A15786321,0,0,0,0,0,0,-2672600,30746290,63000,0,202108.0
7,A15786314,0,0,0,0,0,0,4914820,12354740,0,5099160,202108.0
8,A15704006,1960,0,0,0,0,0,1885280,0,0,0,202108.0
9,A15786222,0,0,0,0,0,0,0,17998460,0,6328020,202108.0
10,A15786420,0,0,2990,0,0,0,3039500,19886160,194880,0,202108.0
11,A15786111,0,0,0,0,0,0,21169340,8475960,0,9589560,202108.0
12,A15786405,0,0,600,0,0,0,1610081,11976040,150660,0,202108.0
13,A15786424,0,0,2580,0,0,0,4135605,27135730,-55820,8447260,202108.0
14,A15786104,0,0,0,0,0,0,-667864,11888550,810,5484580,202108.0
15,A15786510,0,0,0,0,0,0,327250,18458270,0,0,202108.0
16,A15704028,7770,0,0,0,0,0,4937010,57347850,0,0,202108.0
17,A15704009,0,0,5740,0,0,0,2493780,0,0,0,202108.0
18,A15786312,0,0,0,0,0,0,0,19106010,0,4382710,202108.0
19,A15704007,0,0,0,0,0,0,2649680,0,4588930,0,202108.0
20,A15704023,0,0,0,0,0,0,746120,39284770,178500,9113760,202108.0
21,A15704017,0,0,0,0,0,0,24035644,0,0,0,202108.0
22,A15786227,0,0,3530,0,0,0,7621140,30822840,0,18956350,202108.0
23,A15704003,0,0,1170,0,0,0,1966590,16265020,-470,3479260,202108.0
24,A15704002,0,0,0,0,0,0,232770,15504450,0,3716710,202108.0
25,A15704001,0,0,0,0,0,0,16290050,0,5954160,0,202108.0
26,A15786213,0,0,0,0,0,0,-1035410,19363430,0,5278200,202108.0
27,A15786408,0,0,1500,0,0,0,-1092090,22035550,0,4736950,202108.0
28,A15776003,,,,,,,,,,,202108.0
29,A15776004,,,,,,,,,,,202108.0
30,A15785919,0,0,0,462480,0,0,-2594906,18585850,0,0,202108.0
31,A10025600,0,0,0,0,0,0,34440820,0,0,8056210,202108.0
32,A10027541,0,0,0,0,0,0,2454014,19569090,671675,5415260,202108.0
33,A10025049,,,,,,,,,,,202108.0
34,A15783907,0,0,0,0,0,0,6065203,11875580,-13385150,13385150,202108.0
35,A15783703,0,0,0,0,0,0,1624810,23787760,0,9489880,202108.0
36,A15703004,4767660,0,0,0,-1899800,1899800,9049572,47358910,-1630,14758100,202108.0
37,A15703304,901240,0,0,0,890750,2011330,2372820,0,54290,0,202108.0
38,A15703303,193670,0,0,0,0,1696700,184810,0,204680,0,202108.0
39,A15703301,870490,76450,0,0,0,1620500,2023490,0,949960,0,202108.0
40,A15784008,1411100,0,0,0,-240,1947890,8305971,25102660,-590,7540870,202108.0
41,A15772902,0,0,0,0,0,0,1346340,0,0,0,202108.0
42,A15703302,5197024,0,0,0,-2878500,2878500,3888067,53232770,2226900,8577160,202108.0
43,A15772901,0,0,0,0,0,0,1492230,0,3245,0,202108.0
44,A15703002,0,0,0,0,0,0,3118940,20053670,211480,4450910,202108.0
45,A15703005,0,0,0,0,0,0,2093210,18453970,0,3776200,202108.0
46,A15703309,6040330,0,0,0,-3284000,3284000,1836230,42655000,764580,17778200,202108.0
47,A15703307,5458900,0,0,0,-2066529,2066529,9384639,57986945,197980,14963720,202108.0
48,A15776916,0,49290,0,0,0,7050000,3601690,0,0,0,202108.0
49,A15703001,0,0,0,0,0,0,1972750,12777710,0,6692320,202108.0
50,A15784402,0,0,-401620,401620,0,0,1475470,0,0,0,202108.0
51,A15776414,0,0,0,0,0,13237000,4060300,0,0,0,202108.0
52,A15703308,2543591,0,0,0,0,5523200,1134720,41755370,143062,13541970,202108.0
53,A15783806,2988610,0,0,0,0,0,26751580,0,6263610,0,202108.0
54,A15776617,0,0,0,0,0,3986200,1895159,0,0,0,202108.0
55,A15783905,0,0,750,0,0,0,2156160,14753360,137860,0,202108.0
56,A15703318,0,0,0,0,0,5083700,482710,22066420,0,6906940,202108.0
57,A15703204,0,0,0,0,0,0,-13256220,135547490,0,40296920,202108.0
58,A15703313,0,0,0,0,0,6891000,5814340,0,0,0,202108.0
59,A15783902,0,0,0,0,0,0,0,14412880,0,0,202108.0
60,A15776715,0,0,0,0,0,6771600,3425200,0,0,0,202108.0
61,A15783701,5470,0,0,0,-360040,360040,464560,13851219,6167340,0,202108.0
62,A15784003,0,0,0,0,0,0,2433130,9560080,7366520,0,202108.0
63,A15703306,1373890,0,0,0,-620,2789910,2797730,0,-800,9622350,202108.0
64,A15784201,0,0,0,0,0,0,3392860,9889340,0,0,202108.0
65,A10025703,,,,,,,,,,,202108.0
66,A10023543,,,,,,,,,,,202108.0
67,A15701004,0,0,0,0,0,0,477470,16421530,0,0,202108.0
68,A15701601,0,0,0,0,0,0,-1380510,19347460,0,4420690,202108.0
69,A15788302,0,0,0,0,0,0,4143657,27489710,228580,8329850,202108.0
70,A15788901,0,0,0,0,0,0,2996730,12592590,0,0,202108.0
71,A15792602,10909479,0,0,5166000,-23919,13842990,0,173572720,5273600,40414570,202108.0
72,A15701602,0,0,0,0,0,0,85435422,0,0,0,202108.0
73,A15770801,1756850,0,0,0,460,2409870,2803781,27057440,430,10165430,202108.0
74,A15701002,0,0,0,0,0,0,2965730,10953920,-34740,8773980,202108.0
75,A15701003,9888510,0,0,0,-1500,20836020,36049557,231717850,7175690,47385520,202108.0
76,A15788203,0,0,0,0,0,0,416854,15471490,85140,0,202108.0
77,A15770101,0,0,0,0,0,0,2739320,11084620,0,0,202108.0
78,A15701007,13762270,0,0,0,0,11669050,39553620,242008500,1406370,50846380,202108.0
79,A10025201,,,,,,,,,,,202108.0
80,A15701006,,,,,,,,,,,202108.0
81,A10023515,,,,,,,,,,,202108.0
82,A10024145,,,,,,,,,,,202108.0
83,A15780604,3821170,0,0,0,1220,4449310,7397232,52955050,0,0,202108.0
84,A15780605,3085456,0,0,0,-2061821,7750585,18763030,30976960,95000,0,202108.0
85,A15780905,0,0,0,0,0,0,5289260,0,0,0,202108.0
86,A15780002,1584880,0,0,0,80190,1413600,793580,20980680,0,9471220,202108.0
87,A15781002,4100710,0,0,0,0,0,4181230,0,0,0,202108.0
88,A15780701,1479580,0,0,0,0,0,12563076,0,3335840,0,202108.0
89,A15780806,70270,0,0,0,9812880,0,4940940,0,0,0,202108.0
90,A15780705,7606010,0,0,0,0,0,5242750,0,0,0,202108.0
91,A15720101,0,0,0,0,0,0,107823,8406400,-370,7495350,202108.0
92,A15780703,3242090,0,0,0,0,2716280,12181920,48708620,0,1849780,202108.0
93,A15774708,0,0,0,0,0,10815000,6707142,0,0,0,202108.0
94,A15780401,2907180,0,0,0,0,2958450,10977780,32840700,190,11634790,202108.0
95,A15780904,164920,164560,0,0,0,6779700,1803460,0,883320,0,202108.0
96,A15780602,0,0,1350,0,0,0,5817350,19796100,54030,7269600,202108.0
97,A15780603,3981970,0,0,0,0,3408840,-3559280,53358020,2415080,0,202108.0
98,A15780704,3434247,763200,0,0,0,3641000,2905730,31479700,4712830,15371210,202108.0
99,A15720001,0,0,0,0,0,0,11087181,69209220,0,14989720,202108.0
100,A15781003,2077570,0,0,0,0,5330000,2864380,61540,0,5880,202108.0
101,A10025616,,,,,,,,,,,202108.0
102,A10024367,,,,,,,,,,,202108.0
103,A10024792,,,,,,,,,,,202108.0
104,A15721001,0,0,4500,0,0,0,2342150,13501250,-449390,2458280,202108.0
105,A15721003,4870,0,0,0,0,0,1679040,0,0,0,202108.0
106,A15721005,0,0,-429000,429000,0,0,1744350,33886660,100,10480310,202108.0
107,A15722010,3909740,0,0,0,-2189700,2189700,987970,30629900,144150,8695200,202108.0
108,A15721006,631573,4285310,0,0,0,8756330,17047556,143804430,1769760,29153110,202108.0
109,A15728011,2522350,67960,0,0,0,7038510,15285950,98529736,617940,21270780,202108.0
110,A15721007,4872480,0,0,0,0,4792740,19059093,109841905,1414160,17616560,202108.0
111,A15721004,0,0,0,0,0,0,-1099940,22213910,79710,10604150,202108.0
112,A15721010,10376730,0,1280,0,-6531650,6467780,7398070,84372560,11870,19589030,202108.0
113,A15721009,0,0,0,0,0,0,5009520,0,0,0,202108.0
114,A15721008,867260,0,0,0,11230,1676160,-1151026,42121410,69460,4110500,202108.0
115,A15722009,487960,0,-370060,360510,-370410,1892100,6674290,6933010,199900,3746600,202108.0
116,A10027433,1063500,1063710,0,952190,0,2825420,3736570,49508610,0,9279430,202108.0
117,A10027452,271330,0,0,0,50950,2768950,2383760,23087800,658460,8620510,202108.0
118,A10027403,180978,21890,0,0,0,1639830,6231840,16980280,410030,6493500,202108.0
119,A10026879,6060990,0,0,0,0,5120700,8044765,93972480,790180,20056150,202108.0
120,A10027687,2761450,0,0,0,2132880,0,10703476,44544710,-522510,11479360,202108.0
121,A10027371,582850,0,0,0,0,1477250,1583608,15385700,97020,6020930,202108.0
122,A10024426,9969800,0,0,0,-5750920,5729300,20668223,59906280,777530,23756410,202108.0
123,A15721011,852050,0,0,0,0,1205920,1553030,15634080,-5480,5663760,202108.0
124,A15728002,161390,200,0,0,0,1228420,6139120,22425420,32040,7054640,202108.0
125,A15728006,2008250,2220,0,0,73250,4099960,5357550,39921320,1462740,17072060,202108.0
126,A15728009,5130,0,0,0,0,0,-278973,137999550,-88600,85508850,202108.0
127,A15728005,1039630,0,0,0,0,2974530,6691987,46381596,0,10903140,202108.0
128,A15728010,0,0,0,0,0,0,1101411,12776450,40,7031610,202108.0
129,A15728007,0,0,0,0,16110,4359260,3698900,34426430,425000,15372970,202108.0
130,A15728003,2159690,0,0,0,0,3019100,5566350,29183390,112070,11180100,202108.0
131,A15782501,0,0,0,0,0,0,1521380,9165130,277640,6094820,202108.0
132,A15728013,,,,,,,,,,,202108.0
133,A15728008,2337730,20700,0,0,0,9252900,10226090,45983920,1389730,21212150,202108.0
134,A15728004,1392550,98900,0,0,11600,3502140,7611050,40920310,29900,13104880,202108.0
135,A15779704,0,0,0,0,0,0,3706360,11287290,0,5389070,202108.0
136,A10028020,,,,,,,,,,,202108.0
137,A15781201,0,0,0,0,0,0,3857470,21175340,479210,7570920,202108.0
138,A15722005,0,0,0,0,0,0,4254490,20245530,12330,5720230,202108.0
139,A15784601,0,0,0,0,0,0,3337280,12676260,85930,4675160,202108.0
140,A15722106,0,0,0,0,0,0,2040705,12614060,0,0,202108.0
141,A15722314,2369600,539880,0,0,3219840,3219840,4887600,0,0,0,202108.0
142,A15785711,5170760,12750,0,0,-2943540,2930580,1863640,0,840100,6555200,202108.0
143,A15785709,2853510,0,0,0,-1770450,1770450,2623370,0,65530,6741120,202108.0
144,A15785703,0,0,0,0,0,0,2150711,7872990,-320,4469460,202108.0
145,A15722304,0,0,0,0,0,0,856970,14270060,0,0,202108.0
146,A15777501,2149240,0,0,0,0,2800070,3432990,0,673595,2235350,202108.0
147,A15722108,0,0,0,0,0,0,9838140,34503220,-310,7634020,202108.0
148,A15722201,0,0,0,0,0,0,3043350,10138490,15075,7227405,202108.0
149,A15785608,2454060,47880,0,0,0,1734000,5662760,35043780,275480,10136490,202108.0
150,A15785002,0,0,0,0,0,0,761951,13722530,0,3653180,202108.0
151,A15785005,895770,301160,0,0,0,1710800,3002950,0,899310,0,202108.0
152,A15722004,0,0,0,0,0,0,26152612,25689490,6236460,6236460,202108.0
153,A15722203,0,0,0,0,0,0,14381694,0,7392500,0,202108.0
154,A15785613,2567550,0,0,0,0,3462360,2022726,29144280,3855750,0,202108.0
155,A15785507,1148680,0,0,0,580,1436230,5009734,18935000,910470,0,202108.0
156,A15722204,0,0,0,0,0,0,14754160,0,0,0,202108.0
157,A15785612,0,0,0,0,-840,3806440,2043180,0,0,0,202108.0
158,A15722102,0,0,0,0,0,0,2168140,7573320,506330,3304390,202108.0
159,A15785605,7500,0,0,0,0,1267920,1130000,0,0,0,202108.0
160,A15778101,2536170,0,0,0,0,3016300,3905130,23675380,0,1089760,202108.0
161,A15785601,0,0,0,0,0,1582000,2333210,9623820,402280,0,202108.0
162,A15722307,814250,0,-1286100,1286100,-400,1311230,2236070,0,1386580,0,202108.0
163,A15722011,,,,,,,,,,,202108.0
164,A15722003,0,0,0,0,0,0,3087610,14973300,0,0,202108.0
165,A15773501,0,0,0,0,0,0,-1016532,12990650,0,0,202108.0
166,A15722007,0,0,0,0,0,0,812920,12901690,0,0,202108.0
167,A15785710,3627840,0,0,0,0,3168800,5394850,43667640,544980,8837040,202108.0
168,A10025641,,,,,,,,,,,202108.0
169,A15722104,0,0,0,0,0,0,0,9312410,135850,0,202108.0
170,A15722008,,,,,,,,,,,202108.0
171,A15722306,0,0,113200,0,0,0,12523920,0,2961400,0,202108.0
172,A10023292,,,,,,,,,,,202108.0
173,A15722001,0,0,0,0,0,0,2534790,10844390,147900,0,202108.0
174,A10024505,3093940,0,0,0,-1874300,1874300,23851060,10620180,1945410,4586960,202108.0
