,kaptCode,heatC,heatP,gasC,gasP,waterHotC,waterHotP,electC,electP,waterCoolC,waterCoolP,Date
0,A15786116,0,0,84330,0,0,0,951160,9744850,10226720,0,202106.0
1,A15704015,0,0,60170,0,0,0,5378970,11590350,11380,10671510,202106.0
2,A15786118,0,0,0,0,0,0,2632059,10061490,453690,5890340,202106.0
3,A15786426,0,0,0,0,0,0,790532,19323670,413340,0,202106.0
4,A15704025,0,0,0,0,0,0,1492206,19020340,0,0,202106.0
5,A15776001,0,0,0,0,0,0,796679,9165590,0,3723750,202106.0
6,A15786321,0,0,0,0,0,0,380260,13036960,126000,0,202106.0
7,A15786314,0,0,0,0,0,0,3255840,8144530,0,5249520,202106.0
8,A15704006,5880,0,0,0,0,0,1663840,0,0,0,202106.0
9,A15786222,0,0,0,0,0,0,791013,12466240,0,6078460,202106.0
10,A15786420,0,0,14250,0,0,0,2669230,9854990,191400,0,202106.0
11,A15786111,0,0,0,0,0,0,2287660,8582600,-9060750,9060750,202106.0
12,A15786405,0,0,7690,0,0,0,1424076,5478450,0,0,202106.0
13,A15786424,0,0,5370,0,0,0,4895624,18366420,-790600,7866990,202106.0
14,A15786104,0,0,0,0,0,0,197526,5569460,10,5802520,202106.0
15,A15786510,0,0,0,0,0,0,350460,7989110,0,0,202106.0
16,A15704028,70130,0,0,0,0,0,3721530,25883510,0,0,202106.0
17,A15704009,0,0,13750,0,0,0,2028050,0,0,0,202106.0
18,A15786312,0,0,0,0,0,0,591870,8632480,0,4247080,202106.0
19,A15704007,0,0,0,0,0,0,2236830,0,4355530,0,202106.0
20,A15704023,0,0,0,0,0,0,958670,17134200,127420,8167350,202106.0
21,A15704017,550,0,0,0,0,0,11891220,0,0,0,202106.0
22,A15786227,0,0,87820,0,0,0,4913820,15215180,0,18594610,202106.0
23,A15704003,0,0,2620,0,0,0,1850330,7195120,-430,3501520,202106.0
24,A15704002,0,0,0,0,0,0,264080,7467620,0,3701290,202106.0
25,A15704001,0,0,0,0,0,0,1130820,0,211730,0,202106.0
26,A15786213,0,0,0,0,0,0,312310,9292050,0,4890900,202106.0
27,A15786408,0,0,0,0,0,0,120330,9747700,0,4322680,202106.0
28,A15776003,,,,,,,,,,,202106.0
29,A15776004,,,,,,,,,,,202106.0
30,A15785919,0,0,0,0,0,0,12620102,0,0,0,202106.0
31,A10025600,0,0,0,0,0,0,30074220,0,0,7675410,202106.0
32,A10027541,0,0,0,0,0,0,2043833,8688900,1096220,5208330,202106.0
33,A10025049,,,,,,,,,,,202106.0
34,A15783907,0,0,0,0,0,0,9519328,25438480,11960880,11960880,202106.0
35,A15783703,0,0,0,0,0,0,1853730,9889050,0,8898270,202106.0
36,A15703004,8132130,403060,0,0,-4886890,4886890,3730091,26148750,-650,13772420,202106.0
37,A15703304,901240,0,0,0,1180950,3196670,1739260,0,38550,0,202106.0
38,A15703303,416030,1904660,0,0,0,3668760,1997910,18256610,745910,10000300,202106.0
39,A15703301,870490,122720,0,0,0,2583000,1647320,0,934200,0,202106.0
40,A15784008,1411100,0,0,0,40,3304810,5564170,11433740,-400,6840740,202106.0
41,A15772902,0,0,0,0,0,0,1399090,0,0,0,202106.0
42,A15703302,7275034,0,0,0,-4956510,4956510,3169969,21476190,1909380,7872630,202106.0
43,A15772901,0,0,0,0,0,0,801360,0,0,0,202106.0
44,A15703002,0,0,0,0,0,0,2750960,8047220,126790,4283900,202106.0
45,A15703005,0,0,0,0,0,0,1310570,8369890,0,4025870,202106.0
46,A15703309,9694510,232320,0,0,-6864100,6864100,1277760,24357930,246820,16157860,202106.0
47,A15703307,8243790,0,0,0,-4464000,4464000,5845954,24237000,0,13979500,202106.0
48,A15776916,0,935410,0,0,0,12567000,3287130,0,0,0,202106.0
49,A15703001,0,0,0,0,0,0,1613360,6179650,0,6710610,202106.0
50,A15784402,0,0,-405500,405500,0,0,1177370,0,0,0,202106.0
51,A15776414,0,238690,0,0,0,14717500,4193300,0,0,0,202106.0
52,A15703308,2543591,0,0,0,-1,11056500,3487780,21026930,447800,11885300,202106.0
53,A15783806,4002050,141050,0,0,-3023760,3023760,4103440,9616590,1599830,4455600,202106.0
54,A15776617,0,0,0,0,0,6494200,1977599,0,0,0,202106.0
55,A15783905,0,0,0,0,0,0,1999540,6345130,135420,0,202106.0
56,A15703318,0,0,0,0,0,6848100,636750,10883940,0,6512910,202106.0
57,A15703204,0,0,0,0,0,0,5977960,95213450,0,38263340,202106.0
58,A15703313,0,472280,0,0,0,11829000,4682490,0,0,0,202106.0
59,A15783902,0,0,3130,0,0,0,398511,6816000,0,0,202106.0
60,A15776715,0,499930,0,0,0,9986400,2718840,0,0,0,202106.0
61,A15783701,37880,0,0,0,-284010,284010,806577,6345610,5195270,0,202106.0
62,A15784003,0,0,0,0,0,0,1919390,4653610,6676910,0,202106.0
63,A15703306,1373890,75600,0,0,-900,4380240,2412350,0,390,8764110,202106.0
64,A15784201,0,0,0,0,0,0,1916530,4802040,78585,0,202106.0
65,A10025703,,,,,,,,,,,202106.0
66,A10023543,,,,,,,,,,,202106.0
67,A15701004,0,0,0,0,0,0,958240,8467990,0,0,202106.0
68,A15701601,0,0,0,0,0,0,-348590,9954480,0,4359450,202106.0
69,A15788302,0,0,1450,0,0,0,3178812,14454200,288930,7891780,202106.0
70,A15788901,0,0,0,0,0,0,2058060,7547030,0,0,202106.0
71,A15792602,10909479,1008000,0,9323720,-2879,24031560,7653043,114452890,9474040,34477830,202106.0
72,A15701602,0,0,0,0,0,0,60567508,118589650,0,51390440,202106.0
73,A15770801,1757820,0,0,0,-360,4732900,3924162,14972240,940,9129150,202106.0
74,A15701002,0,0,0,0,0,0,2114989,7980670,-34020,8507970,202106.0
75,A15701003,9888510,0,0,0,1870,34274520,32311643,115177160,6336390,46282600,202106.0
76,A15788203,0,0,0,0,0,0,2020276,10947260,304440,0,202106.0
77,A15770101,0,0,0,0,0,0,1158790,6877950,0,0,202106.0
78,A15701007,13762270,362300,0,0,0,24322740,39509040,158289510,826970,47838610,202106.0
79,A10025201,,,,,,,,,,,202106.0
80,A15701006,,,,,,,,,,,202106.0
81,A10023515,,,,,,,,,,,202106.0
82,A10024145,,,,,,,,,,,202106.0
83,A15780604,4230972,0,0,0,-72,8196100,6875899,37901830,0,0,202106.0
84,A15780605,3085470,0,0,0,9844040,0,28356080,0,80000,0,202106.0
85,A15780905,1041314,0,0,0,0,0,8512700,0,0,0,202106.0
86,A15780002,1584880,0,0,0,102250,3414110,735200,15485330,0,8477110,202106.0
87,A15781002,7853450,0,0,0,0,0,7567910,0,0,0,202106.0
88,A15780701,2189020,0,0,0,-1078200,1078200,2552081,7551150,-10,3195690,202106.0
89,A15780806,2328130,0,0,0,19493100,0,5388870,0,0,0,202106.0
90,A15780705,14790020,0,0,0,0,0,6215940,0,0,0,202106.0
91,A15720101,0,0,0,0,0,0,413480,6491900,460,7016050,202106.0
92,A15780703,3224790,0,0,0,0,4773780,6569430,20858420,0,2584330,202106.0
93,A15774708,0,0,0,0,0,18571000,6563442,0,0,0,202106.0
94,A15780401,3143220,0,0,0,0,4626000,8106410,15719100,-960,11232070,202106.0
95,A15780904,954220,2138790,0,0,0,9543040,2233470,0,935600,0,202106.0
96,A15780602,0,0,550,0,0,0,2620850,11006670,463110,6681570,202106.0
97,A15780603,5788120,0,0,0,0,8490000,-464310,32751110,5495270,0,202106.0
98,A15780704,3856387,753300,0,0,0,7801500,3204274,21856120,4478053,13473570,202106.0
99,A15720001,0,0,0,0,0,0,10408307,47274510,0,14059070,202106.0
100,A15781003,2262250,414500,0,0,0,8480000,3934440,36410,0,5380,202106.0
101,A10025616,,,,,,,,,,,202106.0
102,A10024367,,,,,,,,,,,202106.0
103,A10024792,,,,,,,,,,,202106.0
104,A15721001,0,0,12090,0,0,0,1779630,6135720,-509680,2280180,202106.0
105,A15721003,37330,0,0,0,0,0,1468880,0,0,0,202106.0
106,A15721005,0,0,-429000,429000,0,0,6093990,16625390,20,9944130,202106.0
107,A15722010,6135230,21860,0,0,-4357000,4357000,1145790,19522560,117830,7279510,202106.0
108,A15721006,739683,4510040,0,0,0,15766260,10715305,63708917,1701710,26384310,202106.0
109,A15728011,2606470,223040,0,0,0,12378300,10600320,44901320,0,19930330,202106.0
110,A15721007,4917690,0,0,0,0,9202020,12056290,49018950,1569730,16609960,202106.0
111,A15721004,0,0,0,0,0,0,-104495,0,-554520,0,202106.0
112,A15721010,16959870,182740,640,0,-9598850,9539490,5577160,54120270,251530,18923710,202106.0
113,A15721009,456770,0,0,0,0,0,2948380,0,0,0,202106.0
114,A15721008,893140,0,0,0,23390,2972630,91930,16686430,402040,3745230,202106.0
115,A15722009,887961,0,-220210,211170,516849,1811290,-9116500,21223810,-287420,3768590,202106.0
116,A10027433,1063500,1097120,0,929190,0,5312750,1637590,21276990,0,8702500,202106.0
117,A10027452,271330,50380,0,0,65370,6058150,3859420,15748110,639240,9598360,202106.0
118,A10027403,368468,55090,0,0,0,3469720,4034140,11591990,1299550,6537120,202106.0
119,A10026879,6438640,128990,0,0,0,10035520,5216276,54621530,539610,19413110,202106.0
120,A10027687,2969010,94130,0,0,3980090,0,11256965,28144010,-210460,10546200,202106.0
121,A10027371,753770,9500,0,0,0,2989190,2235688,10385880,98550,5700160,202106.0
122,A10024426,16924983,721477,0,0,-12446720,12381600,17620732,47866160,165760,19867500,202106.0
123,A15721011,924370,48010,0,0,0,2770950,1312130,13602770,-1710,4979150,202106.0
124,A15728002,238710,37000,0,0,0,2829450,3841600,11071610,81730,6579070,202106.0
125,A15728006,2008910,71760,0,0,111170,8844370,7310220,26827330,1395360,16352900,202106.0
126,A15728009,21780,0,0,0,0,0,2352534,104387850,-4392930,86692540,202106.0
127,A15728005,1161170,712800,0,0,0,6996900,6441948,21746130,1266900,9153290,202106.0
128,A15728010,0,0,0,0,0,0,1220920,6524140,-40,6478640,202106.0
129,A15728007,7410,50750,0,0,19730,9327700,5480560,22864200,160280,14652850,202106.0
130,A15728003,2490800,0,0,0,0,5310510,5440770,20102420,156030,10841340,202106.0
131,A15782501,0,0,0,0,0,0,1233620,6704340,33930,5589060,202106.0
132,A15728013,,,,,,,,,,,202106.0
133,A15728008,2895840,156000,0,0,0,15198300,8101670,31723300,1228520,20187220,202106.0
134,A15728004,1485880,337250,0,0,16000,6476640,4946190,19094270,41380,12107510,202106.0
135,A15779704,0,0,21980,0,0,0,3077880,8593860,0,3652290,202106.0
136,A10028020,,,,,,,,,,,202106.0
137,A15781201,0,0,0,0,0,0,3727160,10462680,343210,7424700,202106.0
138,A15722005,0,0,0,0,0,0,3604890,9460640,18130,5744860,202106.0
139,A15784601,0,0,0,0,0,0,1947270,5513120,98790,4600820,202106.0
140,A15722106,0,0,0,0,0,0,3323501,10234540,0,0,202106.0
141,A15722314,4242800,2414300,0,0,6936000,6936000,4998510,0,0,0,202106.0
142,A15785711,7432890,275520,0,0,-4762800,4740960,3335940,0,1718350,5957220,202106.0
143,A15785709,4135790,0,0,0,-3040200,3040200,2429880,0,31100,6301560,202106.0
144,A15785703,0,0,0,0,0,0,1845937,6330220,320,4376550,202106.0
145,A15722304,0,0,0,0,0,0,648620,7886340,0,0,202106.0
146,A15777501,2132530,0,0,0,0,5147800,3776370,0,753250,3382840,202106.0
147,A15722108,0,0,0,0,0,0,6079560,14539240,340,7735980,202106.0
148,A15722201,0,0,0,0,0,0,2520340,5015290,6362630,0,202106.0
149,A15785608,2692480,532100,0,0,0,3078000,4017790,16726490,708730,8980470,202106.0
150,A15785002,0,0,0,0,0,0,1135625,6757590,-127490,3442290,202106.0
151,A15785005,1791460,534660,0,0,0,4587200,3448960,0,995020,0,202106.0
152,A15722004,0,0,0,0,0,0,15535813,15118030,6164680,6164680,202106.0
153,A15722203,0,0,0,0,0,0,8685144,0,6698800,0,202106.0
154,A15785613,2737530,0,0,0,0,6689770,2497358,20054330,5890830,0,202106.0
155,A15785507,1148680,0,0,0,490,2670130,4168100,8754350,1520550,0,202106.0
156,A15722204,0,0,0,0,0,0,12329800,0,0,0,202106.0
157,A15785612,8040,2919100,0,0,0,6438600,2338550,0,0,0,202106.0
158,A15722102,0,0,0,0,0,0,2144580,6092520,254290,3367550,202106.0
159,A15785605,755000,130480,0,0,0,2067520,482500,0,0,0,202106.0
160,A15778101,2615880,0,0,0,0,5263200,4797403,18104920,0,1836000,202106.0
161,A15785601,0,128940,0,0,0,2460500,2092130,5272230,625670,0,202106.0
162,A15722307,814250,0,-1555840,1555840,260,2398970,2199140,0,1655990,0,202106.0
163,A15722011,,,,,,,,,,,202106.0
164,A15722003,0,0,0,0,0,0,3230030,11202710,0,0,202106.0
165,A15773501,0,0,0,0,0,0,-68917,9916460,0,0,202106.0
166,A15722007,0,0,0,0,0,0,1383590,6351310,0,0,202106.0
167,A15785710,4341770,460990,0,0,0,5549900,7142900,29320770,48790,8030240,202106.0
168,A10025641,,,,,,,,,,,202106.0
169,A15722104,0,0,64690,0,0,0,560506,6942450,64790,0,202106.0
170,A15722008,,,,,,,,,,,202106.0
171,A15722306,0,0,0,0,336210,0,9681550,0,2777790,0,202106.0
172,A10023292,,,,,,,,,,,202106.0
173,A15722001,0,0,2100,0,0,0,2073370,4703940,69700,0,202106.0
174,A10024505,1142470,0,0,0,0,1906410,3792610,7537950,342580,3775340,202106.0
