,kaptCode,heatC,heatP,gasC,gasP,waterHotC,waterHotP,electC,electP,waterCoolC,waterCoolP,Date
0,A15786116,0,0,38020,0,0,0,394700,11364530,0,0,202107.0
1,A15704015,0,0,15910,0,0,0,6196220,11183630,0,0,202107.0
2,A15786118,0,0,0,0,0,0,2758021,11098840,294720,6272540,202107.0
3,A15786426,0,0,0,0,0,0,784713,21298090,413340,0,202107.0
4,A15704025,0,0,0,0,0,0,1524989,37406010,91370,16785990,202107.0
5,A15776001,0,0,0,0,0,0,1669442,9789870,0,3823290,202107.0
6,A15786321,0,0,0,0,0,0,372870,14456190,0,0,202107.0
7,A15786314,0,0,0,0,0,0,840151,13656300,0,4334180,202107.0
8,A15704006,1960,0,0,0,0,0,1836120,0,0,0,202107.0
9,A15786222,0,0,0,0,0,0,0,23366030,0,6566860,202107.0
10,A15786420,0,0,8880,0,0,0,3158690,9897990,0,0,202107.0
11,A15786111,0,0,0,0,0,0,-4841290,16292140,9060750,0,202107.0
12,A15786405,0,0,570,0,0,0,999094,6151950,0,0,202107.0
13,A15786424,0,0,2430,0,0,0,6283064,34932970,-771040,8422500,202107.0
14,A15786104,0,0,0,0,0,0,20066,6129740,0,0,202107.0
15,A15786510,0,0,0,0,0,0,338910,9428790,-990,7665750,202107.0
16,A15704028,38620,0,0,0,0,0,4224640,27599280,0,0,202107.0
17,A15704009,0,0,9070,0,0,0,2407270,0,0,0,202107.0
18,A15786312,0,0,0,0,0,0,-85510,9761080,0,4266760,202107.0
19,A15704007,0,0,0,0,0,0,2077780,0,4520870,0,202107.0
20,A15704023,0,0,0,0,0,0,875000,18606630,178140,9114120,202107.0
21,A15704017,0,0,0,0,0,0,13038540,0,10752910,0,202107.0
22,A15786227,0,0,17730,0,0,0,5188190,15880830,0,0,202107.0
23,A15704003,0,0,2550,0,0,0,2259710,7666910,0,3783350,202107.0
24,A15704002,0,0,0,0,0,0,234140,7578970,0,3795080,202107.0
25,A15704001,0,0,0,0,0,0,1125240,0,0,0,202107.0
26,A15786213,0,0,0,0,0,0,-81480,10333880,0,4831380,202107.0
27,A15786408,0,0,0,0,0,0,123760,11161810,0,4421370,202107.0
28,A15776003,,,,,,,,,,,202107.0
29,A15776004,,,,,,,,,,,202107.0
30,A15785919,0,0,0,494500,0,0,23498602,23417620,0,0,202107.0
31,A10025600,0,0,0,0,0,0,48986070,0,249270,8106220,202107.0
32,A10027541,0,0,0,0,0,0,2423088,10215190,0,0,202107.0
33,A10025049,,,,,,,,,,,202107.0
34,A15783907,0,0,0,0,0,0,30025780,0,11960880,0,202107.0
35,A15783703,0,0,0,0,0,0,1619780,10442860,0,0,202107.0
36,A15703004,5493110,6020,0,0,-2552300,2552300,1860042,29299040,-1120,14674190,202107.0
37,A15703304,901240,0,0,0,1171260,2429950,2061740,0,0,0,202107.0
38,A15703303,253690,1904660,0,0,0,2240370,229750,20115450,200890,10489930,202107.0
39,A15703301,870490,18000,0,0,0,2044000,1895490,0,1200000,0,202107.0
40,A15784008,1411100,0,0,0,-1290,2424840,4783930,12215400,0,7104710,202107.0
41,A15772902,0,0,0,0,0,0,1282974,0,0,0,202107.0
42,A15703302,5762690,0,0,0,-3443730,3443730,3528240,23701760,658810,9225450,202107.0
43,A15772901,0,0,0,0,0,0,1554570,0,0,0,202107.0
44,A15703002,0,0,0,0,0,0,3026480,9238670,0,4242800,202107.0
45,A15703005,0,0,0,0,0,0,2082280,8217370,0,3788900,202107.0
46,A15703309,7525310,0,0,0,-4747760,4747760,1316320,26087830,883430,17111530,202107.0
47,A15703307,6208565,0,0,0,-2816295,2816295,3961272,26732550,0,15032410,202107.0
48,A15776916,0,22040,0,0,0,9216000,3470670,0,0,0,202107.0
49,A15703001,0,0,0,0,0,0,1469250,6310600,0,0,202107.0
50,A15784402,0,0,-471950,471950,0,0,1291160,0,0,0,202107.0
51,A15776414,0,0,0,0,0,10941000,4114710,0,1026260,0,202107.0
52,A15703308,2543591,0,0,0,0,7855600,2942580,23946470,566919,13596510,202107.0
53,A15783806,3486540,0,0,0,0,0,15219050,0,6178800,0,202107.0
54,A15776617,0,0,0,0,0,4495400,1710649,0,0,0,202107.0
55,A15783905,0,0,0,0,0,0,1791190,7000150,135420,0,202107.0
56,A15703318,0,0,0,0,0,5416380,468730,11070270,0,6646580,202107.0
57,A15703204,0,0,0,0,0,0,4643280,167027480,0,38501190,202107.0
58,A15703313,0,0,0,0,0,8769000,5264580,0,471060,0,202107.0
59,A15783902,0,0,570,0,0,0,0,7493880,0,6739840,202107.0
60,A15776715,0,0,0,0,0,8038800,3279190,0,0,0,202107.0
61,A15783701,8100,0,0,0,-289810,289810,853845,6441340,0,0,202107.0
62,A15784003,0,0,0,0,0,0,1825150,4755870,0,0,202107.0
63,A15703306,1373890,0,0,0,-1530,3328410,2578140,0,294480,9339220,202107.0
64,A15784201,0,0,0,0,0,0,2034790,4711200,78585,0,202107.0
65,A10025703,,,,,,,,,,,202107.0
66,A10023543,,,,,,,,,,,202107.0
67,A15701004,0,0,0,0,0,0,540410,10211210,-50,7616300,202107.0
68,A15701601,0,0,0,0,0,0,-1658440,12654080,0,4416300,202107.0
69,A15788302,0,0,0,0,0,0,3797839,17372420,321240,8835150,202107.0
70,A15788901,0,0,0,0,0,0,1438830,10783400,0,0,202107.0
71,A15792602,10909479,0,0,7647990,-479,17135370,39003270,177420510,8462030,39001760,202107.0
72,A15701602,0,0,0,0,0,0,114072525,0,50390020,0,202107.0
73,A15770801,1761930,0,0,0,920,2920560,2506879,17861330,2310,10273890,202107.0
74,A15701002,0,0,0,0,0,0,4118623,15204010,0,0,202107.0
75,A15701003,9888510,0,0,0,1220,25107680,35184982,145283670,6217670,47262610,202107.0
76,A15788203,0,0,0,0,0,0,1908117,18227440,304440,0,202107.0
77,A15770101,0,0,0,0,0,0,662590,10971310,379800,6770580,202107.0
78,A15701007,13762270,0,0,0,0,15075060,40759060,314803160,1647410,51983240,202107.0
79,A10025201,,,,,,,,,,,202107.0
80,A15701006,,,,,,,,,,,202107.0
81,A10023515,,,,,,,,,,,202107.0
82,A10024145,,,,,,,,,,,202107.0
83,A15780604,4122130,0,0,0,180,5718090,13488413,61809370,1120,6798230,202107.0
84,A15780605,3085470,0,0,0,6834430,0,33064450,0,4291020,0,202107.0
85,A15780905,828925,0,0,0,0,11057500,2782432,48469350,0,0,202107.0
86,A15780002,1584880,0,0,0,101550,2299970,808180,30182880,0,9055600,202107.0
87,A15781002,5117860,0,0,0,0,0,5785790,0,0,0,202107.0
88,A15780701,1695500,0,0,0,-680860,680860,2705335,14739300,-60,3493220,202107.0
89,A15780806,88040,0,0,0,12450000,0,4628310,0,0,0,202107.0
90,A15780705,8234520,0,0,0,0,0,6286420,0,0,0,202107.0
91,A15720101,0,0,0,0,0,0,110357,13225600,0,0,202107.0
92,A15780703,3242430,0,0,0,0,3390130,9063340,22501900,143280,2137790,202107.0
93,A15774708,0,0,0,0,0,14080500,7230352,0,1301970,0,202107.0
94,A15780401,2927290,0,0,0,0,3524400,6909920,17331150,30,10596470,202107.0
95,A15780904,348250,347510,0,0,0,7605300,2266110,0,1103230,0,202107.0
96,A15780602,0,0,1300,0,0,0,3303410,10695370,28720,6451980,202107.0
97,A15780603,4162010,0,0,0,0,4863600,-1936280,71088260,2647960,0,202107.0
98,A15780704,3535596,1105200,0,0,0,4173000,2602207,39381570,4940078,15547972,202107.0
99,A15720001,0,0,0,0,0,0,11519860,107018200,0,16610590,202107.0
100,A15781003,2148610,0,0,0,0,6295000,3098560,49210,0,4520,202107.0
101,A10025616,,,,,,,,,,,202107.0
102,A10024367,,,,,,,,,,,202107.0
103,A10024792,,,,,,,,,,,202107.0
104,A15721001,0,0,5760,0,0,0,1342440,6676280,47720,2304920,202107.0
105,A15721003,19720,0,0,0,0,0,1630120,0,210800,0,202107.0
106,A15721005,0,0,-429000,429000,0,0,3918910,17367110,0,0,202107.0
107,A15722010,4844060,0,0,0,-3063600,3063600,1102260,40363450,112260,8438220,202107.0
108,A15721006,748203,4366130,0,0,0,10848260,8303267,65656820,1546660,28763700,202107.0
109,A15728011,2538560,0,0,0,0,8255590,14582180,47093138,0,21677420,202107.0
110,A15721007,4884160,0,0,0,0,6401370,17405330,51593300,1241670,21222670,202107.0
111,A15721004,0,0,0,0,0,0,-410725,0,0,0,202107.0
112,A15721010,12308140,0,0,0,-7745020,7677330,3262970,111980450,102240,21921680,202107.0
113,A15721009,0,0,0,0,0,0,2229680,0,0,0,202107.0
114,A15721008,867260,0,0,0,15490,2160960,124340,18690450,525240,3839360,202107.0
115,A15722009,487960,0,0,0,1811290,0,24706190,0,3765680,0,202107.0
116,A10027433,1063500,1063710,0,1063150,0,3652120,2993890,23322040,0,9175800,202107.0
117,A10027452,271330,0,0,0,46820,3862850,5888060,33591880,741860,10717350,202107.0
118,A10027403,237748,48200,0,0,0,2243040,6849780,24161480,720290,6434680,202107.0
119,A10026879,5799580,0,0,0,0,6867000,6844782,127667090,514890,20774190,202107.0
120,A10027687,2816280,0,0,0,2709770,0,10858777,59106930,-324150,11691140,202107.0
121,A10027371,674820,0,0,0,0,1994600,3526809,20990010,98560,5874130,202107.0
122,A10024426,13287221,211489,0,0,-9059600,9025520,22649945,111192670,1445650,23040340,202107.0
123,A15721011,894430,0,0,0,0,1469880,-218090,32285530,-4070,5300590,202107.0
124,A15728002,107360,0,0,0,0,1805280,3591950,15692530,42400,7364620,202107.0
125,A15728006,2008390,9040,0,0,85620,5544070,11955540,55587230,1511530,17957770,202107.0
126,A15728009,12350,0,0,0,0,0,-9449086,201488350,0,0,202107.0
127,A15728005,1090600,0,0,0,0,3668970,6904161,32165484,1067900,10252360,202107.0
128,A15728010,0,0,0,0,0,0,974935,7907950,0,0,202107.0
129,A15728007,0,0,0,0,21750,5550020,1575280,46563420,145860,15763060,202107.0
130,A15728003,2025160,0,0,0,0,4095130,5881770,44716390,144580,12144630,202107.0
131,A15782501,0,0,0,0,0,0,1296970,13174690,0,0,202107.0
132,A15728013,,,,,,,,,,,202107.0
133,A15728008,2550230,53100,0,0,0,11218500,2826840,63404430,985970,22239720,202107.0
134,A15728004,1406490,89470,0,0,14140,4480770,3708230,28235840,60660,13494830,202107.0
135,A15779704,0,0,1450,0,0,0,2572440,18094700,0,5457340,202107.0
136,A10028020,,,,,,,,,,,202107.0
137,A15781201,0,0,0,0,0,0,3668890,15076190,0,0,202107.0
138,A15722005,0,0,0,0,0,0,2717590,10058720,6740,5723370,202107.0
139,A15784601,0,0,0,0,0,0,1825960,6195620,0,0,202107.0
140,A15722106,0,0,0,0,0,0,5133100,20729540,0,7067120,202107.0
141,A15722314,2330280,499930,0,0,3491400,3491400,4519080,0,21670,0,202107.0
142,A15785711,5920890,42560,0,0,-3695220,3683880,1741330,0,1932250,6441180,202107.0
143,A15785709,3153150,0,0,0,-2080000,2080000,2469670,0,60100,6840140,202107.0
144,A15785703,0,0,0,0,0,0,2945692,11860260,0,0,202107.0
145,A15722304,0,0,0,0,0,0,1017420,8318890,-530,4548370,202107.0
146,A15777501,2145250,0,0,0,0,3561970,3264520,0,1267290,2868800,202107.0
147,A15722108,0,0,0,0,0,0,7439680,14944720,0,9028450,202107.0
148,A15722201,0,0,0,0,0,0,1981340,5015290,0,0,202107.0
149,A15785608,2493870,62940,0,0,0,2168250,5393800,18721960,210810,10015360,202107.0
150,A15785002,0,0,0,0,0,0,-952981,9341430,0,3641270,202107.0
151,A15785005,1862710,124440,0,0,0,1781300,3937850,0,1016620,0,202107.0
152,A15722004,0,0,0,0,0,0,16120372,15839470,6166180,6166180,202107.0
153,A15722203,0,0,0,0,0,0,8220976,0,0,0,202107.0
154,A15785613,2626300,0,0,0,0,4500820,3964213,31032780,3830760,0,202107.0
155,A15785507,1148680,0,0,0,-110,1820280,2741753,9365230,1303510,0,202107.0
156,A15722204,0,0,0,0,0,0,23273910,11920130,10330410,0,202107.0
157,A15785612,0,0,0,0,-970,3726300,2224880,0,79480,0,202107.0
158,A15722102,0,0,0,0,0,0,2148120,12036500,37700,3706340,202107.0
159,A15785605,312500,0,0,0,0,995510,308500,0,0,0,202107.0
160,A15778101,2575430,0,0,0,0,3633600,7884381,33012370,0,1271760,202107.0
161,A15785601,0,18340,0,0,0,1827000,1898600,5696030,464580,0,202107.0
162,A15722307,814250,0,-1286290,1286290,180,1680790,1994820,0,1386580,0,202107.0
163,A15722011,,,,,,,,,,,202107.0
164,A15722003,0,0,0,0,0,0,3450910,20726950,890900,9339500,202107.0
165,A15773501,0,0,0,0,0,0,-1098571,19612370,163360,9390880,202107.0
166,A15722007,0,0,0,0,0,0,1314680,6041470,0,0,202107.0
167,A15785710,3628370,0,0,0,0,3882120,8170180,54855050,503570,8900880,202107.0
168,A10025641,,,,,,,,,,,202107.0
169,A15722104,0,0,7210,0,0,0,99254,12981430,0,0,202107.0
170,A15722008,,,,,,,,,,,202107.0
171,A15722306,0,0,0,0,0,0,16468180,0,2817350,0,202107.0
172,A10023292,,,,,,,,,,,202107.0
173,A15722001,0,0,0,0,0,0,1609590,5078850,0,0,202107.0
174,A10024505,657840,0,0,0,0,1769470,3455790,10371960,274340,4172210,202107.0
