,kaptCode,heatC,heatP,gasC,gasP,waterHotC,waterHotP,electC,electP,waterCoolC,waterCoolP,Date
0,A15786116,0,0,199560,0,0,0,1314800,9635790,9378160,0,202104.0
1,A15704015,0,0,145340,0,0,0,6161060,12087490,531910,10419300,202104.0
2,A15786118,0,0,0,0,0,0,2746873,10291590,577690,6261320,202104.0
3,A15786426,0,0,0,0,0,0,820984,19890240,321210,0,202104.0
4,A15704025,0,0,0,0,0,0,1769227,17824000,0,0,202104.0
5,A15776001,0,0,0,0,0,0,979315,9667030,0,3600250,202104.0
6,A15786321,0,0,0,0,0,0,202820,13066890,325500,0,202104.0
7,A15786314,0,0,0,0,0,0,3677000,7222050,0,5464040,202104.0
8,A15704006,84280,0,0,0,0,0,1474480,0,0,0,202104.0
9,A15786222,0,0,0,0,0,0,811571,11213140,0,5670060,202104.0
10,A15786420,0,0,103390,0,0,0,3224340,9850980,0,0,202104.0
11,A15786111,0,0,0,0,0,0,3034310,7720110,0,0,202104.0
12,A15786405,0,0,39090,0,0,0,1384093,6035110,103230,0,202104.0
13,A15786424,0,0,70410,0,0,0,3967814,16381430,-168170,7203260,202104.0
14,A15786104,0,0,0,0,0,0,418916,5986630,-60,5173990,202104.0
15,A15786510,0,0,0,0,0,0,364210,7575320,0,0,202104.0
16,A15704028,177980,0,0,0,0,0,3649970,25653710,644660,15018390,202104.0
17,A15704009,0,0,17810,0,0,0,2165200,0,0,0,202104.0
18,A15786312,0,0,0,0,0,0,595730,8919440,0,3980950,202104.0
19,A15704007,0,0,0,0,0,0,2576010,0,4151780,0,202104.0
20,A15704023,0,0,0,0,0,0,896330,17121060,67030,8089680,202104.0
21,A15704017,9030,0,0,0,0,0,11906795,0,0,0,202104.0
22,A15786227,0,0,206470,0,0,0,5320870,15892370,0,17538330,202104.0
23,A15704003,0,0,89830,0,0,0,1889070,6502790,-920,2850990,202104.0
24,A15704002,0,0,0,0,0,0,488820,7302050,0,3748290,202104.0
25,A15704001,0,0,0,0,0,0,7769380,0,5910740,0,202104.0
26,A15786213,0,0,0,0,0,0,1022280,9265720,0,4717920,202104.0
27,A15786408,0,0,7460,0,0,0,338440,9843100,0,4082450,202104.0
28,A15776003,,,,,,,,,,,202104.0
29,A15776004,,,,,,,,,,,202104.0
30,A15785919,0,0,0,0,0,0,12198365,0,0,0,202104.0
31,A10025600,0,0,0,0,0,0,23885100,0,0,7430510,202104.0
32,A10027541,0,0,0,0,0,0,1955814,8600860,254530,4944750,202104.0
33,A10025049,,,,,,,,,,,202104.0
34,A15783907,0,0,0,0,0,0,2312514,11290360,-11583300,11583300,202104.0
35,A15783703,0,0,0,0,0,0,1881970,10549330,0,8809930,202104.0
36,A15703004,18424750,5282670,0,0,-13662750,13662750,4293487,26162800,-1060,14176400,202104.0
37,A15703304,991360,5463750,0,0,1595960,4464560,1946940,0,32970,0,202104.0
38,A15703303,1601250,7184390,0,0,0,8942450,4457960,17589110,252300,9406150,202104.0
39,A15703301,881660,2268390,0,0,870360,6597500,1499590,0,1737780,0,202104.0
40,A15784008,3761560,4331130,0,0,0,5738830,6845011,11067210,590,6449200,202104.0
41,A15772902,0,0,0,0,0,0,1275640,0,0,0,202104.0
42,A15703302,15020724,6926130,0,0,-12702200,12702200,4843442,20605910,2573380,6434870,202104.0
43,A15772901,0,0,0,0,0,0,1476220,0,36850,0,202104.0
44,A15703002,0,0,0,0,0,0,2387540,9220680,78480,3995350,202104.0
45,A15703005,0,0,0,0,0,0,1255630,8549040,0,3333220,202104.0
46,A15703309,26063887,0,0,0,0,0,25880380,0,16221830,0,202104.0
47,A15703307,20017540,10260810,0,0,-14799400,14799400,14818732,23762220,0,12801570,202104.0
48,A15776916,0,9525550,0,0,0,15354000,3135140,0,0,0,202104.0
49,A15703001,0,0,0,0,0,0,1642620,6266140,0,6376030,202104.0
50,A15784402,0,0,-316700,316700,0,0,1179560,0,0,0,202104.0
51,A15776414,0,10720560,0,0,0,18462500,3747230,0,0,0,202104.0
52,A15703308,4279900,6831200,0,0,0,19509200,4437930,19965300,9300,10556490,202104.0
53,A15783806,7137610,3121260,0,0,-6031100,6031100,3134400,10846610,1381190,3938010,202104.0
54,A15776617,0,4473210,0,0,0,7862200,1956502,0,0,0,202104.0
55,A15783905,0,0,11840,0,0,0,1967490,6677620,135420,0,202104.0
56,A15703318,0,1416000,0,0,0,8670520,1137120,10781340,0,6549010,202104.0
57,A15703204,0,0,0,0,0,0,11400546,87757820,0,35674290,202104.0
58,A15703313,0,7474560,0,0,0,15225000,4394340,0,0,0,202104.0
59,A15783902,0,0,72570,0,0,0,405032,7107420,0,0,202104.0
60,A15776715,0,7196930,0,0,0,13305600,2690620,0,0,0,202104.0
61,A15783701,72860,0,0,0,-262200,262200,1036899,6634580,6586640,0,202104.0
62,A15784003,0,0,0,0,0,0,2259840,4695880,6854540,0,202104.0
63,A15703306,1373770,4984280,0,0,0,7780000,2438130,0,1070,8420940,202104.0
64,A15784201,0,0,0,0,0,0,2177840,4761930,30420,0,202104.0
65,A10025703,,,,,,,,,,,202104.0
66,A10023543,,,,,,,,,,,202104.0
67,A15701004,0,0,0,0,0,0,915280,8630360,0,0,202104.0
68,A15701601,0,0,0,0,0,0,-846370,10752800,0,4092300,202104.0
69,A15788302,0,0,87020,0,0,0,3179930,14740720,239560,7487040,202104.0
70,A15788901,0,0,0,0,0,0,2210560,7450630,0,0,202104.0
71,A15792602,10907800,40242190,0,11685840,0,42340000,7809670,115817190,12190320,29873880,202104.0
72,A15701602,0,0,0,0,0,0,-136597,58136010,0,0,202104.0
73,A15770801,1904870,6722700,0,0,0,9175000,4811654,15037220,930,10534400,202104.0
74,A15701002,0,0,0,0,0,0,2144071,7439580,-32280,7583170,202104.0
75,A15701003,13721420,34369590,0,0,0,46428000,29250878,112469320,3053420,44905390,202104.0
76,A15788203,0,0,0,0,0,0,2231388,9721220,159950,0,202104.0
77,A15770101,0,0,0,0,0,0,1222190,6773450,0,0,202104.0
78,A15701007,21930330,18422230,0,0,0,56080000,30130410,139544060,0,46287920,202104.0
79,A10025201,,,,,,,,,,,202104.0
80,A15701006,,,,,,,,,,,202104.0
81,A10023515,,,,,,,,,,,202104.0
82,A10024145,,,,,,,,,,,202104.0
83,A15780604,5277991,13107160,0,0,-101,16607470,7660427,32764380,0,0,202104.0
84,A15780605,17573730,0,0,0,18207000,0,27932990,0,75000,0,202104.0
85,A15780905,2639630,14959700,0,0,0,18770000,7223510,26059940,2637600,17410890,202104.0
86,A15780002,1584880,3515030,0,0,228010,7852400,1863040,13868550,0,8475270,202104.0
87,A15781002,19602750,0,0,0,0,0,6983210,0,0,0,202104.0
88,A15780701,3923830,2396790,0,0,-2472960,2472960,2672859,6574540,10,3013800,202104.0
89,A15780806,22138640,0,0,0,28210000,0,5665160,0,0,0,202104.0
90,A15780705,39474480,0,0,0,0,0,5635470,0,0,0,202104.0
91,A15720101,0,0,1480,0,0,0,346989,6018100,90,6490050,202104.0
92,A15780703,4023155,7012435,0,0,0,13503000,12530240,20821670,1020460,9659510,202104.0
93,A15774708,0,9552140,0,0,0,23915500,6484861,0,0,0,202104.0
94,A15780401,5121560,6581920,0,0,0,9699000,8399620,16512770,-600,8417540,202104.0
95,A15780904,2158760,22955690,0,0,0,13773570,2177550,0,919170,0,202104.0
96,A15780602,0,0,110140,0,0,0,3800280,10262800,333870,6046200,202104.0
97,A15780603,6606700,8367840,0,0,0,17844000,8130800,24690510,4084680,0,202104.0
98,A15780704,5991795,6877930,0,0,0,21591500,4909520,18949550,6708410,11333160,202104.0
99,A15720001,0,0,0,0,0,0,7174104,40544930,0,13331190,202104.0
100,A15781003,2869010,4614400,0,0,0,16507200,3669770,28820,0,3660,202104.0
101,A10025616,,,,,,,,,,,202104.0
102,A10024367,,,,,,,,,,,202104.0
103,A10024792,,,,,,,,,,,202104.0
104,A15721001,0,0,17680,0,0,0,289740,8182120,0,2192990,202104.0
105,A15721003,82520,0,0,0,0,0,1417030,0,0,0,202104.0
106,A15721005,0,0,-429000,429000,0,0,5911360,18366680,0,8877890,202104.0
107,A15722010,11887950,2171170,0,0,-9977200,9977200,823900,17305530,42080,7434640,202104.0
108,A15721006,1887383,13320150,0,0,0,28057570,11561577,64806190,1725860,25740140,202104.0
109,A15728011,2832100,5865900,0,0,0,21811450,11566820,45639350,0,19501570,202104.0
110,A15721007,5821710,5688280,0,0,0,21340500,13011860,50674286,1269310,16143010,202104.0
111,A15721004,0,0,0,0,0,0,396720,9902220,-563640,9530610,202104.0
112,A15721010,30407620,7182680,650,0,-16764250,16708140,7185650,48389710,221460,18888580,202104.0
113,A15721009,545690,0,0,0,0,0,3133050,0,0,0,202104.0
114,A15721008,3129720,0,0,0,50010,6125480,88840,17001340,26720,3637820,202104.0
115,A15722009,-1872890,4768740,-303680,298760,-433500,4393500,765470,8664420,372170,3368790,202104.0
116,A10027433,1063500,3651470,0,766460,0,10620330,1753710,21599730,0,8107290,202104.0
117,A10027452,271330,1975760,0,0,70660,11510500,4095820,13668740,677940,9956840,202104.0
118,A10027403,834928,1479870,0,0,0,6710630,3853680,9978020,32100,5465830,202104.0
119,A10026879,8369140,6168590,0,0,0,22484000,5418727,46222410,576070,18910040,202104.0
120,A10027687,3394450,4954880,0,0,8265320,0,7936870,26394030,-635790,10427620,202104.0
121,A10027371,1111950,1070810,0,0,0,5943490,2468123,8992090,97250,5610050,202104.0
122,A10024426,2648633,11553549,0,0,0,15467400,12554480,26496220,720480,13978060,202104.0
123,A15721011,1746390,1825670,0,0,0,5178530,1554550,11460200,-2270,4779220,202104.0
124,A15728002,197460,1970240,0,0,0,6714060,3767360,10941400,315160,6782530,202104.0
125,A15728006,2023880,6582180,0,0,194700,18914550,7154840,24650550,907070,16166560,202104.0
126,A15728009,184420,0,0,0,0,0,6228850,93802460,-3822500,82166910,202104.0
127,A15728005,1927050,5499030,0,0,0,10712300,4837167,20527210,848880,9028640,202104.0
128,A15728010,0,0,0,0,0,0,1094213,6551830,0,5825910,202104.0
129,A15728007,34870,3860070,0,0,33250,20205150,4702080,20432810,307230,13811020,202104.0
130,A15728003,2491250,5308510,0,0,0,10184900,4650540,18603130,155310,10410140,202104.0
131,A15782501,0,0,0,0,0,0,1326520,5711650,170210,5221270,202104.0
132,A15728013,,,,,,,,,,,202104.0
133,A15728008,4301850,5186000,0,0,0,28471500,7858840,29141760,1207850,19633970,202104.0
134,A15728004,1637680,4987060,0,0,35380,13718810,4628996,18195650,80760,12030880,202104.0
135,A15779704,0,0,62860,0,0,0,2695120,7223350,0,3554410,202104.0
136,A10028020,,,,,,,,,,,202104.0
137,A15781201,0,0,0,0,0,0,3075080,9777450,284020,7044270,202104.0
138,A15722005,0,0,0,0,0,0,3696290,9831280,6940,5526040,202104.0
139,A15784601,0,0,0,0,0,0,2407710,5914580,144340,4421600,202104.0
140,A15722106,0,0,0,0,0,0,3409562,9604240,0,0,202104.0
141,A15722314,17791740,15176930,0,0,9421300,9421300,4782620,0,0,0,202104.0
142,A15785711,15412290,7249110,0,0,-11084010,11047820,3465540,0,2134040,5205080,202104.0
143,A15785709,10110080,1537140,0,0,-8874800,8874800,2459640,0,145410,5986040,202104.0
144,A15785703,0,0,0,0,0,0,1942042,5778070,180,3793690,202104.0
145,A15722304,0,0,0,0,0,0,1522570,7173380,0,0,202104.0
146,A15777501,3377700,7339500,0,0,0,12042450,4239400,0,3173715,4587600,202104.0
147,A15722108,0,0,0,0,0,0,9467370,15262830,100,6959620,202104.0
148,A15722201,0,0,0,0,0,0,8393950,0,6364380,0,202104.0
149,A15785608,2631700,7457100,0,0,0,7675200,4273880,17632530,377520,8561300,202104.0
150,A15785002,0,0,0,0,0,0,1022173,7217250,-188260,3547140,202104.0
151,A15785005,1909800,5768110,0,0,0,8172250,3262870,0,1310040,0,202104.0
152,A15722004,0,0,0,0,0,0,15906000,15481480,5809810,5809810,202104.0
153,A15722203,0,0,0,0,0,0,0,0,0,0,202104.0
154,A15785613,3854200,10198700,0,0,0,16834500,2927659,20346550,4400000,0,202104.0
155,A15785507,1479280,2974750,0,0,0,6869600,4089303,10049370,2060880,0,202104.0
156,A15722204,0,0,0,0,0,0,12222230,0,0,0,202104.0
157,A15785612,96490,10840560,0,0,0,10184360,2062960,0,0,0,202104.0
158,A15722102,0,0,0,0,0,0,2215050,5970470,232770,3179640,202104.0
159,A15785605,1245000,2106540,0,0,0,3724650,450000,0,882500,0,202104.0
160,A15778101,4336800,5412000,0,0,0,13589800,5267497,17747250,0,2598050,202104.0
161,A15785601,0,2391900,0,0,0,3297000,2496250,5775990,838380,0,202104.0
162,A15722307,814320,4577670,-2189300,2189300,0,6045000,2299680,0,2289080,0,202104.0
163,A15722011,,,,,,,,,,,202104.0
164,A15722003,0,0,0,0,0,0,2966390,11011490,0,0,202104.0
165,A15773501,0,0,0,0,0,0,445954,9083940,0,0,202104.0
166,A15722007,0,0,0,0,0,0,1740600,6741650,0,0,202104.0
167,A15785710,5112310,8421280,0,0,0,14362750,6119210,26782370,30100,7717720,202104.0
168,A10025641,,,,,,,,,,,202104.0
169,A15722104,0,0,176280,0,0,0,325429,6942860,64790,0,202104.0
170,A15722008,,,,,,,,,,,202104.0
171,A15722306,0,0,0,0,253590,0,9313830,0,2768030,0,202104.0
172,A10023292,,,,,,,,,,,202104.0
173,A15722001,0,0,49980,0,0,0,2109570,4870070,52700,0,202104.0
174,A10024505,2500820,1497400,0,0,0,2653800,3440620,6503940,330660,3417670,202104.0
