,kaptCode,heatC,heatP,gasC,gasP,waterHotC,waterHotP,electC,electP,waterCoolC,waterCoolP,Date
0,A15786116,0,0,0,0,0,0,829940,10275420,9587480,0,202110.0
1,A15704015,0,0,0,0,0,0,5452720,12763340,264150,11671360,202110.0
2,A15786118,0,0,0,0,0,0,1303961,11248450,458250,5993370,202110.0
3,A15786426,0,0,0,0,0,0,809390,19753080,141645,0,202110.0
4,A15704025,0,0,0,0,0,0,1131946,19560670,0,0,202110.0
5,A15776001,0,0,0,0,0,0,1116317,9615020,0,3583820,202110.0
6,A15786321,0,0,0,0,0,0,163980,13358100,0,0,202110.0
7,A15786314,0,0,0,0,0,0,2295860,8231900,-50,4534800,202110.0
8,A15704006,1960,0,0,0,0,0,1434120,0,0,0,202110.0
9,A15786222,0,0,0,0,0,0,0,12151090,0,6167040,202110.0
10,A15786420,0,0,0,0,0,0,1599990,11563610,0,0,202110.0
11,A15786111,0,0,0,0,0,0,10775900,0,0,0,202110.0
12,A15786405,0,0,0,0,0,0,1378554,5787960,142290,0,202110.0
13,A15786424,0,0,2610,0,0,0,4000028,18569600,-272600,8016440,202110.0
14,A15786104,0,0,0,0,0,0,91606,6186020,-970,5674130,202110.0
15,A15786510,0,0,0,0,0,0,334180,7948950,0,0,202110.0
16,A15704028,58590,0,0,0,0,0,2982300,26167060,517370,0,202110.0
17,A15704009,0,0,9050,0,0,0,2011270,0,0,0,202110.0
18,A15786312,0,0,0,0,0,0,422570,9086090,0,4462580,202110.0
19,A15704007,0,0,0,0,0,0,2245510,0,4378220,0,202110.0
20,A15704023,0,0,0,0,0,0,954140,16764910,274230,8379600,202110.0
21,A15704017,0,0,0,0,0,0,12293980,0,0,0,202110.0
22,A15786227,0,0,4170,0,0,0,4835510,16355510,0,20590230,202110.0
23,A15704003,0,0,690,0,0,0,1773860,6526570,-2670,3864880,202110.0
24,A15704002,0,0,0,0,0,0,289460,7129200,0,3831000,202110.0
25,A15704001,0,0,0,0,0,0,1083380,6819010,-61110,6426210,202110.0
26,A15786213,0,0,0,0,0,0,460290,9611520,0,4811640,202110.0
27,A15786408,0,0,1680,0,0,0,113070,9984880,0,4391020,202110.0
28,A15776003,,,,,,,,,,,202110.0
29,A15776004,,,,,,,,,,,202110.0
30,A15785919,0,0,0,414960,0,0,95489,12762400,0,0,202110.0
31,A10025600,0,0,0,0,0,0,23591620,0,560840,7949270,202110.0
32,A10027541,0,0,0,0,0,0,1752497,8427520,675810,5722550,202110.0
33,A10025049,,,,,,,,,,,202110.0
34,A15783907,0,0,0,0,0,0,13960020,0,0,0,202110.0
35,A15783703,0,0,0,0,0,0,1689490,10435030,0,10361120,202110.0
36,A15703004,13146200,4339560,0,0,-9006190,9006190,5874866,22477980,-680,13798960,202110.0
37,A15703304,901240,5226900,0,0,584640,2786390,1543560,0,60720,0,202110.0
38,A15703303,13454270,0,0,0,0,0,19253620,0,10057720,0,202110.0
39,A15703301,870490,0,0,0,0,0,1493480,0,460290,0,202110.0
40,A15784008,2709770,4623880,0,0,0,4040140,5891980,12628930,70,7585610,202110.0
41,A15772902,0,0,0,0,0,0,1151590,0,0,0,202110.0
42,A15703302,11843524,6118280,0,0,-9525000,9525000,3711473,21470840,1558570,7274490,202110.0
43,A15772901,0,0,0,0,0,0,1315630,0,0,0,202110.0
44,A15703002,0,0,0,0,0,0,2556050,9045830,390390,4213600,202110.0
45,A15703005,0,0,0,0,0,0,9639910,8311780,4002350,3927080,202110.0
46,A15703309,8988750,11071170,0,0,-5652400,5652400,596090,24309580,662490,15887210,202110.0
47,A15703307,18329090,8305640,0,0,-11708800,11708800,5082640,24067810,528920,14176990,202110.0
48,A15776916,0,6837450,0,0,0,11736000,2865150,0,0,0,202110.0
49,A15703001,0,0,0,0,0,0,1457960,6334690,0,7823690,202110.0
50,A15784402,0,0,-372080,372080,0,0,1053180,0,0,0,202110.0
51,A15776414,0,1879260,0,0,0,14273000,2938300,0,0,0,202110.0
52,A15703308,3438230,7893900,0,0,0,12952800,3436670,21815970,957880,11826420,202110.0
53,A15783806,8133420,0,0,0,0,0,14353270,0,5632060,0,202110.0
54,A15776617,0,689910,0,0,0,5730400,1450809,0,0,0,202110.0
55,A15783905,0,0,0,0,0,0,2036900,7072790,117120,0,202110.0
56,A15703318,0,130490,0,0,0,7481100,763350,10913680,0,6671540,202110.0
57,A15703204,0,0,0,0,0,0,6825940,95901800,0,35387730,202110.0
58,A15703313,0,4030960,0,0,0,10233000,3788170,0,0,0,202110.0
59,A15783902,0,0,0,0,0,0,64581,7196960,0,0,202110.0
60,A15776715,0,4132260,0,0,0,10263600,2555320,0,0,0,202110.0
61,A15783701,13250,0,0,0,-297290,297290,1259741,6261570,7064380,0,202110.0
62,A15784003,0,0,0,0,0,0,2185890,4558590,6456970,0,202110.0
63,A15703306,1373890,5442630,0,0,0,5167500,2590000,0,437740,8543720,202110.0
64,A15784201,0,0,0,0,0,0,1499980,5133550,226100,0,202110.0
65,A10025703,,,,,,,,,,,202110.0
66,A10023543,,,,,,,,,,,202110.0
67,A15701004,0,0,0,0,0,0,699570,8683380,0,0,202110.0
68,A15701601,0,0,0,0,0,0,1206720,10737590,0,3798040,202110.0
69,A15788302,0,0,0,0,0,0,2895474,14620800,218430,8100810,202110.0
70,A15788901,0,0,0,0,0,0,1985310,7257230,0,0,202110.0
71,A15792602,10909479,26603640,0,9995080,0,31630000,10369163,114043790,120090,33493200,202110.0
72,A15701602,0,0,0,0,0,0,63218748,0,0,0,202110.0
73,A15770801,1760960,4956380,0,0,-20000,7430000,3595939,15944050,1880,11373080,202110.0
74,A15701002,0,0,0,0,0,0,2277548,8053600,-35130,9042660,202110.0
75,A15701003,14003630,36970820,0,0,0,34591200,23462462,118670720,2195760,49684300,202110.0
76,A15788203,0,0,0,0,0,0,2323248,11275850,174640,0,202110.0
77,A15770101,0,0,0,0,0,0,1023630,6820870,0,0,202110.0
78,A15701007,13762270,16610500,0,0,0,43141470,28604640,160128580,0,50240910,202110.0
79,A10025201,,,,,,,,,,,202110.0
80,A15701006,,,,,,,,,,,202110.0
81,A10023515,,,,,,,,,,,202110.0
82,A10024145,0,0,0,0,0,0,4741360,3980790,694772,2879588,202110.0
83,A15780604,5053839,11480010,0,0,-1559,11940660,8990205,32213390,0,0,202110.0
84,A15780605,11505940,0,0,0,16167000,0,29886470,0,56250,0,202110.0
85,A15780905,0,0,0,0,0,0,4049970,0,0,0,202110.0
86,A15780002,1584880,3986190,0,0,148080,5014900,751340,15392440,0,8359420,202110.0
87,A15781002,3100790,6434310,0,703040,0,9675350,1125100,0,0,0,202110.0
88,A15780701,2658450,2235660,0,0,-1563090,1563090,2630820,7465200,90,3225610,202110.0
89,A15780806,16780990,0,0,0,23180000,0,4894710,0,0,0,202110.0
90,A15780705,32359860,0,0,0,0,0,0,0,0,0,202110.0
91,A15720101,0,0,0,0,0,0,404482,6648100,-570,7303620,202110.0
92,A15780703,4060679,7350151,0,0,0,10269000,7466190,20939960,0,2612550,202110.0
93,A15774708,0,9568770,0,0,0,16968000,5478512,0,0,0,202110.0
94,A15780401,3711360,5674040,0,0,-16670,9366280,6880260,18121220,-350,11152180,202110.0
95,A15780904,1777800,9999580,0,0,0,10379070,1998640,0,528080,0,202110.0
96,A15780602,0,0,0,0,0,0,3221910,10145130,115550,6939780,202110.0
97,A15780603,5826040,6572280,0,0,0,13872000,5000060,33651930,4250770,0,202110.0
98,A15780704,5590194,9892570,0,0,0,16191000,5399400,23523600,5897090,13200170,202110.0
99,A15720001,0,0,0,0,0,0,7871188,44355420,0,15942780,202110.0
100,A15781003,2512190,4760800,0,0,0,12132300,2703720,29630,0,4920,202110.0
101,A10025616,,,,,,,,,,,202110.0
102,A10024367,,,,,,,,,,,202110.0
103,A10024792,,,,,,,,,,,202110.0
104,A15721001,0,0,4170,0,0,0,1365890,6667710,-264200,2170960,202110.0
105,A15721003,28630,0,0,0,0,0,1263990,0,0,0,202110.0
106,A15721005,0,0,-429000,429000,0,0,2023900,18308420,-486950,10612520,202110.0
107,A15722010,8445950,2087570,0,0,-6363200,6363200,509840,20327040,71910,7745640,202110.0
108,A15721006,1278770,14199630,0,0,0,19553790,9645490,66152770,372050,27237860,202110.0
109,A15728011,2800260,5854970,0,0,0,16504050,10154950,49059746,77450,19693970,202110.0
110,A15721007,6372170,5656310,0,0,0,13509010,12455133,53138943,1255370,16907450,202110.0
111,A15721004,0,0,0,0,0,0,-253080,0,582620,0,202110.0
112,A15721010,19470240,7917600,0,0,-14616820,14546960,6844740,54876310,19100,23340400,202110.0
113,A15721009,463170,0,0,0,0,0,3122670,0,0,0,202110.0
114,A15721008,3144460,0,0,0,32310,4631190,83970,18003550,298390,4032660,202110.0
115,A15722009,-1609630,3946500,-364400,355850,-1047200,3996500,2920580,8987630,98200,3716180,202110.0
116,A10027433,0,2997290,0,846940,0,7445560,1849360,21892410,925160,9651720,202110.0
117,A10027452,6358800,2148060,0,0,-5962900,5943900,4761850,15764900,721220,9472740,202110.0
118,A10027403,624948,1485120,0,0,0,4669980,4438080,11918250,1180030,6358350,202110.0
119,A10026879,6500900,5538840,0,0,0,15477760,5143651,52779130,750050,21994740,202110.0
120,A10027687,3105930,4328800,0,0,5391990,0,8440635,28683790,-648130,11092870,202110.0
121,A10027371,959940,1202120,0,0,0,3890320,3143951,10750090,103450,6459710,202110.0
122,A10024426,937166,7417100,0,0,0,19719720,15062784,45718670,715990,24238800,202110.0
123,A15721011,1405800,1731160,0,0,0,3590970,1277548,13020450,-7930,5426520,202110.0
124,A15728002,150550,2709380,0,0,0,3197760,4323010,11062650,31020,6834790,202110.0
125,A15728006,2010440,2325840,0,0,196130,16139250,7701610,27543810,624640,18091240,202110.0
126,A15728009,1680,0,0,0,0,0,-3212775,103702190,1327990,85702650,202110.0
127,A15728005,1172690,5515780,0,0,0,7221520,4990030,21247743,0,10936950,202110.0
128,A15728010,0,0,0,0,0,0,645877,7022890,6158880,0,202110.0
129,A15728007,107460,5939740,0,0,17100,12822600,5161750,23034060,76390,15138010,202110.0
130,A15728003,2491170,5415400,0,0,0,5550900,4531650,20350390,274640,11189130,202110.0
131,A15782501,0,0,0,0,0,0,1347620,6439690,617000,5541610,202110.0
132,A15728013,,,,,,,,,,,202110.0
133,A15728008,3472050,2979780,0,0,0,21411900,16732970,32478250,428400,21168130,202110.0
134,A15728004,1607500,4687150,0,0,27340,9202670,4436270,18881330,72280,12949230,202110.0
135,A15779704,0,0,0,0,0,0,2508260,8534680,0,4841460,202110.0
136,A10028020,,,,,,,,,,,202110.0
137,A15781201,0,0,0,0,0,0,2621380,9714140,594220,7824390,202110.0
138,A15722005,0,0,0,0,0,0,2871380,10546160,7850,6129020,202110.0
139,A15784601,0,0,0,0,0,0,2133620,6009000,128670,5233410,202110.0
140,A15722106,0,0,0,0,0,0,3669060,10689180,0,0,202110.0
141,A15722314,14081490,11466700,0,0,7365650,7365650,3821000,0,0,0,202110.0
142,A15785711,10708910,7048680,0,0,-7204800,7170600,1545530,0,1766600,5916240,202110.0
143,A15785709,6552880,2831400,0,0,-5225600,5225600,2040510,0,50240,6614370,202110.0
144,A15785703,0,0,0,0,0,0,1546980,6817240,90,4764040,202110.0
145,A15722304,0,0,0,0,0,0,1154650,7456070,0,0,202110.0
146,A15777501,3656520,7326800,0,0,0,8052500,2998010,0,304710,2898900,202110.0
147,A15722108,0,0,0,0,0,0,5731300,15059700,30,8857550,202110.0
148,A15722201,0,0,0,0,0,0,938480,6449510,10480,8000190,202110.0
149,A15785608,3619260,6799950,0,0,0,4004800,4163660,16964300,147380,9486910,202110.0
150,A15785002,0,0,0,0,0,0,7407681,0,3429270,0,202110.0
151,A15785005,1862710,4633420,0,0,0,6338950,3247560,0,854670,0,202110.0
152,A15722004,0,0,0,0,0,0,13094209,12786550,6334770,6334770,202110.0
153,A15722203,0,0,0,0,0,0,8490399,0,7304720,0,202110.0
154,A15785613,3391680,10211080,0,0,0,11018700,5578483,20951460,3628180,0,202110.0
155,A15785507,1594660,4014600,0,0,0,3525900,2879107,10302389,1425690,0,202110.0
156,A15722204,0,0,0,0,0,0,12480390,0,0,0,202110.0
157,A15785612,286410,9821630,0,0,0,6024600,2108200,0,0,0,202110.0
158,A15722102,0,0,0,0,0,0,2302150,6584100,186650,3329220,202110.0
159,A15785605,396210,2251210,0,0,0,2294400,1723940,0,0,0,202110.0
160,A15778101,4838680,4462250,0,0,-28400,11001450,6216123,19504070,0,2479200,202110.0
161,A15785601,0,2300480,0,0,0,2436000,1938300,5258880,619440,0,202110.0
162,A15722307,814260,2502140,-1047870,1047870,-10000,3852500,1629050,0,1147460,0,202110.0
163,A15722011,,,,,,,,,,,202110.0
164,A15722003,0,0,0,0,0,0,2641740,12009850,0,0,202110.0
165,A15773501,0,0,0,0,0,0,274189,9950340,0,0,202110.0
166,A15722007,0,0,0,0,0,0,1847360,6100690,0,0,202110.0
167,A15785710,5435750,6931010,0,0,0,10619840,6563660,29804300,469320,8132000,202110.0
168,A10025641,,,,,,,,,,,202110.0
169,A15722104,0,0,0,0,0,0,561629,7179750,0,0,202110.0
170,A15722008,,,,,,,,,,,202110.0
171,A15722306,0,0,0,0,0,0,10316190,0,2982000,0,202110.0
172,A10023292,,,,,,,,,,,202110.0
173,A15722001,0,0,0,0,0,0,1635840,4997080,74360,0,202110.0
174,A10024505,7519050,0,0,0,0,0,19750050,0,6416640,0,202110.0
