,kaptCode,heatC,heatP,gasC,gasP,waterHotC,waterHotP,electC,electP,waterCoolC,waterCoolP,Date
0,A15786116,0,0,0,0,0,0,-250340,11682720,0,0,202109.0
1,A15704015,0,0,0,0,0,0,3793750,19619020,0,0,202109.0
2,A15786118,0,0,0,0,0,0,1495709,11888400,463480,6439080,202109.0
3,A15786426,0,0,0,0,0,0,750759,21417550,141930,0,202109.0
4,A15704025,0,0,0,0,0,0,820820,19819920,92780,20751680,202109.0
5,A15776001,0,0,0,0,0,0,2090001,14420070,1008280,3924350,202109.0
6,A15786321,0,0,0,0,0,0,-810060,14784670,0,0,202109.0
7,A15786314,0,0,0,0,0,0,3283530,7602290,0,5743610,202109.0
8,A15704006,1960,0,0,0,0,0,1625720,0,0,0,202109.0
9,A15786222,0,0,0,0,0,0,0,12566970,0,6021000,202109.0
10,A15786420,0,0,650,0,0,0,2027300,13497340,0,0,202109.0
11,A15786111,0,0,0,0,0,0,3376460,7663920,9589560,0,202109.0
12,A15786405,0,0,0,0,0,0,518973,8498030,150660,0,202109.0
13,A15786424,0,0,2570,0,0,0,3857587,18283490,-275400,8019260,202109.0
14,A15786104,0,0,0,0,0,0,-711204,8163910,0,0,202109.0
15,A15786510,0,0,0,0,0,0,345180,9140370,-5330,7500230,202109.0
16,A15704028,18190,0,0,0,0,0,2040720,29435950,0,0,202109.0
17,A15704009,0,0,6400,0,0,0,2482280,0,0,0,202109.0
18,A15786312,0,0,0,0,0,0,0,9898720,0,4584510,202109.0
19,A15704007,0,0,0,0,0,0,2315340,0,4072850,0,202109.0
20,A15704023,0,0,0,0,0,0,899510,17962610,115590,8538240,202109.0
21,A15704017,0,0,0,0,0,0,13323750,0,12338290,0,202109.0
22,A15786227,0,0,4170,0,0,0,2250730,21981590,0,0,202109.0
23,A15704003,0,0,650,0,0,0,2586090,6426960,0,3396270,202109.0
24,A15704002,0,0,0,0,0,0,818370,7002230,0,4092460,202109.0
25,A15704001,0,0,0,0,0,0,8561990,0,0,0,202109.0
26,A15786213,0,0,0,0,0,0,-286370,10816020,0,5286840,202109.0
27,A15786408,0,0,0,0,0,0,409790,10623400,0,4355220,202109.0
28,A15776003,,,,,,,,,,,202109.0
29,A15776004,,,,,,,,,,,202109.0
30,A15785919,0,0,0,436770,0,0,-547174,12853210,0,0,202109.0
31,A10025600,0,0,0,0,0,0,24262370,0,1260840,7559670,202109.0
32,A10027541,0,0,0,0,0,0,2317114,9590520,0,0,202109.0
33,A10025049,,,,,,,,,,,202109.0
34,A15783907,0,0,0,0,0,0,1067860,12701800,13385150,0,202109.0
35,A15783703,0,0,0,0,0,0,1556370,12251480,0,0,202109.0
36,A15703004,6543460,0,0,0,-3497480,3497480,3939626,24582560,-960,14074750,202109.0
37,A15703304,901240,0,0,0,484450,2482830,1857080,0,0,0,202109.0
38,A15703303,4892240,0,0,0,-2700600,2700600,19180740,0,10525600,0,202109.0
39,A15703301,870490,74100,0,0,0,1479600,1724970,0,1100000,0,202109.0
40,A15784008,1411100,188460,0,0,-920,2537090,4259910,14601250,0,6822610,202109.0
41,A15772902,0,0,0,0,0,0,1223080,0,0,0,202109.0
42,A15703302,6369424,261090,0,0,-4050900,4050900,3279005,23608810,3944910,7735150,202109.0
43,A15772901,0,0,0,0,0,0,1403110,0,0,0,202109.0
44,A15703002,0,0,0,0,0,0,2997140,10532820,0,4683440,202109.0
45,A15703005,0,0,0,0,0,0,2074150,0,0,0,202109.0
46,A15703309,7595810,0,0,0,-4864000,4864000,1196500,26264430,731200,15588350,202109.0
47,A15703307,7062860,0,0,0,-3668276,3668276,3246770,26953470,435530,14465700,202109.0
48,A15776916,0,197150,0,0,0,10869000,3202290,0,0,0,202109.0
49,A15703001,0,0,0,0,0,0,911080,8280450,0,0,202109.0
50,A15784402,0,0,-402320,402320,0,0,1274820,0,0,0,202109.0
51,A15776414,0,0,0,0,0,13797000,3509480,0,1497070,0,202109.0
52,A15703308,2873780,592900,0,0,0,7744000,2622230,23961000,441840,12236380,202109.0
53,A15783806,3332860,0,0,0,0,0,16932810,0,6248370,0,202109.0
54,A15776617,0,0,0,0,0,5050200,1574149,0,0,0,202109.0
55,A15783905,0,0,0,0,0,0,2064260,7685130,137860,0,202109.0
56,A15703318,0,0,0,0,0,6125640,452380,11259930,0,7074680,202109.0
57,A15703204,0,0,0,0,0,0,3926580,96927320,0,39038780,202109.0
58,A15703313,0,0,0,0,0,9534000,4678940,0,0,0,202109.0
59,A15783902,0,0,0,0,0,0,0,8344910,0,7130410,202109.0
60,A15776715,0,0,0,0,0,7956000,2987010,0,0,0,202109.0
61,A15783701,7240,0,0,0,-324660,324660,328054,7465860,0,0,202109.0
62,A15784003,0,0,0,0,0,0,1459640,5423720,0,0,202109.0
63,A15703306,1373890,131400,-533120,533120,-150,3737630,2513780,0,-140,8891630,202109.0
64,A15784201,0,0,0,0,0,0,1388060,5449090,0,0,202109.0
65,A10025703,,,,,,,,,,,202109.0
66,A10023543,,,,,,,,,,,202109.0
67,A15701004,0,0,0,0,0,0,1020940,8730250,40,7986360,202109.0
68,A15701601,0,0,0,0,0,0,-521270,10060690,0,5400010,202109.0
69,A15788302,0,0,0,0,0,0,2749930,15068270,290090,8547350,202109.0
70,A15788901,0,0,0,0,0,0,1859560,7733450,0,0,202109.0
71,A15792602,10909479,0,0,7841250,0,19655400,0,114559010,233610,37202680,202109.0
72,A15701602,0,0,0,0,0,0,62915817,0,54668610,0,202109.0
73,A15770801,1761470,0,0,0,-310,3525480,1549636,17670600,40,10891270,202109.0
74,A15701002,0,0,0,0,0,0,1925628,8104590,0,0,202109.0
75,A15701003,9888510,0,0,0,1220,26184190,32478704,117961090,609290,53212890,202109.0
76,A15788203,0,0,0,0,0,0,1537584,11902620,0,0,202109.0
77,A15770101,0,0,0,0,0,0,1378040,6774990,827120,7236070,202109.0
78,A15701007,13762270,362000,0,0,0,18822450,24105990,163648520,1455060,48565560,202109.0
79,A10025201,,,,,,,,,,,202109.0
80,A15701006,,,,,,,,,,,202109.0
81,A10023515,,,,,,,,,,,202109.0
82,A10024145,0,0,0,0,0,0,0,806070,0,0,202109.0
83,A15780604,3821170,0,0,0,3010,6545000,4513726,37941210,-2880,7606080,202109.0
84,A15780605,-4090793,7176263,0,0,-8416030,16167000,7172610,27106580,1045550,56250,202109.0
85,A15780905,0,14878600,0,0,0,14766400,3188970,27148080,0,0,202109.0
86,A15780002,1584880,0,0,0,124110,2497740,709130,15337460,0,8974530,202109.0
87,A15781002,190760,762890,0,766240,0,8092770,1977520,0,0,0,202109.0
88,A15780701,1766000,0,0,0,-762320,762320,1880359,7535900,-60,3225760,202109.0
89,A15780806,2646900,0,0,0,15076150,0,4537460,0,0,0,202109.0
90,A15780705,14428440,0,0,0,0,0,0,0,0,0,202109.0
91,A15720101,0,0,0,0,0,0,614465,6415200,0,0,202109.0
92,A15780703,3230900,0,0,0,0,3793840,7490750,22589550,0,1303820,202109.0
93,A15774708,0,0,0,0,0,14185500,6550242,0,1695900,0,202109.0
94,A15780401,3238670,0,0,0,0,3531000,5133200,24615040,-50,11151860,202109.0
95,A15780904,797340,1429650,0,0,0,7148480,2117050,0,308690,0,202109.0
96,A15780602,0,0,650,0,0,0,2680360,11013440,0,7248990,202109.0
97,A15780603,4167700,0,0,0,0,4853500,-2208070,34201860,2826450,0,202109.0
98,A15780704,3665587,1920900,0,0,0,4438000,2824770,23856010,5311600,13682970,202109.0
99,A15720001,0,0,0,0,0,0,8098180,44922760,0,15357980,202109.0
100,A15781003,2147270,0,0,0,0,6890000,2415930,48400,0,5880,202109.0
101,A10025616,,,,,,,,,,,202109.0
102,A10024367,,,,,,,,,,,202109.0
103,A10024792,,,,,,,,,,,202109.0
104,A15721001,0,0,3160,0,0,0,2170820,9311720,146280,2224160,202109.0
105,A15721003,5250,0,0,0,0,0,1504730,0,895220,0,202109.0
106,A15721005,0,0,-429000,429000,0,0,1762390,21878210,0,0,202109.0
107,A15722010,5229320,106450,0,0,-3509280,3509280,103860,21757140,167180,8465890,202109.0
108,A15721006,851433,4609750,0,0,0,11990500,12072196,77856990,781350,26859540,202109.0
109,A15728011,2559830,106280,0,0,0,9506810,14689570,69119640,220000,20252940,202109.0
110,A15721007,5990400,102620,0,0,0,6610680,19017144,76075440,1375650,16787170,202109.0
111,A15721004,0,0,0,0,0,0,-658270,0,0,0,202109.0
112,A15721010,13324400,94260,1280,0,-8189100,8128000,2712440,55951090,29370,21269470,202109.0
113,A15721009,0,0,0,0,0,0,2909800,0,0,0,202109.0
114,A15721008,900470,0,0,0,15490,2327210,117240,21344120,136620,4066520,202109.0
115,A15722009,487960,1216230,0,332290,1892100,2949300,9838150,11072410,3746600,3814360,202109.0
116,A10027433,1063500,1063710,0,887170,0,3939460,3458160,26573460,0,8696280,202109.0
117,A10027452,271330,0,0,0,51780,4103280,3505460,15417210,727420,10543500,202109.0
118,A10027403,265128,29170,0,0,0,2449800,4158530,11841810,656000,6364900,202109.0
119,A10026879,6403680,55470,0,0,0,7087500,5188836,57453760,309390,19983900,202109.0
120,A10027687,2840750,0,0,0,2822230,0,6865391,28195230,-265400,10827160,202109.0
121,A10027371,666100,0,0,0,0,2159080,2292650,10656420,102910,5919960,202109.0
122,A10024426,3877366,0,0,0,490554,9200400,14931359,49885250,705270,21985420,202109.0
123,A15721011,912870,0,0,0,0,1827670,1632350,13226924,-750,5127420,202109.0
124,A15728002,140510,97960,0,0,0,1969450,3995230,12113690,20380,6720210,202109.0
125,A15728006,2008560,75700,0,0,97970,6428350,6510310,27536110,1089580,16565860,202109.0
126,A15728009,800,0,0,0,0,0,-2901058,103924280,0,0,202109.0
127,A15728005,1445820,1013240,0,0,0,5417800,5657713,23689910,0,12395330,202109.0
128,A15728010,0,0,0,0,0,0,907395,7022890,0,0,202109.0
129,A15728007,50940,107340,0,0,10750,8141220,3298500,25016270,243340,14829630,202109.0
130,A15728003,2428550,0,0,0,0,4037590,4224900,20253330,200710,11189880,202109.0
131,A15782501,0,0,0,0,0,0,1022910,6517970,0,0,202109.0
132,A15728013,,,,,,,,,,,202109.0
133,A15728008,2595160,166500,0,0,0,12079800,14830290,32815880,366930,20897780,202109.0
134,A15728004,1421950,186550,0,0,17160,5026800,3464280,20979540,78060,12775100,202109.0
135,A15779704,0,0,0,0,0,0,2259950,8532590,0,4801760,202109.0
136,A10028020,,,,,,,,,,,202109.0
137,A15781201,0,0,0,0,0,0,2949810,11770110,0,0,202109.0
138,A15722005,0,0,0,0,0,0,2250700,11912010,9850,6238380,202109.0
139,A15784601,0,0,0,0,0,0,1531340,7155370,0,0,202109.0
140,A15722106,0,0,0,0,0,0,3262470,10704870,0,7166000,202109.0
141,A15722314,3731970,1901530,0,0,4816000,4816000,4188440,0,63970,0,202109.0
142,A15785711,6133560,72250,0,0,-4004000,3986500,1353440,0,1161160,6256160,202109.0
143,A15785709,3474820,0,0,0,-2361150,2361150,2216630,0,50400,6615900,202109.0
144,A15785703,0,0,0,0,0,0,1924572,6385460,0,0,202109.0
145,A15722304,0,0,0,0,0,0,996940,7465740,-60,5019580,202109.0
146,A15777501,2143560,0,0,0,0,4035150,2963010,0,438445,2470500,202109.0
147,A15722108,0,0,0,0,0,0,6999870,18492150,0,8950030,202109.0
148,A15722201,0,0,0,0,0,0,2622640,7087800,0,0,202109.0
149,A15785608,2603650,334780,0,0,0,2377100,3641380,17482110,129860,9047240,202109.0
150,A15785002,0,0,0,0,0,0,895990,6768200,113720,3429270,202109.0
151,A15785005,1202320,352920,0,0,0,3273600,3381870,0,898620,0,202109.0
152,A15722004,0,0,0,0,0,0,14698860,14555580,6957190,6957190,202109.0
153,A15722203,0,0,0,0,0,0,8661274,0,0,0,202109.0
154,A15785613,2679390,0,0,0,0,5157180,1151121,22636920,3628190,0,202109.0
155,A15785507,1148680,0,0,0,190,2035900,2541398,10810150,1407930,0,202109.0
156,A15722204,0,0,0,0,0,0,12387160,0,11115170,0,202109.0
157,A15785612,731910,732760,0,0,4136970,4136970,1904770,0,71330,0,202109.0
158,A15722102,0,0,0,0,0,0,2165150,6448690,460440,3251990,202109.0
159,A15785605,42090,239120,0,0,0,1667430,1691280,0,0,0,202109.0
160,A15778101,2755060,0,0,0,0,4022400,5186786,18887890,0,2212320,202109.0
161,A15785601,0,150360,0,0,0,1925000,1642470,7338530,489500,0,202109.0
162,A15722307,814250,0,-1048290,1048290,380,1817190,1836460,0,1147450,0,202109.0
163,A15722011,,,,,,,,,,,202109.0
164,A15722003,0,0,0,0,0,0,2511150,12032040,594440,10018570,202109.0
165,A15773501,0,0,0,0,0,0,117471,9768970,163800,10195000,202109.0
166,A15722007,0,0,0,0,0,0,803620,7241470,0,0,202109.0
167,A15785710,3855110,211750,0,0,0,4664220,4471510,30509240,338080,8417040,202109.0
168,A10025641,,,,,,,,,,,202109.0
169,A15722104,0,0,0,0,0,0,350626,6826620,0,0,202109.0
170,A15722008,,,,,,,,,,,202109.0
171,A15722306,0,0,0,0,0,0,10112290,0,3067120,0,202109.0
172,A10023292,,,,,,,,,,,202109.0
173,A15722001,0,0,800,0,0,0,1408680,5822950,0,0,202109.0
174,A10024505,3521970,0,0,0,0,0,23379610,0,6512920,0,202109.0
