,kaptCode,heatC,heatP,gasC,gasP,waterHotC,waterHotP,electC,electP,waterCoolC,waterCoolP,Date
0,A15786116,0,0,256210,0,0,0,1336270,11383280,0,9378160,202102.0
1,A15704015,0,0,345010,0,0,0,6874930,14276430,-41660,10465550,202102.0
2,A15786118,0,0,0,0,0,0,3019913,11978260,-386530,6658090,202102.0
3,A15786426,0,0,0,0,0,0,835498,23514700,89640,0,202102.0
4,A15704025,0,0,0,0,0,0,1941551,18403820,0,0,202102.0
5,A15776001,0,0,0,0,0,0,1964888,11356040,0,3495230,202102.0
6,A15786321,0,0,0,0,0,0,415920,15304790,126000,0,202102.0
7,A15786314,0,0,0,0,0,0,3354760,9352060,0,4818090,202102.0
8,A15704006,370440,0,0,0,0,0,1863400,0,0,0,202102.0
9,A15786222,0,0,0,0,0,0,1486421,11504900,0,5315810,202102.0
10,A15786420,0,0,171880,0,0,0,4013190,11593920,125280,0,202102.0
11,A15786111,0,0,0,0,0,0,5815550,7106880,-8719980,8719980,202102.0
12,A15786405,0,0,141790,0,0,0,1358542,7446430,67890,0,202102.0
13,A15786424,0,0,432830,0,0,0,5605647,17011930,-295190,6822640,202102.0
14,A15786104,0,0,0,0,0,0,709316,6973390,760,4908490,202102.0
15,A15786510,0,0,0,0,0,0,382800,9960510,0,0,202102.0
16,A15704028,259030,0,0,0,0,0,4253910,30556100,280080,14793820,202102.0
17,A15704009,0,0,85360,0,0,0,2634550,0,0,0,202102.0
18,A15786312,0,0,0,0,0,0,1453740,10671350,0,4582560,202102.0
19,A15704007,0,0,0,0,0,0,3201600,0,3777740,0,202102.0
20,A15704023,0,0,0,0,0,0,814730,20520370,23170,7360560,202102.0
21,A15704017,474540,0,0,0,0,0,13755722,0,0,0,202102.0
22,A15786227,0,0,279840,0,0,0,7152640,18713580,0,18367890,202102.0
23,A15704003,0,0,153270,0,0,0,2211450,8458610,20,2803940,202102.0
24,A15704002,0,0,0,0,0,0,239110,8591940,0,3120750,202102.0
25,A15704001,0,0,0,0,0,0,9455240,7406460,6073340,6073340,202102.0
26,A15786213,0,0,0,0,0,0,1952610,11274850,0,4791390,202102.0
27,A15786408,0,0,70740,0,0,0,1355958,11810580,0,3832830,202102.0
28,A15776003,,,,,,,,,,,202102.0
29,A15776004,,,,,,,,,,,202102.0
30,A15785919,0,0,0,0,0,0,13252476,0,0,0,202102.0
31,A10025600,0,0,0,0,0,0,26381390,0,0,6752220,202102.0
32,A10027541,0,0,0,0,0,0,3119585,9831660,119770,5231670,202102.0
33,A10025049,,,,,,,,,,,202102.0
34,A15783907,0,0,0,0,0,0,3470990,11282070,0,0,202102.0
35,A15783703,0,0,0,0,0,0,3354340,12577330,0,9075710,202102.0
36,A15703004,28169880,30749530,0,0,-19886520,19886520,4921416,29213370,-2830,11799940,202102.0
37,A15703304,16787360,24384150,0,0,3294130,5296200,3412870,0,27390,0,202102.0
38,A15703303,4595810,27792990,0,0,0,16147600,8799490,18968300,664190,9674120,202102.0
39,A15703301,1011750,18578290,0,0,-5799500,5799500,2069640,0,1546180,0,202102.0
40,A15784008,8131440,22315150,0,0,0,9086230,7532677,13027570,570,6836800,202102.0
41,A15772902,0,0,0,0,0,0,1394910,0,0,0,202102.0
42,A15703302,28496580,36265020,0,0,-21521500,21521500,6936853,24627100,3381420,5862700,202102.0
43,A15772901,0,0,0,0,0,0,1831970,0,0,0,202102.0
44,A15703002,0,0,0,0,0,0,3507570,11590570,90330,4198750,202102.0
45,A15703005,0,0,0,0,0,0,1715650,10395140,0,3724920,202102.0
46,A15703309,69348360,0,0,0,0,0,31116800,0,15095330,0,202102.0
47,A15703307,31168880,49927400,0,0,-22880300,22880300,18731382,26493420,316100,13052060,202102.0
48,A15776916,0,35710250,0,0,0,20151000,4783890,0,0,0,202102.0
49,A15703001,0,0,0,0,0,0,2323270,7566350,0,6599080,202102.0
50,A15784402,0,0,-334890,334890,0,0,2156200,0,0,0,202102.0
51,A15776414,0,30183290,0,0,0,27968000,5168870,0,0,0,202102.0
52,A15703308,8324370,31863300,0,0,0,35198400,7560530,22540450,0,10963680,202102.0
53,A15783806,11611740,14105620,0,0,-10322400,10322400,5221710,10871330,1291500,3026400,202102.0
54,A15776617,0,12382990,0,0,0,10997200,2567150,0,0,0,202102.0
55,A15783905,0,0,49460,0,0,0,2394330,7979710,135420,0,202102.0
56,A15703318,0,9852400,0,0,0,10103500,2365120,12977010,0,6819120,202102.0
57,A15703204,0,0,0,0,0,0,17394792,90568480,0,33687760,202102.0
58,A15703313,0,30428910,0,0,0,24372000,7133730,0,0,0,202102.0
59,A15783902,0,0,137040,0,0,0,975549,8353570,0,0,202102.0
60,A15776715,0,19585170,0,0,0,16567200,4119790,0,0,0,202102.0
61,A15783701,118200,0,0,0,-270240,270240,2001285,8350120,5713030,0,202102.0
62,A15784003,0,0,0,0,0,0,3205420,5888180,6676910,0,202102.0
63,A15703306,1373820,22481400,0,0,0,12552500,3363630,0,750,7862530,202102.0
64,A15784201,0,0,0,0,0,0,7827660,5419600,60840,0,202102.0
65,A10025703,,,,,,,,,,,202102.0
66,A10023543,,,,,,,,,,,202102.0
67,A15701004,0,0,0,0,0,0,2101220,10142000,0,0,202102.0
68,A15701601,0,0,0,0,0,0,393250,12163650,0,4376210,202102.0
69,A15788302,0,0,183370,0,0,0,3330751,17500120,241220,7262980,202102.0
70,A15788901,0,0,0,0,0,0,3085840,8883450,0,0,202102.0
71,A15792602,10909479,176386210,0,11952810,0,81036000,4014094,108291790,95550,28012330,202102.0
72,A15701602,0,0,0,0,0,0,1038213,59509980,0,0,202102.0
73,A15770801,1933790,28819670,0,0,0,17652000,5591723,16894300,2170,9545430,202102.0
74,A15701002,0,0,0,0,0,0,2349706,7473150,-34110,8545720,202102.0
75,A15701003,27406580,157181500,0,0,0,65287800,41110819,124639810,6040840,42868210,202102.0
76,A15788203,0,0,0,0,0,0,3280992,10204260,0,0,202102.0
77,A15770101,0,0,0,0,0,0,1499360,7513340,0,0,202102.0
78,A15701007,40931110,126904740,0,0,0,97164780,52872140,136307340,0,44846970,202102.0
79,A10025201,,,,,,,,,,,202102.0
80,A15701006,,,,,,,,,,,202102.0
81,A10023515,,,,,,,,,,,202102.0
82,A10024145,,,,,,,,,,,202102.0
83,A15780604,10461225,59759800,0,0,-1235,23770310,10854496,34645000,0,0,202102.0
84,A15780605,52376640,0,0,0,37996000,0,35233940,0,70000,0,202102.0
85,A15780905,16032020,27642260,0,0,0,34727500,7780893,24724770,632699,21016379,202102.0
86,A15780002,1584880,27525130,0,0,441060,8835000,1573020,14036720,0,8211120,202102.0
87,A15781002,41645670,0,0,0,0,0,8850010,0,0,0,202102.0
88,A15780701,6715360,13699080,0,0,-4209000,4209000,4135325,6830750,10,2785200,202102.0
89,A15780806,57083620,0,0,0,41557500,0,8470050,0,0,0,202102.0
90,A15780705,87115550,0,0,0,0,0,8229050,0,0,0,202102.0
91,A15720101,0,0,38080,0,0,0,1069740,5680600,360,6884560,202102.0
92,A15780703,7863900,41284230,0,0,0,21996000,14967620,25270600,1165430,9052600,202102.0
93,A15774708,0,27637130,0,0,0,41853000,8687194,0,0,0,202102.0
94,A15780401,5880680,32819590,0,0,0,20036500,10413560,19235190,460,11173190,202102.0
95,A15780904,4021600,29542510,0,0,0,22690880,4104810,0,541010,0,202102.0
96,A15780602,0,0,389520,0,0,0,4499380,12008720,232550,6587920,202102.0
97,A15780603,13105580,50346140,0,0,0,25079600,7740930,26032930,4962700,0,202102.0
98,A15780704,11216085,37533400,0,0,0,33278400,4417616,19679010,7407200,10477300,202102.0
99,A15720001,0,0,0,0,0,0,11163363,40779560,0,14947310,202102.0
100,A15781003,3556900,28841400,0,0,0,27819300,4819100,32510,0,5380,202102.0
101,A10025616,,,,,,,,,,,202102.0
102,A10024367,,,,,,,,,,,202102.0
103,A10024792,,,,,,,,,,,202102.0
104,A15721001,0,0,22970,0,0,0,271920,9128250,0,2016530,202102.0
105,A15721003,146180,0,0,0,0,0,1877340,0,0,0,202102.0
106,A15721005,0,0,-429000,429000,0,0,9217790,22998540,-30,9639530,202102.0
107,A15722010,16338060,17404880,0,0,-14414000,14414000,3955760,16713030,123300,6434220,202102.0
108,A15721006,4934103,62095520,0,0,0,37481740,26759710,87841220,1317370,23524380,202102.0
109,A15728011,3352344,41291880,0,0,0,31123520,20583950,55099183,0,18129490,202102.0
110,A15721007,9098550,41264560,0,0,0,32740670,22809010,58601653,1359280,15323790,202102.0
111,A15721004,0,0,0,0,0,0,562810,11431860,915650,8865890,202102.0
112,A15721010,37834570,49880940,660,0,-25158470,25100490,9807530,47352650,128290,18670470,202102.0
113,A15721009,0,0,0,0,0,0,4624470,0,0,0,202102.0
114,A15721008,16714290,0,0,0,53680,9429540,137140,19257690,278650,3802780,202102.0
115,A15722009,8934450,0,0,0,8782470,0,10599630,0,3940060,0,202102.0
116,A10027433,1063500,20192820,0,799780,0,13440150,4117570,24230450,0,8190730,202102.0
117,A10027452,271330,16160380,0,0,748750,15811000,6457950,13945690,701410,9123740,202102.0
118,A10027403,1822548,9135280,0,0,0,10153390,4616600,10022430,415070,6187360,202102.0
119,A10026879,12757060,49183360,0,0,0,31897200,8436052,45066400,904470,18782730,202102.0
120,A10027687,3323780,31467870,0,0,11674630,0,11163993,24981850,-157730,9421890,202102.0
121,A10027371,2142230,8384990,0,0,0,9919080,2911111,8996780,107700,5744250,202102.0
122,A10024426,,,,,,,,,,,202102.0
123,A15721011,2904000,12214180,0,0,0,8023700,2962250,11296440,-1060,4602800,202102.0
124,A15728002,506580,13780390,0,0,0,10170860,4379560,13150950,118290,6101140,202102.0
125,A15728006,2076040,43501330,0,0,268560,26665700,8928180,25235790,1457390,14947970,202102.0
126,A15728009,693310,0,0,0,0,0,3922649,94606570,-3887210,86607530,202102.0
127,A15728005,3511980,25756900,0,0,0,13214230,7606641,24132284,787200,8569580,202102.0
128,A15728010,0,0,0,0,0,0,1737295,8205220,0,6112570,202102.0
129,A15728007,339670,35116780,0,0,42850,26062160,6063720,21107130,479610,13198510,202102.0
130,A15728003,2491430,26885790,0,0,0,17404800,6675850,18816170,155330,10890130,202102.0
131,A15782501,0,0,0,0,0,0,1049420,6279590,513250,5164510,202102.0
132,A15728013,,,,,,,,,,,202102.0
133,A15728008,3516920,47104800,0,0,0,38910800,10846060,28905970,698760,18379520,202102.0
134,A15728004,2079360,29956800,0,0,49320,21287500,5976970,20770060,121990,11563260,202102.0
135,A15779704,0,0,103860,0,0,0,2975990,8096950,0,3368960,202102.0
136,A10028020,,,,,,,,,,,202102.0
137,A15781201,0,0,0,0,0,0,4358200,11141300,323270,7444640,202102.0
138,A15722005,0,0,0,0,0,0,5174980,11865790,590,5499510,202102.0
139,A15784601,0,0,0,0,0,0,2732340,6592530,130910,4370400,202102.0
140,A15722106,0,0,0,0,0,0,3606031,9729120,0,0,202102.0
141,A15722314,40232890,36835610,0,0,16624000,16624000,7296840,0,0,0,202102.0
142,A15785711,23555630,30884350,0,0,-16003450,15968100,5158110,0,897840,5535480,202102.0
143,A15785709,7368540,26256000,0,0,-5820000,5820000,3506280,0,117790,6138690,202102.0
144,A15785703,0,0,0,0,0,0,2261550,6250890,-90,3968650,202102.0
145,A15722304,0,0,0,0,0,0,1562870,8627840,0,0,202102.0
146,A15777501,5734310,38343900,0,0,0,14004000,6134960,0,558990,2975850,202102.0
147,A15722108,0,0,0,0,0,0,11108340,17577090,-640,7852560,202102.0
148,A15722201,0,0,0,0,0,0,11189350,0,5826730,0,202102.0
149,A15785608,3584970,36029280,0,0,0,11510200,8509010,22540920,711480,7968030,202102.0
150,A15785002,0,0,0,0,0,0,1705342,8013970,47650,3568350,202102.0
151,A15785005,3493270,22371240,0,0,0,11119400,4998610,0,1161060,0,202102.0
152,A15722004,0,0,0,0,0,0,22752912,17816460,6127030,6127030,202102.0
153,A15722203,0,0,0,0,0,0,0,0,0,0,202102.0
154,A15785613,6193260,57789630,0,0,-22050,14899500,2748126,22203410,5521850,0,202102.0
155,A15785507,3157180,18076430,0,0,0,9301500,4954178,11580000,2218050,0,202102.0
156,A15722204,0,0,0,0,0,0,12674600,0,0,0,202102.0
157,A15785612,4515740,23411000,0,0,0,11106990,3765730,0,0,0,202102.0
158,A15722102,0,0,0,0,0,0,2572800,6576250,505230,2983340,202102.0
159,A15785605,1975000,6085780,0,0,0,6377200,1090000,0,0,0,202102.0
160,A15778101,9330590,37034400,0,0,0,19777500,6231313,18346930,0,4087350,202102.0
161,A15785601,0,13018460,0,0,0,3314500,3062880,7067280,842830,0,202102.0
162,A15722307,814320,20547060,-1270200,1270200,0,7492000,3016810,0,1370330,0,202102.0
163,A15722011,,,,,,,,,,,202102.0
164,A15722003,0,0,0,0,0,0,4258360,11644350,0,0,202102.0
165,A15773501,0,0,0,0,0,0,672653,9749960,0,0,202102.0
166,A15722007,0,0,0,0,0,0,3246260,7418630,0,0,202102.0
167,A15785710,8229970,43946300,0,0,0,23320500,9155770,26616430,5370,7214340,202102.0
168,A10025641,,,,,,,,,,,202102.0
169,A15722104,0,0,240900,0,0,0,736978,7135530,20900,0,202102.0
170,A15722008,,,,,,,,,,,202102.0
171,A15722306,0,0,118910,0,-272550,272550,1312870,8230700,-1210,2693980,202102.0
172,A10023292,,,,,,,,,,,202102.0
173,A15722001,0,0,174190,0,0,0,2151680,5838640,52700,0,202102.0
174,A10024505,1382120,6154040,0,0,0,2612380,4932510,4152280,103560,1797790,202102.0
