,kaptCode,heatC,heatP,gasC,gasP,waterHotC,waterHotP,electC,electP,waterCoolC,waterCoolP,Date
0,A15786116,0,0,9460,0,0,0,998510,10097910,0,0,202111.0
1,A15704015,0,0,42840,0,0,0,5818350,12195680,0,0,202111.0
2,A15786118,0,0,0,0,0,0,2229612,10917980,444610,6237460,202111.0
3,A15786426,0,0,0,0,0,0,866054,19968450,141645,0,202111.0
4,A15704025,0,0,0,0,0,0,1465368,19816160,73560,16825900,202111.0
5,A15776001,0,0,0,0,0,0,1095123,9777430,0,3494830,202111.0
6,A15786321,0,0,0,0,0,0,454140,13572560,0,0,202111.0
7,A15786314,0,0,0,0,0,0,3237800,8428720,0,4544340,202111.0
8,A15704006,7840,0,0,0,0,0,1653920,0,0,0,202111.0
9,A15786222,0,0,0,0,0,0,0,11863870,0,5518860,202111.0
10,A15786420,0,0,68660,0,0,0,4106870,9380490,197790,0,202111.0
11,A15786111,0,0,0,0,0,0,11457040,0,9013680,0,202111.0
12,A15786405,0,0,720,0,0,0,970172,6404190,142290,0,202111.0
13,A15786424,0,0,96050,0,0,0,5556568,17773860,-280260,7538360,202111.0
14,A15786104,0,0,0,0,0,0,-8484,6103540,0,0,202111.0
15,A15786510,0,0,0,0,0,0,375540,7517400,-4380,7256120,202111.0
16,A15704028,185580,0,0,0,0,0,4251010,25544310,517370,0,202111.0
17,A15704009,0,0,12420,0,0,0,2075210,0,0,0,202111.0
18,A15786312,0,0,0,0,0,0,9653710,0,4539320,0,202111.0
19,A15704007,0,0,0,0,0,0,2504920,0,4151560,0,202111.0
20,A15704023,0,0,0,0,0,0,937820,17590750,68790,8585040,202111.0
21,A15704017,0,0,0,0,0,0,12441270,0,11183020,0,202111.0
22,A15786227,0,0,71980,0,0,0,5083440,16126470,0,0,202111.0
23,A15704003,0,0,720,0,0,0,2102050,6818440,0,3491570,202111.0
24,A15704002,0,0,0,0,0,0,338160,7644960,0,4021480,202111.0
25,A15704001,0,0,0,0,0,0,1564390,6601130,0,0,202111.0
26,A15786213,0,0,0,0,0,0,870090,9653130,0,4876920,202111.0
27,A15786408,0,0,35860,0,0,0,249310,9845970,0,3794040,202111.0
28,A15776003,,,,,,,,,,,202111.0
29,A15776004,,,,,,,,,,,202111.0
30,A15785919,0,0,0,444010,0,0,328086,12873750,0,0,202111.0
31,A10025600,0,0,0,0,0,0,23400460,0,497310,7969310,202111.0
32,A10027541,0,0,0,0,0,0,2169722,8582330,0,0,202111.0
33,A10025049,,,,,,,,,,,202111.0
34,A15783907,0,0,0,0,0,0,554372,14430810,11978390,0,202111.0
35,A15783703,0,0,0,0,0,0,11769960,0,0,0,202111.0
36,A15703004,19330680,13044680,0,0,-13701450,13701450,4824027,25696270,-1290,13663100,202111.0
37,A15703304,901240,13883300,0,0,1076660,2557310,2297460,0,0,0,202111.0
38,A15703303,27667860,0,0,0,11031850,11031850,22559320,0,10244870,0,202111.0
39,A15703301,870490,8714380,0,0,0,5435500,1814090,0,906610,0,202111.0
40,A15784008,5976540,11554250,0,0,0,5703350,6553956,12022530,0,6372670,202111.0
41,A15772902,0,0,0,0,0,0,1248860,0,19800,0,202111.0
42,A15703302,17732010,19471970,0,0,-12390400,12390400,5615641,21044580,3053660,6086020,202111.0
43,A15772901,0,0,0,0,0,0,1453610,0,24120,0,202111.0
44,A15703002,0,0,0,0,0,0,12063250,9687730,4314640,4314640,202111.0
45,A15703005,0,0,0,0,0,0,9989280,0,3927080,0,202111.0
46,A15703309,9878530,30398940,0,0,-6766800,6766800,1250290,25737310,566840,16186950,202111.0
47,A15703307,19455180,26457550,0,0,-13089000,13089000,5893500,30111130,-790,12622680,202111.0
48,A15776916,0,20764320,0,0,0,15006000,3480810,0,0,0,202111.0
49,A15703001,0,0,0,0,0,0,1518770,6460450,0,0,202111.0
50,A15784402,0,0,-372440,372440,0,0,1222310,0,0,0,202111.0
51,A15776414,0,9363910,0,0,0,21276000,3919130,0,1109480,0,202111.0
52,A15703308,5067980,20035800,0,0,0,18985200,4517030,21381980,538400,10644270,202111.0
53,A15783806,15202980,0,0,0,0,0,13673540,0,4302110,0,202111.0
54,A15776617,0,12387960,0,0,0,7550600,1614279,0,0,0,202111.0
55,A15783905,0,0,0,0,0,0,2141760,6735280,117120,0,202111.0
56,A15703318,0,4383000,0,0,0,8982930,1121595,11109450,0,6630690,202111.0
57,A15703204,0,0,0,0,0,0,10115690,94851120,0,37445280,202111.0
58,A15703313,0,8559490,0,0,0,14832000,5173290,0,39510,0,202111.0
59,A15783902,0,0,1600,0,0,0,207625,7194620,0,6773770,202111.0
60,A15776715,0,11843640,0,0,0,11876400,2976110,0,0,0,202111.0
61,A15783701,80820,0,0,0,-275540,275540,224310,7419820,0,0,202111.0
62,A15784003,0,0,0,0,0,0,1777970,5182180,0,0,202111.0
63,A15703306,1373750,13610300,0,0,0,6510000,2939310,0,85950,8751800,202111.0
64,A15784201,0,0,0,0,0,0,2313960,4076570,0,0,202111.0
65,A10025703,,,,,,,,,,,202111.0
66,A10023543,,,,,,,,,,,202111.0
67,A15701004,0,0,0,0,0,0,819610,8992510,-40,7663930,202111.0
68,A15701601,0,0,0,0,0,0,-592450,10560180,0,4327270,202111.0
69,A15788302,0,0,0,0,0,0,3408339,15566040,297350,7702990,202111.0
70,A15788901,0,0,0,0,0,0,2298890,7927240,0,0,202111.0
71,A15792602,10909479,82726830,0,12337430,0,62468000,4500000,119279080,1672480,30416530,202111.0
72,A15701602,0,0,0,0,0,0,63211848,0,52218890,0,202111.0
73,A15770801,1778530,17489430,0,0,-22500,8817500,4060526,16976730,2280,11123180,202111.0
74,A15701002,0,0,0,0,0,0,2812072,7885910,0,0,202111.0
75,A15701003,19847610,89412680,0,0,0,51489000,37532314,116348820,0,54061030,202111.0
76,A15788203,0,0,0,0,0,0,2557610,10871760,0,0,202111.0
77,A15770101,0,0,0,0,0,0,1439380,6960200,338630,7007440,202111.0
78,A15701007,34319950,63643820,0,0,0,52227200,43278960,146465810,700020,46757710,202111.0
79,A10025201,,,,,,,,,,,202111.0
80,A15701006,,,,,,,,,,,202111.0
81,A10023515,,,,,,,,,,,202111.0
82,A10024145,0,0,0,0,0,0,4681388,4452970,0,2117456,202111.0
83,A15780604,4867686,35370000,0,0,-1206,15867320,7156247,40335640,-870,9115890,202111.0
84,A15780605,-24742718,57489948,0,0,-5987000,23948000,3203745,26500605,38750,23750,202111.0
85,A15780905,5559332,0,0,0,0,0,5734980,0,0,0,202111.0
86,A15780002,1584880,15156970,0,0,328620,6261600,888450,15202590,0,8336020,202111.0
87,A15781002,6039000,15399410,0,708230,0,11710750,1179540,0,0,0,202111.0
88,A15780701,3136800,7270750,0,0,-2229140,2229140,3955290,7462670,-300,3037220,202111.0
89,A15780806,39802820,0,0,0,27940000,0,5474720,0,0,0,202111.0
90,A15780705,52331000,0,0,0,0,0,0,0,0,0,202111.0
91,A15720101,0,0,0,0,0,0,886209,6026300,0,0,202111.0
92,A15780703,5789785,22912105,0,0,0,12364800,12096010,21216150,0,3026720,202111.0
93,A15774708,0,19754060,0,0,0,22235500,7509052,0,0,0,202111.0
94,A15780401,4177550,18025740,0,0,-28360,14064260,8478220,17377690,400,11161010,202111.0
95,A15780904,3309250,23150460,0,0,0,12691280,2941060,0,874710,0,202111.0
96,A15780602,0,0,61800,0,0,0,3994760,10196960,0,6406720,202111.0
97,A15780603,8277660,26609700,0,0,0,17192000,5512590,33994680,4298000,0,202111.0
98,A15780704,7908138,25231940,0,0,0,18921000,4250020,22787370,5442720,11789100,202111.0
99,A15720001,0,0,0,0,0,0,10305021,43620910,0,14752310,202111.0
100,A15781003,2696930,17082400,0,0,0,14864000,3838270,33870,0,5880,202111.0
101,A10025616,,,,,,,,,,,202111.0
102,A10024367,,,,,,,,,,,202111.0
103,A10024792,,,,,,,,,,,202111.0
104,A15721001,0,0,5230,0,0,0,1444170,6706870,32600,2206800,202111.0
105,A15721003,78640,0,0,0,0,0,1464690,0,789780,0,202111.0
106,A15721005,0,0,-429000,429000,0,0,2346290,18131950,0,0,202111.0
107,A15722010,11068100,8229570,0,0,-9143000,9143000,313200,20421980,411890,7830710,202111.0
108,A15721006,2267430,33186450,0,0,0,25872900,11470796,54784740,670980,25512700,202111.0
109,A15728011,3062260,22686870,0,0,0,20900220,15063190,39952630,0,21739880,202111.0
110,A15721007,4893060,26822810,0,0,0,14744560,13202956,52447680,0,15893710,202111.0
111,A15721004,0,0,0,0,0,0,-37640,0,0,0,202111.0
112,A15721010,24964210,26959510,2570,0,0,17246750,8563790,53321270,266020,21777820,202111.0
113,A15721009,413450,0,0,0,0,0,3434540,0,0,0,202111.0
114,A15721008,9153050,0,0,0,57780,6048230,91730,17070800,207810,3793840,202111.0
115,A15722009,5835580,0,0,0,3996500,0,11612470,0,3716180,0,202111.0
116,A10027433,0,10485680,0,880750,0,9356690,2200900,21643270,0,8122260,202111.0
117,A10027452,10130420,7333600,0,0,-9681980,9653490,5157530,15945700,707000,9796780,202111.0
118,A10027403,1188988,5197270,0,0,0,6985800,4522470,11780480,216410,6558710,202111.0
119,A10026879,7347620,23224080,0,0,0,20706000,7355721,50157720,-622620,19973980,202111.0
120,A10027687,3128500,16082920,0,0,6795040,0,11062412,27736310,-236920,10433320,202111.0
121,A10027371,1579940,4486430,0,0,0,6642150,3498914,10687230,102600,5423700,202111.0
122,A10024426,1884946,22870146,0,0,0,32129020,18620017,44545134,892560,22832550,202111.0
123,A15721011,2843630,5929260,0,0,0,4942160,1971956,12840860,23830,4933010,202111.0
124,A15728002,285570,8717610,0,0,0,4695090,4719240,11953170,60030,6457700,202111.0
125,A15728006,2024610,18038380,0,0,238970,22296260,8138570,27567330,615050,16739870,202111.0
126,A15728009,10530,0,0,0,0,0,-3038983,101824850,0,0,202111.0
127,A15728005,1793860,16627750,0,0,0,7089600,6670185,22298663,0,10158980,202111.0
128,A15728010,0,0,0,0,0,0,1192552,7050810,0,0,202111.0
129,A15728007,348670,18960580,0,0,32000,16785400,5809140,22564290,143610,14129670,202111.0
130,A15728003,2615970,18413540,0,0,0,6479180,6960500,20237650,195520,11111530,202111.0
131,A15782501,0,0,0,0,0,0,1242000,6187210,0,0,202111.0
132,A15728013,,,,,,,,,,,202111.0
133,A15728008,2384740,25100240,0,0,0,26055400,15338400,31865210,110510,19920460,202111.0
134,A15728004,1911650,15463800,0,0,37280,14846570,5263120,19615380,113420,12246860,202111.0
135,A15779704,0,0,8740,0,0,0,3337410,8185350,0,4758090,202111.0
136,A10028020,,,,,,,,,,,202111.0
137,A15781201,0,0,0,0,0,0,3327110,10332100,0,0,202111.0
138,A15722005,0,0,0,0,0,0,2620350,10983170,7800,6002990,202111.0
139,A15784601,0,0,0,0,0,0,1759800,6335470,0,0,202111.0
140,A15722106,0,0,0,0,0,0,3422612,11076940,0,6950960,202111.0
141,A15722314,27106470,24490640,0,0,11961000,11961000,4941760,0,80280,0,202111.0
142,A15785711,10855180,19527000,0,0,-8894850,8803650,2653650,0,1812630,5548880,202111.0
143,A15785709,8577630,9566250,0,0,-7168000,7168000,3048380,0,71760,6068710,202111.0
144,A15785703,0,0,0,0,0,0,2272882,6395590,0,0,202111.0
145,A15722304,0,0,0,0,0,0,1147590,7836900,10,4327680,202111.0
146,A15777501,5192040,19085300,0,0,0,10639200,4363350,0,339210,2864400,202111.0
147,A15722108,0,0,0,0,0,0,8803960,14899850,0,8621480,202111.0
148,A15722201,0,0,0,0,0,0,2859200,4893310,0,0,202111.0
149,A15785608,3616250,21232680,0,0,0,5536000,4233280,18712860,132610,8951220,202111.0
150,A15785002,0,0,0,0,0,0,1262340,6768200,450320,3429270,202111.0
151,A15785005,2275680,12183130,0,0,0,9726500,3773550,0,867880,0,202111.0
152,A15722004,0,0,0,0,0,0,12974570,12661160,6007170,6007170,202111.0
153,A15722203,0,0,0,0,0,0,9754401,0,0,0,202111.0
154,A15785613,4459380,29479560,0,0,0,12330000,4334261,22554860,6066430,0,202111.0
155,A15785507,1972310,7412720,0,0,0,7455600,3939135,10089619,2317440,0,202111.0
156,A15722204,0,0,0,0,0,0,12796290,0,10675490,0,202111.0
157,A15785612,13550,18230490,0,0,0,8087300,2598810,0,72120,0,202111.0
158,A15722102,0,0,0,0,0,0,2420510,6627770,395470,3179370,202111.0
159,A15785605,775000,4914420,0,0,0,3458700,1620290,0,0,9510,202111.0
160,A15778101,6821530,15750400,0,0,-57700,15842400,6696842,19437650,0,1468320,202111.0
161,A15785601,0,7697760,0,0,0,2877000,1926790,6363640,731580,0,202111.0
162,A15722307,814160,9563320,-1477640,1477640,-11200,4617200,2390110,0,1577810,0,202111.0
163,A15722011,,,,,,,,,,,202111.0
164,A15722003,0,0,0,0,0,0,3566190,12251240,1062520,10027290,202111.0
165,A15773501,0,0,0,0,0,0,365043,10234210,84500,9785980,202111.0
166,A15722007,0,0,0,0,0,0,1170180,7005220,0,0,202111.0
167,A15785710,7087220,23068040,0,0,0,14234800,9654300,28613930,104240,7956160,202111.0
168,A10025641,,,,,,,,,,,202111.0
169,A15722104,0,0,0,0,0,0,407139,7425740,0,0,202111.0
170,A15722008,,,,,,,,,,,202111.0
171,A15722306,0,0,0,0,0,0,10330320,0,2876280,0,202111.0
172,A10023292,,,,,,,,,,,202111.0
173,A15722001,0,0,870,0,0,0,1782840,5000420,0,0,202111.0
174,A10024505,13397980,0,0,0,0,0,20257600,0,6558440,0,202111.0
