,kaptCode,heatC,heatP,gasC,gasP,waterHotC,waterHotP,electC,electP,waterCoolC,waterCoolP,Date
0,A15786116,0,0,173590,0,0,0,599510,13027030,0,0,202101.0
1,A15704015,0,0,169130,0,0,0,6504770,14276430,-10465550,10465550,202101.0
2,A15786118,0,0,0,0,0,0,2836894,13028030,467380,6374280,202101.0
3,A15786426,0,0,0,0,0,0,847801,25010010,368520,0,202101.0
4,A15704025,0,0,0,0,0,0,4718784,23492420,83440,16951420,202101.0
5,A15776001,0,0,0,0,0,0,2064101,10871370,0,3462890,202101.0
6,A15786321,0,0,0,0,0,0,85070,16564180,0,0,202101.0
7,A15786314,0,0,0,0,0,0,3265910,10284760,0,5107170,202101.0
8,A15704006,233240,0,0,0,0,0,1856400,0,0,0,202101.0
9,A15786222,0,0,0,0,0,0,1394089,14920920,0,6075900,202101.0
10,A15786420,0,0,133990,0,0,0,2253070,13225360,0,0,202101.0
11,A15786111,0,0,0,0,0,0,15124040,0,8166530,0,202101.0
12,A15786405,0,0,47280,0,0,0,1269321,7458360,33480,0,202101.0
13,A15786424,0,0,294780,0,0,0,6620606,22635900,181030,7522690,202101.0
14,A15786104,0,0,0,0,0,0,360506,7172200,0,0,202101.0
15,A15786510,0,0,0,0,0,0,351890,10443460,-6120,6626380,202101.0
16,A15704028,256080,0,0,0,0,0,5122940,32509440,210060,14985020,202101.0
17,A15704009,0,0,122380,0,0,0,2563580,0,0,0,202101.0
18,A15786312,0,0,0,0,0,0,1112460,11435910,0,4147170,202101.0
19,A15704007,0,0,0,0,0,0,3169160,0,4291840,0,202101.0
20,A15704023,0,0,0,0,0,0,2294770,22842520,280750,7875960,202101.0
21,A15704017,446290,0,0,0,0,0,14472435,0,10752940,0,202101.0
22,A15786227,0,0,219290,0,0,0,979130,24497310,0,0,202101.0
23,A15704003,0,0,73750,0,0,0,11057350,0,3520450,0,202101.0
24,A15704002,0,0,0,0,0,0,558610,9524990,0,3851020,202101.0
25,A15704001,0,0,0,0,0,0,10052150,0,0,0,202101.0
26,A15786213,0,0,0,0,0,0,1431410,12742900,0,4806270,202101.0
27,A15786408,0,0,57960,0,0,0,36000,12852640,0,4394720,202101.0
28,A15776003,,,,,,,,,,,202101.0
29,A15776004,,,,,,,,,,,202101.0
30,A15785919,0,0,0,0,0,0,16954417,0,0,0,202101.0
31,A10025600,0,0,0,0,0,0,34538400,0,79020,7676570,202101.0
32,A10027541,0,0,0,0,0,0,3350558,10905370,0,0,202101.0
33,A10025049,,,,,,,,,,,202101.0
34,A15783907,0,0,0,0,0,0,4194250,14833620,0,11060480,202101.0
35,A15783703,0,0,0,0,0,0,2695220,13431030,0,0,202101.0
36,A15703004,43866090,36928630,0,0,-33396260,33396260,4629967,31650060,-1160,15498900,202101.0
37,A15703304,991360,18955200,0,0,1024540,1993530,3555010,0,0,0,202101.0
38,A15703303,6602570,40174410,0,0,0,21073720,6869730,22295890,243390,9460400,202101.0
39,A15703301,870490,25416320,0,0,0,9544500,2239150,0,1300000,0,202101.0
40,A15784008,10821200,34207920,0,0,0,10323280,7199278,13893660,0,6404190,202101.0
41,A15772902,0,0,0,0,0,0,1475100,0,0,0,202101.0
42,A15703302,35245561,55558069,0,0,-24069500,24069500,7302653,25327870,4031900,6654800,202101.0
43,A15772901,0,0,0,0,0,0,1855180,0,0,0,202101.0
44,A15703002,0,0,0,0,0,0,3377090,12215630,0,4209020,202101.0
45,A15703005,0,0,0,0,0,0,2338910,9493530,0,3816440,202101.0
46,A15703309,97814570,0,0,0,0,0,33353990,0,17176370,0,202101.0
47,A15703307,38191320,74564130,0,0,-26514400,26514400,18354296,29187070,493190,14073450,202101.0
48,A15776916,0,47074690,0,0,0,18018000,5120130,0,0,0,202101.0
49,A15703001,0,0,0,0,0,0,2021030,7403750,0,0,202101.0
50,A15784402,0,0,-359300,359300,0,0,2008370,0,0,0,202101.0
51,A15776414,0,47032710,0,0,0,25440000,5607350,0,0,0,202101.0
52,A15703308,8831110,65120950,0,0,0,27885600,8135480,23758510,579540,10450440,202101.0
53,A15783806,11270210,23930430,0,0,-9881250,9881250,4483830,12484850,1262970,3565080,202101.0
54,A15776617,0,23894940,0,0,0,8204200,2835710,0,0,0,202101.0
55,A15783905,0,0,30130,0,0,0,2229750,8257360,226920,0,202101.0
56,A15703318,0,15170530,0,0,0,10318080,3115870,12885920,0,6130400,202101.0
57,A15703204,0,0,0,0,0,0,18842134,115971090,0,37057670,202101.0
58,A15703313,0,53357290,0,0,0,14565000,7352651,0,0,0,202101.0
59,A15783902,0,0,107260,0,0,0,429080,8834120,0,6392340,202101.0
60,A15776715,0,26070820,0,0,0,15343200,4335350,0,0,0,202101.0
61,A15783701,154740,0,0,0,-290980,290980,1608512,8816200,0,0,202101.0
62,A15784003,0,0,0,0,0,0,3614360,5613430,0,0,202101.0
63,A15703306,1373530,43579340,0,0,0,6587500,3490980,0,462460,8333130,202101.0
64,A15784201,0,0,0,0,0,0,1373040,6733400,0,0,202101.0
65,A10025703,,,,,,,,,,,202101.0
66,A10023543,,,,,,,,,,,202101.0
67,A15701004,0,0,0,0,0,0,1955520,11190610,10,6707220,202101.0
68,A15701601,0,0,0,0,0,0,183570,13252410,0,4227510,202101.0
69,A15788302,0,0,76490,0,0,0,6006930,18788610,158060,7964000,202101.0
70,A15788901,0,0,0,0,0,0,4298690,10037120,0,0,202101.0
71,A15792602,10909479,291746560,0,15952470,0,80772000,16721303,140105820,1174090,27133000,202101.0
72,A15701602,0,0,0,0,0,0,8762784,76852960,50173970,0,202101.0
73,A15770801,1930020,49358140,0,0,0,16628000,5277626,18457620,2020,10591390,202101.0
74,A15701002,0,0,0,0,0,0,4708720,9662700,0,0,202101.0
75,A15701003,36159620,235707410,0,0,0,73849200,38587778,139061060,4027230,45367360,202101.0
76,A15788203,0,0,0,0,0,0,5028759,12929860,85140,0,202101.0
77,A15770101,0,0,0,0,0,0,1974750,8752520,613750,6467310,202101.0
78,A15701007,44356030,201777310,0,0,0,114091020,58024320,172927520,0,48780980,202101.0
79,A10025201,,,,,,,,,,,202101.0
80,A15701006,,,,,,,,,,,202101.0
81,A10023515,,,,,,,,,,,202101.0
82,A10024145,,,,,,,,,,,202101.0
83,A15780604,13799260,89805490,0,0,-1220,25267010,13884361,42289360,-2170,11039410,202101.0
84,A15780605,96713900,0,0,0,25914720,0,37766270,0,45000,0,202101.0
85,A15780905,20930510,89520060,0,0,0,15905000,8486355,37098200,68620,21530090,202101.0
86,A15780002,1584880,43604400,0,0,418470,9044750,1401460,17965000,0,8548470,202101.0
87,A15781002,19085560,36466530,0,0,-11003220,11003220,7209030,0,0,0,202101.0
88,A15780701,7911230,21680170,0,0,-5249110,5249110,4600814,8821080,-200,3275420,202101.0
89,A15780806,86753520,0,0,0,41562000,0,8998230,0,0,0,202101.0
90,A15780705,105361940,0,0,0,0,0,8608150,0,0,0,202101.0
91,A15720101,0,0,26940,0,0,0,1905962,6383800,0,0,202101.0
92,A15780703,10521455,65202225,0,0,0,24672000,15821440,27409370,1124290,9829940,202101.0
93,A15774708,0,69519570,0,0,0,18893000,8992730,0,2165030,0,202101.0
94,A15780401,5650910,48357140,0,0,0,27911200,9141120,19560230,520,9741620,202101.0
95,A15780904,6672500,52344510,0,0,0,16024320,3936580,0,811210,0,202101.0
96,A15780602,0,0,345830,0,0,0,5004590,12699390,165140,6526560,202101.0
97,A15780603,17554370,77818300,0,0,0,28319200,15212270,34125510,4846940,0,202101.0
98,A15780704,14648774,75156100,0,0,0,26576000,8755780,24087800,9022710,11396970,202101.0
99,A15720001,0,0,0,0,0,0,15991356,51860080,0,14798230,202101.0
100,A15781003,3685490,53941800,0,0,0,18840500,5027880,34480,0,5380,202101.0
101,A10025616,,,,,,,,,,,202101.0
102,A10024367,,,,,,,,,,,202101.0
103,A10024792,,,,,,,,,,,202101.0
104,A15721001,0,0,11900,0,0,0,267630,9054610,0,2202960,202101.0
105,A15721003,119020,0,0,0,0,0,1873550,0,390550,0,202101.0
106,A15721005,0,0,-429000,429000,0,0,9523860,22026380,0,0,202101.0
107,A15722010,18833610,27746280,0,0,-16708400,16708400,6235870,26509610,137800,8497710,202101.0
108,A15721006,6893803,96536290,0,2514470,0,42493360,26858510,89656870,1207890,26343190,202101.0
109,A15728011,3716000,67323720,0,0,0,34322600,19942410,48896575,137000,20874570,202101.0
110,A15721007,10164120,66002030,0,0,0,38745460,20285780,58653480,1354810,16983270,202101.0
111,A15721004,0,0,0,0,0,0,-12270,12439590,0,0,202101.0
112,A15721010,38958420,80220090,650,0,-28440750,28372710,20626030,60639160,11590,21256690,202101.0
113,A15721009,0,0,0,0,0,0,7295380,0,0,0,202101.0
114,A15721008,26173050,0,0,0,-32690,10139600,2736510,17505800,364330,3892650,202101.0
115,A15722009,8841660,8934450,-309490,306970,94220,4141200,6914970,7716150,-131360,3940060,202101.0
116,A10027433,1063500,30822300,0,897770,0,15378880,3724570,25303290,93730,9005570,202101.0
117,A10027452,271330,25814640,0,0,1704850,18107400,9131470,17887160,754150,9910420,202101.0
118,A10027403,2557938,14697240,0,0,0,11840590,5599170,12785420,89880,6335640,202101.0
119,A10026879,15908350,80943100,0,0,0,35386800,9479368,62742790,197280,21253150,202101.0
120,A10027687,3423710,47175270,0,0,14543140,0,11765186,32347000,-311360,10751790,202101.0
121,A10027371,2865140,13311420,0,0,0,12148420,3879553,11563340,108530,5766440,202101.0
122,A10024426,,,,,,,,,,,202101.0
123,A15721011,3040190,19423020,0,0,0,9228300,8004390,14369420,-1240,5303820,202101.0
124,A15728002,616387,0,0,0,0,0,4746560,0,214090,0,202101.0
125,A15728006,2115020,61556440,0,0,310880,36156470,9584260,33360690,1927580,17115170,202101.0
126,A15728009,300440,0,0,0,0,0,-205075,120125690,0,0,202101.0
127,A15728005,3853540,37333990,0,0,0,15470790,7807385,26523718,1031120,9527110,202101.0
128,A15728010,0,0,0,0,0,0,1215660,9556160,0,0,202101.0
129,A15728007,343240,54368000,0,0,44250,30133500,7873890,27436670,180030,15358080,202101.0
130,A15728003,16246590,26885790,0,0,2209200,17404800,13040480,18816170,1902160,10890130,202101.0
131,A15782501,0,0,0,0,0,0,854570,7812060,0,0,202101.0
132,A15728013,,,,,,,,,,,202101.0
133,A15728008,2657880,73525350,0,0,0,43224000,15760170,36762760,738120,20948670,202101.0
134,A15728004,2259351,44651780,0,0,55200,25927900,6468495,22276800,85080,12706980,202101.0
135,A15779704,0,0,75300,0,0,0,3382600,10365510,0,3799400,202101.0
136,A10028020,,,,,,,,,,,202101.0
137,A15781201,0,0,0,0,0,0,4488810,11938570,0,0,202101.0
138,A15722005,0,0,0,0,0,0,3666460,13140810,10480,5818240,202101.0
139,A15784601,0,0,0,0,0,0,2212740,6843840,0,0,202101.0
140,A15722106,0,0,0,0,0,0,4118230,12426930,0,6802950,202101.0
141,A15722314,57323650,53926340,0,0,18180000,18180000,7439040,0,0,0,202101.0
142,A15785711,27524660,46096380,0,0,-17676750,17626800,5028620,0,2244720,5567810,202101.0
143,A15785709,12643200,34100000,0,0,-10336500,10336500,3563890,0,151280,7056760,202101.0
144,A15785703,0,0,0,0,0,0,2496831,8049920,0,0,202101.0
145,A15722304,0,0,0,0,0,0,968990,10009860,0,4307960,202101.0
146,A15777501,8662300,53776000,0,0,0,18979800,6407590,0,411370,2259500,202101.0
147,A15722108,0,0,0,0,0,0,11126560,17986600,0,8720270,202101.0
148,A15722201,0,0,0,0,0,0,10899190,0,0,0,202101.0
149,A15785608,5784520,56391880,0,0,0,12661600,9208080,25312390,404920,8920200,202101.0
150,A15785002,0,0,0,0,0,0,1403319,8812970,0,3506560,202101.0
151,A15785005,3499310,32521530,0,0,0,14605000,5084900,0,785100,0,202101.0
152,A15722004,0,0,0,0,0,0,23308994,18763490,5958440,5958440,202101.0
153,A15722203,0,0,0,0,0,0,0,0,0,0,202101.0
154,A15785613,7586070,83492130,0,0,-55200,18110620,7941128,24691380,5521860,0,202101.0
155,A15785507,4223080,27665330,0,0,0,9964500,6119707,12879008,3292230,0,202101.0
156,A15722204,0,0,0,0,0,0,15204720,0,10019620,0,202101.0
157,A15785612,10416580,30391850,0,0,0,8651290,4046000,0,80290,0,202101.0
158,A15722102,0,0,0,0,0,0,2695280,8294020,387050,3330000,202101.0
159,A15785605,2250000,7918170,0,0,0,7164040,1267790,0,275000,0,202101.0
160,A15778101,11731000,58909200,0,0,0,21112400,6990925,23868510,0,3271190,202101.0
161,A15785601,0,20942460,0,0,0,3762500,3341380,6630790,956750,0,202101.0
162,A15722307,814190,29207270,-1270400,1270400,0,7462000,3070390,0,1370320,0,202101.0
163,A15722011,,,,,,,,,,,202101.0
164,A15722003,0,0,0,0,0,0,4874650,14920950,516090,9508050,202101.0
165,A15773501,0,0,0,0,0,0,94731,12825900,794330,8747550,202101.0
166,A15722007,0,0,0,0,0,0,420970,9730240,0,0,202101.0
167,A15785710,9454910,68436660,0,0,0,28070560,10264830,33750820,352050,7643620,202101.0
168,A10025641,,,,,,,,,,,202101.0
169,A15722104,0,0,105850,0,0,0,512623,8536260,0,0,202101.0
170,A15722008,,,,,,,,,,,202101.0
171,A15722306,0,0,115980,0,-295880,295880,1308257,10939270,0,2753830,202101.0
172,A10023292,,,,,,,,,,,202101.0
173,A15722001,0,0,101270,0,0,0,1966520,6405750,0,0,202101.0
174,A10024505,2707770,10274000,0,0,0,2785470,6643240,3190250,162550,1132260,202101.0
