,kaptCode,heatC,heatP,gasC,gasP,waterHotC,waterHotP,electC,electP,waterCoolC,waterCoolP,Date
0,A15786116,0,0,153100,0,0,0,1138700,8624880,0,0,202105.0
1,A15704015,0,0,99440,0,0,0,3901210,11007630,0,0,202105.0
2,A15786118,0,0,0,0,0,0,2298560,9461440,429840,6092270,202105.0
3,A15786426,0,0,0,0,0,0,769675,18320560,321210,0,202105.0
4,A15704025,0,0,0,0,0,0,1250597,19279030,79040,16106000,202105.0
5,A15776001,0,0,0,0,0,0,786251,8860530,0,3515570,202105.0
6,A15786321,0,0,0,0,0,0,383840,11898920,0,0,202105.0
7,A15786314,0,0,0,0,0,0,2278110,8144530,-443100,5249520,202105.0
8,A15704006,9800,0,0,0,0,0,1416140,0,0,0,202105.0
9,A15786222,0,0,0,0,0,0,854797,11611360,0,6231840,202105.0
10,A15786420,0,0,51720,0,0,0,2146500,9909830,0,0,202105.0
11,A15786111,0,0,0,0,0,0,10286920,0,9088970,0,202105.0
12,A15786405,0,0,11730,0,0,0,936872,5808870,103230,0,202105.0
13,A15786424,0,0,25220,0,0,0,4146775,17013310,367050,7295170,202105.0
14,A15786104,0,0,0,0,0,0,199496,5501140,0,0,202105.0
15,A15786510,0,0,0,0,0,0,356180,7240630,-6860,7408470,202105.0
16,A15704028,83960,0,0,0,0,0,4013280,22730170,-8220,15732200,202105.0
17,A15704009,0,0,14410,0,0,0,2035250,0,0,0,202105.0
18,A15786312,0,0,0,0,0,0,647560,7964140,0,4136410,202105.0
19,A15704007,0,0,0,0,0,0,1256560,0,4335000,0,202105.0
20,A15704023,0,0,0,0,0,0,830290,15851210,179930,8556510,202105.0
21,A15704017,6090,0,0,0,0,0,10491021,0,10477810,0,202105.0
22,A15786227,0,0,154090,0,0,0,4910670,14291160,0,0,202105.0
23,A15704003,0,0,5430,0,0,0,1708660,6242090,0,3535630,202105.0
24,A15704002,0,0,0,0,0,0,818840,6399940,0,3702850,202105.0
25,A15704001,0,0,0,0,0,0,1346950,5828000,0,0,202105.0
26,A15786213,0,0,0,0,0,0,461150,8565660,0,4705830,202105.0
27,A15786408,0,0,0,0,0,0,461430,8873180,0,4282370,202105.0
28,A15776003,,,,,,,,,,,202105.0
29,A15776004,,,,,,,,,,,202105.0
30,A15785919,0,0,0,0,0,0,12576263,0,0,0,202105.0
31,A10025600,0,0,0,0,0,0,25428580,0,584230,7738400,202105.0
32,A10027541,0,0,0,0,0,0,1715159,7859320,0,0,202105.0
33,A10025049,,,,,,,,,,,202105.0
34,A15783907,0,0,0,0,0,0,14512579,0,11583300,0,202105.0
35,A15783703,0,0,0,0,0,0,1932740,9304890,0,0,202105.0
36,A15703004,15179330,2283510,0,0,-11041900,11041900,4324655,23685100,1680,13833760,202105.0
37,A15703304,991360,2674000,0,0,1334320,4091910,1732910,0,0,0,202105.0
38,A15703303,1100950,4465020,0,0,0,7452900,4782140,15023480,208880,9177610,202105.0
39,A15703301,870490,622390,0,0,0,5649000,1448110,0,1700000,0,202105.0
40,A15784008,3104720,1835070,0,0,0,5018940,5814864,10661960,0,6161350,202105.0
41,A15772902,0,0,0,0,0,0,1254260,0,0,0,202105.0
42,A15703302,11960094,2196570,0,0,-9641570,9641570,4276489,19186100,2460210,7420350,202105.0
43,A15772901,0,0,0,0,0,0,1437490,0,0,0,202105.0
44,A15703002,0,0,0,0,0,0,2073580,8631690,0,4061220,202105.0
45,A15703005,0,0,0,0,0,0,2758120,4799000,0,3551940,202105.0
46,A15703309,19527120,0,0,0,0,0,23125590,0,17316270,0,202105.0
47,A15703307,16310160,4967970,0,0,-11455600,11455600,8545402,22025710,236770,14206360,202105.0
48,A15776916,0,5785090,0,0,0,15513000,2865150,0,0,0,202105.0
49,A15703001,0,0,0,0,0,0,1486990,5819650,0,0,202105.0
50,A15784402,0,0,-366250,366250,0,0,1119220,0,0,0,202105.0
51,A15776414,0,2112080,0,0,0,18420500,3585960,0,1670010,0,202105.0
52,A15703308,4010470,3221400,0,0,0,16894500,3654940,19011760,415880,11142060,202105.0
53,A15783806,6241010,1313780,0,0,-5232190,5232190,3517620,8925100,1293360,4026150,202105.0
54,A15776617,0,2283090,0,0,0,7079400,1858279,0,0,0,202105.0
55,A15783905,0,0,5270,0,0,0,1894030,6017320,135420,0,202105.0
56,A15703318,0,86040,0,0,0,8904160,961030,10033260,0,5793790,202105.0
57,A15703204,0,0,0,0,0,0,10518840,91667980,0,34124910,202105.0
58,A15703313,0,3399380,0,0,0,14646000,4092700,0,0,0,202105.0
59,A15783902,0,0,21980,0,0,0,410584,6564640,0,6426880,202105.0
60,A15776715,0,4277500,0,0,0,12812400,2422180,0,0,0,202105.0
61,A15783701,67930,0,0,0,-244040,244040,644600,6282920,0,0,202105.0
62,A15784003,0,0,0,0,0,0,2031480,4311330,0,0,202105.0
63,A15703306,1373890,619800,0,0,-790,8805160,2288560,0,662570,8186490,202105.0
64,A15784201,0,0,0,0,0,0,1814290,4781570,0,0,202105.0
65,A10025703,,,,,,,,,,,202105.0
66,A10023543,,,,,,,,,,,202105.0
67,A15701004,0,0,0,0,0,0,1009050,7972020,0,6880780,202105.0
68,A15701601,0,0,0,0,0,0,247680,8938500,0,4103000,202105.0
69,A15788302,0,0,10480,0,0,0,3220412,13815390,272740,7830780,202105.0
70,A15788901,0,0,0,0,0,0,2185680,6785500,0,0,202105.0
71,A15792602,10899700,18914380,0,11665500,0,37875000,8141580,105012320,12119730,30888010,202105.0
72,A15701602,0,0,0,0,0,0,-1479996,61862060,2287660,48489710,202105.0
73,A15770801,1828250,2685700,0,0,0,8697500,3926832,14222710,1040,10775990,202105.0
74,A15701002,0,0,0,0,0,0,2245962,7844700,0,0,202105.0
75,A15701003,12340890,22059950,0,0,0,45219000,25936457,105869860,5250580,45037220,202105.0
76,A15788203,0,0,0,0,0,0,2320809,10339030,219940,0,202105.0
77,A15770101,0,0,0,0,0,0,1553770,5979280,401200,6558060,202105.0
78,A15701007,13762270,6930740,0,0,0,49357440,28642670,149276800,0,47492070,202105.0
79,A10025201,,,,,,,,,,,202105.0
80,A15701006,,,,,,,,,,,202105.0
81,A10023515,,,,,,,,,,,202105.0
82,A10024145,,,,,,,,,,,202105.0
83,A15780604,4386975,5095280,0,0,-165,14482150,8341312,31068960,1240,12878330,202105.0
84,A15780605,7351070,0,0,0,18972000,0,26499340,0,4946780,0,202105.0
85,A15780905,2547160,5336,0,0,0,10541880,4312500,22591190,0,0,202105.0
86,A15780002,1584880,1048030,0,0,168650,6855440,1537320,14325650,0,8123590,202105.0
87,A15781002,14748910,0,0,0,0,0,5468670,0,0,0,202105.0
88,A15780701,3231070,1038580,0,0,-2034140,2034140,2633295,7064930,-120,3141790,202105.0
89,A15780806,13388410,0,0,0,25312000,0,5270450,0,0,0,202105.0
90,A15780705,28396860,0,0,0,0,0,5342960,0,0,0,202105.0
91,A15720101,0,0,0,0,0,0,862267,5732080,0,0,202105.0
92,A15780703,3362334,1065046,0,0,0,10400600,8422230,19151930,-416770,3122170,202105.0
93,A15774708,0,3202320,0,0,0,20303500,6005096,0,1087250,0,202105.0
94,A15780401,5658540,2464650,0,0,0,7567500,7964110,14833150,-490,9442560,202105.0
95,A15780904,1624380,8771600,0,0,0,10419700,1734990,0,878500,0,202105.0
96,A15780602,0,0,8010,0,0,0,4035550,8838260,64620,6547230,202105.0
97,A15780603,5849920,3689820,0,0,0,16616000,1685040,31413490,3364740,0,202105.0
98,A15780704,5213800,4779050,0,0,0,15215000,4029700,20980390,6004900,12549710,202105.0
99,A15720001,0,0,0,0,0,0,7579601,43515330,0,15382880,202105.0
100,A15781003,2857840,2202400,0,0,0,13390300,3469380,27990,0,5380,202105.0
101,A10025616,,,,,,,,,,,202105.0
102,A10024367,,,,,,,,,,,202105.0
103,A10024792,,,,,,,,,,,202105.0
104,A15721001,0,0,14300,0,0,0,289850,7918440,0,2104780,202105.0
105,A15721003,62390,0,0,0,0,0,1319530,0,724770,0,202105.0
106,A15721005,0,0,-429000,429000,0,0,6136490,15854710,0,0,202105.0
107,A15722010,10073420,902330,0,0,-8157300,8157300,773230,18810700,271520,7666180,202105.0
108,A15721006,1160543,7855150,0,0,0,24087950,10625587,59676910,806930,25761650,202105.0
109,A15728011,2738870,2459470,0,0,0,19302560,10353800,41332100,0,20250860,202105.0
110,A15721007,5191160,2679920,0,0,0,17600340,11757150,46013440,1326220,16845570,202105.0
111,A15721004,0,0,0,0,0,0,104685,0,0,0,202105.0
112,A15721010,25187220,2784360,0,0,-16052200,15980510,6570401,51675970,166620,19768880,202105.0
113,A15721009,631830,0,0,0,0,0,2313120,0,0,0,202105.0
114,A15721008,1650150,0,0,0,34790,5379460,88840,15434700,377460,3725920,202105.0
115,A15722009,1677010,0,0,0,3632900,0,10234960,0,3500070,0,202105.0
116,A10027433,1063500,1960300,0,886810,0,9078810,1913760,19249580,0,9166570,202105.0
117,A10027452,271330,811260,0,0,58770,9305510,3803870,14633760,698570,9955300,202105.0
118,A10027403,631888,601800,0,0,0,5567090,4032180,10665700,14120,5982930,202105.0
119,A10026879,6442550,2621000,0,0,0,20051520,4766761,50122560,760900,20398990,202105.0
120,A10027687,3305970,2108040,0,0,7091550,0,8791764,26749390,-539160,10612250,202105.0
121,A10027371,963070,382310,0,0,0,4790090,2529875,9675660,108720,5592110,202105.0
122,A10024426,1550763,4917103,0,0,0,21756000,14432532,36756210,822690,19856310,202105.0
123,A15721011,1116850,764260,0,0,0,4565640,1828310,12407440,-440,5049460,202105.0
124,A15728002,258470,548700,0,0,0,5515750,3800560,10106860,78350,6053620,202105.0
125,A15728006,2017460,2150130,0,0,180000,16494180,7342180,25887490,1614690,16739860,202105.0
126,A15728009,72400,0,0,0,0,0,3077292,99071310,0,0,202105.0
127,A15728005,1966700,2780820,0,0,0,9739000,4648917,19550050,1031980,9394080,202105.0
128,A15728010,0,0,0,0,0,0,1207382,6082610,0,0,202105.0
129,A15728007,42110,730360,0,0,24530,18090250,5142420,21667500,424080,14681020,202105.0
130,A15728003,2491530,1767650,0,0,0,9596400,4778310,19484670,155340,11370990,202105.0
131,A15782501,0,0,0,0,0,0,1211150,6367160,0,0,202105.0
132,A15728013,,,,,,,,,,,202105.0
133,A15728008,3496250,1155900,0,0,0,26233000,8637500,30667090,1181180,20614830,202105.0
134,A15728004,1530080,1862810,0,0,26550,11746900,4747020,17347370,118510,12284350,202105.0
135,A15779704,0,0,33120,0,0,0,2235640,8541300,0,4354130,202105.0
136,A10028020,,,,,,,,,,,202105.0
137,A15781201,0,0,0,0,0,0,2942300,9248960,0,0,202105.0
138,A15722005,0,0,0,0,0,0,2585150,10013250,100,5335690,202105.0
139,A15784601,0,0,0,0,0,0,1857060,5627060,0,0,202105.0
140,A15722106,0,0,0,0,0,0,3502835,10080090,0,6599480,202105.0
141,A15722314,11186610,8571490,0,0,8558160,8558160,4354260,0,72510,0,202105.0
142,A15785711,13637690,4265350,0,0,-9721950,9685760,3323230,0,2082540,5314970,202105.0
143,A15785709,6239280,2073680,0,0,-5115000,5115000,2233780,0,41200,6554100,202105.0
144,A15785703,0,0,0,0,0,0,1931859,5979770,0,0,202105.0
145,A15722304,0,0,0,0,0,0,1767910,6280720,-470,5893430,202105.0
146,A15777501,3024150,2435000,0,0,0,10677800,4008190,0,3342915,4418400,202105.0
147,A15722108,0,0,0,0,0,0,6213660,13748670,0,8760380,202105.0
148,A15722201,0,0,0,0,0,0,2570500,4771970,-6347555,6347555,202105.0
149,A15785608,2754830,3915420,0,0,0,6298600,3896340,16013210,415040,8951310,202105.0
150,A15785002,0,0,0,0,0,0,1709430,5875100,0,3564630,202105.0
151,A15785005,1885490,1725800,0,0,0,9330000,3053930,0,1011780,0,202105.0
152,A15722004,0,0,0,0,0,0,14541339,14091310,6430140,6430140,202105.0
153,A15722203,0,0,0,0,0,0,0,0,0,0,202105.0
154,A15785613,6149350,5344220,0,0,0,14223360,4701020,18901800,5890830,0,202105.0
155,A15785507,1286360,1237420,0,0,0,5883800,3016656,9800900,1809840,0,202105.0
156,A15722204,0,0,0,0,0,0,12600370,0,9346270,0,202105.0
157,A15785612,42150,8284220,0,0,0,7352320,1899340,0,83370,0,202105.0
158,A15722102,0,0,0,0,0,0,2218660,6103750,45550,3385880,202105.0
159,A15785605,1070000,1381870,0,0,0,3209500,412500,0,432500,0,202105.0
160,A15778101,3350540,1359000,0,0,0,10390800,5351313,17926050,0,2223170,202105.0
161,A15785601,0,956480,0,0,0,2800000,1700600,5910880,712000,0,202105.0
162,A15722307,814270,2426400,-1556100,1556100,0,4495400,2065340,0,1655990,0,202105.0
163,A15722011,,,,,,,,,,,202105.0
164,A15722003,0,0,0,0,0,0,2738370,11141550,765200,8930800,202105.0
165,A15773501,0,0,0,0,0,0,253441,9630850,871440,8738390,202105.0
166,A15722007,0,0,0,0,0,0,1470610,6041320,0,0,202105.0
167,A15785710,4682630,4416570,0,0,0,12122880,5863940,28741130,102680,8096650,202105.0
168,A10025641,,,,,,,,,,,202105.0
169,A15722104,0,0,85810,0,0,0,780583,6540160,0,0,202105.0
170,A15722008,,,,,,,,,,,202105.0
171,A15722306,0,0,0,0,321320,0,9632920,9632920,2587420,2587420,202105.0
172,A10023292,,,,,,,,,,,202105.0
173,A15722001,0,0,43950,0,0,0,1991710,4545140,0,0,202105.0
174,A10024505,1992350,478270,0,0,0,2293560,3602680,6378840,194510,3600720,202105.0
