,kaptCode,heatC,heatP,gasC,gasP,waterHotC,waterHotP,electC,electP,waterCoolC,waterCoolP,Date
0,A15786116,0,0,242710,0,0,0,1261570,8913090,0,0,202103.0
1,A15704015,0,0,340500,0,0,0,5783200,11153760,0,0,202103.0
2,A15786118,0,0,0,0,0,0,2553459,9609090,470630,5452890,202103.0
3,A15786426,0,0,0,0,0,0,782128,18354930,89640,0,202103.0
4,A15704025,0,0,0,0,0,0,1350281,20239870,76520,16366610,202103.0
5,A15776001,0,0,0,0,0,0,1699221,8703490,0,3106420,202103.0
6,A15786321,0,0,0,0,0,0,704920,11824750,0,0,202103.0
7,A15786314,0,0,0,0,0,0,1681310,10863720,0,4619970,202103.0
8,A15704006,333200,0,0,0,0,0,1538320,0,0,0,202103.0
9,A15786222,0,0,0,0,0,0,984179,12504930,0,5745420,202103.0
10,A15786420,0,0,143810,0,0,0,2963230,9557940,0,0,202103.0
11,A15786111,0,0,0,0,0,0,2621050,7720110,8719980,0,202103.0
12,A15786405,0,0,55410,0,0,0,1152937,5934700,67890,0,202103.0
13,A15786424,0,0,231330,0,0,0,4580837,17610110,-169610,7477130,202103.0
14,A15786104,0,0,0,0,0,0,618236,5480430,0,0,202103.0
15,A15786510,0,0,0,0,0,0,346390,7457380,-4730,6817380,202103.0
16,A15704028,237370,0,0,0,0,0,4553470,23352090,356950,13625150,202103.0
17,A15704009,0,0,40930,0,0,0,2472880,0,0,0,202103.0
18,A15786312,0,0,0,0,0,0,1273520,8383350,0,4020480,202103.0
19,A15704007,0,0,0,0,0,0,1342760,0,4269130,0,202103.0
20,A15704023,0,0,0,0,0,0,862830,16366330,176770,8482440,202103.0
21,A15704017,195280,0,0,0,0,0,11114040,0,10752940,0,202103.0
22,A15786227,0,0,230730,0,0,0,5401540,15017200,0,0,202103.0
23,A15704003,0,0,134340,0,0,0,1916120,6184420,0,3563130,202103.0
24,A15704002,0,0,0,0,0,0,634900,6756460,0,3471630,202103.0
25,A15704001,0,0,0,0,0,0,7368870,0,0,0,202103.0
26,A15786213,0,0,0,0,0,0,717410,8960380,0,4638870,202103.0
27,A15786408,0,0,39800,0,0,0,659280,9022100,0,4071280,202103.0
28,A15776003,,,,,,,,,,,202103.0
29,A15776004,,,,,,,,,,,202103.0
30,A15785919,0,0,0,0,0,0,13800251,0,0,0,202103.0
31,A10025600,0,0,0,0,0,0,26317580,0,457800,7832990,202103.0
32,A10027541,0,0,0,0,0,0,2162579,8108640,0,0,202103.0
33,A10025049,,,,,,,,,,,202103.0
34,A15783907,0,0,0,0,0,0,2420734,12237630,0,11627750,202103.0
35,A15783703,0,0,0,0,0,0,2309140,9780270,0,0,202103.0
36,A15703004,26177180,16889310,0,0,-19479040,19479040,4748267,23206320,-80,14770490,202103.0
37,A15703304,987980,15680090,0,0,2258700,4983660,2565490,0,0,0,202103.0
38,A15703303,3341330,15954490,0,0,0,15855300,5505100,14929060,255150,9176680,202103.0
39,A15703301,870490,10528370,0,0,0,7119000,1695580,0,2000000,0,202103.0
40,A15784008,6139210,13018610,0,0,0,8657040,6604116,10224720,0,6391990,202103.0
41,A15772902,0,0,0,0,0,0,1342230,0,0,0,202103.0
42,A15703302,24164250,21409780,0,0,-18936500,18936500,5555534,18618100,2174260,6584410,202103.0
43,A15772901,0,0,0,0,0,0,1550580,0,0,0,202103.0
44,A15703002,0,0,0,0,0,0,2811060,8850520,0,3726770,202103.0
45,A15703005,0,0,0,0,0,0,1687590,7624700,0,3770670,202103.0
46,A15703309,50023990,0,0,0,0,0,23930760,0,16592940,0,202103.0
47,A15703307,30605490,27895210,0,0,-23410800,23410800,11111127,21210690,0,12801130,202103.0
48,A15776916,0,22933420,0,0,0,19575000,3644170,0,0,0,202103.0
49,A15703001,0,0,0,0,0,0,1898730,5859980,0,0,202103.0
50,A15784402,0,0,0,0,0,0,1431120,0,0,0,202103.0
51,A15776414,0,20450050,0,0,0,22772000,4081000,0,2854420,0,202103.0
52,A15703308,7031820,20282900,0,0,0,27240000,4718970,18218710,1359600,10345380,202103.0
53,A15783806,8587280,10774240,0,0,-7465920,7465920,3818390,8940070,2295080,4059300,202103.0
54,A15776617,0,9549770,0,0,0,8572800,2119060,0,0,0,202103.0
55,A15783905,0,0,46610,0,0,0,2031450,6251180,135420,0,202103.0
56,A15703318,0,5741490,0,0,0,9829650,2610440,9383450,0,5361810,202103.0
57,A15703204,0,0,0,0,0,0,11402231,98767980,0,35426270,202103.0
58,A15703313,0,18668980,0,0,0,17799000,5395210,0,1360660,0,202103.0
59,A15783902,0,0,122380,0,0,0,652052,6523090,0,6150500,202103.0
60,A15776715,0,14316950,0,0,0,15894000,3413500,0,0,0,202103.0
61,A15783701,100800,0,0,0,-238500,238500,1076879,6388880,0,0,202103.0
62,A15784003,0,0,0,0,0,0,2499640,4411330,0,0,202103.0
63,A15703306,-2251520,20230070,0,0,-560000,8425000,2815770,0,-250110,9204950,202103.0
64,A15784201,0,0,0,0,0,0,1473890,4966320,30600,0,202103.0
65,A10025703,,,,,,,,,,,202103.0
66,A10023543,,,,,,,,,,,202103.0
67,A15701004,0,0,0,0,0,0,1139330,7697800,0,7089030,202103.0
68,A15701601,0,0,0,0,0,0,-147190,9155710,0,3705660,202103.0
69,A15788302,0,0,134330,0,0,0,3332185,13263540,242390,7638730,202103.0
70,A15788901,0,0,0,0,0,0,2495880,6747260,0,0,202103.0
71,A15792602,10900450,129580910,0,14046200,0,44450000,28947510,106198440,15989890,27257570,202103.0
72,A15701602,0,0,0,0,0,0,1355434,68807470,1303540,47089910,202103.0
73,A15770801,1938460,15960630,0,0,0,16472000,4487527,13428770,2200,10649320,202103.0
74,A15701002,0,0,0,0,0,0,2154303,8435980,0,0,202103.0
75,A15701003,20521550,95511010,0,0,0,62279000,30987073,98875420,783630,43924710,202103.0
76,A15788203,0,0,0,0,0,0,2715090,10802610,0,0,202103.0
77,A15770101,0,0,0,0,0,0,1442240,5850240,506760,6174430,202103.0
78,A15701007,20710040,65890660,0,0,0,100816380,40564980,152509080,0,47748820,202103.0
79,A10025201,,,,,,,,,,,202103.0
80,A15701006,,,,,,,,,,,202103.0
81,A10023515,,,,,,,,,,,202103.0
82,A10024145,,,,,,,,,,,202103.0
83,A15780604,7647577,34435980,0,0,-1247,25697440,6188226,41502560,-2490,13425630,202103.0
84,A15780605,37946870,0,0,0,29484000,0,26635830,0,85000,0,202103.0
85,A15780905,6910630,27642260,0,0,0,34727500,8086460,24724770,319261,21016379,202103.0
86,A15780002,1584880,15517120,0,0,355880,9216900,2298960,15071850,0,7432010,202103.0
87,A15781002,13891390,18058840,0,0,-11257020,11257020,5894520,0,0,0,202103.0
88,A15780701,5932360,7886150,0,0,-3823320,3823320,3324821,7087360,-130,3105370,202103.0
89,A15780806,42297240,0,0,0,35046000,0,6753270,0,0,0,202103.0
90,A15780705,64263420,0,0,0,0,0,6248100,0,0,0,202103.0
91,A15720101,0,0,28750,0,0,0,687197,6336100,0,0,202103.0
92,A15780703,4391411,22656739,0,0,0,22194000,8784470,19334110,805910,9924670,202103.0
93,A15774708,0,25290400,0,0,0,26817000,7210372,0,0,0,202103.0
94,A15780401,5769160,17930960,0,0,0,18190000,8788460,15091790,-1180,10449800,202103.0
95,A15780904,3147020,23341570,0,0,0,19437990,2556490,0,810670,0,202103.0
96,A15780602,0,0,224280,0,0,0,3896430,9445930,331080,6560220,202103.0
97,A15780603,10678450,25761890,0,0,0,25974000,12786090,27061460,4495500,0,202103.0
98,A15780704,8919178,24269880,0,0,0,28643600,4772599,21799990,7861598,10784970,202103.0
99,A15720001,0,0,0,0,0,0,7781283,44964730,0,13476860,202103.0
100,A15781003,3389900,15512000,0,0,0,21171450,3953380,29210,0,1080,202103.0
101,A10025616,,,,,,,,,,,202103.0
102,A10024367,,,,,,,,,,,202103.0
103,A10024792,,,,,,,,,,,202103.0
104,A15721001,0,0,15070,0,0,0,249260,7027610,0,2114700,202103.0
105,A15721003,95940,0,0,0,0,0,1554960,0,117420,0,202103.0
106,A15721005,0,0,-429000,429000,0,0,5756250,17262340,0,0,202103.0
107,A15722010,15916490,8740310,0,0,-14037000,14037000,753550,19303920,248500,7348020,202103.0
108,A15721006,2437533,33193240,0,0,0,39144470,12579634,60687130,1577970,26657220,202103.0
109,A15728011,3166630,18369230,0,0,0,30449580,17860690,41266616,0,20053720,202103.0
110,A15721007,7755530,20749520,0,0,0,31189240,18194430,46650583,1286340,17049410,202103.0
111,A15721004,0,0,0,0,0,0,685440,8994620,0,0,202103.0
112,A15721010,39637150,24766510,650,0,-25993470,25940520,7615820,52916720,236400,18312820,202103.0
113,A15721009,0,0,0,0,0,0,3867710,0,0,0,202103.0
114,A15721008,8808330,0,0,0,69010,9559460,92940,15202880,336030,3613750,202103.0
115,A15722009,2743800,4768740,-303680,298760,0,4393500,1660200,8664420,0,3368790,202103.0
116,A10027433,1063500,10609950,0,826280,0,16169570,2871850,19334040,0,9662570,202103.0
117,A10027452,271330,6532700,0,0,61300,17077300,5150700,15238170,565930,9873860,202103.0
118,A10027403,1398638,4650710,0,0,0,9693560,4416130,11096120,186250,6304870,202103.0
119,A10026879,10765380,23729390,0,0,0,33246200,5764506,50455550,515400,19673950,202103.0
120,A10027687,3565250,17404160,0,0,11484360,0,8899983,27922290,-328960,10589580,202103.0
121,A10027371,1698240,4244920,0,0,0,9074900,2826293,10031550,95390,5111960,202103.0
122,A10024426,6768752,28027162,0,0,0,19881000,11541266,22236250,0,11643710,202103.0
123,A15721011,2854610,6099590,0,0,0,7297230,2083280,12412460,-870,5099020,202103.0
124,A15728002,231880,7733370,0,0,0,9508710,3456870,10076800,984340,10116990,202103.0
125,A15728006,2052300,27758920,0,0,203650,22563170,8300050,27777430,1499410,16689340,202103.0
126,A15728009,561820,0,0,0,0,0,2121551,102717450,0,0,202103.0
127,A15728005,2206720,15789960,0,0,0,13386300,5001667,18382740,1107530,9443550,202103.0
128,A15728010,0,0,0,0,0,0,894474,6246940,0,0,202103.0
129,A15728007,177010,18277560,0,0,48900,25694500,5281900,22854640,62950,15033870,202103.0
130,A15728003,2491260,12117970,0,0,0,18358200,4957290,20381690,155120,10504190,202103.0
131,A15782501,0,0,0,0,0,0,1267680,6424930,0,0,202103.0
132,A15728013,,,,,,,,,,,202103.0
133,A15728008,3332460,22147360,0,0,0,41224400,8979970,32237930,1171750,20679100,202103.0
134,A15728004,1855410,17954150,0,0,39030,18534420,4449520,16560740,92180,12825550,202103.0
135,A15779704,0,0,67200,0,0,0,2851110,7953500,0,3814510,202103.0
136,A10028020,,,,,,,,,,,202103.0
137,A15781201,0,0,0,0,0,0,3221330,8850400,0,0,202103.0
138,A15722005,0,0,0,0,0,0,2253700,11076690,8840,5228340,202103.0
139,A15784601,0,0,0,0,0,0,2393480,5317350,0,0,202103.0
140,A15722106,0,0,0,0,0,0,3375099,10695500,0,6395960,202103.0
141,A15722314,28275600,24878390,0,0,16636700,16636700,5394890,0,0,0,202103.0
142,A15785711,24689680,15989150,0,0,-18773370,18730800,3893820,0,3007960,4583340,202103.0
143,A15785709,14915270,8650800,0,0,-13146000,13146000,2624830,0,206340,5878200,202103.0
144,A15785703,0,0,0,0,0,0,2103003,6531150,0,0,202103.0
145,A15722304,0,0,0,0,0,0,1531460,6486380,-310,4127650,202103.0
146,A15777501,4660820,19105450,0,0,0,18869850,4629930,0,224340,3310500,202103.0
147,A15722108,0,0,0,0,0,0,6421900,13782680,0,8405410,202103.0
148,A15722201,0,0,0,0,0,0,8199560,0,0,0,202103.0
149,A15785608,3416850,19995650,0,0,0,12323400,4445010,16523300,45980,8924360,202103.0
150,A15785002,0,0,0,0,0,0,1714179,6076910,0,3173210,202103.0
151,A15785005,3406670,14365100,0,0,0,8786670,3880110,0,1170870,0,202103.0
152,A15722004,0,0,0,0,0,0,16320568,14014920,5492600,5492600,202103.0
153,A15722203,0,0,0,0,0,0,0,0,0,0,202103.0
154,A15785613,5184460,22516890,0,0,-10700,29795220,9181560,17769080,12197320,0,202103.0
155,A15785507,2391650,11187050,0,0,0,7899500,4073129,9571680,2842110,0,202103.0
156,A15722204,0,0,0,0,0,0,13333710,0,10732110,0,202103.0
157,A15785612,3941210,17808960,0,0,0,8699660,2882160,0,0,0,202103.0
158,A15722102,0,0,0,0,0,0,2268210,6835160,-146070,3234770,202103.0
159,A15785605,1657500,4305490,0,0,0,5193650,707500,0,882500,0,202103.0
160,A15778101,6582490,21331200,0,0,0,19328000,6753609,19253080,0,2936740,202103.0
161,A15785601,0,6766200,0,0,0,3682000,2985440,5410570,936280,0,202103.0
162,A15722307,814330,10215790,-2188900,2188900,0,10733800,2410560,0,2289080,0,202103.0
163,A15722011,,,,,,,,,,,202103.0
164,A15722003,0,0,0,0,0,0,3260470,12412960,873790,9721860,202103.0
165,A15773501,0,0,0,0,0,0,598963,9987480,1154890,8050000,202103.0
166,A15722007,0,0,0,0,0,0,1832070,6726630,0,0,202103.0
167,A15785710,7761340,23492280,0,0,0,21247400,7023360,29584460,0,7983470,202103.0
168,A10025641,,,,,,,,,,,202103.0
169,A15722104,0,0,214960,0,0,0,770788,7281030,0,0,202103.0
170,A15722008,,,,,,,,,,,202103.0
171,A15722306,0,0,0,0,285630,0,0,0,2512160,0,202103.0
172,A10023292,,,,,,,,,,,202103.0
173,A15722001,0,0,116660,0,0,0,2183030,4662170,0,0,202103.0
174,A10024505,3247520,4547910,0,0,0,3944880,4079130,4634320,43400,2655550,202103.0
