,kaptCode,heatC,heatP,gasC,gasP,waterHotC,waterHotP,electC,electP,waterCoolC,waterCoolP,Date
0,A15786116,0.0,0.0,0.0,0.0,0.0,0.0,1127370.0,10457840.0,0.0,10109000.0,202210.0
1,A15704015,0.0,0.0,1590.0,0.0,0.0,0.0,5647370.0,13384370.0,442920.0,11682050.0,202210.0
2,A15786118,0.0,0.0,0.0,0.0,0.0,0.0,2722139.0,11477550.0,260000.0,7049080.0,202210.0
3,A15786426,0.0,0.0,0.0,0.0,0.0,0.0,911877.0,20755300.0,154380.0,0.0,202210.0
4,A15704025,0.0,0.0,0.0,0.0,0.0,0.0,2565458.0,21462850.0,0.0,0.0,202210.0
5,A15776001,0.0,0.0,0.0,0.0,0.0,0.0,1615622.0,10368760.0,88010.0,3640630.0,202210.0
6,A15786321,0.0,0.0,0.0,0.0,0.0,0.0,558490.0,14809580.0,70000.0,0.0,202210.0
7,A15786314,0.0,0.0,0.0,0.0,0.0,0.0,2311820.0,9547690.0,-380.0,5109440.0,202210.0
8,A15704006,1960.0,0.0,0.0,0.0,0.0,0.0,1601700.0,0.0,0.0,0.0,202210.0
9,A15786222,0.0,0.0,0.0,0.0,0.0,0.0,939760.0,13261930.0,0.0,6461530.0,202210.0
10,A15786420,0.0,0.0,1450.0,0.0,0.0,0.0,2076720.0,12640150.0,215140.0,0.0,202210.0
11,A15786111,0.0,0.0,0.0,0.0,0.0,0.0,2867590.0,8546580.0,0.0,0.0,202210.0
12,A15786405,0.0,0.0,1450.0,0.0,0.0,0.0,1478599.0,6210160.0,18600.0,0.0,202210.0
13,A15786424,0.0,0.0,7440.0,0.0,0.0,0.0,4627287.0,20142670.0,792390.0,8240050.0,202210.0
14,A15786104,0.0,0.0,0.0,0.0,0.0,0.0,128460.0,7019720.0,0.0,6295250.0,202210.0
15,A15786510,0.0,0.0,0.0,0.0,0.0,0.0,7867550.0,7636780.0,0.0,0.0,202210.0
16,A15704028,157320.0,0.0,0.0,0.0,0.0,0.0,4528540.0,27168660.0,1631700.0,0.0,202210.0
17,A15704009,0.0,0.0,14860.0,0.0,0.0,0.0,2113270.0,0.0,0.0,0.0,202210.0
18,A15786312,0.0,0.0,0.0,0.0,0.0,0.0,799920.0,9392980.0,0.0,4302880.0,202210.0
19,A15704007,0.0,0.0,0.0,0.0,0.0,0.0,2594870.0,0.0,4075969.0,0.0,202210.0
20,A15704023,0.0,0.0,0.0,0.0,0.0,0.0,1407500.0,18441780.0,82950.0,9119340.0,202210.0
21,A15704017,2330.0,0.0,0.0,0.0,0.0,0.0,12359103.0,0.0,0.0,0.0,202210.0
22,A15786227,0.0,0.0,2240.0,0.0,0.0,0.0,5927920.0,17759020.0,0.0,20351510.0,202210.0
23,A15704003,0.0,0.0,1450.0,0.0,0.0,0.0,1604270.0,8004700.0,440.0,4138440.0,202210.0
24,A15704002,0.0,0.0,0.0,0.0,0.0,0.0,327960.0,8140140.0,0.0,3886690.0,202210.0
25,A15704001,0.0,0.0,0.0,0.0,0.0,0.0,1504350.0,6891860.0,-457910.0,6731220.0,202210.0
26,A15786213,0.0,0.0,0.0,0.0,0.0,0.0,1100000.0,9911040.0,0.0,4684050.0,202210.0
27,A15786408,0.0,0.0,4770.0,0.0,0.0,0.0,613060.0,10248140.0,0.0,4366090.0,202210.0
28,A15776003,,,,,,,,,,,202210.0
29,A15776004,,,,,,,,,,,202210.0
30,A15785919,0.0,0.0,0.0,0.0,0.0,0.0,603993.0,13905400.0,0.0,0.0,202210.0
31,A10025600,0.0,0.0,0.0,0.0,0.0,0.0,27186900.0,0.0,509340.0,8678710.0,202210.0
32,A10027541,0.0,0.0,7100.0,0.0,0.0,0.0,1916465.0,8896580.0,614440.0,5823050.0,202210.0
33,A10025049,,,,,,,,,,,202210.0
34,A15783907,0.0,0.0,0.0,0.0,0.0,0.0,2331643.0,13748490.0,0.0,0.0,202210.0
35,A15783703,0.0,0.0,0.0,0.0,0.0,0.0,1769460.0,10766690.0,0.0,10050900.0,202210.0
36,A15703004,20531110.0,6063850.0,0.0,0.0,-15479900.0,15479900.0,6684088.0,24023620.0,0.0,14615910.0,202210.0
37,A15703304,901240.0,6615000.0,0.0,0.0,969780.0,5062660.0,2053420.0,0.0,56400.0,0.0,202210.0
38,A15703303,19088640.0,0.0,0.0,0.0,0.0,0.0,23267550.0,0.0,10353950.0,0.0,202210.0
39,A15703301,870490.0,3757130.0,0.0,0.0,0.0,5365500.0,1901560.0,0.0,1107250.0,0.0,202210.0
40,A15784008,4408970.0,5477860.0,0.0,0.0,0.0,5890300.0,6513090.0,13436540.0,2580.0,7741210.0,202210.0
41,A15772902,,,,,,,,,,,202210.0
42,A15703302,16167850.0,9280170.0,0.0,0.0,-11565780.0,11565780.0,3314126.0,23064720.0,2354460.0,6910480.0,202210.0
43,A15772901,,,,,,,,,,,202210.0
44,A15703002,0.0,262240.0,0.0,0.0,0.0,0.0,2240120.0,10091430.0,1045810.0,3994000.0,202210.0
45,A15703005,0.0,0.0,0.0,0.0,0.0,0.0,2112710.0,8398590.0,-67640.0,4156490.0,202210.0
46,A15703309,14732410.0,14968800.0,0.0,0.0,-7767000.0,7767000.0,2230004.0,27147190.0,1565260.0,15797000.0,202210.0
47,A15703307,25910000.0,11937060.0,0.0,0.0,-18780000.0,18780000.0,6540254.0,25837110.0,0.0,14198370.0,202210.0
48,A15776916,0.0,13941630.0,0.0,0.0,0.0,11958000.0,3547270.0,0.0,0.0,0.0,202210.0
49,A15703001,0.0,0.0,0.0,0.0,0.0,0.0,1601180.0,7227880.0,-1060.0,8068280.0,202210.0
50,A15784402,0.0,0.0,-302760.0,302760.0,0.0,0.0,1136160.0,0.0,0.0,0.0,202210.0
51,A15776414,0.0,2319830.0,0.0,0.0,0.0,15386000.0,3692440.0,0.0,0.0,0.0,202210.0
52,A15703308,4006630.0,13655400.0,0.0,0.0,0.0,14018600.0,3719230.0,24326970.0,924970.0,11394830.0,202210.0
53,A15783806,6685990.0,3613940.0,0.0,0.0,-5646130.0,5646130.0,3188310.0,11823310.0,1582350.0,3851510.0,202210.0
54,A15776617,0.0,8639280.0,0.0,0.0,0.0,5852000.0,1648750.0,0.0,0.0,0.0,202210.0
55,A15783905,0.0,0.0,0.0,0.0,0.0,0.0,2498950.0,7564450.0,48600.0,0.0,202210.0
56,A15703318,0.0,2320860.0,0.0,0.0,0.0,7070000.0,1282820.0,10744920.0,0.0,6740800.0,202210.0
57,A15703204,0.0,0.0,0.0,0.0,0.0,0.0,8191337.0,101024080.0,0.0,35909240.0,202210.0
58,A15703313,0.0,8282430.0,0.0,0.0,0.0,11973000.0,4699520.0,0.0,0.0,0.0,202210.0
59,A15783902,0.0,0.0,0.0,0.0,0.0,0.0,412242.0,8082330.0,0.0,0.0,202210.0
60,A15776715,0.0,7672000.0,0.0,0.0,0.0,10339200.0,3008370.0,0.0,0.0,0.0,202210.0
61,A15783701,43880.0,0.0,0.0,0.0,-267570.0,267570.0,772527.0,7369230.0,7042370.0,0.0,202210.0
62,A15784003,0.0,0.0,0.0,0.0,0.0,0.0,1501560.0,6310590.0,7377950.0,0.0,202210.0
63,A15703306,1328400.0,9501880.0,0.0,0.0,0.0,5685000.0,2953590.0,0.0,980930.0,8610100.0,202210.0
64,A15784201,0.0,0.0,0.0,0.0,0.0,0.0,-331690.0,7286870.0,0.0,0.0,202210.0
65,A10025703,,,,,,,,,,,202210.0
66,A10023543,0.0,0.0,0.0,0.0,0.0,0.0,2624420.0,8389970.0,-289380.0,3280520.0,202210.0
67,A15701004,0.0,0.0,0.0,0.0,0.0,0.0,1309800.0,8667950.0,0.0,0.0,202210.0
68,A15701601,0.0,0.0,0.0,0.0,0.0,0.0,541130.0,9477630.0,0.0,3687390.0,202210.0
69,A15788302,0.0,0.0,7830.0,0.0,0.0,0.0,3736897.0,15444810.0,222330.0,8244550.0,202210.0
70,A15788901,0.0,0.0,0.0,0.0,0.0,0.0,2296290.0,7898080.0,0.0,0.0,202210.0
71,A15792602,10909710.0,39819230.0,0.0,10202490.0,0.0,35181000.0,18537250.0,115385280.0,10730740.0,35305650.0,202210.0
72,A15701602,0.0,0.0,0.0,0.0,0.0,0.0,1838576.0,67974460.0,0.0,0.0,202210.0
73,A15770801,1759970.0,10940260.0,0.0,0.0,-12500.0,7372500.0,4201450.0,17182160.0,-270.0,11980970.0,202210.0
74,A15701002,0.0,0.0,0.0,0.0,0.0,0.0,2695525.0,8795750.0,-161640.0,9214400.0,202210.0
75,A15701003,16318460.0,57792830.0,0.0,0.0,0.0,39569400.0,33922164.0,113586010.0,0.0,45227320.0,202210.0
76,A15788203,0.0,0.0,0.0,0.0,0.0,0.0,2530813.0,13223290.0,392390.0,0.0,202210.0
77,A15770101,0.0,0.0,0.0,0.0,0.0,0.0,1797482.0,6853720.0,0.0,0.0,202210.0
78,A15701007,32404330.0,21929540.0,0.0,0.0,0.0,47971830.0,35596095.0,164833760.0,476520.0,49418070.0,202210.0
79,A10025201,,,,,,,,,,,202210.0
80,A15701006,,,,,,,,,,,202210.0
81,A10023515,,,,,,,,,,,202210.0
82,A10024145,0.0,0.0,0.0,0.0,0.0,0.0,1216736.0,9404020.0,375650.0,3345740.0,202210.0
83,A15780604,19947099.0,0.0,0.0,0.0,17444801.0,0.0,46677093.0,0.0,0.0,0.0,202210.0
84,A15780605,18705200.0,0.0,0.0,0.0,21484000.0,0.0,35181890.0,0.0,46250.0,0.0,202210.0
85,A15780905,14696000.0,38057040.0,0.0,0.0,696600.0,17967600.0,573210.0,36848370.0,7414850.0,0.0,202210.0
86,A15780002,1584880.0,6899470.0,0.0,0.0,242980.0,6173750.0,829680.0,16322830.0,0.0,8251660.0,202210.0
87,A15781002,11016590.0,11887610.0,0.0,0.0,-11559130.0,11559130.0,6623190.0,0.0,0.0,0.0,202210.0
88,A15780701,3375290.0,2891090.0,0.0,0.0,-2200480.0,2200480.0,3395556.0,8177080.0,-250.0,3620770.0,202210.0
89,A15780806,30135750.0,0.0,0.0,0.0,26199000.0,0.0,5529140.0,0.0,0.0,0.0,202210.0
90,A15780705,49247600.0,0.0,0.0,0.0,0.0,0.0,0.0,0.0,0.0,0.0,202210.0
91,A15720101,0.0,0.0,0.0,0.0,0.0,0.0,444487.0,7323300.0,-130.0,7414750.0,202210.0
92,A15780703,15312000.0,14517600.0,-595250.0,594540.0,-10441200.0,10441200.0,6011388.0,22464460.0,0.0,3163260.0,202210.0
93,A15774708,0.0,13326670.0,0.0,0.0,0.0,16733500.0,5839446.0,0.0,0.0,0.0,202210.0
94,A15780401,4341560.0,8275590.0,0.0,0.0,0.0,15293860.0,7916160.0,19751560.0,-1540.0,10771110.0,202210.0
95,A15780904,2864380.0,18746610.0,0.0,0.0,0.0,10607070.0,2586180.0,0.0,708920.0,0.0,202210.0
96,A15780602,0.0,0.0,12100.0,0.0,0.0,0.0,3839496.0,10196200.0,0.0,6431800.0,202210.0
97,A15780603,6779030.0,13757510.0,0.0,0.0,0.0,14856000.0,1079270.0,36088880.0,1963150.0,0.0,202210.0
98,A15780704,6528383.0,15889780.0,0.0,0.0,0.0,15978000.0,7471640.0,27251300.0,7556770.0,12493430.0,202210.0
99,A15720001,0.0,0.0,0.0,0.0,0.0,0.0,10115650.0,47951310.0,39360.0,15172060.0,202210.0
100,A15781003,2691730.0,7041000.0,0.0,0.0,0.0,15980000.0,3619830.0,0.0,0.0,0.0,202210.0
101,A10025616,,,,,,,,,,,202210.0
102,A10024367,,,,,,,,,,,202210.0
103,A10024792,,,,,,,,,,,202210.0
104,A15721001,0.0,0.0,0.0,0.0,0.0,0.0,2183960.0,6955410.0,-151300.0,2347600.0,202210.0
105,A15721003,32200.0,0.0,0.0,0.0,0.0,0.0,1369170.0,0.0,0.0,0.0,202210.0
106,A15721005,0.0,0.0,-429000.0,429000.0,0.0,0.0,2974430.0,19292580.0,1242430.0,9730680.0,202210.0
107,A15722010,11887430.0,2875450.0,0.0,0.0,-9807800.0,9807800.0,899280.0,22506370.0,246440.0,8165170.0,202210.0
108,A15721006,3369600.0,20433310.0,0.0,0.0,0.0,26085540.0,9898169.0,60074440.0,501190.0,27223720.0,202210.0
109,A15728011,2830310.0,8970020.0,0.0,0.0,0.0,24013510.0,9372188.0,54015368.0,183170.0,22018830.0,202210.0
110,A15721007,6682960.0,7280680.0,0.0,0.0,0.0,20359720.0,12120450.0,58048250.0,3535390.0,16188980.0,202210.0
111,A15721004,0.0,0.0,0.0,0.0,0.0,0.0,149795.0,10746480.0,-38170.0,0.0,202210.0
112,A15721010,28264810.0,11222970.0,4000.0,0.0,-20803970.0,20712140.0,8485360.0,59854900.0,762340.0,23188440.0,202210.0
113,A15721009,627650.0,0.0,0.0,0.0,0.0,0.0,4658090.0,0.0,0.0,0.0,202210.0
114,A15721008,2242010.0,3016940.0,0.0,0.0,0.0,6571380.0,2770888.0,19474630.0,0.0,4348150.0,202210.0
115,A15722009,1188980.0,1767910.0,-314720.0,299340.0,0.0,4534770.0,3039850.0,9100500.0,0.0,3920620.0,202210.0
116,A10027433,1063500.0,4099200.0,0.0,722070.0,0.0,11019100.0,2808498.0,23400442.0,755030.0,9774340.0,202210.0
117,A10027452,12533480.0,2613070.0,0.0,0.0,-12108000.0,12054800.0,6702060.0,18612540.0,917050.0,10179840.0,202210.0
118,A10027403,1040907.0,2459980.0,0.0,0.0,0.0,6942360.0,5090750.0,13473580.0,441120.0,6744100.0,202210.0
119,A10026879,10254290.0,7987660.0,0.0,0.0,0.0,19095000.0,7737947.0,57459290.0,582970.0,21791980.0,202210.0
120,A10027687,3359150.0,6426370.0,0.0,0.0,7948200.0,0.0,17533550.0,25867350.0,-158890.0,11207660.0,202210.0
121,A10027371,1065320.0,1851520.0,0.0,0.0,0.0,6393600.0,3645571.0,12800940.0,103780.0,6469430.0,202210.0
122,A10024426,4266006.0,8291735.0,0.0,0.0,0.0,29239000.0,18550910.0,42356760.0,208820.0,23137280.0,202210.0
123,A15721011,1585540.0,2272880.0,0.0,0.0,0.0,6028690.0,1872778.0,14098020.0,49730.0,5404660.0,202210.0
124,A15728002,382430.0,3353280.0,0.0,0.0,0.0,5598500.0,4802060.0,11250300.0,24120.0,7071240.0,202210.0
125,A15728006,2025600.0,13353910.0,0.0,0.0,176710.0,14773580.0,6740560.0,32773820.0,273190.0,19043370.0,202210.0
126,A15728009,0.0,0.0,0.0,0.0,0.0,0.0,558836.0,109309660.0,1571510.0,81805590.0,202210.0
127,A15728005,1651500.0,6103870.0,0.0,0.0,0.0,11424950.0,7101248.0,18352050.0,0.0,9056130.0,202210.0
128,A15728010,0.0,0.0,0.0,0.0,0.0,0.0,1090135.0,6810050.0,10.0,6789240.0,202210.0
129,A15728007,137320.0,10119960.0,0.0,0.0,17100.0,16624250.0,6181420.0,25907600.0,121780.0,15473730.0,202210.0
130,A15728003,2787120.0,10377900.0,0.0,0.0,0.0,5322900.0,3956590.0,22619700.0,153540.0,11438780.0,202210.0
131,A15782501,0.0,0.0,0.0,0.0,0.0,0.0,1307280.0,7595150.0,611710.0,6001950.0,202210.0
132,A15728013,,,,,,,,,,,202210.0
133,A15728008,3908590.0,3457620.0,0.0,0.0,0.0,30992700.0,11235510.0,35458050.0,1065250.0,20888790.0,202210.0
134,A15728004,1445370.0,6911200.0,0.0,0.0,87530.0,14391640.0,6512380.0,20391130.0,27580.0,13274970.0,202210.0
135,A15779704,0.0,0.0,3180.0,0.0,0.0,0.0,3024990.0,9172320.0,0.0,4483890.0,202210.0
136,A10028020,,,,,,,,,,,202210.0
137,A15781201,0.0,0.0,0.0,0.0,0.0,0.0,13337570.0,0.0,8357770.0,0.0,202210.0
138,A15722005,0.0,0.0,0.0,0.0,0.0,0.0,2881975.0,11784760.0,6280.0,5542990.0,202210.0
139,A15784601,0.0,0.0,0.0,0.0,0.0,0.0,1303420.0,7564270.0,34780.0,5385450.0,202210.0
140,A15722106,0.0,0.0,0.0,0.0,0.0,0.0,4757758.0,11093280.0,0.0,0.0,202210.0
141,A15722314,22462210.0,19847780.0,0.0,0.0,10054680.0,10054680.0,4609560.0,0.0,0.0,0.0,202210.0
142,A15785711,13407150.0,11006400.0,0.0,0.0,-8627200.0,8592000.0,2005450.0,0.0,2398350.0,5997960.0,202210.0
143,A15785709,1708070.0,6948000.0,0.0,316020.0,0.0,5059200.0,2177083.0,0.0,89610.0,6559620.0,202210.0
144,A15785703,0.0,0.0,0.0,0.0,0.0,0.0,2940325.0,6565600.0,-280.0,5087290.0,202210.0
145,A15722304,0.0,0.0,0.0,0.0,0.0,0.0,1597820.0,7712480.0,0.0,0.0,202210.0
146,A15777501,5563350.0,12257000.0,0.0,0.0,0.0,8993400.0,3678510.0,0.0,902175.0,3459000.0,202210.0
147,A15722108,0.0,0.0,0.0,0.0,0.0,0.0,6351209.0,16016570.0,680.0,7376240.0,202210.0
148,A15722201,0.0,0.0,0.0,0.0,0.0,0.0,1808780.0,6098010.0,0.0,3550740.0,202210.0
149,A15785608,4403930.0,9109540.0,0.0,0.0,0.0,7996800.0,4263440.0,18138380.0,732440.0,9906590.0,202210.0
150,A15785002,0.0,0.0,0.0,0.0,0.0,0.0,515299.0,7593760.0,414640.0,3394980.0,202210.0
151,A15785005,1723600.0,7848900.0,0.0,0.0,0.0,10786320.0,3735160.0,0.0,818070.0,0.0,202210.0
152,A15722004,0.0,0.0,0.0,0.0,0.0,0.0,4804415.0,13542580.0,0.0,6913730.0,202210.0
153,A15722203,7483200.0,0.0,0.0,0.0,0.0,0.0,9121103.0,0.0,7203320.0,0.0,202210.0
154,A15785613,4162690.0,17890030.0,0.0,0.0,-249600.0,14623440.0,6954618.0,24694530.0,4442000.0,0.0,202210.0
155,A15785507,1843800.0,6255460.0,0.0,0.0,0.0,3709900.0,4341879.0,10456352.0,1693650.0,0.0,202210.0
156,A15722204,0.0,0.0,0.0,0.0,0.0,0.0,14050710.0,0.0,0.0,0.0,202210.0
157,A15785612,-6229834.0,20797900.0,0.0,0.0,-2090216.0,10947800.0,2492830.0,0.0,0.0,0.0,202210.0
158,A15722102,0.0,0.0,0.0,0.0,0.0,0.0,2770440.0,7704190.0,281540.0,3470220.0,202210.0
159,A15785605,622500.0,3594880.0,0.0,0.0,0.0,3329770.0,1639000.0,0.0,0.0,0.0,202210.0
160,A15778101,6107990.0,7418400.0,0.0,0.0,-43000.0,13562200.0,7537873.0,22265020.0,0.0,2207800.0,202210.0
161,A15785601,2700040.0,176120.0,0.0,0.0,402500.0,1946000.0,1068550.0,8108010.0,597190.0,0.0,202210.0
162,A15722307,814190.0,3956410.0,-1533340.0,1533340.0,-11600.0,4492100.0,1944580.0,0.0,1632800.0,0.0,202210.0
163,A15722011,,,,,,,,,,,202210.0
164,A15722003,0.0,0.0,0.0,0.0,0.0,0.0,3092740.0,12794920.0,0.0,0.0,202210.0
165,A15773501,0.0,0.0,0.0,0.0,0.0,0.0,850147.0,10987160.0,0.0,0.0,202210.0
166,A15722007,0.0,0.0,0.0,0.0,0.0,0.0,1705420.0,7380380.0,0.0,0.0,202210.0
167,A15785710,6698170.0,10629120.0,0.0,0.0,0.0,14638500.0,7362469.0,31408630.0,784750.0,8860050.0,202210.0
168,A10025641,,,,,,,,,,,202210.0
169,A15722104,0.0,0.0,0.0,0.0,0.0,0.0,777618.0,7008720.0,117000.0,0.0,202210.0
170,A15722008,,,,,,,,,,,202210.0
171,A15722306,0.0,0.0,4420.0,0.0,-289400.0,289400.0,1051330.0,10629720.0,0.0,3337610.0,202210.0
172,A10023292,,,,,,,,,,,202210.0
173,A15722001,0.0,0.0,0.0,0.0,0.0,0.0,2004390.0,5145530.0,175100.0,0.0,202210.0
174,A10024505,5486770.0,0.0,0.0,0.0,5353560.0,0.0,23307080.0,0.0,6611900.0,0.0,202210.0
