,kaptCode,heatC,heatP,gasC,gasP,waterHotC,waterHotP,electC,electP,waterCoolC,waterCoolP,Date
0,A15786116,0,0,332860,0,0,0,1046830,10689830,0,9684800,202204.0
1,A15704015,0,0,236250,0,0,0,6515100,12743520,78860,11594440,202204.0
2,A15786118,0,0,0,0,0,0,2643896,11329170,380180,6527530,202204.0
3,A15786426,0,0,0,0,0,0,873076,21010520,363540,0,202204.0
4,A15704025,0,0,0,0,0,0,2297475,19062570,0,0,202204.0
5,A15776001,0,0,0,0,0,0,1517588,10515980,0,3348000,202204.0
6,A15786321,0,0,0,0,0,0,23170,14686670,217000,0,202204.0
7,A15786314,0,0,0,0,0,0,2598870,8597460,0,5628840,202204.0
8,A15704006,131320,0,0,0,0,0,1546310,0,0,0,202204.0
9,A15786222,0,0,0,0,0,0,1116170,11824890,0,6061450,202204.0
10,A15786420,0,0,190340,0,0,0,2970910,11671680,0,0,202204.0
11,A15786111,0,0,0,0,0,0,2939190,8416200,0,0,202204.0
12,A15786405,0,0,344780,0,0,0,1612319,6155120,195300,0,202204.0
13,A15786424,0,0,143830,0,0,0,5388806,17611190,-461670,7910740,202204.0
14,A15786104,0,0,0,0,0,0,438120,6593670,-1570,5837130,202204.0
15,A15786510,0,0,0,0,0,0,2692613,7016810,0,0,202204.0
16,A15704028,328470,0,0,0,0,0,4776730,26495530,1466530,0,202204.0
17,A15704009,0,0,43090,0,0,0,2218610,0,0,0,202204.0
18,A15786312,0,0,0,0,0,0,838410,9595180,0,4557320,202204.0
19,A15704007,0,0,0,0,0,0,3064750,0,4019770,0,202204.0
20,A15704023,0,0,0,0,0,0,1025920,18412870,315420,9498150,202204.0
21,A15704017,18630,0,0,0,0,0,13035606,0,0,0,202204.0
22,A15786227,0,0,211030,0,0,0,5914380,17459680,0,19900520,202204.0
23,A15704003,0,0,165060,0,0,0,1974460,7255630,-2080,4110460,202204.0
24,A15704002,0,0,0,0,0,0,284350,7779210,0,3984070,202204.0
25,A15704001,0,0,0,0,0,0,1418130,7054510,28080,6610320,202204.0
26,A15786213,0,0,0,0,0,0,1131310,10367480,0,4858350,202204.0
27,A15786408,0,0,11870,0,0,0,506600,10187400,0,3671010,202204.0
28,A15776003,,,,,,,,,,,202204.0
29,A15776004,,,,,,,,,,,202204.0
30,A15785919,0,0,0,371870,0,0,424387,12340150,0,0,202204.0
31,A10025600,0,0,0,0,0,0,23253230,0,584630,8611210,202204.0
32,A10027541,0,0,117590,0,0,0,1975404,9228090,1192300,4965740,202204.0
33,A10025049,,,,,,,,,,,202204.0
34,A15783907,0,0,0,0,0,0,2003550,12300930,0,14043810,202204.0
35,A15783703,0,0,0,0,0,0,1755080,11015260,0,9491260,202204.0
36,A15703004,18244550,5709050,0,0,-13457960,13457960,4278139,27107240,1890,14006240,202204.0
37,A15703304,901240,5715990,0,0,1815140,4420970,2374700,0,38550,0,202204.0
38,A15703303,18733710,0,534360,534360,9326520,9326520,24089250,0,10725110,0,202204.0
39,A15703301,870490,0,0,0,0,0,1848560,0,2085290,0,202204.0
40,A15784008,4171040,4598550,0,0,0,5901210,7103100,12771860,3320,7823990,202204.0
41,A15772902,0,0,0,0,0,0,1309060,0,0,0,202204.0
42,A15703302,14623590,7885180,0,0,-12057200,12057200,4691747,22180220,3639480,6813050,202204.0
43,A15772901,0,0,0,0,0,0,1510830,0,0,0,202204.0
44,A15703002,0,0,0,0,0,0,2350000,10289420,1269880,4031680,202204.0
45,A15703005,0,0,0,0,0,0,1734450,8685890,-42000,3876140,202204.0
46,A15703309,14353170,12357000,0,0,-10948000,10948000,1490870,27384370,1247900,17509300,202204.0
47,A15703307,20571110,10714680,0,0,-14675200,14675200,5223757,31229530,57600,13801960,202204.0
48,A15776916,0,11205400,0,0,0,15711000,3384860,0,0,0,202204.0
49,A15703001,0,0,0,0,0,0,1513680,7175850,480,7584300,202204.0
50,A15784402,0,0,-279770,279770,0,0,1101570,0,0,0,202204.0
51,A15776414,0,13880110,0,0,0,16555000,3409740,0,0,0,202204.0
52,A15703308,5315100,7224000,0,0,0,18905000,4430080,22693550,1349130,10978900,202204.0
53,A15783806,7392750,3089170,0,0,-6351070,6351070,3224330,11058820,1545600,4116050,202204.0
54,A15776617,0,5726480,0,0,0,7288400,1666110,0,0,0,202204.0
55,A15783905,0,0,32340,0,0,0,2437550,7293040,0,0,202204.0
56,A15703318,0,1513610,0,0,0,8449000,953900,11285510,0,6339800,202204.0
57,A15703204,0,0,0,0,0,0,8003410,91902270,0,38538190,202204.0
58,A15703313,0,6669230,0,0,0,13077000,4822880,0,0,0,202204.0
59,A15783902,0,0,88600,0,0,0,309080,7690600,0,0,202204.0
60,A15776715,0,5957310,0,0,0,12484800,2456520,0,0,0,202204.0
61,A15783701,117810,0,0,0,-217920,217920,1663952,6535690,6336890,0,202204.0
62,A15784003,0,0,0,0,0,0,2239220,5448530,6994870,0,202204.0
63,A15703306,1373790,6297470,0,0,0,6720000,2964290,0,1309760,7762400,202204.0
64,A15784201,0,0,0,0,0,0,1688800,5479140,248200,0,202204.0
65,A10025703,,,,,,,,,,,202204.0
66,A10023543,0,0,0,0,0,0,0,1495440,0,363300,202204.0
67,A15701004,0,0,0,0,0,0,986070,9127780,0,0,202204.0
68,A15701601,0,0,0,0,0,0,-564850,10697080,0,3978260,202204.0
69,A15788302,0,0,8030,0,0,0,3312759,16422500,214240,8350360,202204.0
70,A15788901,0,0,0,0,0,0,2284130,7878440,0,0,202204.0
71,A15792602,10904980,46630240,0,11405520,0,39602500,8010040,118655680,11829220,33935850,202204.0
72,A15701602,0,0,0,0,0,0,62459156,0,0,0,202204.0
73,A15770801,2025690,9714160,0,0,0,7902500,4751402,16884480,0,10831710,202204.0
74,A15701002,0,0,0,0,0,0,2020197,8310720,-135020,8532320,202204.0
75,A15701003,14094220,37697590,0,0,0,46014000,39479278,102099790,5012500,49158980,202204.0
76,A15788203,0,0,0,0,0,0,2395981,11244190,317590,0,202204.0
77,A15770101,0,0,0,0,0,0,1625670,6907540,0,0,202204.0
78,A15701007,23241110,23178330,0,0,0,55619200,30132010,150326620,1716410,49377670,202204.0
79,A10025201,,,,,,,,,,,202204.0
80,A15701006,,,,,,,,,,,202204.0
81,A10023515,,,,,,,,,,,202204.0
82,A10024145,0,0,0,0,0,0,3103510,7105940,447080,3811860,202204.0
83,A15780604,17859166,3583290,0,0,764294,14678420,6175546,35522870,-12221600,12221600,202204.0
84,A15780605,18173010,0,0,0,20247000,0,31041220,0,40000,0,202204.0
85,A15780905,7518750,16882500,0,0,54000,19371000,7760115,29120690,12140990,0,202204.0
86,A15780002,1584880,4328320,0,0,256660,7567700,1877180,14598020,0,9308290,202204.0
87,A15781002,4492810,10430510,0,584510,0,13165190,1055760,0,0,0,202204.0
88,A15780701,5606810,0,0,0,0,0,10400485,0,3399300,0,202204.0
89,A15780806,25193940,0,0,0,27450500,0,5253580,0,0,0,202204.0
90,A15780705,42772170,0,0,0,0,0,0,0,0,0,202204.0
91,A15720101,0,0,52920,0,0,0,518948,6238100,-120,7126100,202204.0
92,A15780703,24820000,7888350,0,368560,0,13108200,33185711,22779940,3842970,3842970,202204.0
93,A15774708,0,19198720,0,0,0,20468000,7045026,0,0,0,202204.0
94,A15780401,3949090,6548720,0,0,0,11515270,9377170,18208580,1110,11574840,202204.0
95,A15780904,2021450,12893950,0,0,0,14726130,2858930,0,1388220,0,202204.0
96,A15780602,0,0,276580,0,0,0,3788430,11332240,147190,6940720,202204.0
97,A15780603,6347590,8541600,0,0,0,17236000,2702320,32235230,6102150,0,202204.0
98,A15780704,6120609,6432770,0,0,0,22620500,4606120,23170590,7862400,11573860,202204.0
99,A15720001,0,0,0,0,0,0,8415525,42704230,-4370,14566810,202204.0
100,A15781003,2991970,5647950,0,0,0,15024000,3569780,0,0,0,202204.0
101,A10025616,,,,,,,,,,,202204.0
102,A10024367,,,,,,,,,,,202204.0
103,A10024792,,,,,,,,,,,202204.0
104,A15721001,0,0,0,0,0,0,1781350,7275660,-447200,2418600,202204.0
105,A15721003,262400,0,0,0,0,0,1429710,0,0,0,202204.0
106,A15721005,0,0,-429000,429000,0,0,2195360,19677200,1008160,9666600,202204.0
107,A15722010,11885800,3050390,0,0,-9959600,9959600,489050,19442620,292510,7424900,202204.0
108,A15721006,1831140,13291080,0,0,0,29304530,9759175,57337190,606340,26799440,202204.0
109,A15728011,3066820,7877810,0,0,0,23374480,5113404,51074000,0,21910780,202204.0
110,A15721007,5625790,5920310,0,0,0,21368970,13369790,55103240,2967900,15946630,202204.0
111,A15721004,0,0,0,0,0,0,287675,0,425030,0,202204.0
112,A15721010,29158220,8635800,0,0,-18506590,18444030,5796690,52552310,1053470,22985800,202204.0
113,A15721009,623010,0,0,0,0,0,3479110,0,0,0,202204.0
114,A15721008,3572370,2530640,0,0,0,6235160,2777579,18647340,481030,4423900,202204.0
115,A15722009,1176030,1421670,0,310210,4816880,4816200,1736880,8368320,3900380,3900380,202204.0
116,A10027433,1063500,4074940,0,691280,0,10718380,2718380,22540020,-273240,8920020,202204.0
117,A10027452,12276120,2439480,0,0,-11877400,11832400,4239450,15409160,709450,10181270,202204.0
118,A10027403,928497,1854790,0,0,0,7040910,3821670,11608820,288940,6883900,202204.0
119,A10026879,8381550,6928960,0,0,0,22489940,4276144,50473320,570940,20901470,202204.0
120,A10027687,3355330,5765240,0,0,8430180,0,8854261,27283120,-344070,11089490,202204.0
121,A10027371,1036740,1411990,0,0,0,6497180,3308960,10569690,100080,6204950,202204.0
122,A10024426,4491640,7613190,0,0,31660800,31541800,5366830,44666140,558760,25504290,202204.0
123,A15721011,1717110,2239390,0,0,0,5740730,1370190,12360990,-2720,5589780,202204.0
124,A15728002,214210,2598480,0,0,0,6655530,4669230,11691010,64720,6964690,202204.0
125,A15728006,2014010,6350030,0,0,182040,20040650,7616940,26752700,386880,18562870,202204.0
126,A15728009,0,0,0,0,0,0,-597189,98485340,5985830,81152520,202204.0
127,A15728005,7872300,0,0,0,11561200,0,27280328,0,10744570,0,202204.0
128,A15728010,0,0,0,0,0,0,1456091,6858850,0,6328340,202204.0
129,A15728007,82730,5137680,0,0,57850,21488900,5099580,22560110,752690,15165300,202204.0
130,A15728003,2496550,7010880,0,0,0,9515700,3808070,19729540,140060,11578890,202204.0
131,A15782501,0,0,0,0,0,0,1195250,6566350,318490,5434310,202204.0
132,A15728013,,,,,,,,,,,202204.0
133,A15728008,4329960,5971400,0,0,0,29047200,9126860,31484200,0,21481020,202204.0
134,A15728004,1699950,5447940,0,0,33660,14350050,6193700,19914090,127580,12730360,202204.0
135,A15779704,0,0,117560,0,0,0,2447160,8227170,0,4756120,202204.0
136,A10028020,,,,,,,,,,,202204.0
137,A15781201,0,0,0,0,0,0,2913660,10362870,651500,7669140,202204.0
138,A15722005,0,0,0,0,0,0,3254320,11384390,7430,5563730,202204.0
139,A15784601,0,0,0,0,0,0,2880260,5802870,281920,4940180,202204.0
140,A15722106,0,0,0,0,0,0,3410880,10279790,0,0,202204.0
141,A15722314,18655440,16040360,0,0,9741650,9741650,4572680,0,0,0,202204.0
142,A15785711,14898930,8589900,0,0,-10656000,10617600,2188210,0,2851770,5607090,202204.0
143,A15785709,1623110,4874400,0,298400,0,5560800,1897503,0,72690,6535860,202204.0
144,A15785703,0,0,0,0,0,0,2173973,5975250,70,4468660,202204.0
145,A15722304,0,0,0,0,0,0,1506600,8010590,0,0,202204.0
146,A15777501,3813350,7853950,0,0,0,11232000,3840370,0,3977025,4867200,202204.0
147,A15722108,0,0,0,0,0,0,9791130,16184410,-230,7904910,202204.0
148,A15722201,0,0,0,0,0,0,2337050,7062540,40,3545050,202204.0
149,A15785608,2649790,7982950,0,0,0,7500650,4401850,19392130,291720,9887010,202204.0
150,A15785002,0,0,0,0,0,0,1085751,7221110,808560,3262590,202204.0
151,A15785005,2407300,5073950,0,0,0,9713600,3585090,0,831890,0,202204.0
152,A15722004,0,0,0,0,0,0,13674000,13524600,6424770,6424770,202204.0
153,A15722203,7110660,0,0,0,0,0,10140575,0,6469330,0,202204.0
154,A15785613,3868040,11779560,0,0,0,16737230,4973476,21414670,7755300,0,202204.0
155,A15785507,1543050,3548590,0,0,0,6336400,4240038,10845160,2146200,0,202204.0
156,A15722204,0,0,0,0,0,0,12536150,0,0,0,202204.0
157,A15785612,4100,15140480,0,0,0,5243420,2425810,0,0,0,202204.0
158,A15722102,0,0,0,0,0,0,2384540,6718950,262490,3608710,202204.0
159,A15785605,540000,3057940,0,0,0,3015000,1470000,0,0,0,202204.0
160,A15778101,4120160,6375200,0,0,0,13426600,4907568,20082050,0,2961750,202204.0
161,A15785601,0,2160060,0,0,0,3048500,2159590,6754120,775190,0,202204.0
162,A15722307,814420,3264890,-2584410,2584410,0,5475000,2183470,0,2684450,0,202204.0
163,A15722011,,,,,,,,,,,202204.0
164,A15722003,0,0,0,0,0,0,2923990,11405490,0,0,202204.0
165,A15773501,0,0,0,0,0,0,606256,9756430,0,0,202204.0
166,A15722007,0,0,0,0,0,0,2233080,6885130,0,0,202204.0
167,A15785710,5138730,9230390,0,0,0,14670500,6586247,28192270,325450,8862650,202204.0
168,A10025641,,,,,,,,,,,202204.0
169,A15722104,0,0,102300,0,0,0,593787,7394870,52250,0,202204.0
170,A15722008,,,,,,,,,,,202204.0
171,A15722306,0,0,23560,0,-300740,300740,925510,9061460,0,3417950,202204.0
172,A10023292,,,,,,,,,,,202204.0
173,A15722001,0,0,50940,0,0,0,1859150,5814410,64600,0,202204.0
174,A10024505,4493230,0,0,0,6330790,0,18608320,0,6727510,0,202204.0
