,kaptCode,heatC,heatP,gasC,gasP,waterHotC,waterHotP,electC,electP,waterCoolC,waterCoolP,Date
0,A15786116,0,0,22070,0,0,0,1553440,11457510,9682700,0,202212.0
1,A15704015,0,0,242690,0,0,0,5006650,12687530,180270,11226320,202212.0
2,A15786118,0,0,0,0,0,0,3484579,12560980,207560,6280690,202212.0
3,A15786426,0,0,0,0,0,0,957780,22210470,206670,0,202212.0
4,A15704025,0,0,0,0,0,0,2619873,24413190,0,0,202212.0
5,A15776001,0,0,0,0,0,0,2502864,10363900,106760,3484510,202212.0
6,A15786321,0,0,0,0,0,0,1050290,15875990,70000,0,202212.0
7,A15786314,0,0,0,0,0,0,4129790,9764460,-310,5365830,202212.0
8,A15704006,115640,0,0,0,0,0,1846880,0,0,0,202212.0
9,A15786222,0,0,0,0,0,0,2817050,15103810,0,6182280,202212.0
10,A15786420,0,0,236100,0,0,0,4643740,11440540,0,0,202212.0
11,A15786111,0,0,0,0,0,0,3663800,9494030,0,0,202212.0
12,A15786405,0,0,38310,0,0,0,1374890,6780810,97650,0,202212.0
13,A15786424,0,0,591670,0,0,0,7558427,23011990,-54820,7803320,202212.0
14,A15786104,0,0,0,0,0,0,534330,6789120,0,5554360,202212.0
15,A15786510,0,0,0,0,0,0,2962759,8188660,0,0,202212.0
16,A15704028,550440,0,0,0,0,0,5520610,29525830,1383260,0,202212.0
17,A15704009,0,0,91670,0,0,0,2622840,0,0,0,202212.0
18,A15786312,0,0,0,0,0,0,612171,10546920,0,3753650,202212.0
19,A15704007,0,0,0,0,0,0,1946540,0,3929095,0,202212.0
20,A15704023,0,0,0,0,0,0,1535970,20501400,589060,8935860,202212.0
21,A15704017,108100,0,0,0,0,0,14220431,0,0,0,202212.0
22,A15786227,0,0,59390,0,0,0,6618260,18399910,0,20360700,202212.0
23,A15704003,0,0,3050,0,0,0,1443010,8062070,-1890,4335050,202212.0
24,A15704002,0,0,0,0,0,0,594730,8476960,0,4190710,202212.0
25,A15704001,0,0,0,0,0,0,2081560,7133530,137510,6169970,202212.0
26,A15786213,0,0,0,0,0,0,2237850,10903030,0,4605300,202212.0
27,A15786408,0,0,153210,0,0,0,853540,11059150,0,4395780,202212.0
28,A15776003,,,,,,,,,,,202212.0
29,A15776004,,,,,,,,,,,202212.0
30,A15785919,0,0,0,0,0,0,2567491,16476290,0,0,202212.0
31,A10025600,0,0,0,0,0,0,38503725,0,273060,8562390,202212.0
32,A10027541,0,0,83820,0,0,0,2893683,9505840,326320,5664050,202212.0
33,A10025049,,,,,,,,,,,202212.0
34,A15783907,0,0,0,0,0,0,2842680,16652210,0,0,202212.0
35,A15783703,0,0,0,0,0,0,2101770,11199740,0,9313850,202212.0
36,A15703004,48010190,54719830,0,0,-35345540,35345540,6138661,28740580,1333820,13122240,202212.0
37,A15703304,901240,39801280,0,0,1228440,10340950,4239430,0,58500,0,202212.0
38,A15703303,83213680,46388610,0,630000,0,26493360,28049430,19640890,9946910,9476580,202212.0
39,A15703301,870490,37808950,0,0,0,8547000,2774280,0,2072870,0,202212.0
40,A15784008,15667080,43428480,0,0,0,12138930,8412830,13490030,-180,6525150,202212.0
41,A15772902,,,,,,,,,,,202212.0
42,A15703302,41883625,72316190,0,0,-28522260,28522260,6981600,24236050,3425540,6084120,202212.0
43,A15772901,,,,,,,,,,,202212.0
44,A15703002,0,259660,0,0,0,0,2998900,11067240,1444010,3883960,202212.0
45,A15703005,0,0,0,0,0,0,2380673,9927680,-67540,3971270,202212.0
46,A15703309,39398400,84085860,0,0,-35380950,35380950,2485892,31142210,-5960,18391790,202212.0
47,A15703307,40893780,104313770,0,0,-28083900,28083900,7510853,33287700,0,13402210,202212.0
48,A15776916,0,71059420,0,0,0,14589000,5457460,0,0,0,202212.0
49,A15703001,0,0,0,0,0,0,1964750,7213230,330,7647370,202212.0
50,A15784402,0,0,-288330,288330,0,0,1824910,0,0,0,202212.0
51,A15776414,0,74449070,0,0,0,16036000,4892500,0,0,0,202212.0
52,A15703308,11174240,77372900,0,0,0,33610500,5980660,25492320,284090,11552810,202212.0
53,A15783806,10785800,32053620,0,0,-9420550,9420550,4813290,11967820,2411420,3693530,202212.0
54,A15776617,0,37775660,0,0,0,5772200,2356290,0,0,0,202212.0
55,A15783905,0,0,0,0,0,0,2825150,8006340,75020,0,202212.0
56,A15703318,0,22179830,0,0,0,9341500,1118920,13103980,0,5813680,202212.0
57,A15703204,0,0,0,0,0,0,24092037,117121580,0,33975150,202212.0
58,A15703313,0,74183350,0,0,0,12636000,7869230,0,0,0,202212.0
59,A15783902,0,0,71950,0,0,0,1264440,7995200,0,0,202212.0
60,A15776715,0,45252260,0,0,0,14065200,4323780,0,0,0,202212.0
61,A15783701,231410,0,0,0,-265120,265120,1528877,7707210,6584350,0,202212.0
62,A15784003,0,0,0,0,0,0,5227150,5649650,6833910,0,202212.0
63,A15703306,1025010,52613850,0,0,0,10933740,3861920,0,804970,8221950,202212.0
64,A15784201,0,0,0,0,0,0,1229990,6521700,140270,0,202212.0
65,A10025703,,,,,,,,,,,202212.0
66,A10023543,0,0,0,0,0,0,3919860,8682500,84130,3320380,202212.0
67,A15701004,0,0,0,0,0,0,590810,10812500,0,0,202212.0
68,A15701601,0,0,0,0,0,0,-698380,12419430,0,3632670,202212.0
69,A15788302,0,0,320230,0,0,0,4414585,18347990,469570,7822840,202212.0
70,A15788901,0,0,0,0,0,0,3154216,9810470,0,0,202212.0
71,A15792602,10905780,403456010,0,14435520,0,78739200,31592360,138106890,15137600,31135980,202212.0
72,A15701602,0,0,0,0,0,0,13042543,78175430,0,0,202212.0
73,A15770801,1929590,70261500,0,0,0,15504000,6593797,18460910,-880,11610230,202212.0
74,A15701002,0,0,0,0,0,0,4198289,10430630,-160620,8617580,202212.0
75,A15701003,47107260,334065940,0,0,0,73615500,62498485,108655110,0,52430600,202212.0
76,A15788203,0,0,0,0,0,0,5732193,14967020,390930,0,202212.0
77,A15770101,0,0,0,0,0,0,1066994,9101320,0,0,202212.0
78,A15701007,55655450,265312540,0,0,0,132714540,67157935,179033520,712680,43749410,202212.0
79,A10025201,,,,,,,,,,,202212.0
80,A15701006,,,,,,,,,,,202212.0
81,A10023515,1862010,29279650,0,0,0,4147100,19119320,7316230,347830,1377090,202212.0
82,A10024145,0,0,0,0,0,0,2593987,9503550,382500,3325590,202212.0
83,A15780604,11807821,119175100,0,0,-301,32571390,15204236,46586650,0,0,202212.0
84,A15780605,120264330,0,0,0,30473040,0,37877050,0,25000,0,202212.0
85,A15780905,33732530,108273420,0,0,-8538000,38880000,50450,44716440,6656760,0,202212.0
86,A15780002,1584880,56179470,0,0,896630,13298600,1821530,18932190,0,7902050,202212.0
87,A15781002,24562880,48042330,0,0,-12200590,12200590,7794430,0,0,0,202212.0
88,A15780701,37118610,0,0,0,0,0,15170888,0,3328670,0,202212.0
89,A15780806,116353440,0,0,0,46057000,0,8735670,0,0,0,202212.0
90,A15780705,138079150,0,0,0,0,0,0,0,0,0,202212.0
91,A15720101,0,0,49910,0,0,0,1644009,7488920,0,7327870,202212.0
92,A15780703,34549200,94411440,-628800,628660,-20682000,20682000,12171712,24750480,0,4187430,202212.0
93,A15774708,0,87652460,0,0,0,18378500,10309756,0,0,0,202212.0
94,A15780401,7256710,63078190,0,0,0,25696800,10235770,19463900,-7220,10372730,202212.0
95,A15780904,8931320,72491210,0,0,0,15522980,4927400,0,767140,0,202212.0
96,A15780602,0,0,279700,0,0,0,3263276,13053260,110670,6368800,202212.0
97,A15780603,21521950,114049910,0,0,0,25076640,6750654,44941110,5709890,0,202212.0
98,A15780704,18220461,107189170,0,0,0,29405000,9298928,31401000,7550740,11925250,202212.0
99,A15720001,0,0,0,0,0,0,74086410,0,14748250,0,202212.0
100,A15781003,3527320,69201720,0,0,0,25466700,4950200,0,0,0,202212.0
101,A10025616,,,,,,,,,,,202212.0
102,A10024367,,,,,,,,,,,202212.0
103,A10024792,,,,,,,,,,,202212.0
104,A15721001,0,0,0,0,0,0,2093760,7559970,-246050,2313650,202212.0
105,A15721003,196140,0,0,0,0,0,1972090,0,0,0,202212.0
106,A15721005,0,0,-429000,429000,0,0,4190085,19522470,954430,9533520,202212.0
107,A15722010,21971170,35757870,0,0,-19638680,19638680,7929300,25671000,159420,8179470,202212.0
108,A15721006,11055460,115165630,0,0,0,54996590,13194279,61712916,1589310,26051010,202212.0
109,A15728011,4358997,91713740,0,0,0,40817210,10814901,51592896,27210,21300040,202212.0
110,A15721007,11699450,87798030,0,0,0,43418400,15826110,55239090,3669190,15481520,202212.0
111,A15721004,0,0,0,0,0,0,814055,0,-276840,0,202212.0
112,A15721010,43403050,108239710,0,0,-27457900,27373010,19547710,66170290,277630,24070240,202212.0
113,A15721009,1859780,0,0,0,0,0,10124560,0,0,0,202212.0
114,A15721008,4028120,32595980,0,0,0,13007240,3708855,19610950,189400,4321200,202212.0
115,A15722009,3246200,17784400,-348410,333540,0,6491730,7117720,11680060,0,3794260,202212.0
116,A10027433,1063500,39515380,0,769990,0,16881510,3858526,24786294,-171060,8700460,202212.0
117,A10027452,28424860,31008000,0,0,-27514900,27399300,8806320,21328390,528530,10253190,202212.0
118,A10027403,3342117,20603580,0,0,0,13801450,6219320,14721370,20680,6464920,202212.0
119,A10026879,14397120,107170700,0,0,0,40588800,20086060,63490020,357780,21357450,202212.0
120,A10027687,4233000,66277880,0,0,13478790,0,20124316,29148840,-261020,10823440,202212.0
121,A10027371,17577020,18183080,0,0,-14764190,14623070,5258726,14260820,99680,5623440,202212.0
122,A10024426,3456906,82825411,0,0,0,64278000,36561850,47836920,62350,24617550,202212.0
123,A15721011,3935510,25016610,0,0,0,12049110,8668537,16547530,1410,5462340,202212.0
124,A15728002,689620,26559560,0,0,0,15663870,5822440,13675700,5050,6989070,202212.0
125,A15728006,0,90910040,0,0,0,36127920,11892950,35109590,182400,18746580,202212.0
126,A15728009,0,0,0,0,0,0,1797018,126132660,1008240,78812590,202212.0
127,A15728005,4570860,50162310,0,0,0,14915960,8148359,21361430,0,10105430,202212.0
128,A15728010,0,0,0,0,0,0,1135426,8064860,-50,6344050,202212.0
129,A15728007,497920,76422850,0,0,56250,30354800,8029560,30355480,503920,14935540,202212.0
130,A15728003,5819980,46652500,0,0,0,23801400,3978760,27395340,150450,10854140,202212.0
131,A15782501,0,0,0,0,0,0,1400030,8749050,692220,5421930,202212.0
132,A15728013,,,,,,,,,,,202212.0
133,A15728008,6011620,82646900,0,0,0,52722230,13462208,42511320,97860,21153860,202212.0
134,A15728004,2856400,61295980,0,0,367360,27103600,7189300,23833580,187880,12642790,202212.0
135,A15779704,0,0,43230,0,0,0,3664770,10807200,0,4606150,202212.0
136,A10028020,,,,,,,,,,,202212.0
137,A15781201,0,0,0,0,0,0,4194000,11871920,430740,7725540,202212.0
138,A15722005,0,0,0,0,0,0,3898555,12404170,11330,5426680,202212.0
139,A15784601,0,0,0,0,0,0,2521880,7006080,97720,5124630,202212.0
140,A15722106,0,0,0,0,0,0,5500410,13709510,0,0,202212.0
141,A15722314,28967700,72929010,0,0,25576200,25576200,7288150,0,0,0,202212.0
142,A15785711,34294470,56529200,0,0,-21093600,20944000,3672640,0,1983390,5780650,202212.0
143,A15785709,1666320,46758630,0,322790,0,7024000,3537100,0,95630,6717590,202212.0
144,A15785703,0,0,0,0,0,0,2734461,9238670,-290,4673390,202212.0
145,A15722304,0,0,0,0,0,0,1720550,9518150,0,0,202212.0
146,A15777501,10071720,77232000,0,0,0,19233600,5639790,0,750300,4007000,202212.0
147,A15722108,0,0,0,0,0,0,10230123,17460010,0,8742690,202212.0
148,A15722201,0,0,0,0,0,0,1840100,6928980,-30,3643010,202212.0
149,A15785608,7824410,70518840,0,0,0,14846000,5947080,22525940,925210,9173880,202212.0
150,A15785002,0,0,0,0,0,0,1213788,8573590,342800,3227810,202212.0
151,A15785005,2668710,48383380,0,0,0,11750460,5710780,0,598920,0,202212.0
152,A15722004,0,0,0,0,0,0,5732957,14450130,0,6539080,202212.0
153,A15722203,35466850,0,0,0,0,0,10870613,0,6868730,0,202212.0
154,A15785613,,,,,,,,,,,202212.0
155,A15785507,4925950,33995350,0,0,600000,12426000,5376854,11533512,2019030,0,202212.0
156,A15722204,0,0,0,0,0,0,17329550,0,0,0,202212.0
157,A15785612,54016110,0,0,0,11718000,0,3913540,0,0,0,202212.0
158,A15722102,0,0,0,0,0,0,3101970,9111060,119780,3546030,202212.0
159,A15785605,2455000,14198870,0,0,0,6345470,2426790,0,0,0,202212.0
160,A15778101,14614470,81256000,0,0,-32900,18762400,13259213,26507770,0,3592800,202212.0
161,A15785601,22127040,0,0,0,3388000,0,9903190,0,861520,0,202212.0
162,A15722307,674360,35247660,-1952840,1952840,-40000,7900000,3221550,0,2052650,0,202212.0
163,A15722011,,,,,,,,,,,202212.0
164,A15722003,0,0,0,0,0,0,5447060,15875950,0,0,202212.0
165,A15773501,0,0,0,0,0,0,986587,13251080,0,0,202212.0
166,A15722007,0,0,0,0,0,0,1515090,8058860,0,0,202212.0
167,A15785710,12071740,94123630,0,0,0,31897500,11704523,34730690,316780,8316650,202212.0
168,A10025641,,,,,,,,,,,202212.0
169,A15722104,0,0,0,0,0,0,511138,10233670,43930,0,202212.0
170,A15722008,,,,,,,,,,,202212.0
171,A15722306,0,0,70610,0,-265480,265480,1895780,12653500,0,3245310,202212.0
172,A10023292,,,,,,,,,,,202212.0
173,A15722001,0,0,143420,0,0,0,2430780,5807220,42250,0,202212.0
174,A10024505,23226120,0,0,0,11001310,0,27246530,0,6439380,0,202212.0
