,kaptCode,heatC,heatP,gasC,gasP,waterHotC,waterHotP,electC,electP,waterCoolC,waterCoolP,Date
0,A15786116,0,0,168240,0,0,0,1108910,9362910,0,0,202205.0
1,A15704015,0,0,162030,0,0,0,4239860,11730010,0,0,202205.0
2,A15786118,0,0,0,0,0,0,2408543,10014240,12500,6302010,202205.0
3,A15786426,0,0,0,0,0,0,837942,18503200,363540,0,202205.0
4,A15704025,0,0,0,0,0,0,2050244,19306830,86540,18895670,202205.0
5,A15776001,0,0,0,0,0,0,1479861,9321390,0,3235100,202205.0
6,A15786321,0,0,0,0,0,0,704820,12624770,0,0,202205.0
7,A15786314,0,0,0,0,0,0,2866110,7436620,0,4839970,202205.0
8,A15704006,58800,0,0,0,0,0,1514880,0,0,0,202205.0
9,A15786222,0,0,0,0,0,0,1073893,11817870,0,6136110,202205.0
10,A15786420,0,0,145070,0,0,0,3740200,9643390,0,0,202205.0
11,A15786111,0,0,0,0,0,0,2892900,7366290,0,9868700,202205.0
12,A15786405,0,0,0,0,0,0,929531,6077180,195300,0,202205.0
13,A15786424,0,0,70140,0,0,0,4900736,18164340,814620,8384420,202205.0
14,A15786104,0,0,0,0,0,0,265160,5997680,0,0,202205.0
15,A15786510,0,0,0,0,0,0,2084081,6393560,-1090,8058600,202205.0
16,A15704028,182040,0,0,0,0,0,3642630,24353070,1466530,0,202205.0
17,A15704009,0,0,25350,0,0,0,2196470,0,0,0,202205.0
18,A15786312,0,0,0,0,0,0,847380,8506870,0,4326520,202205.0
19,A15704007,0,0,0,0,0,0,1560200,0,4269973,0,202205.0
20,A15704023,0,0,0,0,0,0,1121580,16243660,15750,8793570,202205.0
21,A15704017,6770,0,0,0,0,0,11620205,0,12037000,0,202205.0
22,A15786227,0,0,153470,0,0,0,5362350,15723950,0,0,202205.0
23,A15704003,0,0,0,0,0,0,1766660,6726880,0,3537120,202205.0
24,A15704002,0,0,0,0,0,0,238490,7099370,0,4079720,202205.0
25,A15704001,0,0,0,0,0,0,1458810,6031610,0,0,202205.0
26,A15786213,0,0,0,0,0,0,1050530,8871140,0,4689300,202205.0
27,A15786408,0,0,28950,0,0,0,555720,9103280,0,4485050,202205.0
28,A15776003,,,,,,,,,,,202205.0
29,A15776004,,,,,,,,,,,202205.0
30,A15785919,0,0,0,0,0,0,305046,12067870,0,0,202205.0
31,A10025600,0,0,0,0,0,0,23872020,0,838860,8452280,202205.0
32,A10027541,0,0,99580,0,0,0,1892863,8092590,0,0,202205.0
33,A10025049,,,,,,,,,,,202205.0
34,A15783907,0,0,0,0,0,0,1478731,12300930,0,14043810,202205.0
35,A15783703,0,0,0,0,0,0,2072950,9578350,0,0,202205.0
36,A15703004,13579270,1815690,0,0,-9648250,9648250,3982785,24557490,3680,14079120,202205.0
37,A15703304,901240,1778400,0,0,1288310,4288060,1955690,0,0,0,202205.0
38,A15703303,10537150,0,626680,626680,6262880,6262880,21510910,0,10561050,0,202205.0
39,A15703301,870490,308700,0,0,0,3796000,1717650,0,1500000,0,202205.0
40,A15784008,2905340,1252900,0,0,0,4635050,6398131,11439930,0,6338160,202205.0
41,A15772902,0,0,0,0,0,0,1317060,0,68200,0,202205.0
42,A15703302,9751804,719590,0,0,-7433280,7433280,4217751,19649900,2565630,7397270,202205.0
43,A15772901,0,0,0,0,0,0,1517960,0,83080,0,202205.0
44,A15703002,0,0,0,0,0,0,2824560,7523880,0,3669980,202205.0
45,A15703005,0,0,0,0,0,0,1551190,7989480,-33720,3937450,202205.0
46,A15703309,13179140,3843000,0,0,-9722000,9722000,995970,24902500,907390,17184200,202205.0
47,A15703307,15503940,2864480,0,0,-10558600,10558600,7256977,23237240,0,13847880,202205.0
48,A15776916,0,3576960,0,0,0,12507000,3033730,0,0,0,202205.0
49,A15703001,0,0,0,0,0,0,1680170,6419290,0,0,202205.0
50,A15784402,0,0,-314210,314210,0,0,1026100,0,0,0,202205.0
51,A15776414,0,3156530,0,0,0,14864500,3428110,0,2067080,0,202205.0
52,A15703308,3730220,1785700,0,0,0,16254000,3552560,20820700,524470,11759080,202205.0
53,A15783806,5606720,722350,0,0,-4606570,4606570,3675320,9320340,1452560,4360380,202205.0
54,A15776617,0,947050,0,0,0,7090800,1580160,0,0,0,202205.0
55,A15783905,0,0,0,0,0,0,1967110,6881630,0,0,202205.0
56,A15703318,0,117380,0,0,0,7619500,512830,10765330,0,6797670,202205.0
57,A15703204,0,0,0,0,0,0,8480160,92356390,0,40074820,202205.0
58,A15703313,0,1132660,0,0,0,13686000,4361370,0,0,0,202205.0
59,A15783902,0,0,61100,0,0,0,203818,7063990,0,6967770,202205.0
60,A15776715,0,1842560,0,0,0,12736800,2772980,0,0,0,202205.0
61,A15783701,86810,0,0,0,-252450,252450,704051,6708970,0,0,202205.0
62,A15784003,0,0,0,0,0,0,2165300,4886830,0,0,202205.0
63,A15703306,1373890,354600,0,0,260,7624180,2817410,0,292600,9210220,202205.0
64,A15784201,0,0,0,0,0,0,2034740,4334780,0,0,202205.0
65,A10025703,,,,,,,,,,,202205.0
66,A10023543,0,0,0,0,0,0,0,4778290,0,1834990,202205.0
67,A15701004,0,0,0,0,0,0,1277970,7917060,0,7525680,202205.0
68,A15701601,0,0,0,0,0,0,-13650,9256890,0,3698490,202205.0
69,A15788302,0,0,34730,0,0,0,3360279,14615200,273700,8465360,202205.0
70,A15788901,0,0,0,0,0,0,1949370,7134140,0,0,202205.0
71,A15792602,10907710,15494030,0,11880000,0,33750000,10371380,106628650,12260450,35460180,202205.0
72,A15701602,0,0,0,0,0,0,62283632,0,54146590,0,202205.0
73,A15770801,1925270,3542250,0,0,0,6640000,4656149,14603660,0,7814820,202205.0
74,A15701002,0,0,0,0,0,0,2500947,7936810,0,0,202205.0
75,A15701003,10990780,9910150,0,0,0,40798800,28427900,106959970,4279790,51975770,202205.0
76,A15788203,0,0,0,0,0,0,2183186,11333050,0,0,202205.0
77,A15770101,0,0,0,0,0,0,1386950,6349350,861930,6953820,202205.0
78,A15701007,13762270,3467240,0,0,0,48511360,34300180,140994540,3546010,46969140,202205.0
79,A10025201,,,,,,,,,,,202205.0
80,A15701006,,,,,,,,,,,202205.0
81,A10023515,,,,,,,,,,,202205.0
82,A10024145,0,0,0,0,0,0,3213240,6755540,70000,3459900,202205.0
83,A15780604,4782167,3583290,0,0,413,14678420,6701073,35522870,-4250,12221600,202205.0
84,A15780605,7867970,0,0,0,15870000,0,29318970,0,6713680,0,202205.0
85,A15780905,5551700,3504460,0,0,0,15570500,5870930,25877690,5095800,0,202205.0
86,A15780002,1584880,809260,0,0,210010,5915870,1197130,14652360,0,8600530,202205.0
87,A15781002,2494460,3210340,0,612580,0,10651520,867080,0,0,0,202205.0
88,A15780701,2217900,600570,0,0,-1226700,1226700,3372243,7216920,0,2715540,202205.0
89,A15780806,11283930,0,0,0,22799000,0,4593690,0,0,0,202205.0
90,A15780705,28987250,0,0,0,0,0,0,0,0,0,202205.0
91,A15720101,0,0,3630,0,0,0,745654,6112300,0,0,202205.0
92,A15780703,12668500,1598790,-465560,465560,-9244600,9244600,6849599,19975160,-819560,3423030,202205.0
93,A15774708,0,3066870,0,0,0,18193000,6237346,0,4062320,0,202205.0
94,A15780401,3520800,2560560,0,0,0,7378960,8763890,16779050,-290,11298080,202205.0
95,A15780904,1355860,6334920,0,0,0,11457000,2431210,0,849790,0,202205.0
96,A15780602,0,0,2320,0,0,0,2833240,10724250,0,6477140,202205.0
97,A15780603,5088180,1876710,0,0,0,11360590,1425000,32460450,3537900,0,202205.0
98,A15780704,4934752,4199500,0,0,0,13415000,5373160,22641370,7271640,12691950,202205.0
99,A15720001,0,0,0,0,0,0,8079530,42935380,-80,17035740,202205.0
100,A15781003,2191530,2056500,0,0,0,13064600,3346540,0,28450,0,202205.0
101,A10025616,,,,,,,,,,,202205.0
102,A10024367,,,,,,,,,,,202205.0
103,A10024792,,,,,,,,,,,202205.0
104,A15721001,0,0,0,0,0,0,1688900,6703170,-4900,2528800,202205.0
105,A15721003,163080,0,0,0,0,0,1431420,0,566010,0,202205.0
106,A15721005,0,0,-429000,429000,0,0,2868810,16983150,0,0,202205.0
107,A15722010,9305340,556060,0,0,-7408000,7408000,417720,20517270,422360,8051870,202205.0
108,A15721006,1137990,5507880,0,0,0,22726110,9022061,52364050,1008670,28149530,202205.0
109,A15728011,2701320,1540800,0,0,0,19046950,4757520,46881070,277860,22343060,202205.0
110,A15721007,5176700,1454240,0,0,0,15284400,12675580,49204380,3493550,16039110,202205.0
111,A15721004,0,0,0,0,0,0,399790,0,0,0,202205.0
112,A15721010,23089270,1838050,2710,0,-16617500,16546710,6313530,52891300,1118460,23810230,202205.0
113,A15721009,443380,0,0,0,0,0,3758540,0,0,0,202205.0
114,A15721008,1788390,415330,0,0,0,5091310,2835076,16714080,385610,4317950,202205.0
115,A15722009,782670,424820,0,333820,0,3763800,1822440,8779660,0,4125010,202205.0
116,A10027433,1063500,1604660,0,779060,0,8132190,2339360,20074250,-306070,9043380,202205.0
117,A10027452,9057160,413160,0,0,-8667660,8633920,4311420,15560040,843990,10156790,202205.0
118,A10027403,568317,396720,0,0,0,5000080,4139310,11532470,80720,6660940,202205.0
119,A10026879,6442140,1250700,0,0,0,17802240,3895156,51782670,2750,22273120,202205.0
120,A10027687,3198310,1132730,0,0,6401800,0,8378996,27034770,-155570,11405450,202205.0
121,A10027371,828350,273080,0,0,0,4678520,2781187,10524360,101030,6475310,202205.0
122,A10024426,4347783,1958900,0,0,0,23809000,6272886,46982110,134950,25260010,202205.0
123,A15721011,1089280,589590,0,0,0,4638440,1736250,12899550,-90,5551890,202205.0
124,A15728002,180000,409080,0,0,0,4789240,4575170,10183670,37530,7105870,202205.0
125,A15728006,2008660,883410,0,0,155170,14490160,7845370,26277510,789120,18631680,202205.0
126,A15728009,0,0,0,0,0,0,-691379,98431410,0,0,202205.0
127,A15728005,3629880,0,0,0,8909510,0,25161291,0,10273850,0,202205.0
128,A15728010,0,0,0,0,0,0,747803,6825850,0,0,202205.0
129,A15728007,16940,672540,0,0,29250,16252840,5297500,22429000,479570,15257120,202205.0
130,A15728003,2491600,1420740,0,0,0,8509200,3584250,19418540,139600,14006810,202205.0
131,A15782501,0,0,0,0,0,0,1485530,6410600,0,0,202205.0
132,A15728013,,,,,,,,,,,202205.0
133,A15728008,2270730,673800,0,0,0,26090800,9109180,31045190,121210,21714480,202205.0
134,A15728004,1585670,1506390,0,0,27100,10282800,5830370,18142810,164150,13292700,202205.0
135,A15779704,0,0,57630,0,0,0,2633680,8021830,0,5337470,202205.0
136,A10028020,,,,,,,,,,,202205.0
137,A15781201,0,0,0,0,0,0,2717960,9561340,0,0,202205.0
138,A15722005,0,0,0,0,0,0,3192130,9892890,6640,6180080,202205.0
139,A15784601,0,0,0,0,0,0,1936688,5938330,0,0,202205.0
140,A15722106,0,0,0,0,0,0,3475120,10444640,0,7620600,202205.0
141,A15722314,10854550,8240210,0,0,8444410,8444410,4043010,0,65970,0,202205.0
142,A15785711,12913290,3260400,0,0,-9030400,8992000,2143250,0,2536920,5769370,202205.0
143,A15785709,1572380,1260000,0,322230,0,4402500,1829933,0,90900,6609510,202205.0
144,A15785703,0,0,0,0,0,0,1476851,6465020,0,0,202205.0
145,A15722304,0,0,0,0,0,0,1321520,7281440,310,4741910,202205.0
146,A15777501,3096080,2211500,0,0,0,8562500,3653760,0,4391725,4452500,202205.0
147,A15722108,0,0,0,0,0,0,6666160,14285080,0,9197500,202205.0
148,A15722201,0,0,0,0,0,0,2437420,5207430,50,3674200,202205.0
149,A15785608,2585520,2233340,0,0,0,6026450,4138500,16627520,455210,10213830,202205.0
150,A15785002,0,0,0,0,0,0,995776,6363030,0,3195650,202205.0
151,A15785005,2146170,2146170,0,0,0,7238000,3176260,0,861440,0,202205.0
152,A15722004,0,0,0,0,0,0,4668060,12359690,0,6888390,202205.0
153,A15722203,4128370,0,0,0,0,0,9380150,0,0,0,202205.0
154,A15785613,12763100,2825700,0,0,-9532120,14046090,5155690,20916130,5921090,0,202205.0
155,A15785507,1162490,123160,0,0,0,5536600,3813228,9762080,1803050,0,202205.0
156,A15722204,0,0,0,0,0,0,12519850,0,10330610,0,202205.0
157,A15785612,15340,8518000,0,0,0,5001640,2263500,0,75930,0,202205.0
158,A15722102,0,0,0,0,0,0,1465270,7537640,277150,3562060,202205.0
159,A15785605,225000,1296670,0,0,0,2521680,1277790,0,0,0,202205.0
160,A15778101,3079860,482500,0,0,0,9271600,4692298,18909460,0,3186900,202205.0
161,A15785601,0,505120,0,0,0,2502500,1967050,5807190,636350,0,202205.0
162,A15722307,814380,1259860,-1977780,1977780,0,4162500,1984660,0,2077480,0,202205.0
163,A15722011,,,,,,,,,,,202205.0
164,A15722003,0,0,0,0,0,0,2798530,11151010,1636350,8691740,202205.0
165,A15773501,0,0,0,0,0,0,538061,9791210,17900,10408990,202205.0
166,A15722007,0,0,0,0,0,0,1304410,6851260,0,0,202205.0
167,A15785710,4309740,2888650,0,0,0,10665000,5641526,28835310,412940,9066100,202205.0
168,A10025641,,,,,,,,,,,202205.0
169,A15722104,0,0,15850,0,0,0,948501,6964910,0,0,202205.0
170,A15722008,,,,,,,,,,,202205.0
171,A15722306,0,0,0,0,-310160,310160,962690,9171470,0,3294200,202205.0
172,A10023292,,,,,,,,,,,202205.0
173,A15722001,0,0,3700,0,0,0,2119180,4676730,0,0,202205.0
174,A10024505,2611890,0,0,0,4997440,0,16415200,0,6375530,0,202205.0
