,kaptCode,heatC,heatP,gasC,gasP,waterHotC,waterHotP,electC,electP,waterCoolC,waterCoolP,Date
0,A15786116,0,0,1160,0,0,0,-271330,16163620,0,10109000,202208.0
1,A15704015,0,0,1160,0,0,0,7132670,21074820,516050,11787420,202208.0
2,A15786118,0,0,0,0,0,0,4255496,17989790,149220,6539790,202208.0
3,A15786426,0,0,0,0,0,0,854111,33800780,154380,0,202208.0
4,A15704025,0,0,0,0,0,0,120573,31825900,0,0,202208.0
5,A15776001,0,0,0,0,0,0,2737739,18230810,0,3852670,202208.0
6,A15786321,0,0,0,0,0,0,56580,23763590,69800,0,202208.0
7,A15786314,0,0,0,0,0,0,2173520,14264160,-170,4942130,202208.0
8,A15704006,1960,0,0,0,0,0,2050280,0,0,0,202208.0
9,A15786222,0,0,0,0,0,0,0,18717040,0,6469360,202208.0
10,A15786420,0,0,1020,0,0,0,3433820,17154110,215760,0,202208.0
11,A15786111,0,0,0,0,0,0,3887030,13416140,0,0,202208.0
12,A15786405,0,0,0,0,0,0,2592849,9663580,174840,0,202208.0
13,A15786424,0,0,7480,0,0,0,6027216,27188640,-595400,9008010,202208.0
14,A15786104,0,0,0,0,0,0,-679590,10517810,-660,6018380,202208.0
15,A15786510,0,0,0,0,0,0,2239680,13622060,0,0,202208.0
16,A15704028,34310,0,0,0,0,0,1371840,45190720,1548220,0,202208.0
17,A15704009,0,0,9870,0,0,0,2635560,0,0,0,202208.0
18,A15786312,0,0,0,0,0,0,0,15540590,0,5065520,202208.0
19,A15704007,0,0,0,0,0,0,2623430,0,4267421,0,202208.0
20,A15704023,0,0,0,0,0,0,938600,31191840,125560,9207690,202208.0
21,A15704017,2330,0,0,0,0,0,19157363,0,0,0,202208.0
22,A15786227,0,0,2240,0,0,0,4402616,27960950,0,21547740,202208.0
23,A15704003,0,0,1940,0,0,0,2211980,12337700,-9070,4246270,202208.0
24,A15704002,0,0,0,0,0,0,163730,12907740,0,4133650,202208.0
25,A15704001,0,0,0,0,0,0,1589910,12268520,200000,6312580,202208.0
26,A15786213,0,0,0,0,0,0,-689210,16209700,0,4961250,202208.0
27,A15786408,0,0,4950,0,0,0,26870,17809520,0,4436100,202208.0
28,A15776003,,,,,,,,,,,202208.0
29,A15776004,,,,,,,,,,,202208.0
30,A15785919,0,0,0,0,0,0,-2123260,19829240,0,0,202208.0
31,A10025600,0,0,0,0,0,0,40805370,0,544630,8788450,202208.0
32,A10027541,0,0,5020,0,0,0,2627914,15281920,667420,5765750,202208.0
33,A10025049,,,,,,,,,,,202208.0
34,A15783907,0,0,0,0,0,0,650090,16394200,0,0,202208.0
35,A15783703,0,0,0,0,0,0,1396150,18962310,0,9982690,202208.0
36,A15703004,6892430,0,0,0,-3812370,3812370,4468298,38499040,-1210,13273320,202208.0
37,A15703304,901240,0,0,0,776170,2651290,2515140,0,72160,0,202208.0
38,A15703303,4752640,0,689330,689330,2849440,2849440,35649630,0,11379930,0,202208.0
39,A15703301,870490,113850,0,0,0,1587600,2248580,0,2082840,0,202208.0
40,A15784008,1411100,0,0,0,-250,2621800,7329921,21513080,-810,6879220,202208.0
41,A15772902,,,,,,,,,,,202208.0
42,A15703302,5361564,0,0,0,-3043040,3043040,3902427,39933030,1793520,8429440,202208.0
43,A15772901,,,,,,,,,,,202208.0
44,A15703002,0,315230,0,0,0,0,2967370,15774470,1344770,4370560,202208.0
45,A15703005,0,0,0,0,0,0,3270660,13715920,-67610,4279870,202208.0
46,A15703309,7384060,0,0,0,-4507200,4507200,1383385,39548940,177260,17672770,202208.0
47,A15703307,7095660,0,0,0,-3703040,3703040,8053783,44731291,0,14425040,202208.0
48,A15776916,0,0,0,0,0,8370000,4207840,0,0,0,202208.0
49,A15703001,0,0,0,0,0,0,1925270,11723070,860,8024420,202208.0
50,A15784402,0,0,-321500,321500,0,0,1488740,0,0,0,202208.0
51,A15776414,0,0,0,0,0,11560500,4384370,0,0,0,202208.0
52,A15703308,2543590,0,0,0,0,7600000,1699373,36209060,284600,13190140,202208.0
53,A15783806,2907740,0,0,0,-1961420,1961420,3884590,18658270,1250550,4837800,202208.0
54,A15776617,0,0,0,0,0,4058400,2017920,0,0,0,202208.0
55,A15783905,0,0,0,0,0,0,1604280,12410700,151875,0,202208.0
56,A15703318,0,0,0,0,0,4823000,569871,16495030,0,7332110,202208.0
57,A15703204,0,0,0,0,0,0,-6679180,144365430,0,39541810,202208.0
58,A15703313,0,0,0,0,0,8511000,6601150,0,0,0,202208.0
59,A15783902,0,0,0,0,0,0,13574,12411310,0,0,202208.0
60,A15776715,0,0,0,0,0,7833600,3993570,0,0,0,202208.0
61,A15783701,22380,0,0,0,-279900,279900,650565,11902120,6654810,0,202208.0
62,A15784003,0,0,0,0,0,0,1963490,8503590,7397050,0,202208.0
63,A15703306,1373890,0,0,0,-870,3669030,3482290,0,129520,9515990,202208.0
64,A15784201,0,0,0,0,0,0,3191640,8049300,140270,0,202208.0
65,A10025703,,,,,,,,,,,202208.0
66,A10023543,0,0,0,0,0,0,4188600,14300180,92920,3329110,202208.0
67,A15701004,0,0,0,0,0,0,1668140,13930020,0,0,202208.0
68,A15701601,0,0,0,0,0,0,-933350,16839110,0,4312960,202208.0
69,A15788302,0,0,1160,0,0,0,4035171,26711750,283990,8629590,202208.0
70,A15788901,0,0,0,0,0,0,3076300,13046660,0,0,202208.0
71,A15792602,10907530,0,0,5439720,-4420,18198910,0,199623330,5525680,42542700,202208.0
72,A15701602,0,0,0,0,0,0,93161384,0,0,0,202208.0
73,A15770801,1760730,0,0,0,20,3320950,2461573,26567020,440,13236950,202208.0
74,A15701002,0,0,0,0,0,0,4151797,12331420,-157140,9555450,202208.0
75,A15701003,9888510,0,0,0,4010,23909870,39247569,203333270,0,50258680,202208.0
76,A15788203,0,0,0,0,0,0,775710,17321520,391760,0,202208.0
77,A15770101,0,0,0,0,0,0,1676214,12366570,0,0,202208.0
78,A15701007,13762278,0,0,0,0,19305880,46458970,258648110,1053780,52025010,202208.0
79,A10025201,,,,,,,,,,,202208.0
80,A15701006,,,,,,,,,,,202208.0
81,A10023515,,,,,,,,,,,202208.0
82,A10024145,0,0,0,0,0,0,3325289,15068850,386300,3368400,202208.0
83,A15780604,3821170,0,0,0,2080,7042400,3898223,63786400,0,0,202208.0
84,A15780605,3085470,0,0,0,7240720,0,48601400,0,47500,0,202208.0
85,A15780905,4229510,0,0,0,0,7660900,1856550,47935300,6652500,0,202208.0
86,A15780002,1584880,0,0,0,123030,2438140,822940,22572160,0,9540930,202208.0
87,A15781002,11410,40470,0,0,0,8001420,2235900,0,0,0,202208.0
88,A15780701,1374700,0,0,0,-426690,426690,3114942,11309860,-110,3571490,202208.0
89,A15780806,288460,0,0,0,13528320,0,5758420,0,0,0,202208.0
90,A15780705,11916020,0,0,0,0,0,0,0,0,0,202208.0
91,A15720101,0,0,0,0,0,0,-276522,9936300,2220,7548520,202208.0
92,A15780703,6988996,0,-657890,657890,-3745000,3745000,10328168,38796730,0,2368820,202208.0
93,A15774708,0,0,0,0,0,11130000,7594626,0,877560,0,202208.0
94,A15780401,3145510,0,0,0,0,3760370,6289270,30687540,-50,10836950,202208.0
95,A15780904,382980,382750,0,0,0,7782600,2665150,0,782310,0,202208.0
96,A15780602,0,0,1020,0,0,0,1081340,18395220,257040,6902400,202208.0
97,A15780603,3916660,0,0,0,0,4782720,-3561563,56175680,3067800,0,202208.0
98,A15780704,3663821,0,0,0,1500,6262500,3215154,38216740,4186440,15817050,202208.0
99,A15720001,0,0,0,0,0,0,13820960,77978340,14030,16449900,202208.0
100,A15781003,1992710,0,0,0,0,7187700,3060610,0,0,0,202208.0
101,A10025616,,,,,,,,,,,202208.0
102,A10024367,,,,,,,,,,,202208.0
103,A10024792,,,,,,,,,,,202208.0
104,A15721001,0,0,0,0,0,0,2832080,11996030,-512700,2627100,202208.0
105,A15721003,10820,0,0,0,0,0,1741410,0,0,0,202208.0
106,A15721005,0,0,-429000,429000,0,0,2585980,30110650,807990,10663280,202208.0
107,A15722010,5397740,0,0,0,-3677700,3677700,1663630,33896710,222990,8549600,202208.0
108,A15721006,689270,3693800,0,0,0,12621750,19081690,104295170,1005650,27681490,202208.0
109,A15728011,2586540,125290,0,0,0,11037940,10361452,90212410,151610,22414610,202208.0
110,A15721007,4896720,175360,0,0,0,6848310,17344410,99878430,3286130,16638880,202208.0
111,A15721004,0,0,0,0,0,0,-8240,0,471490,0,202208.0
112,A15721010,14017020,0,2980,0,-8751040,8682260,8611120,93615810,889600,24491550,202208.0
113,A15721009,331320,0,0,0,0,0,6590610,0,0,0,202208.0
114,A15721008,971070,0,0,0,0,2580430,2918636,36380770,40460,4906200,202208.0
115,A15722009,1120,40210,770,335500,0,2146380,2493530,12268760,0,4301930,202208.0
116,A10027433,1063500,1063710,0,779080,0,4092360,4915212,41365308,-92880,9294920,202208.0
117,A10027452,5010140,0,0,0,-4680000,4655800,8689650,26874170,517880,10984680,202208.0
118,A10027403,270317,50520,0,0,0,2601000,7921480,19856580,60900,7048660,202208.0
119,A10026879,5539460,0,0,0,0,7389000,14336671,99755950,401520,22325780,202208.0
120,A10027687,2852080,0,0,0,3080660,0,15793791,39797950,-248680,11579890,202208.0
121,A10027371,617770,0,0,0,0,2384670,5374944,18877930,97020,6497190,202208.0
122,A10024426,3877366,202563,0,0,0,11951350,25988958,55423170,421550,27358290,202208.0
123,A15721011,884430,0,0,0,0,2082260,2496610,17505790,10920,5542460,202208.0
124,A15728002,164070,0,0,0,0,1935870,6857810,21050510,80350,7227220,202208.0
125,A15728006,2007260,54400,0,0,96660,6256600,5756010,45163830,647840,19141870,202208.0
126,A15728009,0,0,0,0,0,0,1633956,148769240,2455330,90373120,202208.0
127,A15728005,1010900,0,0,0,0,4104250,7874992,42004656,0,11153700,202208.0
128,A15728010,0,0,0,0,0,0,1821906,10506770,-491000,7247320,202208.0
129,A15728007,0,0,0,0,38200,5957630,3943390,38529140,660890,15241280,202208.0
130,A15728003,2492670,0,0,0,0,4343920,3603920,31881400,150380,10374940,202208.0
131,A15782501,0,0,0,0,0,0,1582080,10751730,468140,5944970,202208.0
132,A15728013,,,,,,,,,,,202208.0
133,A15728008,2253300,6600,0,0,0,13981940,4848280,49991560,1624050,22026050,202208.0
134,A15728004,1395010,124600,0,0,8250,5003540,7914080,38608900,25370,13423240,202208.0
135,A15779704,0,0,2330,0,0,0,3616320,13001030,0,5245810,202208.0
136,A10028020,,,,,,,,,,,202208.0
137,A15781201,0,0,0,0,0,0,4205700,19696450,658490,8195670,202208.0
138,A15722005,0,0,0,0,0,0,1592105,18127890,8910,6915190,202208.0
139,A15784601,0,0,0,0,0,0,2321500,10658380,61780,5156370,202208.0
140,A15722106,0,0,0,0,0,0,1849561,14413900,0,0,202208.0
141,A15722314,2940370,1110310,0,0,5220600,5220600,5860290,0,0,0,202208.0
142,A15785711,6304110,0,0,0,-4099150,4089000,2059890,0,1209910,6758020,202208.0
143,A15785709,1201270,0,0,336870,0,2245800,2625603,0,35690,6869380,202208.0
144,A15785703,0,0,0,0,0,0,1268788,10134570,-340,4819550,202208.0
145,A15722304,0,0,0,0,0,0,713040,12547340,0,0,202208.0
146,A15777501,2146800,0,0,0,0,3919700,3690790,0,730060,2947450,202208.0
147,A15722108,0,0,0,0,0,0,11200070,27298070,360,9227290,202208.0
148,A15722201,0,0,0,0,0,0,2275950,9784510,30,3712170,202208.0
149,A15785608,2577230,51180,0,0,0,3008000,7067660,30350420,150720,10696330,202208.0
150,A15785002,0,0,0,0,0,0,114357,12703200,303210,3495320,202208.0
151,A15785005,1378350,332590,0,0,0,2596240,3890150,0,910310,0,202208.0
152,A15722004,0,0,0,0,0,0,7463090,22080110,0,6698830,202208.0
153,A15722203,1750750,0,0,0,0,0,11793790,0,7151040,0,202208.0
154,A15785613,2659280,0,0,0,350,5359400,-1179573,37736030,4085600,0,202208.0
155,A15785507,1148680,0,0,0,110,1790340,2489018,16299986,1182300,0,202208.0
156,A15722204,0,0,0,0,0,0,16365790,0,0,0,202208.0
157,A15785612,17810,0,0,0,0,4765450,2176010,0,0,0,202208.0
158,A15722102,0,0,0,0,0,0,2146380,9650850,291750,3717860,202208.0
159,A15785605,12500,0,0,0,0,1488580,1708500,0,0,0,202208.0
160,A15778101,2731460,0,0,0,0,4273200,4339559,27731320,0,1899200,202208.0
161,A15785601,-23800,23800,0,0,42000,1669500,4855620,6432540,435210,0,202208.0
162,A15722307,814250,0,-1555580,1555580,290,1771810,2375910,0,1655700,0,202208.0
163,A15722011,,,,,,,,,,,202208.0
164,A15722003,0,0,0,0,0,0,3463010,16283420,0,0,202208.0
165,A15773501,0,0,0,0,0,0,-359021,14126240,0,0,202208.0
166,A15722007,0,0,0,0,0,0,444520,11149930,0,0,202208.0
167,A15785710,3626110,0,0,0,0,4591260,5673441,46302200,448190,9359900,202208.0
168,A10025641,,,,,,,,,,,202208.0
169,A15722104,0,0,0,0,0,0,0,10025090,160930,0,202208.0
170,A15722008,,,,,,,,,,,202208.0
171,A15722306,0,0,0,0,-326820,326820,740410,12761930,0,3522210,202208.0
172,A10023292,,,,,,,,,,,202208.0
173,A15722001,0,0,0,0,0,0,1523520,8622670,130250,0,202208.0
174,A10024505,1164110,0,0,0,2014020,0,35191300,0,6904500,0,202208.0
