,kaptCode,heatC,heatP,gasC,gasP,waterHotC,waterHotP,electC,electP,waterCoolC,waterCoolP,Date
0,A15786116,0,0,376830,0,0,0,1307920,10023360,0,0,202203.0
1,A15704015,0,0,407680,0,0,0,6252930,11558430,0,0,202203.0
2,A15786118,0,0,0,0,0,0,2558149,10503300,173030,6159790,202203.0
3,A15786426,0,0,0,0,0,0,753269,19138870,0,0,202203.0
4,A15704025,0,0,0,0,0,0,1174981,21714190,87250,18357560,202203.0
5,A15776001,0,0,0,0,0,0,2173402,9939920,0,3014130,202203.0
6,A15786321,0,0,0,0,0,0,500570,13449140,0,0,202203.0
7,A15786314,0,0,0,0,0,0,2773420,7697690,0,4426960,202203.0
8,A15704006,372400,0,0,0,0,0,1593760,0,0,0,202203.0
9,A15786222,0,0,0,0,0,0,962194,13138150,0,6215400,202203.0
10,A15786420,0,0,585620,0,0,0,3443700,10416440,0,0,202203.0
11,A15786111,0,0,0,0,0,0,3331240,7771960,0,8859300,202203.0
12,A15786405,0,0,432920,0,0,0,1725219,5619190,147870,0,202203.0
13,A15786424,0,0,829980,0,0,0,4955562,19964720,-701470,8312520,202203.0
14,A15786104,0,0,0,0,0,0,694620,6023450,0,0,202203.0
15,A15786510,0,0,0,0,0,0,2517727,7016810,7877510,0,202203.0
16,A15704028,501240,0,0,0,0,0,4282690,25412860,1253470,0,202203.0
17,A15704009,0,0,92480,0,0,0,2549020,0,0,0,202203.0
18,A15786312,0,0,0,0,0,0,1561470,9133060,0,4529880,202203.0
19,A15704007,0,0,0,0,0,0,2667280,0,4276250,0,202203.0
20,A15704023,0,0,0,0,0,0,805690,17751780,26610,8726740,202203.0
21,A15704017,146380,0,0,0,0,0,12017842,0,10893450,0,202203.0
22,A15786227,0,0,249830,0,0,0,5618320,16667250,0,0,202203.0
23,A15704003,0,0,212420,0,0,0,2163340,6513830,0,3252060,202203.0
24,A15704002,0,0,0,0,0,0,127760,7609700,0,3386140,202203.0
25,A15704001,0,0,0,0,0,0,1655610,6455400,0,0,202203.0
26,A15786213,0,0,0,0,0,0,1648820,9506870,0,4364850,202203.0
27,A15786408,0,0,123380,0,0,0,635570,9527210,0,4037980,202203.0
28,A15776003,,,,,,,,,,,202203.0
29,A15776004,,,,,,,,,,,202203.0
30,A15785919,0,0,0,374430,0,0,193201,14063600,0,0,202203.0
31,A10025600,0,0,0,0,0,0,25653440,0,681164,8682396,202203.0
32,A10027541,0,0,115870,0,0,0,2204167,8616270,0,0,202203.0
33,A10025049,,,,,,,,,,,202203.0
34,A15783907,0,0,0,0,0,0,14983169,11808580,12068670,0,202203.0
35,A15783703,0,0,0,0,0,0,1349040,10071290,0,0,202203.0
36,A15703004,26438020,20403290,0,0,-19361860,19361860,5349154,23727140,580,12747760,202203.0
37,A15703304,901240,18186400,0,0,2093250,4175320,2918250,0,0,0,202203.0
38,A15703303,39879650,0,-396300,396300,-16400230,16400230,22014520,0,10215830,0,202203.0
39,A15703301,870490,11550180,0,0,0,6940500,2022380,0,2000000,0,202203.0
40,A15784008,6842600,15992980,0,0,0,8727420,6457928,11396020,0,7421550,202203.0
41,A15772902,0,0,0,0,0,0,1296930,0,0,0,202203.0
42,A15703302,25619200,24463270,0,0,-19194000,19194000,5735622,19202610,1243620,6534800,202203.0
43,A15772901,0,0,0,0,0,0,1548370,0,0,0,202203.0
44,A15703002,0,0,0,0,0,0,2747110,9827070,0,3507330,202203.0
45,A15703005,0,0,0,0,0,0,2249680,7639270,-21000,4019770,202203.0
46,A15703309,15244950,40406300,0,0,-12664000,12664000,2005460,24870130,390630,18353800,202203.0
47,A15703307,32105660,34571600,0,0,-23447900,23447900,6201070,27714540,10900,13048150,202203.0
48,A15776916,0,27081360,0,0,0,17649000,3759230,0,0,0,202203.0
49,A15703001,0,0,0,0,0,0,2519300,6096630,0,0,202203.0
50,A15784402,0,0,-301290,301290,0,0,1822760,0,0,0,202203.0
51,A15776414,0,25527480,0,0,0,20776000,3691450,0,2749740,0,202203.0
52,A15703308,7665040,25386000,0,0,0,27121500,4626540,20290720,1115440,11102150,202203.0
53,A15783806,8814010,12534960,0,0,-7663660,7663660,4080380,9166980,2095370,4329930,202203.0
54,A15776617,0,15765440,0,0,0,8052200,1778120,0,0,0,202203.0
55,A15783905,0,0,94320,0,0,0,2502090,6746210,120780,0,202203.0
56,A15703318,0,6816760,0,0,0,9660000,2203270,10488260,0,6176300,202203.0
57,A15703204,0,0,0,0,0,0,8973011,102308340,0,35386360,202203.0
58,A15703313,0,18836370,0,0,0,17004000,5624900,0,874310,0,202203.0
59,A15783902,0,0,191220,0,0,0,1251067,6964800,0,7009730,202203.0
60,A15776715,0,15061140,0,0,0,16117200,3364400,0,0,0,202203.0
61,A15783701,194410,0,0,0,-210480,210480,863988,7029940,0,0,202203.0
62,A15784003,0,0,0,0,0,0,2712120,5038240,0,0,202203.0
63,A15703306,1373750,19682880,0,0,0,8355000,3031530,0,678760,8957880,202203.0
64,A15784201,0,0,0,0,0,0,1688490,4778440,0,0,202203.0
65,A10025703,,,,,,,,,,,202203.0
66,A10023543,,,,,,,,,,,202203.0
67,A15701004,0,0,0,0,0,0,835370,8386160,0,7606850,202203.0
68,A15701601,0,0,0,0,0,0,-467110,9841120,0,3599130,202203.0
69,A15788302,0,0,144320,0,0,0,3267689,14922530,202120,8566760,202203.0
70,A15788901,0,0,0,0,0,0,2373990,7207120,0,0,202203.0
71,A15792602,10902070,158424310,0,15187920,0,43147500,22801690,120965840,15917530,32162110,202203.0
72,A15701602,0,0,0,0,0,0,74496752,0,49459420,0,202203.0
73,A15770801,2202250,21177870,0,0,0,17284000,4872151,14903300,0,11747300,202203.0
74,A15701002,0,0,0,0,0,0,2565539,8661920,0,0,202203.0
75,A15701003,22660460,114726280,0,0,0,62618500,33169163,105860960,3229390,47694880,202203.0
76,A15788203,0,0,0,0,0,0,2823340,12067640,0,0,202203.0
77,A15770101,0,0,0,0,0,0,1449640,6371700,292240,7000830,202203.0
78,A15701007,22884400,85407980,0,0,0,101213760,40383690,155589070,1880030,46303320,202203.0
79,A10025201,,,,,,,,,,,202203.0
80,A15701006,,,,,,,,,,,202203.0
81,A10023515,,,,,,,,,,,202203.0
82,A10024145,0,0,0,0,0,0,4054630,6320360,77000,2951110,202203.0
83,A15780604,7475600,45704500,0,0,-2390,23725640,6654106,42053570,730,15585470,202203.0
84,A15780605,47324080,0,0,0,29452000,0,29074120,0,2354440,0,202203.0
85,A15780905,11712740,43105680,0,0,0,28585120,6578930,28495210,8462700,0,202203.0
86,A15780002,1584880,21489430,0,0,339330,7462800,2308950,16557830,0,7957790,202203.0
87,A15781002,6908630,18471080,0,604660,0,13519570,1399000,0,0,0,202203.0
88,A15780701,14825570,0,0,0,0,0,11337507,0,3347680,0,202203.0
89,A15780806,48786630,0,0,0,34092000,0,6277930,0,0,0,202203.0
90,A15780705,69882270,0,0,0,0,0,0,0,0,0,202203.0
91,A15720101,0,0,69590,0,0,0,1246847,6065900,0,0,202203.0
92,A15780703,54710980,0,0,0,0,0,27459960,0,3837540,0,202203.0
93,A15774708,0,28288320,0,0,0,28521500,7422806,0,0,0,202203.0
94,A15780401,4772230,23272530,0,0,0,19440900,9530460,16762750,-20,11019660,202203.0
95,A15780904,3740900,19731840,0,0,0,17197690,3640850,0,1266830,0,202203.0
96,A15780602,0,0,571620,0,0,0,4519590,9855230,221530,6543140,202203.0
97,A15780603,11456420,34295760,0,0,0,25365600,5409510,36959190,4390200,0,202203.0
98,A15780704,9579439,31086420,0,0,0,27640000,6933400,23525170,8418730,10648470,202203.0
99,A15720001,0,0,0,0,0,0,7981515,47514080,-130,15286490,202203.0
100,A15781003,3212580,22228800,0,0,0,21955000,3651390,0,128800,0,202203.0
101,A10025616,,,,,,,,,,,202203.0
102,A10024367,,,,,,,,,,,202203.0
103,A10024792,,,,,,,,,,,202203.0
104,A15721001,0,0,0,0,0,0,1765540,6392420,121200,2346800,202203.0
105,A15721003,280940,0,0,0,0,0,1598750,0,825360,0,202203.0
106,A15721005,0,0,-429000,429000,0,0,1918970,19164040,0,0,202203.0
107,A15722010,16617290,11628530,0,0,-14154800,14154800,369850,21768150,1245640,8103700,202203.0
108,A15721006,3438000,39902460,0,0,0,39536670,11889085,50788180,392940,28647560,202203.0
109,A15728011,3343600,28143490,0,0,0,31839630,11892620,45214300,283410,22954330,202203.0
110,A15721007,10021730,24964780,0,0,0,30393070,19231904,48999310,3121700,16711890,202203.0
111,A15721004,0,0,0,0,0,0,484530,0,0,0,202203.0
112,A15721010,38190320,33451830,1330,0,-27336810,27265220,5905690,58156460,1052410,24562810,202203.0
113,A15721009,1078660,0,0,0,0,0,3326270,0,0,0,202203.0
114,A15721008,3382990,10297350,0,0,0,9552400,3975415,16163580,104200,4334950,202203.0
115,A15722009,2375410,5464260,0,331490,5449900,5449900,1890690,9547160,3973400,3973400,202203.0
116,A10027433,987530,12536500,0,795420,0,14736900,3096300,20283750,-117860,9517820,202203.0
117,A10027452,16594310,10210520,0,0,-16193400,16145400,5270590,17001910,846040,10345810,202203.0
118,A10027403,1566307,6273590,0,0,0,10108280,4482370,12409080,464300,6824740,202203.0
119,A10026879,11077560,31458480,0,0,0,33476000,4493552,55944580,557880,22853990,202203.0
120,A10027687,3388200,22271580,0,0,11258870,0,8514239,30460980,-597880,11702410,202203.0
121,A10027371,1518310,5533760,0,0,0,9922020,3528870,11759630,100270,6212120,202203.0
122,A10024426,6791644,24602180,0,0,50452500,50280450,5966887,49192991,0,24774550,202203.0
123,A15721011,2132780,8304130,0,0,0,8755850,1528200,13647030,-3810,5641340,202203.0
124,A15728002,250250,10004670,0,0,0,9687710,3967140,10642170,62390,7345010,202203.0
125,A15728006,2048100,30938050,0,0,292680,26646150,8432870,29747950,1080800,19789990,202203.0
126,A15728009,0,0,0,0,0,0,-2103400,109649590,0,0,202203.0
127,A15728005,1394040,19920690,0,0,0,13541700,4346657,20946700,40620,11203900,202203.0
128,A15728010,0,0,0,0,0,0,1083442,6470000,0,0,202203.0
129,A15728007,205320,26008870,0,0,40750,25520650,5883670,24652520,312680,16230450,202203.0
130,A15728003,2493090,17201570,0,0,0,17106600,6588300,17663950,149930,11231910,202203.0
131,A15782501,0,0,0,0,0,0,1549490,6707660,0,0,202203.0
132,A15728013,,,,,,,,,,,202203.0
133,A15728008,2308720,27149650,0,0,0,40549600,9595570,34515680,179510,22749530,202203.0
134,A15728004,2019670,21425810,0,0,49360,20047260,5548240,17815590,129720,13421460,202203.0
135,A15779704,0,0,205130,0,0,0,2861360,8311780,0,5242630,202203.0
136,A10028020,,,,,,,,,,,202203.0
137,A15781201,0,0,0,0,0,0,12581280,0,0,0,202203.0
138,A15722005,0,0,0,0,0,0,3933460,10305620,7010,5935250,202203.0
139,A15784601,0,0,0,0,0,0,1939480,6268270,0,0,202203.0
140,A15722106,0,0,0,0,0,0,3454390,11640990,0,7423000,202203.0
141,A15722314,32351460,28954220,0,0,20347200,20347200,4995020,0,70290,0,202203.0
142,A15785711,24061940,19953600,0,0,-17715600,17690400,2231220,0,3830140,4618440,202203.0
143,A15785709,2640260,14677950,0,326220,0,7602000,1958483,0,75260,6832340,202203.0
144,A15785703,0,0,0,0,0,0,2843578,6466870,0,0,202203.0
145,A15722304,0,0,0,0,0,0,1101890,7919190,-3050,4811960,202203.0
146,A15777501,6581330,25987900,0,0,0,14908800,4136190,0,526245,2795400,202203.0
147,A15722108,0,0,0,0,0,0,9055600,14492490,0,8807650,202203.0
148,A15722201,0,0,0,0,0,0,2897940,5375540,0,3555570,202203.0
149,A15785608,3278480,24455460,0,0,0,12277800,4419350,18558700,197800,10069980,202203.0
150,A15785002,0,0,0,0,0,0,1183521,6556820,-343840,3036260,202203.0
151,A15785005,2442220,17152900,0,0,0,9906000,4061380,0,828330,0,202203.0
152,A15722004,0,0,0,0,0,0,12335350,12197650,6732440,6732440,202203.0
153,A15722203,15694020,0,0,0,0,0,9424197,0,0,0,202203.0
154,A15785613,6852380,34972110,0,0,-1961280,25396420,6576384,22047520,7755300,0,202203.0
155,A15785507,2973480,16422550,0,0,0,7947600,4330431,9828550,4452260,0,202203.0
156,A15722204,0,0,0,0,0,0,13677710,0,10842640,0,202203.0
157,A15785612,-16260,28130780,0,0,0,5858670,2625470,0,74560,0,202203.0
158,A15722102,0,0,0,0,0,0,2737900,7008470,-47260,3509420,202203.0
159,A15785605,1195000,0,0,0,0,0,1787000,0,0,0,202203.0
160,A15778101,7009280,27633750,0,0,-19500,17475900,8206322,20026290,0,3804600,202203.0
161,A15785601,0,8697220,0,0,0,3549000,2934200,5775500,902460,0,202203.0
162,A15722307,814200,10462530,-2583670,2583670,0,10403200,2293080,0,2684450,0,202203.0
163,A15722011,,,,,,,,,,,202203.0
164,A15722003,0,0,0,0,0,0,3303250,13213680,1435890,9725370,202203.0
165,A15773501,0,0,0,0,0,0,80502,11263180,-197150,9880610,202203.0
166,A15722007,0,0,0,0,0,0,1328010,7491400,0,0,202203.0
167,A15785710,8393670,29659520,0,0,0,21664950,7048310,30765280,318960,9026450,202203.0
168,A10025641,,,,,,,,,,,202203.0
169,A15722104,0,0,437700,0,0,0,928735,7841170,0,0,202203.0
170,A15722008,,,,,,,,,,,202203.0
171,A15722306,0,0,168770,0,-327990,327990,757550,10238310,0,3085670,202203.0
172,A10023292,,,,,,,,,,,202203.0
173,A15722001,0,0,160990,0,0,0,1828330,5204950,0,0,202203.0
174,A10024505,9336080,0,0,0,9600840,0,21218110,0,6839710,0,202203.0
