,kaptCode,heatC,heatP,gasC,gasP,waterHotC,waterHotP,electC,electP,waterCoolC,waterCoolP,Date
0,A15786116,0.0,0.0,5960.0,0.0,0.0,0.0,1404310.0,11045920.0,0.0,0.0,202211.0
1,A15704015,0.0,0.0,110030.0,0.0,0.0,0.0,4858740.0,12973490.0,0.0,0.0,202211.0
2,A15786118,0.0,0.0,0.0,0.0,0.0,0.0,3741407.0,11663420.0,185980.0,6371050.0,202211.0
3,A15786426,0.0,0.0,0.0,0.0,0.0,0.0,949327.0,20141360.0,154380.0,0.0,202211.0
4,A15704025,0.0,0.0,0.0,0.0,0.0,0.0,2680636.0,20858200.0,74360.0,17514730.0,202211.0
5,A15776001,0.0,0.0,0.0,0.0,0.0,0.0,1774289.0,10482010.0,128850.0,3702820.0,202211.0
6,A15786321,0.0,0.0,0.0,0.0,0.0,0.0,882090.0,15327930.0,0.0,0.0,202211.0
7,A15786314,0.0,0.0,0.0,0.0,0.0,0.0,3385350.0,9518910.0,0.0,5061800.0,202211.0
8,A15704006,39200.0,0.0,0.0,0.0,0.0,0.0,1841000.0,0.0,0.0,0.0,202211.0
9,A15786222,0.0,0.0,0.0,0.0,0.0,0.0,1067730.0,13363340.0,0.0,5939010.0,202211.0
10,A15786420,0.0,0.0,105200.0,0.0,0.0,0.0,4506630.0,11174810.0,0.0,0.0,202211.0
11,A15786111,0.0,0.0,0.0,0.0,0.0,0.0,3297120.0,9047750.0,0.0,9435670.0,202211.0
12,A15786405,0.0,0.0,4650.0,0.0,0.0,0.0,2016676.0,6028570.0,18600.0,0.0,202211.0
13,A15786424,0.0,0.0,146800.0,0.0,0.0,0.0,6206324.0,19638620.0,-1357390.0,7821930.0,202211.0
14,A15786104,0.0,0.0,0.0,0.0,0.0,0.0,506880.0,6741660.0,0.0,0.0,202211.0
15,A15786510,0.0,0.0,0.0,0.0,0.0,0.0,304260.0,7873350.0,-4550.0,7840180.0,202211.0
16,A15704028,308380.0,0.0,0.0,0.0,0.0,0.0,4063570.0,29433040.0,1631700.0,0.0,202211.0
17,A15704009,0.0,0.0,24240.0,0.0,0.0,0.0,2218410.0,0.0,0.0,0.0,202211.0
18,A15786312,0.0,0.0,0.0,0.0,0.0,0.0,0.0,10287410.0,0.0,4550810.0,202211.0
19,A15704007,0.0,0.0,0.0,0.0,0.0,0.0,1818030.0,0.0,4111169.0,0.0,202211.0
20,A15704023,0.0,0.0,0.0,0.0,0.0,0.0,1342790.0,19656330.0,0.0,8416360.0,202211.0
21,A15704017,7260.0,0.0,0.0,0.0,0.0,0.0,13796282.0,0.0,11415220.0,0.0,202211.0
22,A15786227,0.0,0.0,34060.0,0.0,0.0,0.0,6068580.0,18244860.0,0.0,0.0,202211.0
23,A15704003,0.0,0.0,1530.0,0.0,0.0,0.0,9846200.0,0.0,3055780.0,0.0,202211.0
24,A15704002,0.0,0.0,0.0,0.0,0.0,0.0,740800.0,7943230.0,0.0,3626670.0,202211.0
25,A15704001,0.0,0.0,0.0,0.0,0.0,0.0,1791210.0,7246930.0,0.0,0.0,202211.0
26,A15786213,0.0,0.0,0.0,0.0,0.0,0.0,1848990.0,10562990.0,0.0,4736550.0,202211.0
27,A15786408,0.0,0.0,88640.0,0.0,0.0,0.0,726630.0,10827200.0,0.0,4203560.0,202211.0
28,A15776003,,,,,,,,,,,202211.0
29,A15776004,,,,,,,,,,,202211.0
30,A15785919,0.0,0.0,0.0,0.0,0.0,0.0,1089606.0,14122780.0,0.0,0.0,202211.0
31,A10025600,0.0,0.0,0.0,0.0,0.0,0.0,28050900.0,0.0,449550.0,8354750.0,202211.0
32,A10027541,0.0,0.0,24310.0,0.0,0.0,0.0,2364466.0,9227670.0,0.0,0.0,202211.0
33,A10025049,,,,,,,,,,,202211.0
34,A15783907,0.0,0.0,0.0,0.0,0.0,0.0,2382275.0,14316320.0,0.0,12838690.0,202211.0
35,A15783703,0.0,0.0,0.0,0.0,0.0,0.0,2206780.0,10822890.0,0.0,0.0,202211.0
36,A15703004,25840340.0,13415670.0,0.0,0.0,-19524580.0,19524580.0,5684395.0,28649580.0,750.0,13868640.0,202211.0
37,A15703304,900927.0,12567490.0,0.0,0.0,1101343.0,5710920.0,3147930.0,0.0,0.0,0.0,202211.0
38,A15703303,30368350.0,0.0,0.0,0.0,0.0,0.0,26970010.0,0.0,10509900.0,0.0,202211.0
39,A15703301,870490.0,9715850.0,0.0,0.0,0.0,6972000.0,2300930.0,0.0,1300000.0,0.0,202211.0
40,A15784008,17912650.0,0.0,0.0,0.0,7778620.0,0.0,21467473.0,0.0,7719810.0,0.0,202211.0
41,A15772902,,,,,,,,,,,202211.0
42,A15703302,22306440.0,18724370.0,0.0,0.0,15900960.0,15900960.0,6679911.0,22755180.0,4031820.0,6238990.0,202211.0
43,A15772901,,,,,,,,,,,202211.0
44,A15703002,0.0,295930.0,0.0,0.0,0.0,0.0,2312380.0,11050470.0,0.0,4087830.0,202211.0
45,A15703005,0.0,0.0,0.0,0.0,0.0,0.0,1387940.0,10095080.0,-33820.0,4102100.0,202211.0
46,A15703309,17891620.0,28243700.0,0.0,0.0,-10556400.0,10556400.0,1946117.0,30362020.0,-904870.0,18211200.0,202211.0
47,A15703307,57675416.0,0.0,0.0,0.0,0.0,0.0,39198439.0,0.0,13203750.0,0.0,202211.0
48,A15776916,0.0,24449630.0,0.0,0.0,0.0,13599000.0,4492420.0,0.0,0.0,0.0,202211.0
49,A15703001,0.0,0.0,0.0,0.0,0.0,0.0,1817140.0,7196880.0,0.0,0.0,202211.0
50,A15784402,0.0,0.0,-332200.0,332200.0,0.0,0.0,1440200.0,0.0,0.0,0.0,202211.0
51,A15776414,0.0,24618920.0,0.0,0.0,0.0,15904000.0,4295650.0,0.0,1340410.0,0.0,202211.0
52,A15703308,4950240.0,23197100.0,0.0,0.0,0.0,20628000.0,4958360.0,24956780.0,495380.0,10684200.0,202211.0
53,A15783806,8063100.0,8693650.0,0.0,0.0,-6958680.0,6958680.0,4121380.0,11520920.0,1680090.0,4102540.0,202211.0
54,A15776617,0.0,16438890.0,0.0,0.0,0.0,6334600.0,2040560.0,0.0,0.0,0.0,202211.0
55,A15783905,0.0,0.0,0.0,0.0,0.0,0.0,2701180.0,7735600.0,0.0,0.0,202211.0
56,A15703318,0.0,6503910.0,0.0,0.0,0.0,7381500.0,759000.0,12291830.0,0.0,6511740.0,202211.0
57,A15703204,0.0,0.0,0.0,0.0,0.0,0.0,12108897.0,99086330.0,0.0,39715870.0,202211.0
58,A15703313,0.0,17175460.0,0.0,0.0,0.0,12162000.0,6370590.0,0.0,0.0,0.0,202211.0
59,A15783902,0.0,0.0,20630.0,0.0,0.0,0.0,962686.0,7794470.0,0.0,7084820.0,202211.0
60,A15776715,0.0,15400100.0,0.0,0.0,0.0,12384000.0,3608600.0,0.0,0.0,0.0,202211.0
61,A15783701,168600.0,0.0,0.0,0.0,-237740.0,237740.0,2065045.0,6691120.0,0.0,0.0,202211.0
62,A15784003,0.0,0.0,0.0,0.0,0.0,0.0,2982640.0,5452450.0,0.0,0.0,202211.0
63,A15703306,1230840.0,15895380.0,0.0,0.0,-38400.0,8006400.0,3736980.0,0.0,909600.0,8156550.0,202211.0
64,A15784201,0.0,0.0,0.0,0.0,0.0,0.0,1195690.0,6326210.0,0.0,0.0,202211.0
65,A10025703,,,,,,,,,,,202211.0
66,A10023543,0.0,0.0,0.0,0.0,0.0,0.0,2870080.0,8416870.0,0.0,3472180.0,202211.0
67,A15701004,0.0,0.0,0.0,0.0,0.0,0.0,1716840.0,9222080.0,0.0,7564890.0,202211.0
68,A15701601,0.0,0.0,0.0,0.0,0.0,0.0,-80160.0,11198320.0,0.0,3826780.0,202211.0
69,A15788302,0.0,0.0,126880.0,0.0,0.0,0.0,4033334.0,17445820.0,213120.0,7861190.0,202211.0
70,A15788901,0.0,0.0,0.0,0.0,0.0,0.0,2569660.0,8846650.0,0.0,0.0,202211.0
71,A15792602,10905090.0,104298170.0,0.0,10005000.0,0.0,69600000.0,4707050.0,129458480.0,10191650.0,34743140.0,202211.0
72,A15701602,0.0,0.0,0.0,0.0,0.0,0.0,3798680.0,67085240.0,3416790.0,48466120.0,202211.0
73,A15770801,1867340.0,21379620.0,0.0,0.0,-15000.0,8157500.0,6014390.0,17899490.0,-50.0,11718400.0,202211.0
74,A15701002,0.0,0.0,0.0,0.0,0.0,0.0,2832239.0,8943420.0,0.0,0.0,202211.0
75,A15701003,19873100.0,89732380.0,0.0,0.0,0.0,62206000.0,44643307.0,123424390.0,0.0,59942000.0,202211.0
76,A15788203,0.0,0.0,0.0,0.0,0.0,0.0,2799067.0,12923750.0,0.0,0.0,202211.0
77,A15770101,0.0,0.0,0.0,0.0,0.0,0.0,1502671.0,7966430.0,610510.0,6852250.0,202211.0
78,A15701007,35174050.0,61861470.0,0.0,0.0,0.0,69596620.0,55604055.0,160834350.0,5957450.0,49560320.0,202211.0
79,A10025201,,,,,,,,,,,202211.0
80,A15701006,,,,,,,,,,,202211.0
81,A10023515,,,,,,,,,,,202211.0
82,A10024145,0.0,0.0,0.0,0.0,0.0,0.0,2080637.0,8769580.0,260100.0,3239790.0,202211.0
83,A15780604,6734838.0,34115830.0,0.0,0.0,1372.0,21262060.0,8521252.0,43806590.0,-9450.0,10977300.0,202211.0
84,A15780605,37555080.0,0.0,0.0,0.0,22145640.0,0.0,37050740.0,0.0,4103750.0,0.0,202211.0
85,A15780905,11463030.0,38057040.0,0.0,0.0,1355200.0,17967600.0,4497530.0,36848370.0,7414800.0,0.0,202211.0
86,A15780002,1584880.0,16850840.0,0.0,0.0,415070.0,7653000.0,1274080.0,16121380.0,0.0,8467320.0,202211.0
87,A15781002,15640330.0,18243670.0,0.0,0.0,-13260850.0,13260850.0,6080950.0,0.0,0.0,0.0,202211.0
88,A15780701,12012790.0,0.0,0.0,0.0,0.0,0.0,12993029.0,0.0,3276600.0,0.0,202211.0
89,A15780806,47392720.0,0.0,0.0,0.0,33529500.0,0.0,6982670.0,0.0,0.0,0.0,202211.0
90,A15780705,67941930.0,0.0,0.0,0.0,0.0,0.0,0.0,0.0,0.0,0.0,202211.0
91,A15720101,0.0,0.0,16590.0,0.0,0.0,0.0,1234367.0,6720700.0,0.0,0.0,202211.0
92,A15780703,18288000.0,27720000.0,-716120.0,715550.0,-11894400.0,11894400.0,8170774.0,23718410.0,-1374060.0,3535200.0,202211.0
93,A15774708,0.0,30595700.0,0.0,0.0,0.0,19565000.0,8427486.0,0.0,1494520.0,0.0,202211.0
94,A15780401,5611690.0,16665550.0,0.0,0.0,-5960.0,19379370.0,8159480.0,19510990.0,-70.0,10904330.0,202211.0
95,A15780904,3870660.0,27187030.0,0.0,0.0,0.0,14778400.0,3446120.0,0.0,862840.0,0.0,202211.0
96,A15780602,0.0,0.0,138520.0,0.0,0.0,0.0,3378486.0,12170710.0,0.0,6739830.0,202211.0
97,A15780603,8912130.0,33168520.0,0.0,0.0,0.0,17907800.0,2410678.0,36505450.0,3893000.0,0.0,202211.0
98,A15780704,8564886.0,26762220.0,0.0,0.0,0.0,23512000.0,6574464.0,27560440.0,7082820.0,11962530.0,202211.0
99,A15720001,0.0,0.0,0.0,0.0,0.0,0.0,12615950.0,47569520.0,21350.0,15746680.0,202211.0
100,A15781003,2977660.0,15655000.0,0.0,0.0,0.0,19359600.0,4398150.0,0.0,263940.0,0.0,202211.0
101,A10025616,,,,,,,,,,,202211.0
102,A10024367,,,,,,,,,,,202211.0
103,A10024792,,,,,,,,,,,202211.0
104,A15721001,0.0,0.0,0.0,0.0,0.0,0.0,1670160.0,7947160.0,-17400.0,2436000.0,202211.0
105,A15721003,177800.0,0.0,0.0,0.0,0.0,0.0,1653290.0,0.0,388980.0,0.0,202211.0
106,A15721005,0.0,0.0,-429000.0,429000.0,0.0,0.0,3848704.0,19668400.0,0.0,0.0,202211.0
107,A15722010,14492940.0,7926310.0,0.0,0.0,-12231700.0,12231700.0,1555890.0,22778910.0,196450.0,7989500.0,202211.0
108,A15721006,4414760.0,41812350.0,0.0,0.0,0.0,28552560.0,10920943.0,60914640.0,716820.0,26444080.0,202211.0
109,A15728011,3161300.0,23207490.0,0.0,0.0,0.0,27192040.0,12957554.0,52233024.0,0.0,20984150.0,202211.0
110,A15721007,7634780.0,20127100.0,0.0,0.0,0.0,26319000.0,12700440.0,56417180.0,3074900.0,15386820.0,202211.0
111,A15721004,0.0,0.0,0.0,0.0,0.0,0.0,691085.0,0.0,0.0,0.0,202211.0
112,A15721010,33173500.0,26910130.0,5420.0,0.0,-22738240.0,22652410.0,8569960.0,58989630.0,354800.0,23720510.0,202211.0
113,A15721009,629190.0,0.0,0.0,0.0,0.0,0.0,4698150.0,0.0,0.0,0.0,202211.0
114,A15721008,3127270.0,7948300.0,0.0,0.0,0.0,8512710.0,3200046.0,19457430.0,281220.0,4416750.0,202211.0
115,A15722009,1573430.0,4627590.0,0.0,353110.0,0.0,5101080.0,3739470.0,10209580.0,0.0,3920620.0,202211.0
116,A10027433,1063500.0,10139330.0,0.0,808630.0,0.0,13113420.0,2689946.0,23699294.0,290120.0,9199740.0,202211.0
117,A10027452,16855570.0,7525030.0,0.0,0.0,-16464600.0,16385400.0,6872190.0,18931340.0,437970.0,10472330.0,202211.0
118,A10027403,1424107.0,5436920.0,0.0,0.0,0.0,8995630.0,4946790.0,13243650.0,215880.0,6874740.0,202211.0
119,A10026879,11334890.0,21725070.0,0.0,0.0,0.0,23689250.0,9208311.0,57038810.0,276970.0,20934400.0,202211.0
120,A10027687,3364800.0,16547370.0,0.0,0.0,8945720.0,0.0,17105480.0,25761140.0,-486180.0,10731620.0,202211.0
121,A10027371,10064470.0,4522250.0,0.0,0.0,-8683460.0,8596580.0,4027882.0,12721040.0,101110.0,6194270.0,202211.0
122,A10024426,4434191.0,20500796.0,0.0,0.0,0.0,36440000.0,23659240.0,42573820.0,87710.0,24896910.0,202211.0
123,A15721011,2169760.0,5536000.0,0.0,0.0,0.0,7884450.0,2913222.0,14395670.0,540.0,5278540.0,202211.0
124,A15728002,383720.0,9062410.0,0.0,0.0,0.0,6591400.0,5559420.0,12735220.0,31010.0,6888680.0,202211.0
125,A15728006,2047160.0,28993540.0,0.0,0.0,215060.0,17350420.0,10050840.0,28970420.0,1271270.0,17083400.0,202211.0
126,A15728009,0.0,0.0,0.0,0.0,0.0,0.0,242636.0,109688470.0,0.0,0.0,202211.0
127,A15728005,2520040.0,13929520.0,0.0,0.0,0.0,12013050.0,8164529.0,19911590.0,0.0,10187740.0,202211.0
128,A15728010,0.0,0.0,0.0,0.0,0.0,0.0,1256328.0,7436860.0,0.0,0.0,202211.0
129,A15728007,286630.0,22094150.0,0.0,0.0,51900.0,20244750.0,6424180.0,25956270.0,435230.0,14132360.0,202211.0
130,A15728003,2956910.0,12168160.0,0.0,0.0,0.0,16446630.0,4119690.0,23055000.0,172710.0,10399940.0,202211.0
131,A15782501,0.0,0.0,0.0,0.0,0.0,0.0,1670860.0,7369470.0,0.0,0.0,202211.0
132,A15728013,,,,,,,,,,,202211.0
133,A15728008,6117570.0,19170900.0,0.0,0.0,0.0,30538230.0,9779920.0,36817780.0,450380.0,19040780.0,202211.0
134,A15728004,2086000.0,17430400.0,0.0,0.0,174760.0,16585400.0,7088520.0,22846050.0,12290.0,12291200.0,202211.0
135,A15779704,0.0,0.0,16670.0,0.0,0.0,0.0,3408370.0,9214700.0,0.0,4828560.0,202211.0
136,A10028020,,,,,,,,,,,202211.0
137,A15781201,0.0,0.0,0.0,0.0,0.0,0.0,3668350.0,11188900.0,0.0,0.0,202211.0
138,A15722005,0.0,0.0,0.0,0.0,0.0,0.0,4085005.0,11609900.0,7400.0,6469320.0,202211.0
139,A15784601,0.0,0.0,0.0,0.0,0.0,0.0,2135830.0,6076870.0,0.0,0.0,202211.0
140,A15722106,0.0,0.0,0.0,0.0,0.0,0.0,4913039.0,11677260.0,0.0,7662200.0,202211.0
141,A15722314,34078470.0,31462850.0,0.0,0.0,14660100.0,14660100.0,5758910.0,0.0,62670.0,0.0,202211.0
142,A15785711,15134330.0,20871900.0,0.0,0.0,-9198000.0,9147000.0,3282240.0,0.0,2044190.0,5775450.0,202211.0
143,A15785709,1812450.0,11808500.0,0.0,355450.0,0.0,7080000.0,2996783.0,0.0,101470.0,6138380.0,202211.0
144,A15785703,0.0,0.0,0.0,0.0,0.0,0.0,2532208.0,7542720.0,0.0,0.0,202211.0
145,A15722304,0.0,0.0,0.0,0.0,0.0,0.0,1903210.0,8622350.0,1420.0,4853250.0,202211.0
146,A15777501,5578690.0,20387360.0,0.0,0.0,0.0,14045500.0,4909160.0,0.0,348175.0,4013000.0,202211.0
147,A15722108,0.0,0.0,0.0,0.0,0.0,0.0,7414119.0,16812310.0,0.0,8400070.0,202211.0
148,A15722201,0.0,0.0,0.0,0.0,0.0,0.0,1947980.0,6440430.0,40.0,3324660.0,202211.0
149,A15785608,4500770.0,19678560.0,0.0,0.0,0.0,10396000.0,5045260.0,20699090.0,762000.0,9394580.0,202211.0
150,A15785002,0.0,0.0,0.0,0.0,0.0,0.0,1446440.0,7915770.0,0.0,3301330.0,202211.0
151,A15785005,2061800.0,13845510.0,0.0,0.0,0.0,11278800.0,4622870.0,0.0,824820.0,0.0,202211.0
152,A15722004,0.0,0.0,0.0,0.0,0.0,0.0,5265593.0,14171440.0,0.0,6473360.0,202211.0
153,A15722203,12787590.0,0.0,0.0,0.0,0.0,0.0,10257721.0,0.0,0.0,0.0,202211.0
154,A15785613,,,,,,,,,,,202211.0
155,A15785507,2217970.0,9621430.0,0.0,0.0,0.0,7121200.0,4536694.0,11824513.0,2200530.0,0.0,202211.0
156,A15722204,0.0,0.0,0.0,0.0,0.0,0.0,14820270.0,0.0,10747230.0,0.0,202211.0
157,A15785612,20895073.0,0.0,0.0,0.0,10947785.0,0.0,3460210.0,0.0,76470.0,0.0,202211.0
158,A15722102,0.0,0.0,0.0,0.0,0.0,0.0,2864740.0,7704190.0,324500.0,3470220.0,202211.0
159,A15785605,945000.0,5447350.0,0.0,0.0,0.0,4639880.0,1906500.0,0.0,210000.0,0.0,202211.0
160,A15778101,6334330.0,21470800.0,0.0,0.0,-47300.0,15535900.0,7917306.0,22673990.0,0.0,2389030.0,202211.0
161,A15785601,5221800.0,176120.0,0.0,0.0,721000.0,1946000.0,675900.0,8108010.0,678180.0,0.0,202211.0
162,A15722307,814210.0,8750910.0,-1952070.0,1952070.0,-14000.0,5554500.0,2741520.0,0.0,2052650.0,0.0,202211.0
163,A15722011,,,,,,,,,,,202211.0
164,A15722003,0.0,0.0,0.0,0.0,0.0,0.0,4010360.0,13051160.0,1664720.0,9211600.0,202211.0
165,A15773501,0.0,0.0,0.0,0.0,0.0,0.0,535948.0,11556740.0,-35030.0,10180740.0,202211.0
166,A15722007,0.0,0.0,0.0,0.0,0.0,0.0,1879580.0,7737450.0,0.0,0.0,202211.0
167,A15785710,8610060.0,23849890.0,0.0,0.0,0.0,18252720.0,10602463.0,31232850.0,7630.0,8657250.0,202211.0
168,A10025641,,,,,,,,,,,202211.0
169,A15722104,0.0,0.0,0.0,0.0,0.0,0.0,953720.0,8072390.0,0.0,0.0,202211.0
170,A15722008,,,,,,,,,,,202211.0
171,A15722306,0.0,0.0,35240.0,0.0,-326000.0,326000.0,1241380.0,10880600.0,0.0,3337610.0,202211.0
172,A10023292,,,,,,,,,,,202211.0
173,A15722001,0.0,0.0,88440.0,0.0,0.0,0.0,2138200.0,5601030.0,0.0,0.0,202211.0
174,A10024505,8381000.0,0.0,0.0,0.0,6865600.0,0.0,24677500.0,0.0,6546920.0,0.0,202211.0
