,kaptCode,heatC,heatP,gasC,gasP,waterHotC,waterHotP,electC,electP,waterCoolC,waterCoolP,Date
0,A15786116,0.0,0.0,9570.0,0.0,0.0,0.0,70170.0,14303060.0,0.0,0.0,202207.0
1,A15704015,0.0,0.0,9580.0,0.0,0.0,0.0,7326560.0,12582230.0,0.0,0.0,202207.0
2,A15786118,0.0,0.0,0.0,0.0,0.0,0.0,2715194.0,14755510.0,255060.0,6961460.0,202207.0
3,A15786426,0.0,0.0,0.0,0.0,0.0,0.0,793317.0,27190460.0,363540.0,0.0,202207.0
4,A15704025,0.0,0.0,0.0,0.0,0.0,0.0,2861350.0,32035920.0,77770.0,18443900.0,202207.0
5,A15776001,0.0,0.0,0.0,0.0,0.0,0.0,2219341.0,11118340.0,0.0,3785030.0,202207.0
6,A15786321,0.0,0.0,0.0,0.0,0.0,0.0,-1018430.0,19906600.0,0.0,0.0,202207.0
7,A15786314,0.0,0.0,0.0,0.0,0.0,0.0,2088980.0,12662260.0,0.0,5274040.0,202207.0
8,A15704006,5880.0,0.0,0.0,0.0,0.0,0.0,2022770.0,0.0,0.0,0.0,202207.0
9,A15786222,0.0,0.0,0.0,0.0,0.0,0.0,0.0,20399510.0,0.0,6339100.0,202207.0
10,A15786420,0.0,0.0,0.0,0.0,0.0,0.0,2493610.0,13297820.0,0.0,0.0,202207.0
11,A15786111,0.0,0.0,0.0,0.0,0.0,0.0,2602950.0,11334250.0,0.0,9591920.0,202207.0
12,A15786405,0.0,0.0,0.0,0.0,0.0,0.0,206718.0,7841470.0,77190.0,0.0,202207.0
13,A15786424,0.0,0.0,21310.0,0.0,0.0,0.0,5663078.0,32474930.0,140910.0,8360240.0,202207.0
14,A15786104,0.0,0.0,0.0,0.0,0.0,0.0,78020.0,7447930.0,0.0,0.0,202207.0
15,A15786510,0.0,0.0,0.0,0.0,0.0,0.0,2695136.0,10405360.0,-3670.0,8371800.0,202207.0
16,A15704028,50460.0,0.0,0.0,0.0,0.0,0.0,2927310.0,37903040.0,1466530.0,0.0,202207.0
17,A15704009,0.0,0.0,14960.0,0.0,0.0,0.0,2591210.0,0.0,0.0,0.0,202207.0
18,A15786312,0.0,0.0,0.0,0.0,0.0,0.0,0.0,12933530.0,0.0,4571780.0,202207.0
19,A15704007,0.0,0.0,0.0,0.0,0.0,0.0,2836190.0,0.0,4329372.0,0.0,202207.0
20,A15704023,0.0,0.0,0.0,0.0,0.0,0.0,1053320.0,25447920.0,241090.0,9223200.0,202207.0
21,A15704017,6580.0,0.0,0.0,0.0,0.0,0.0,15840118.0,0.0,11539560.0,0.0,202207.0
22,A15786227,0.0,0.0,14570.0,0.0,0.0,0.0,6546610.0,18799940.0,0.0,0.0,202207.0
23,A15704003,0.0,0.0,920.0,0.0,0.0,0.0,2606590.0,9839680.0,0.0,3539040.0,202207.0
24,A15704002,0.0,0.0,0.0,0.0,0.0,0.0,772580.0,10378210.0,0.0,4329890.0,202207.0
25,A15704001,0.0,0.0,0.0,0.0,0.0,0.0,1922980.0,9765160.0,0.0,0.0,202207.0
26,A15786213,0.0,0.0,0.0,0.0,0.0,0.0,32220.0,13590910.0,0.0,4851000.0,202207.0
27,A15786408,0.0,0.0,5420.0,0.0,0.0,0.0,11930.0,14205680.0,0.0,4870720.0,202207.0
28,A15776003,,,,,,,,,,,202207.0
29,A15776004,,,,,,,,,,,202207.0
30,A15785919,0.0,0.0,0.0,0.0,0.0,0.0,-1337174.0,20512600.0,0.0,0.0,202207.0
31,A10025600,0.0,0.0,0.0,0.0,0.0,0.0,46339510.0,0.0,476250.0,8993850.0,202207.0
32,A10027541,0.0,0.0,0.0,0.0,0.0,0.0,2595037.0,12700520.0,0.0,0.0,202207.0
33,A10025049,,,,,,,,,,,202207.0
34,A15783907,0.0,0.0,0.0,0.0,0.0,0.0,-604230.0,20739650.0,0.0,12625190.0,202207.0
35,A15783703,0.0,0.0,0.0,0.0,0.0,0.0,1246270.0,13783040.0,0.0,0.0,202207.0
36,A15703004,7068550.0,0.0,0.0,0.0,-3970970.0,3970970.0,5365833.0,31603640.0,2500.0,14762650.0,202207.0
37,A15703304,901240.0,0.0,0.0,0.0,1005950.0,2842490.0,2388040.0,0.0,0.0,0.0,202207.0
38,A15703303,4848250.0,0.0,748310.0,748310.0,2945050.0,2945050.0,29315020.0,0.0,10970510.0,0.0,202207.0
39,A15703301,865850.0,50050.0,0.0,0.0,870490.0,1739400.0,2175210.0,0.0,1100000.0,0.0,202207.0
40,A15784008,1411100.0,0.0,0.0,0.0,40.0,2842910.0,5868020.0,15863380.0,0.0,8092340.0,202207.0
41,A15772902,0.0,0.0,0.0,0.0,0.0,0.0,1477120.0,0.0,0.0,0.0,202207.0
42,A15703302,5623644.0,0.0,0.0,0.0,-3305120.0,3305120.0,4233034.0,31519740.0,1487210.0,8923150.0,202207.0
43,A15772901,0.0,0.0,0.0,0.0,0.0,0.0,1806270.0,0.0,0.0,0.0,202207.0
44,A15703002,0.0,312660.0,0.0,0.0,0.0,0.0,2907540.0,11955500.0,0.0,3923900.0,202207.0
45,A15703005,0.0,0.0,0.0,0.0,0.0,0.0,14201190.0,0.0,3883160.0,0.0,202207.0
46,A15703309,8234430.0,0.0,0.0,0.0,-5344500.0,5344500.0,1102910.0,34883500.0,1064360.0,18116880.0,202207.0
47,A15703307,7317050.0,0.0,0.0,0.0,0.0,0.0,42745911.0,0.0,14705050.0,0.0,202207.0
48,A15776916,0.0,11440.0,0.0,0.0,0.0,8892000.0,3831590.0,0.0,0.0,0.0,202207.0
49,A15703001,0.0,0.0,0.0,0.0,0.0,0.0,1626700.0,7586020.0,0.0,0.0,202207.0
50,A15784402,0.0,0.0,-348750.0,348750.0,0.0,0.0,1370090.0,0.0,0.0,0.0,202207.0
51,A15776414,0.0,0.0,0.0,0.0,0.0,13373500.0,4808420.0,0.0,2256730.0,0.0,202207.0
52,A15703308,2543590.0,0.0,0.0,0.0,0.0,9011400.0,3399106.0,31102210.0,282580.0,13377070.0,202207.0
53,A15783806,3295180.0,0.0,0.0,0.0,-2348300.0,2348300.0,4447600.0,14172490.0,956550.0,4992960.0,202207.0
54,A15776617,0.0,0.0,0.0,0.0,0.0,4301600.0,1912420.0,0.0,0.0,0.0,202207.0
55,A15783905,0.0,0.0,0.0,0.0,0.0,0.0,1839110.0,9556140.0,458055.0,0.0,202207.0
56,A15703318,0.0,0.0,0.0,0.0,0.0,5124000.0,559801.0,14280290.0,0.0,6451370.0,202207.0
57,A15703204,0.0,0.0,0.0,0.0,0.0,0.0,6167272.0,147736410.0,0.0,40936100.0,202207.0
58,A15703313,0.0,0.0,0.0,0.0,0.0,8580000.0,6221890.0,0.0,0.0,0.0,202207.0
59,A15783902,0.0,0.0,1980.0,0.0,0.0,0.0,57140.0,9265730.0,0.0,7045790.0,202207.0
60,A15776715,0.0,0.0,0.0,0.0,0.0,7502400.0,3875090.0,0.0,0.0,0.0,202207.0
61,A15783701,22540.0,0.0,0.0,0.0,-237850.0,237850.0,647817.0,8803670.0,0.0,0.0,202207.0
62,A15784003,0.0,0.0,0.0,0.0,0.0,0.0,2013830.0,7036910.0,0.0,0.0,202207.0
63,A15703306,1373890.0,0.0,0.0,0.0,-1450.0,3825600.0,3274120.0,0.0,882100.0,9001000.0,202207.0
64,A15784201,0.0,0.0,0.0,0.0,0.0,0.0,1226940.0,7056390.0,0.0,0.0,202207.0
65,A10025703,,,,,,,,,,,202207.0
66,A10023543,0.0,0.0,0.0,0.0,0.0,0.0,3723110.0,11273930.0,0.0,3102340.0,202207.0
67,A15701004,0.0,0.0,0.0,0.0,0.0,0.0,1967060.0,11600370.0,0.0,8310120.0,202207.0
68,A15701601,0.0,0.0,0.0,0.0,0.0,0.0,-1259070.0,14441890.0,0.0,3988650.0,202207.0
69,A15788302,0.0,0.0,0.0,0.0,0.0,0.0,2934927.0,21291340.0,326560.0,8935960.0,202207.0
70,A15788901,0.0,0.0,0.0,0.0,0.0,0.0,1707760.0,11254410.0,0.0,0.0,202207.0
71,A15792602,10907530.0,0.0,0.0,6347350.0,-1710.0,20026320.0,31936430.0,166467620.0,6678160.0,40391410.0,202207.0
72,A15701602,0.0,0.0,0.0,0.0,0.0,0.0,104110124.0,0.0,58003790.0,0.0,202207.0
73,A15770801,1762060.0,0.0,0.0,0.0,80.0,3461780.0,2604365.0,22731930.0,790.0,11541780.0,202207.0
74,A15701002,0.0,0.0,0.0,0.0,0.0,0.0,4364941.0,14269020.0,0.0,0.0,202207.0
75,A15701003,9888510.0,0.0,0.0,0.0,3120.0,23025700.0,40700164.0,170212340.0,0.0,54249950.0,202207.0
76,A15788203,0.0,0.0,0.0,0.0,0.0,0.0,1992731.0,17920500.0,394120.0,0.0,202207.0
77,A15770101,0.0,0.0,0.0,0.0,0.0,0.0,297170.0,10822310.0,423170.0,7431810.0,202207.0
78,A15701007,14029210.0,0.0,0.0,0.0,0.0,20003390.0,48701020.0,281079865.0,1057710.0,52853070.0,202207.0
79,A10025201,,,,,,,,,,,202207.0
80,A15701006,,,,,,,,,,,202207.0
81,A10023515,,,,,,,,,,,202207.0
82,A10024145,0.0,0.0,0.0,0.0,0.0,0.0,3488240.0,13585570.0,374120.0,3418200.0,202207.0
83,A15780604,3973534.0,0.0,0.0,0.0,-1104.0,7149840.0,16932904.0,50301890.0,-5560.0,11199160.0,202207.0
84,A15780605,3085470.0,0.0,0.0,0.0,7487280.0,0.0,44479980.0,0.0,5594450.0,0.0,202207.0
85,A15780905,4265460.0,0.0,0.0,0.0,0.0,8162700.0,4055400.0,41837360.0,3767400.0,0.0,202207.0
86,A15780002,1584880.0,0.0,0.0,0.0,118160.0,2583900.0,856540.0,25180950.0,0.0,9236710.0,202207.0
87,A15781002,1078610.0,77780.0,0.0,0.0,0.0,7897760.0,1586600.0,0.0,0.0,0.0,202207.0
88,A15780701,1419980.0,0.0,0.0,0.0,-470610.0,470610.0,3225946.0,13024870.0,-110.0,3595410.0,202207.0
89,A15780806,551550.0,0.0,0.0,0.0,13869000.0,0.0,5823180.0,0.0,0.0,0.0,202207.0
90,A15780705,13535650.0,0.0,0.0,0.0,0.0,0.0,0.0,0.0,0.0,0.0,202207.0
91,A15720101,0.0,0.0,0.0,0.0,0.0,0.0,1234195.0,10748100.0,0.0,0.0,202207.0
92,A15780703,7214060.0,0.0,-690730.0,690730.0,-3984200.0,3984200.0,10852211.0,29268640.0,0.0,2441550.0,202207.0
93,A15774708,0.0,0.0,0.0,0.0,0.0,13412000.0,7488546.0,0.0,0.0,0.0,202207.0
94,A15780401,3165150.0,0.0,0.0,0.0,0.0,3952060.0,7963340.0,20488150.0,610.0,11240340.0,202207.0
95,A15780904,1101920.0,1101640.0,0.0,0.0,0.0,7896840.0,3156880.0,0.0,851610.0,0.0,202207.0
96,A15780602,0.0,0.0,0.0,0.0,0.0,0.0,3737820.0,13866310.0,110980.0,6842300.0,202207.0
97,A15780603,3950440.0,0.0,0.0,0.0,0.0,5076000.0,845980.0,58105410.0,2835000.0,0.0,202207.0
98,A15780704,3681935.0,172500.0,0.0,0.0,0.0,6339200.0,5140632.0,39253250.0,6308910.0,14972280.0,202207.0
99,A15720001,0.0,0.0,0.0,0.0,0.0,0.0,13841870.0,91744150.0,251700.0,15921720.0,202207.0
100,A15781003,2011090.0,0.0,0.0,0.0,0.0,6938250.0,3762310.0,0.0,44290.0,0.0,202207.0
101,A10025616,,,,,,,,,,,202207.0
102,A10024367,,,,,,,,,,,202207.0
103,A10024792,,,,,,,,,,,202207.0
104,A15721001,0.0,0.0,0.0,0.0,0.0,0.0,1620610.0,8033450.0,-72000.0,2467200.0,202207.0
105,A15721003,15060.0,0.0,0.0,0.0,0.0,0.0,1745090.0,0.0,395280.0,0.0,202207.0
106,A15721005,0.0,0.0,-429000.0,429000.0,0.0,0.0,2957130.0,20134170.0,0.0,0.0,202207.0
107,A15722010,5678850.0,0.0,0.0,0.0,-3958810.0,3958810.0,1133910.0,38249470.0,492080.0,8280510.0,202207.0
108,A15721006,752380.0,3621240.0,0.0,0.0,0.0,13346610.0,13179432.0,78367950.0,1212560.0,27960820.0,202207.0
109,A15728011,2596710.0,109540.0,0.0,0.0,0.0,11659770.0,3659514.0,55897294.0,0.0,22938790.0,202207.0
110,A15721007,4786580.0,98820.0,0.0,0.0,0.0,7075580.0,16704630.0,61039660.0,2643950.0,17491830.0,202207.0
111,A15721004,0.0,0.0,0.0,0.0,0.0,0.0,-118490.0,17715220.0,0.0,10456100.0,202207.0
112,A15721010,14896030.0,20930.0,0.0,0.0,-9297510.0,9232100.0,6482040.0,104471540.0,900280.0,25288570.0,202207.0
113,A15721009,560230.0,0.0,0.0,0.0,0.0,3172320.0,5240030.0,27333710.0,0.0,8655620.0,202207.0
114,A15721008,949020.0,0.0,0.0,0.0,0.0,2730480.0,2350853.0,26051830.0,467380.0,4802200.0,202207.0
115,A15722009,0.0,0.0,0.0,367540.0,456330.0,2265000.0,3113530.0,16539100.0,0.0,4128890.0,202207.0
116,A10027433,1063500.0,1063710.0,0.0,891590.0,0.0,4342290.0,3994368.0,31811152.0,218360.0,9770710.0,202207.0
117,A10027452,6182820.0,0.0,0.0,0.0,-5858500.0,5830900.0,10269163.0,31635420.0,860750.0,10659730.0,202207.0
118,A10027403,294737.0,18050.0,0.0,0.0,0.0,2741660.0,8100520.0,23511030.0,27960.0,6927730.0,202207.0
119,A10026879,5791170.0,0.0,0.0,0.0,0.0,7650000.0,12297677.0,116901410.0,306690.0,22931110.0,202207.0
120,A10027687,2867790.0,0.0,0.0,0.0,3225260.0,0.0,16199063.0,43545590.0,-642420.0,12198320.0,202207.0
121,A10027371,629940.0,0.0,0.0,0.0,0.0,2585040.0,5442880.0,20805020.0,92250.0,6565440.0,202207.0
122,A10024426,3878810.0,0.0,0.0,0.0,12542010.0,12463480.0,8247680.0,78285340.0,0.0,25424060.0,202207.0
123,A15721011,882980.0,0.0,0.0,0.0,0.0,2230380.0,3254429.0,25830600.0,-28040.0,5713320.0,202207.0
124,A15728002,110150.0,0.0,0.0,0.0,0.0,2107330.0,3386490.0,17322540.0,65850.0,7438340.0,202207.0
125,A15728006,2007290.0,8070.0,0.0,0.0,87510.0,6371700.0,10938220.0,51044710.0,476690.0,19696300.0,202207.0
126,A15728009,0.0,0.0,0.0,0.0,0.0,0.0,-1926721.0,175889970.0,0.0,0.0,202207.0
127,A15728005,1003230.0,294060.0,0.0,0.0,0.0,6381290.0,7910595.0,34931736.0,0.0,11703150.0,202207.0
128,A15728010,0.0,0.0,0.0,0.0,0.0,0.0,1478350.0,8613170.0,0.0,0.0,202207.0
129,A15728007,0.0,0.0,0.0,0.0,18270.0,6244090.0,4577680.0,43184980.0,576500.0,15824980.0,202207.0
130,A15728003,2491300.0,0.0,0.0,0.0,0.0,4660980.0,2990800.0,38603140.0,144450.0,12215690.0,202207.0
131,A15782501,0.0,0.0,0.0,0.0,0.0,0.0,1160370.0,12479770.0,0.0,0.0,202207.0
132,A15728013,,,,,,,,,,,202207.0
133,A15728008,2255750.0,24900.0,0.0,0.0,0.0,14779660.0,5305810.0,55395870.0,215120.0,22491010.0,202207.0
134,A15728004,1405220.0,155690.0,0.0,0.0,4160.0,5377840.0,5239520.0,31744440.0,1130.0,14037260.0,202207.0
135,A15779704,0.0,0.0,6380.0,0.0,0.0,0.0,3651980.0,15081800.0,0.0,5051280.0,202207.0
136,A10028020,,,,,,,,,,,202207.0
137,A15781201,0.0,0.0,0.0,0.0,0.0,0.0,3896710.0,16775750.0,0.0,0.0,202207.0
138,A15722005,0.0,0.0,0.0,0.0,0.0,0.0,3192355.0,13150080.0,6410.0,5321970.0,202207.0
139,A15784601,0.0,0.0,0.0,0.0,0.0,0.0,2343950.0,7959080.0,0.0,0.0,202207.0
140,A15722106,0.0,0.0,0.0,0.0,0.0,0.0,6297960.0,16255700.0,0.0,12326220.0,202207.0
141,A15722314,2614410.0,784680.0,0.0,0.0,5987280.0,5987280.0,5643350.0,0.0,72350.0,0.0,202207.0
142,A15785711,6696590.0,0.0,0.0,0.0,-4130830.0,4115870.0,2040430.0,0.0,2221040.0,6652290.0,202207.0
143,A15785709,1057580.0,0.0,0.0,376070.0,0.0,2470000.0,2020803.0,0.0,63650.0,6943720.0,202207.0
144,A15785703,0.0,0.0,0.0,0.0,0.0,0.0,2550577.0,9625370.0,0.0,0.0,202207.0
145,A15722304,0.0,0.0,0.0,0.0,0.0,0.0,732780.0,10908760.0,40.0,5102160.0,202207.0
146,A15777501,2146800.0,0.0,0.0,0.0,0.0,4109710.0,3579500.0,0.0,1344580.0,3397100.0,202207.0
147,A15722108,0.0,0.0,0.0,0.0,0.0,0.0,8352630.0,20393890.0,0.0,9193700.0,202207.0
148,A15722201,0.0,0.0,0.0,0.0,0.0,0.0,2642390.0,5366430.0,-80.0,3841470.0,202207.0
149,A15785608,2602100.0,71850.0,0.0,0.0,0.0,3048000.0,4828840.0,24792210.0,261320.0,10560220.0,202207.0
150,A15785002,0.0,0.0,0.0,0.0,0.0,0.0,-313009.0,10473120.0,0.0,3465870.0,202207.0
151,A15785005,1402650.0,259990.0,0.0,0.0,0.0,2624700.0,4572170.0,0.0,863190.0,0.0,202207.0
152,A15722004,0.0,0.0,0.0,0.0,0.0,0.0,6302470.0,17013760.0,0.0,6734600.0,202207.0
153,A15722203,1921830.0,0.0,0.0,0.0,0.0,0.0,10251329.0,0.0,0.0,0.0,202207.0
154,A15785613,2678390.0,0.0,0.0,0.0,0.0,5726310.0,4280872.0,33781340.0,4085650.0,0.0,202207.0
155,A15785507,1148680.0,0.0,0.0,0.0,-190.0,1941590.0,3147564.0,12375794.0,1983450.0,0.0,202207.0
156,A15722204,0.0,0.0,0.0,0.0,0.0,0.0,20401320.0,0.0,10727680.0,0.0,202207.0
157,A15785612,10060.0,0.0,0.0,0.0,0.0,4782920.0,2651310.0,0.0,76920.0,0.0,202207.0
158,A15722102,0.0,0.0,0.0,0.0,0.0,0.0,3045600.0,11100970.0,153260.0,3856350.0,202207.0
159,A15785605,12500.0,61770.0,0.0,0.0,0.0,1562750.0,1583950.0,0.0,0.0,0.0,202207.0
160,A15778101,2869570.0,0.0,0.0,0.0,0.0,4326300.0,4489990.0,31453280.0,0.0,1091580.0,202207.0
161,A15785601,0.0,23800.0,0.0,0.0,0.0,1669500.0,2230740.0,6432540.0,424530.0,0.0,202207.0
162,A15722307,814250.0,0.0,-1555290.0,1555290.0,230.0,1862440.0,2257740.0,0.0,1655690.0,0.0,202207.0
163,A15722011,,,,,,,,,,,202207.0
164,A15722003,0.0,0.0,0.0,0.0,0.0,0.0,3748340.0,18593870.0,1642650.0,9039530.0,202207.0
165,A15773501,0.0,0.0,0.0,0.0,0.0,0.0,-1664115.0,17056370.0,266750.0,10701170.0,202207.0
166,A15722007,0.0,0.0,0.0,0.0,0.0,0.0,1680790.0,8187880.0,0.0,0.0,202207.0
167,A15785710,3634570.0,0.0,0.0,0.0,0.0,4582800.0,7911145.0,47480260.0,360430.0,9514600.0,202207.0
168,A10025641,,,,,,,,,,,202207.0
169,A15722104,0.0,0.0,0.0,0.0,0.0,0.0,0.0,12513700.0,0.0,0.0,202207.0
170,A15722008,,,,,,,,,,,202207.0
171,A15722306,0.0,0.0,0.0,0.0,-364250.0,364250.0,781330.0,15307500.0,0.0,3393000.0,202207.0
172,A10023292,,,,,,,,,,,202207.0
173,A15722001,0.0,0.0,0.0,0.0,0.0,0.0,2100250.0,6588370.0,0.0,0.0,202207.0
174,A10024505,1601480.0,0.0,0.0,0.0,2726430.0,0.0,30629500.0,0.0,6926930.0,0.0,202207.0
