,kaptCode,heatC,heatP,gasC,gasP,waterHotC,waterHotP,electC,electP,waterCoolC,waterCoolP,Date
0,A15786116,0,0,391310,0,0,0,1232600,11896550,9419980,0,202202.0
1,A15704015,0,0,281820,0,0,0,7361880,13594070,379020,11869470,202202.0
2,A15786118,0,0,0,0,0,0,3463563,11978260,273760,6658090,202202.0
3,A15786426,0,0,0,0,0,0,873389,22608270,0,0,202202.0
4,A15704025,0,0,0,0,0,0,1945799,19445280,0,0,202202.0
5,A15776001,0,0,0,0,0,0,2492199,11833240,0,3377720,202202.0
6,A15786321,0,0,0,0,0,0,428580,15733410,140000,0,202202.0
7,A15786314,0,0,0,0,0,0,3598080,9299230,0,4497040,202202.0
8,A15704006,370440,0,0,0,0,0,1912840,0,0,0,202202.0
9,A15786222,0,0,0,0,0,0,2027761,12061130,0,5692870,202202.0
10,A15786420,0,0,659630,0,0,0,3846070,11885300,135720,0,202202.0
11,A15786111,0,0,0,0,0,0,13288240,0,0,0,202202.0
12,A15786405,0,0,484370,0,0,0,1539164,6971220,147870,0,202202.0
13,A15786424,0,0,964530,0,0,0,4946285,19816140,-497810,7931760,202202.0
14,A15786104,0,0,0,0,0,0,641510,6990520,250,4167330,202202.0
15,A15786510,0,0,0,0,0,0,2889911,8204340,0,0,202202.0
16,A15704028,495170,0,0,0,0,0,3553380,31343260,1253470,0,202202.0
17,A15704009,0,0,111160,0,0,0,2721120,0,0,0,202202.0
18,A15786312,0,0,0,0,0,0,1736390,10919450,0,4863060,202202.0
19,A15704007,0,0,0,0,0,0,3216240,0,3704040,0,202202.0
20,A15704023,0,0,0,0,0,0,935170,20641740,819950,7584120,202202.0
21,A15704017,278390,0,0,0,0,0,14105006,0,0,0,202202.0
22,A15786227,0,0,286730,0,0,0,6069970,19695580,0,20362000,202202.0
23,A15704003,0,0,262130,0,0,0,3133840,7131270,-250,3598870,202202.0
24,A15704002,0,0,0,0,0,0,185560,8634710,0,4084890,202202.0
25,A15704001,0,0,0,0,0,0,1971600,7720320,-262980,6110360,202202.0
26,A15786213,0,0,0,0,0,0,2936500,11365630,0,4797450,202202.0
27,A15786408,0,0,203330,0,0,0,1657260,11973160,0,3623010,202202.0
28,A15776003,,,,,,,,,,,202202.0
29,A15776004,,,,,,,,,,,202202.0
30,A15785919,0,0,0,357340,0,0,1696020,12449920,0,0,202202.0
31,A10025600,0,0,0,0,0,0,25429000,0,638930,8281820,202202.0
32,A10027541,0,0,166840,0,0,0,2915514,10108680,905100,5267390,202202.0
33,A10025049,,,,,,,,,,,202202.0
34,A15783907,0,0,0,0,0,0,322665,13414060,0,12068670,202202.0
35,A15783703,0,0,0,0,0,0,2549220,12450950,0,8999920,202202.0
36,A15703004,27773170,38035630,0,0,-18801420,18801420,3700448,30557060,-440,16118620,202202.0
37,A15703304,901240,27491310,0,0,1087380,5362260,3718370,0,46490,0,202202.0
38,A15703303,55425790,0,-198770,198770,-16414650,16414650,25328750,0,10983530,0,202202.0
39,A15703301,870490,25029050,0,0,0,4091500,2440060,0,308360,0,202202.0
40,A15784008,5540460,27371570,0,0,0,8383490,7285708,13672740,0,7454850,202202.0
41,A15772902,0,0,0,0,0,0,1531680,0,0,0,202202.0
42,A15703302,27992110,45152800,0,0,-20215000,20215000,7311219,23827060,4769910,5702910,202202.0
43,A15772901,0,0,0,0,0,0,1838420,0,107200,0,202202.0
44,A15703002,0,0,0,0,0,0,3868940,10761230,937760,3979720,202202.0
45,A15703005,0,0,0,0,0,0,2777730,8905570,-40080,3894130,202202.0
46,A15703309,21458180,58582700,0,0,-18156000,18156000,4055640,28558950,628790,13368000,202202.0
47,A15703307,33357300,60604060,0,0,-22567500,22567500,11380530,32952430,74250,12628580,202202.0
48,A15776916,0,49361950,0,0,0,20481000,4818040,0,0,0,202202.0
49,A15703001,0,0,0,0,0,0,2896880,7262270,140,7527310,202202.0
50,A15784402,0,0,-305840,305840,0,0,2274430,0,0,0,202202.0
51,A15776414,0,34613750,0,0,0,28288000,4614320,0,0,0,202202.0
52,A15703308,7582220,41841800,0,0,0,35160200,6612360,23686850,421400,9287470,202202.0
53,A15783806,10180160,19925600,0,0,-8942250,8942250,4379590,11489810,1339770,3470250,202202.0
54,A15776617,0,18751780,0,0,0,8656400,2197960,0,0,0,202202.0
55,A15783905,0,0,88980,0,0,0,2791180,8027450,120780,0,202202.0
56,A15703318,0,10752540,0,0,0,9509500,1721040,13872780,0,6698040,202202.0
57,A15703204,0,0,0,0,0,0,17454793,95030010,0,39363750,202202.0
58,A15703313,0,34723620,0,0,0,20118000,6975850,0,0,0,202202.0
59,A15783902,0,0,202720,0,0,0,883698,8650700,0,0,202202.0
60,A15776715,0,26469590,0,0,0,17460000,4374920,0,0,0,202202.0
61,A15783701,277710,0,0,0,-257650,257650,2447843,7615490,6189240,0,202202.0
62,A15784003,0,0,0,0,0,0,3291220,6069910,7013660,0,202202.0
63,A15703306,1373470,28586540,0,0,0,12250000,3589090,0,90,8560000,202202.0
64,A15784201,0,0,0,0,0,0,2137550,6112580,0,0,202202.0
65,A10025703,,,,,,,,,,,202202.0
66,A10023543,,,,,,,,,,,202202.0
67,A15701004,0,0,0,0,0,0,2211050,10120540,0,0,202202.0
68,A15701601,0,0,0,0,0,0,-986450,12156290,0,4095570,202202.0
69,A15788302,0,0,285800,0,0,0,5984804,18470330,213210,7822460,202202.0
70,A15788901,0,0,0,0,0,0,2807890,9161420,0,0,202202.0
71,A15792602,10902910,229761200,0,12709080,0,70620000,8239900,123351900,12825610,30281570,202202.0
72,A15701602,0,0,0,0,0,0,63191325,0,0,0,202202.0
73,A15770801,2210580,40890470,0,0,0,14184000,5899688,17683460,-355150,11184110,202202.0
74,A15701002,0,0,0,0,0,0,2862698,7635880,-52080,9197350,202202.0
75,A15701003,32262530,199141190,0,0,0,68302500,37476899,137773690,1356730,52989660,202202.0
76,A15788203,0,0,0,0,0,0,3821328,10951560,0,0,202202.0
77,A15770101,0,0,0,0,0,0,1498560,7790160,0,0,202202.0
78,A15701007,42182890,159794010,0,0,0,95467860,52535350,139746670,5679410,47309100,202202.0
79,A10025201,,,,,,,,,,,202202.0
80,A15701006,,,,,,,,,,,202202.0
81,A10023515,,,,,,,,,,,202202.0
82,A10024145,0,0,0,0,0,0,4454730,6873610,389950,3095900,202202.0
83,A15780604,9033120,75503350,0,0,-2510,23528360,7489463,41460330,0,0,202202.0
84,A15780605,66096200,0,0,0,37692000,0,35351500,0,36250,0,202202.0
85,A15780905,14296798,71461440,0,0,0,27022125,14283650,31319170,17789250,0,202202.0
86,A15780002,1584880,35144880,0,0,324790,8514360,2778140,14382880,0,8131660,202202.0
87,A15781002,10626950,30010050,0,582100,0,16245760,2148870,0,0,0,202202.0
88,A15780701,22868750,0,0,0,0,0,11606196,0,3048420,0,202202.0
89,A15780806,69655860,0,0,0,40648500,0,8091240,0,0,0,202202.0
90,A15780705,92163320,0,0,0,0,0,0,0,0,0,202202.0
91,A15720101,0,0,79280,0,0,0,1431849,5365500,10,7436930,202202.0
92,A15780703,82555310,0,0,0,0,0,39280380,0,3525060,0,202202.0
93,A15774708,0,39860700,0,0,0,39735500,9172896,0,0,0,202202.0
94,A15780401,5132795,40049815,0,0,0,23450290,10933410,19328620,0,11558630,202202.0
95,A15780904,5132350,38953490,0,0,0,18128370,4917530,0,528210,0,202202.0
96,A15780602,0,0,712820,0,0,0,3895850,13310570,25470,6317420,202202.0
97,A15780603,15940940,62649900,0,0,0,24252800,5081780,34925280,6647880,0,202202.0
98,A15780704,12669325,50578830,0,0,0,35200000,4333610,22747930,10216410,9384110,202202.0
99,A15720001,0,0,0,0,0,0,15169922,42908310,-150,16526440,202202.0
100,A15781003,3343030,33462800,0,0,0,29812100,4593390,0,0,0,202202.0
101,A10025616,,,,,,,,,,,202202.0
102,A10024367,,,,,,,,,,,202202.0
103,A10024792,,,,,,,,,,,202202.0
104,A15721001,0,0,0,0,0,0,1850160,7474280,-481070,2513550,202202.0
105,A15721003,334320,0,0,0,0,0,1849210,0,0,0,202202.0
106,A15721005,0,0,-429000,429000,0,0,2104660,22617200,-40,11001140,202202.0
107,A15722010,27575140,11628530,0,0,14154800,14154800,-233120,21768150,-559640,8103700,202202.0
108,A15721006,6590983,72813180,0,0,0,37124920,15477764,59908910,479420,25473440,202202.0
109,A15728011,3679380,54730520,0,0,0,30287760,24380080,52311891,164600,20374700,202202.0
110,A15721007,19625910,38112060,0,0,0,34726560,22392511,58136250,3043250,14702520,202202.0
111,A15721004,0,0,0,0,0,0,351560,0,495820,0,202202.0
112,A15721010,35286590,64874800,3320,0,-25611680,25534770,4042640,50607580,954820,21546870,202202.0
113,A15721009,1075470,0,0,0,0,0,4562100,0,0,0,202202.0
114,A15721008,3599170,19485600,0,0,0,9088040,8293563,19593740,277450,4457700,202202.0
115,A15722009,3559140,9680400,0,291630,5159600,5159600,3685750,8640080,3693580,3693580,202202.0
116,A10027433,1063500,23297760,0,725880,0,13818950,4618700,23570020,268780,8885030,202202.0
117,A10027452,16993120,20782640,0,0,-15973800,15917800,5433940,14781760,821130,9636980,202202.0
118,A10027403,2111587,11628770,0,0,0,10297030,4496520,11070720,900850,6587310,202202.0
119,A10026879,13374840,63412210,0,0,0,30124800,7259409,48959240,198990,20287960,202202.0
120,A10027687,3348570,38602580,0,0,12196580,0,10935643,26818260,100590,10445600,202202.0
121,A10027371,1937310,10923890,0,0,0,10764410,3741590,10198500,98590,6269190,202202.0
122,A10024426,8377302,50810076,0,0,0,47377540,21007556,40900600,0,23328010,202202.0
123,A15721011,3166060,15225980,0,0,0,8310140,3111960,12021700,-3690,4958830,202202.0
124,A15728002,515320,17467530,0,0,0,10592660,5799680,13101760,96860,6475920,202202.0
125,A15728006,2054720,47469230,0,0,335230,33951580,9952980,26577050,495210,17469510,202202.0
126,A15728009,0,0,0,0,0,0,1062137,98923920,116190,85435550,202202.0
127,A15728005,1653700,33912920,0,0,0,13663060,7909099,24758310,0,10161980,202202.0
128,A15728010,0,0,0,0,0,0,1082731,8706500,-10,6654620,202202.0
129,A15728007,479730,44831640,0,0,44000,25999800,6539420,22371240,505150,14444860,202202.0
130,A15728003,2618560,31374790,0,0,0,15974800,3027840,23047660,197350,10802230,202202.0
131,A15782501,0,0,0,0,0,0,930140,6581280,805930,5243590,202202.0
132,A15728013,,,,,,,,,,,202202.0
133,A15728008,5212280,58550100,0,0,0,40536400,13782660,30584060,182660,21280120,202202.0
134,A15728004,2199160,35796150,0,0,58800,22521300,6355460,21482840,163560,12448320,202202.0
135,A15779704,0,0,154220,0,0,0,3678900,7426680,0,4295320,202202.0
136,A10028020,,,,,,,,,,,202202.0
137,A15781201,0,0,0,0,0,0,4056250,12161170,919540,7267310,202202.0
138,A15722005,0,0,0,0,0,0,3965940,13343730,6750,6233290,202202.0
139,A15784601,0,0,0,0,0,0,2587020,6053340,196850,4762800,202202.0
140,A15722106,0,0,0,0,0,0,3296003,10428310,0,0,202202.0
141,A15722314,47845570,44447750,0,0,19009500,19009500,6787120,0,0,0,202202.0
142,A15785711,23993400,37060840,0,0,-16057600,15974400,3187340,0,1277910,6395320,202202.0
143,A15785709,650090,26353800,0,316330,0,8505000,3573333,0,51890,5790100,202202.0
144,A15785703,0,0,0,0,0,0,2441156,6683500,1350,4654120,202202.0
145,A15722304,0,0,0,0,0,0,736160,9201060,0,0,202202.0
146,A15777501,8043500,39838500,0,0,0,20164200,5924800,0,441045,2880600,202202.0
147,A15722108,0,0,0,0,0,0,11497430,17546800,-110,8737780,202202.0
148,A15722201,0,0,0,0,0,0,3756680,7341270,40,3184160,202202.0
149,A15785608,3871460,44177050,0,0,0,11536800,8622250,23818220,214320,8948830,202202.0
150,A15785002,0,0,0,0,0,0,1443759,7814770,194610,3252040,202202.0
151,A15785005,2550150,22519140,0,0,0,14010480,5279280,0,794220,0,202202.0
152,A15722004,0,0,0,0,0,0,14418000,14270400,6076890,6076890,202202.0
153,A15722203,22823050,0,0,0,0,0,11236290,0,6662670,0,202202.0
154,A15785613,1820630,54801,0,0,0,5429,3307740,212525,1563040,0,202202.0
155,A15785507,3665010,22643210,0,0,0,8915400,4671084,12051750,2125980,0,202202.0
156,A15722204,0,0,0,0,0,0,13097260,0,0,0,202202.0
157,A15785612,26010,35082880,0,0,0,6173940,3593610,0,0,0,202202.0
158,A15722102,0,0,0,0,0,0,2451570,6957520,997410,2894770,202202.0
159,A15785605,1437500,8241020,0,0,0,5292000,2077790,0,0,0,202202.0
160,A15778101,8566360,48058800,0,0,-19500,17187300,9575962,19422280,0,3966300,202202.0
161,A15785601,0,16728040,0,0,0,3297000,3057850,7297670,838380,0,202202.0
162,A15722307,814250,22582270,-1389410,1389410,0,6664000,2900900,0,1489370,0,202202.0
163,A15722011,,,,,,,,,,,202202.0
164,A15722003,0,0,0,0,0,0,4273600,12222160,0,0,202202.0
165,A15773501,0,0,0,0,0,0,938941,9897370,0,0,202202.0
166,A15722007,0,0,0,0,0,0,2133070,8537980,0,0,202202.0
167,A15785710,8765470,54179190,0,0,0,24090000,8852301,27114880,464700,8262700,202202.0
168,A10025641,,,,,,,,,,,202202.0
169,A15722104,0,0,556210,0,0,0,1222400,7086350,171380,0,202202.0
170,A15722008,,,,,,,,,,,202202.0
171,A15722306,0,0,167760,0,-287490,287490,1323300,9423420,0,3362570,202202.0
172,A10023292,,,,,,,,,,,202202.0
173,A15722001,0,0,243990,0,0,0,1873000,6185410,139400,0,202202.0
174,A10024505,10708790,4462260,0,0,1716520,7234050,18223920,8306680,2711110,5051030,202202.0
