,kaptCode,heatC,heatP,gasC,gasP,waterHotC,waterHotP,electC,electP,waterCoolC,waterCoolP,Date
0,A15786116,0,0,258800,0,0,0,1239140,12156830,0,0,202201.0
1,A15704015,0,0,254190,0,0,0,7143270,13309900,0,0,202201.0
2,A15786118,0,0,0,0,0,0,3658335,11916480,505770,5977900,202201.0
3,A15786426,0,0,0,0,0,0,776656,22892980,478080,0,202201.0
4,A15704025,0,0,0,0,0,0,1471508,22942770,97800,17299190,202201.0
5,A15776001,0,0,0,0,0,0,2463328,11503400,0,3346650,202201.0
6,A15786321,0,0,0,0,0,0,334450,15960320,0,0,202201.0
7,A15786314,0,0,0,0,0,0,3069610,10537920,0,5008320,202201.0
8,A15704006,321440,0,0,0,0,0,1924080,0,0,0,202201.0
9,A15786222,0,0,0,0,0,0,13252490,14042490,6364660,6364660,202201.0
10,A15786420,0,0,411620,0,0,0,3768340,11673910,0,0,202201.0
11,A15786111,0,0,0,0,0,0,13400230,0,9515270,0,202201.0
12,A15786405,0,0,177120,0,0,0,1151620,7195150,34410,0,202201.0
13,A15786424,0,0,684550,0,0,0,7067550,20257570,130510,8120300,202201.0
14,A15786104,0,0,0,0,0,0,761606,6740820,0,0,202201.0
15,A15786510,0,0,0,0,0,0,-205760,10443460,948110,6626380,202201.0
16,A15704028,546070,0,0,0,0,0,4559070,30827940,197930,0,202201.0
17,A15704009,0,0,109370,0,0,0,2650470,0,0,0,202201.0
18,A15786312,0,0,0,0,0,0,1354100,10789790,0,4146680,202201.0
19,A15704007,0,0,0,0,0,0,3311680,0,4140000,0,202201.0
20,A15704023,0,0,0,0,0,0,985400,20922200,901020,8635800,202201.0
21,A15704017,222200,0,0,0,0,0,14453778,0,11670460,0,202201.0
22,A15786227,0,0,266040,0,0,0,6345490,18966830,0,0,202201.0
23,A15704003,0,0,63330,0,0,0,2182980,8916970,0,3748010,202201.0
24,A15704002,0,0,0,0,0,0,275710,8697750,0,3617610,202201.0
25,A15704001,0,0,0,0,0,0,2035000,7644220,0,0,202201.0
26,A15786213,0,0,0,0,0,0,2601880,11456700,0,4406280,202201.0
27,A15786408,0,0,112630,0,0,0,178596,11682660,0,4095930,202201.0
28,A15776003,,,,,,,,,,,202201.0
29,A15776004,,,,,,,,,,,202201.0
30,A15785919,0,0,0,401150,0,0,1752258,14878280,0,0,202201.0
31,A10025600,0,0,0,0,0,0,32739650,0,416250,8692390,202201.0
32,A10027541,0,0,0,0,0,0,3007148,10274960,0,0,202201.0
33,A10025049,,,,,,,,,,,202201.0
34,A15783907,0,0,0,0,0,0,4202610,12292230,11603650,0,202201.0
35,A15783703,0,0,0,0,0,0,2589370,12170760,0,0,202201.0
36,A15703004,35369540,41536980,0,0,-25287900,25287900,6357270,27972590,160,12402550,202201.0
37,A15703304,901240,33450120,0,0,1133510,4801730,3901280,0,0,0,202201.0
38,A15703303,64015850,0,-87220,87220,-20389590,20389590,25282090,0,11095260,0,202201.0
39,A15703301,870490,25498260,0,0,0,8550500,2489270,0,1500000,0,202201.0
40,A15784008,11144090,29688470,0,0,0,16415920,7504481,13532850,0,6032120,202201.0
41,A15772902,0,0,0,0,0,0,1546000,0,0,0,202201.0
42,A15703302,33297180,52056920,0,0,-23011200,23011200,6965656,24699070,5489440,5727350,202201.0
43,A15772901,0,0,0,0,0,0,1846060,0,0,0,202201.0
44,A15703002,0,0,0,0,0,0,3198880,11770670,0,3876330,202201.0
45,A15703005,0,0,0,0,0,0,11918720,0,3738920,0,202201.0
46,A15703309,22211080,70181340,0,0,-16983000,16983000,4838180,27836880,669040,17158390,202201.0
47,A15703307,38100870,70839740,0,0,-25915200,25915200,11158420,33098500,124950,15427640,202201.0
48,A15776916,0,45111150,0,0,0,17526000,4866830,0,0,0,202201.0
49,A15703001,0,0,0,0,0,0,2135440,7207370,0,0,202201.0
50,A15784402,0,0,-359110,359110,0,0,2047560,0,0,0,202201.0
51,A15776414,0,48771210,0,0,0,19160000,4865240,0,0,0,202201.0
52,A15703308,8502430,62503700,0,0,0,25752700,6314940,23633140,1275180,11392480,202201.0
53,A15783806,11099030,23795280,0,0,0,9813230,4764910,11366390,2114390,3872350,202201.0
54,A15776617,0,23879290,0,0,0,8128200,2275890,0,0,0,202201.0
55,A15783905,0,0,13110,0,0,0,2739330,7811530,139080,0,202201.0
56,A15703318,0,13741610,0,0,0,10473330,3089610,12579980,0,6479830,202201.0
57,A15703204,0,0,0,0,0,0,22288163,110310730,0,37283120,202201.0
58,A15703313,0,42059590,0,0,0,14451000,7577230,0,0,0,202201.0
59,A15783902,0,0,128830,0,0,0,610970,8495710,0,6794970,202201.0
60,A15776715,0,28775550,0,0,0,13719600,4517820,0,0,0,202201.0
61,A15783701,230370,0,0,0,-260730,260730,543466,8540090,0,0,202201.0
62,A15784003,0,0,0,0,0,0,3387380,5783350,0,0,202201.0
63,A15703306,1373990,41699680,0,0,0,6272500,3667360,0,1030810,8136820,202201.0
64,A15784201,0,0,0,0,0,0,2279750,5733640,0,0,202201.0
65,A10025703,,,,,,,,,,,202201.0
66,A10023543,,,,,,,,,,,202201.0
67,A15701004,0,0,0,0,0,0,2060440,10615600,0,7117060,202201.0
68,A15701601,0,0,0,0,0,0,-572420,13136410,0,4012930,202201.0
69,A15788302,0,0,253740,0,0,0,5752243,18599930,377240,8486980,202201.0
70,A15788901,0,0,0,0,0,0,3850320,9627550,0,0,202201.0
71,A15792602,10907430,281729740,0,16204120,0,75368000,21415330,135224500,16677500,32309620,202201.0
72,A15701602,0,0,0,0,0,0,83834750,0,55977620,0,202201.0
73,A15770801,2111880,49616100,0,0,-20000,15216000,5974621,17937680,-1330,11420610,202201.0
74,A15701002,0,0,0,0,0,0,4629850,8980580,0,0,202201.0
75,A15701003,37852400,250925240,0,0,0,71752000,46107164,125334200,5790440,49908610,202201.0
76,A15788203,0,0,0,0,0,0,4756884,12484700,0,0,202201.0
77,A15770101,0,0,0,0,0,0,1068380,8379220,374400,6931930,202201.0
78,A15701007,46036340,195410350,0,0,0,106411920,59421860,166855710,3497180,48699000,202201.0
79,A10025201,,,,,,,,,,,202201.0
80,A15701006,,,,,,,,,,,202201.0
81,A10023515,,,,,,,,,,,202201.0
82,A10024145,0,0,0,0,0,0,6329780,4864510,154355,2760845,202201.0
83,A15780604,9829770,92155790,0,0,-2400,22005450,15023356,39152260,190,11810510,202201.0
84,A15780605,44906651,50390769,0,0,-13608000,37692000,5768202,29326338,16250,36250,202201.0
85,A15780905,16084029,85289590,0,0,-8410,26245570,4222241,36942140,8463600,0,202201.0
86,A15780002,1584880,42539500,0,0,323350,8937600,1360220,17516990,0,8054710,202201.0
87,A15781002,12292790,35498330,0,653630,0,11038360,2361010,0,0,0,202201.0
88,A15780701,26729940,0,0,0,0,0,13608459,0,3427000,0,202201.0
89,A15780806,86583540,0,0,0,38254500,0,8516630,0,0,0,202201.0
90,A15780705,104082480,0,0,0,0,0,0,0,0,0,202201.0
91,A15720101,0,0,73260,0,0,0,1403859,6599700,0,0,202201.0
92,A15780703,97421180,0,0,0,0,0,39650020,0,4529800,0,202201.0
93,A15774708,0,35533450,0,0,0,18042500,9524806,0,0,0,202201.0
94,A15780401,5521540,47618920,0,0,-48690,27147820,10701360,18610450,-530,10299390,202201.0
95,A15780904,6638380,51896750,0,0,0,9780470,4997080,0,606370,0,202201.0
96,A15780602,0,0,527350,0,0,0,4692890,12627090,168730,6208650,202201.0
97,A15780603,17809940,77225500,0,0,0,26535600,6221580,42936110,4541670,0,202201.0
98,A15780704,14317310,75054150,0,0,0,25220000,10217160,22905610,8347150,11777100,202201.0
99,A15720001,0,0,0,0,0,0,15594642,50471760,0,15690140,202201.0
100,A15781003,3384320,47420200,0,0,0,19292000,4783760,0,0,0,202201.0
101,A10025616,,,,,,,,,,,202201.0
102,A10024367,,,,,,,,,,,202201.0
103,A10024792,,,,,,,,,,,202201.0
104,A15721001,0,0,0,0,0,0,1760290,7314160,-63210,2387630,202201.0
105,A15721003,257960,0,0,0,0,0,1826270,0,719640,0,202201.0
106,A15721005,0,0,-429000,429000,0,0,2012950,21792130,0,0,202201.0
107,A15722010,18749190,26366640,0,0,-16447300,16447300,6955100,23410890,639100,8123600,202201.0
108,A15721006,7165723,88709330,0,0,0,40414190,14256734,60541040,462010,28383450,202201.0
109,A15728011,3897420,66626320,0,0,0,33265880,20600790,51705447,476260,22840750,202201.0
110,A15721007,28710360,38130750,0,0,0,42063840,19851237,56858910,3123260,22926550,202201.0
111,A15721004,0,0,0,0,0,0,630190,0,0,0,202201.0
112,A15721010,36648800,79060130,0,0,-28404990,28321860,20782050,60538720,889900,25453410,202201.0
113,A15721009,1210630,0,0,0,0,0,8316820,0,0,0,202201.0
114,A15721008,4146080,23909170,0,0,0,9589100,7446473,19369770,1034610,3952660,202201.0
115,A15722009,3834460,12009000,-340560,330310,0,5510400,5452290,10198290,0,4213170,202201.0
116,A10027433,1063500,29476180,0,803860,0,13834030,4463890,24129010,1481020,9779650,202201.0
117,A10027452,18692060,25157450,0,0,-17122200,17062200,6703900,17538870,796220,10331290,202201.0
118,A10027403,2392077,14316150,0,0,0,11374440,5224670,13209900,157640,7120450,202201.0
119,A10026879,14808810,77914940,0,0,0,32265060,8213212,64394620,201160,22225300,202201.0
120,A10027687,3372690,45875400,0,0,13451250,0,11957093,31946860,-279840,11551130,202201.0
121,A10027371,2197660,13173990,0,0,0,11866850,4032322,12259870,101300,6505790,202201.0
122,A10024426,4249125,61003750,0,0,0,57966900,25298703,49067880,2540,26095050,202201.0
123,A15721011,3100850,19168620,0,0,0,9284330,7657820,14467880,-4840,5815720,202201.0
124,A15728002,245230,20921580,0,0,0,12117860,5936160,13659380,27760,7406830,202201.0
125,A15728006,2069420,56185870,0,0,350750,38268650,10919290,31562070,1509520,19326950,202201.0
126,A15728009,0,0,0,0,0,0,10067190,117037620,0,0,202201.0
127,A15728005,2133490,40725870,0,0,0,14988680,7514383,25588164,0,11112900,202201.0
128,A15728010,0,0,0,0,0,0,1445193,8800090,0,0,202201.0
129,A15728007,612700,53911820,0,0,49350,28767050,7627300,26725220,608490,16041480,202201.0
130,A15728003,2455445,38879615,0,0,0,17719800,7863740,23040490,201550,14480600,202201.0
131,A15782501,0,0,0,0,0,0,1476320,7280330,0,0,202201.0
132,A15728013,,,,,,,,,,,202201.0
133,A15728008,4415650,69350150,0,0,0,41242400,12934820,36662400,1033860,21991200,202201.0
134,A15728004,2351090,42710550,0,0,70660,25335300,7121600,22165780,139980,13731970,202201.0
135,A15779704,0,0,125040,0,0,0,3700240,9228230,0,5189760,202201.0
136,A10028020,,,,,,,,,,,202201.0
137,A15781201,0,0,0,0,0,0,3932990,12271210,0,0,202201.0
138,A15722005,0,0,0,0,0,0,5090740,11684530,2830,5344210,202201.0
139,A15784601,0,0,0,0,0,0,1440450,8094000,0,0,202201.0
140,A15722106,0,0,0,0,0,0,3881950,12468280,0,7513800,202201.0
141,A15722314,54618940,51221380,0,0,23591750,23591750,6927790,0,42940,0,202201.0
142,A15785711,27206220,42357560,0,0,-18252600,18171400,3336840,0,1661480,6413420,202201.0
143,A15785709,2503670,31945650,0,0,0,7911000,3685023,0,67630,7433000,202201.0
144,A15785703,0,0,0,0,0,0,2182919,8292800,0,0,202201.0
145,A15722304,0,0,0,0,0,0,1456200,9111010,-120,4351120,202201.0
146,A15777501,9529170,46451700,0,0,0,24010000,5832040,0,389815,2450000,202201.0
147,A15722108,0,0,0,0,0,0,11112030,17485340,0,8108460,202201.0
148,A15722201,0,0,0,0,0,0,2929880,7171650,-10,3620170,202201.0
149,A15785608,5763690,54689810,0,0,0,11430000,9108380,24735950,315840,9827600,202201.0
150,A15785002,0,0,0,0,0,0,1380519,8102700,0,3550370,202201.0
151,A15785005,2616900,35004880,0,0,0,11362000,5152860,0,791260,0,202201.0
152,A15722004,0,0,0,0,0,0,14549390,14403230,6686090,6686090,202201.0
153,A15722203,26671240,0,0,0,0,0,11049051,0,0,0,202201.0
154,A15785613,7601170,80046350,0,0,0,19602000,8819730,22607610,6234640,0,202201.0
155,A15785507,4184560,27322210,0,0,0,8985600,4738118,12001569,3759940,0,202201.0
156,A15722204,0,0,0,0,0,0,15180550,0,9495000,0,202201.0
157,A15785612,13580,39561280,0,0,0,7226510,3699210,0,73790,0,202201.0
158,A15722102,0,0,0,0,0,0,2734270,8081370,473420,3238410,202201.0
159,A15785605,1735000,9951190,0,0,0,5481000,2152790,0,0,0,202201.0
160,A15778101,10854220,56654000,0,0,-35000,19294800,9507373,24442830,0,3445500,202201.0
161,A15785601,0,20164200,0,0,0,3472000,3263280,6463330,882880,0,202201.0
162,A15722307,757350,26785100,-1388910,1388910,0,6536000,2970570,0,1489360,0,202201.0
163,A15722011,,,,,,,,,,,202201.0
164,A15722003,0,0,0,0,0,0,4775300,15099040,650830,9507680,202201.0
165,A15773501,0,0,0,0,0,0,604855,11833090,303760,9657460,202201.0
166,A15722007,0,0,0,0,0,0,1334040,8704320,0,0,202201.0
167,A15785710,9383740,67425810,0,0,0,26998400,10285962,32294220,490260,8875000,202201.0
168,A10025641,,,,,,,,,,,202201.0
169,A15722104,0,0,249240,0,0,0,341040,8900200,0,0,202201.0
170,A15722008,,,,,,,,,,,202201.0
171,A15722306,0,0,162890,0,-300070,300070,1331360,11253470,0,2989250,202201.0
172,A10023292,,,,,,,,,,,202201.0
173,A15722001,0,0,145320,0,0,0,2198170,5978490,0,0,202201.0
174,A10024505,19207250,0,0,0,8165350,0,26486610,0,6773780,0,202201.0
