,kaptCode,heatC,heatP,gasC,gasP,waterHotC,waterHotP,electC,electP,waterCoolC,waterCoolP,Date
0,A15786116,0,0,0,0,0,0,159430,12251170,0,0,202209.0
1,A15704015,0,0,6960,0,0,0,4595470,21300730,0,0,202209.0
2,A15786118,0,0,0,0,0,0,1665325,13807050,226590,6887660,202209.0
3,A15786426,0,0,0,0,0,0,892538,24378240,154380,0,202209.0
4,A15704025,0,0,0,0,0,0,1553468,20902660,85730,19601220,202209.0
5,A15776001,0,0,0,0,0,0,2854512,15464360,770510,3795730,202209.0
6,A15786321,0,0,0,0,0,0,-1157320,17684170,0,0,202209.0
7,A15786314,0,0,0,0,0,0,3585640,8669790,0,5629590,202209.0
8,A15704006,1960,0,0,0,0,0,1601700,0,0,0,202209.0
9,A15786222,0,0,0,0,0,0,0,13381580,0,5864400,202209.0
10,A15786420,0,0,3910,0,0,0,3719460,14982670,0,0,202209.0
11,A15786111,0,0,0,0,0,0,2442000,10085940,0,10373030,202209.0
12,A15786405,0,0,0,0,0,0,628789,9420770,174840,0,202209.0
13,A15786424,0,0,11860,0,0,0,4398807,19334370,1493350,8158900,202209.0
14,A15786104,0,0,0,0,0,0,-705850,9467910,0,0,202209.0
15,A15786510,0,0,0,0,0,0,2997861,8115980,-2150,7970920,202209.0
16,A15704028,76530,0,0,0,0,0,1927890,33852590,1548220,0,202209.0
17,A15704009,0,0,9860,0,0,0,2639370,0,0,0,202209.0
18,A15786312,0,0,0,0,0,0,0,11074050,0,4616670,202209.0
19,A15704007,0,0,0,0,0,0,3094000,0,4105059,0,202209.0
20,A15704023,0,0,0,0,0,0,1471120,20194330,92100,8411520,202209.0
21,A15704017,770,0,0,0,0,0,14312160,0,11850450,0,202209.0
22,A15786227,0,0,2240,0,0,0,3349290,25372970,0,0,202209.0
23,A15704003,0,0,3780,0,0,0,2714750,7605060,0,3355690,202209.0
24,A15704002,0,0,0,0,0,0,380730,8489050,0,3571350,202209.0
25,A15704001,0,0,0,0,0,0,2161330,7603020,0,0,202209.0
26,A15786213,0,0,0,0,0,0,-73410,12237490,0,5117700,202209.0
27,A15786408,0,0,2890,0,0,0,375040,12368600,0,4332020,202209.0
28,A15776003,,,,,,,,,,,202209.0
29,A15776004,,,,,,,,,,,202209.0
30,A15785919,0,0,0,0,0,0,58794,13671440,0,0,202209.0
31,A10025600,0,0,0,0,0,0,27983588,0,333640,8404000,202209.0
32,A10027541,0,0,4940,0,0,0,2290695,10124350,0,0,202209.0
33,A10025049,,,,,,,,,,,202209.0
34,A15783907,0,0,0,0,0,0,1033455,14076060,0,13550350,202209.0
35,A15783703,0,0,0,0,0,0,1239090,13328610,0,0,202209.0
36,A15703004,8180570,0,0,0,-4970250,4970250,4653673,28024480,-870,13262480,202209.0
37,A15703304,901240,0,0,0,911850,2978350,2109730,0,0,0,202209.0
38,A15703303,5653330,0,0,0,0,0,23905490,0,10970510,0,202209.0
39,A15703301,870490,118680,0,0,0,1992200,2042730,0,1500000,0,202209.0
40,A15784008,1411100,366670,0,0,50,3311500,5318881,16377760,0,6862010,202209.0
41,A15772902,,,,,,,,,,,202209.0
42,A15703302,-2144146,9280170,0,0,-11565780,11565780,6435629,23064720,2546060,6910480,202209.0
43,A15772901,,,,,,,,,,,202209.0
44,A15703002,0,290810,0,0,0,0,3116750,11280280,0,3971100,202209.0
45,A15703005,0,0,0,0,0,0,2593360,10319030,-33800,4081510,202209.0
46,A15703309,9059640,0,0,0,-5822600,5822600,913280,31381650,4830,17794910,202209.0
47,A15703307,8152330,0,0,0,0,0,34141047,0,13061300,0,202209.0
48,A15776916,0,908390,0,0,0,11577000,3864890,0,0,0,202209.0
49,A15703001,0,0,0,0,0,0,1099730,9964570,0,0,202209.0
50,A15784402,0,0,-307690,307690,0,0,1333000,0,0,0,202209.0
51,A15776414,0,0,0,0,0,0,3970310,0,1354670,0,202209.0
52,A15703308,2881580,625500,0,0,0,8954000,3317030,28049070,737360,12021350,202209.0
53,A15783806,3277910,52490,0,0,-2331590,2331590,3286010,14110670,1357650,4576380,202209.0
54,A15776617,0,0,0,0,0,4886800,1804070,0,0,0,202209.0
55,A15783905,0,0,0,0,0,0,2178070,9322530,151875,0,202209.0
56,A15703318,0,0,0,0,0,5467000,1268610,12007400,0,5944820,202209.0
57,A15703204,0,0,0,0,0,0,7901990,98674560,0,39370080,202209.0
58,A15703313,0,0,0,0,0,9345000,5450450,0,249900,0,202209.0
59,A15783902,0,0,0,0,0,0,14829,9590350,7240850,7240850,202209.0
60,A15776715,0,0,0,0,0,9244800,3439940,0,0,0,202209.0
61,A15783701,41210,0,0,0,-262630,262630,1132250,8156740,0,0,202209.0
62,A15784003,0,0,0,0,0,0,2539820,5961370,0,0,202209.0
63,A15703306,1373890,18600,0,0,560,4615100,3061000,0,1013200,8154130,202209.0
64,A15784201,0,0,0,0,0,0,875890,6791470,0,0,202209.0
65,A10025703,,,,,,,,,,,202209.0
66,A10023543,0,0,0,0,0,0,3420000,10344190,0,3392320,202209.0
67,A15701004,0,0,0,0,0,0,1170560,10058680,0,7957110,202209.0
68,A15701601,0,0,0,0,0,0,-5969390,16839110,-385470,4312960,202209.0
69,A15788302,0,0,0,0,0,0,2150093,17819250,214790,8567910,202209.0
70,A15788901,0,0,0,0,0,0,1948320,8447620,0,0,202209.0
71,A15792602,10907530,0,0,5348720,-7430,22970410,0,126193950,5721370,40323300,202209.0
72,A15701602,0,0,0,0,0,0,1418386,65077630,1667550,52412800,202209.0
73,A15770801,1756910,0,0,0,180,4447900,3930368,18563050,50,11204100,202209.0
74,A15701002,0,0,0,0,0,0,2365632,8702990,0,0,202209.0
75,A15701003,9888510,0,0,0,3040,28426600,33588485,137998810,0,61095580,202209.0
76,A15788203,0,0,0,0,0,0,1978834,13365850,0,0,202209.0
77,A15770101,0,0,0,0,0,0,911251,8117480,62720,7674600,202209.0
78,A15701007,16361072,538810,0,0,0,21935100,30447670,170569720,3947830,50086290,202209.0
79,A10025201,,,,,,,,,,,202209.0
80,A15701006,,,,,,,,,,,202209.0
81,A10023515,,,,,,,,,,,202209.0
82,A10024145,0,0,0,0,0,0,2645548,11744080,436590,3122720,202209.0
83,A15780604,3890082,0,0,0,1372258,7042400,-19504056,63786400,6624000,0,202209.0
84,A15780605,4685030,0,0,0,8308000,0,41224000,0,4634490,0,202209.0
85,A15780905,4365060,0,0,0,0,9115390,1707300,38829250,6620930,0,202209.0
86,A15780002,1584880,0,0,0,131950,3098450,744650,15819970,0,9106130,202209.0
87,A15781002,232440,824150,0,0,0,9233980,2229260,0,0,0,202209.0
88,A15780701,1545780,0,0,0,-592590,592590,2079935,8103950,-370,3262010,202209.0
89,A15780806,4720090,0,0,0,16128400,0,5477950,0,0,0,202209.0
90,A15780705,17870520,0,0,0,0,0,0,0,0,0,202209.0
91,A15720101,0,0,0,0,0,0,1257843,6322100,0,0,202209.0
92,A15780703,7815976,0,-619470,618250,-4571980,4571980,2673971,29353280,-503450,2670630,202209.0
93,A15774708,0,0,0,0,0,15351000,6618216,0,0,0,202209.0
94,A15780401,3222500,0,0,0,0,4508590,5639560,26692350,-630,11039580,202209.0
95,A15780904,1059610,2902950,0,0,0,7486920,2601490,0,815630,0,202209.0
96,A15780602,0,0,6960,0,0,0,3256106,12055670,0,7340260,202209.0
97,A15780603,4243300,0,0,0,0,5708990,-1475430,35406160,2989000,0,202209.0
98,A15780704,3852512,187500,0,0,0,7837040,4311600,27492370,3854400,14446190,202209.0
99,A15720001,0,0,0,0,0,0,9241060,48276640,21550,16080110,202209.0
100,A15781003,1992560,490500,0,0,0,7777650,3301360,0,32820,0,202209.0
101,A10025616,,,,,,,,,,,202209.0
102,A10024367,,,,,,,,,,,202209.0
103,A10024792,,,,,,,,,,,202209.0
104,A15721001,0,0,0,0,0,0,2902030,10381090,-8300,2438600,202209.0
105,A15721003,7980,0,0,0,0,0,1585650,0,654630,0,202209.0
106,A15721005,0,0,-429000,429000,0,0,2466230,24227010,0,0,202209.0
107,A15722010,6269960,66020,0,0,-4549920,4549920,719620,22813350,171590,8059540,202209.0
108,A15721006,1543310,3908850,0,0,0,14627320,10597855,73625560,1035990,26822390,202209.0
109,A15728011,2624130,325390,0,0,0,13173560,11638578,77530300,78360,21640340,202209.0
110,A15721007,5960440,360090,0,0,0,8157840,19433760,86757930,3626300,15985310,202209.0
111,A15721004,0,0,0,0,0,0,-802020,0,0,0,202209.0
112,A15721010,16165510,33280,10100,0,-9893520,9831680,4234990,61314490,782240,23157050,202209.0
113,A15721009,871490,0,0,0,0,0,3704590,0,0,0,202209.0
114,A15721008,1627290,122930,0,0,0,3042720,3939692,24949930,342200,4550650,202209.0
115,A15722009,487920,0,0,314670,0,2436550,2081110,9653310,0,3673330,202209.0
116,A10027433,1063500,1063710,0,753230,0,4976860,4714240,29276680,188020,9065520,202209.0
117,A10027452,6008730,0,0,0,-5693200,5669200,5068480,18445650,796220,10643460,202209.0
118,A10027403,365117,89260,0,0,0,3305510,4962680,13506800,213720,6820480,202209.0
119,A10026879,6377080,0,0,0,1240500,7389000,-32545274,99755950,-972940,22325780,202209.0
120,A10027687,2940440,111100,0,0,3761100,0,14493848,25478680,110640,11065890,202209.0
121,A10027371,668940,4830,0,0,0,2898790,3221440,12587200,102720,6484680,202209.0
122,A10024426,3877366,268652,0,0,0,14835250,23831542,43091580,61080,26613760,202209.0
123,A15721011,887730,81540,0,0,0,2761760,2707644,13944090,-7940,5165540,202209.0
124,A15728002,140570,31490,0,0,0,2657520,4532840,12669030,170570,6875610,202209.0
125,A15728006,2007220,337100,0,0,110830,7967310,8022790,30242920,741100,17808760,202209.0
126,A15728009,0,0,0,0,0,0,-1559172,108711060,0,0,202209.0
127,A15728005,1015930,394500,0,0,0,6691800,5859625,25162040,0,10717370,202209.0
128,A15728010,0,0,0,0,0,0,1061306,7532660,0,0,202209.0
129,A15728007,6810,394750,0,0,14100,9089000,5930350,26388500,387390,14821870,202209.0
130,A15728003,2490090,0,0,0,0,5169790,2875550,22114060,144400,11187660,202209.0
131,A15782501,0,0,0,0,0,0,1692970,6899340,0,0,202209.0
132,A15728013,,,,,,,,,,,202209.0
133,A15728008,2254000,240000,0,0,0,15674400,10530460,34420780,986810,20528350,202209.0
134,A15728004,1412600,347200,0,0,30000,6227340,4122450,22622910,18540,12838190,202209.0
135,A15779704,0,0,2890,0,0,0,2765780,8422830,0,4786730,202209.0
136,A10028020,,,,,,,,,,,202209.0
137,A15781201,0,0,0,0,0,0,3048080,12726810,0,0,202209.0
138,A15722005,0,0,0,0,0,0,3155545,12834130,5690,6064890,202209.0
139,A15784601,0,0,0,0,0,0,2459550,7575840,0,0,202209.0
140,A15722106,0,0,0,0,0,0,3402049,11566840,0,7592000,202209.0
141,A15722314,5177910,3346700,0,0,6801100,6801100,5003180,0,50090,0,202209.0
142,A15785711,7224930,0,0,0,-5594400,5572800,1602290,0,1529080,6462920,202209.0
143,A15785709,1126760,344400,0,323940,0,2876600,1925353,0,81180,6516870,202209.0
144,A15785703,0,0,0,0,0,0,2243633,6584380,0,0,202209.0
145,A15722304,0,0,0,0,0,0,1074430,8908180,-20,5046830,202209.0
146,A15777501,2146800,0,0,0,0,5358270,3244210,0,495510,3182000,202209.0
147,A15722108,0,0,0,0,0,0,7248401,20803750,0,9169380,202209.0
148,A15722201,0,0,0,0,0,0,920890,9784510,-80700,3712170,202209.0
149,A15785608,2636760,369230,0,0,0,3672000,3773420,20238000,444700,9899870,202209.0
150,A15785002,0,0,0,0,0,0,775364,8025510,0,3454780,202209.0
151,A15785005,1085130,381270,0,0,0,6017410,3862950,0,915490,0,202209.0
152,A15722004,0,0,0,0,0,0,5230000,16196230,0,6197210,202209.0
153,A15722203,2057680,0,0,0,0,0,9558793,0,0,0,202209.0
154,A15785613,3236670,0,0,0,-1510,6218040,9900294,26268990,4085600,0,202209.0
155,A15785507,1148680,0,0,0,1060,2297600,3443677,12357260,1573310,0,202209.0
156,A15722204,0,0,0,0,0,0,13619630,0,11392090,0,202209.0
157,A15785612,4470,3702060,0,0,0,4776500,2336710,0,76960,0,202209.0
158,A15722102,0,0,0,0,0,0,2453630,7482460,322230,3708870,202209.0
159,A15785605,75000,440220,0,0,0,2038160,1340290,0,0,951520,202209.0
160,A15778101,2838990,0,0,0,0,5151900,5823936,20665480,0,1093290,202209.0
161,A15785601,0,176120,0,0,0,1946000,1751930,8108010,494840,0,202209.0
162,A15722307,814250,0,-1533070,1533070,670,2294740,2041090,0,1632800,0,202209.0
163,A15722011,,,,,,,,,,,202209.0
164,A15722003,0,0,0,0,0,0,2711910,12429590,1687380,9475770,202209.0
165,A15773501,0,0,0,0,0,0,333417,10799160,-170690,10897760,202209.0
166,A15722007,0,0,0,0,0,0,1210320,8514250,0,0,202209.0
167,A15785710,3920010,582540,0,0,0,5687280,4869825,31542820,932130,8982250,202209.0
168,A10025641,,,,,,,,,,,202209.0
169,A15722104,0,0,0,0,0,0,0,8913620,0,0,202209.0
170,A15722008,,,,,,,,,,,202209.0
171,A15722306,0,0,21330,0,-305090,305090,896700,10107440,0,3429910,202209.0
172,A10023292,,,,,,,,,,,202209.0
173,A15722001,0,0,13780,0,0,0,1493100,6526300,0,0,202209.0
174,A10024505,2180280,0,0,0,2449950,0,27059080,0,6566850,0,202209.0
