,kaptCode,heatC,heatP,gasC,gasP,waterHotC,waterHotP,electC,electP,waterCoolC,waterCoolP,Date
0,A15786116,0.0,0.0,66840.0,0.0,0.0,0.0,918800.0,10040300.0,0.0,10048100.0,202206.0
1,A15704015,0.0,0.0,90550.0,0.0,0.0,0.0,4291660.0,11787720.0,342070.0,11723440.0,202206.0
2,A15786118,0.0,0.0,0.0,0.0,0.0,0.0,2625162.0,10671040.0,140060.0,6372250.0,202206.0
3,A15786426,0.0,0.0,0.0,0.0,0.0,0.0,876863.0,19849170.0,363540.0,0.0,202206.0
4,A15704025,0.0,0.0,0.0,0.0,0.0,0.0,1479269.0,21436130.0,0.0,0.0,202206.0
5,A15776001,0.0,0.0,0.0,0.0,0.0,0.0,1386162.0,9250460.0,0.0,3545590.0,202206.0
6,A15786321,0.0,0.0,0.0,0.0,0.0,0.0,659980.0,13452710.0,69800.0,0.0,202206.0
7,A15786314,0.0,0.0,0.0,0.0,0.0,0.0,3224250.0,8279160.0,-220.0,5376250.0,202206.0
8,A15704006,41160.0,0.0,0.0,0.0,0.0,0.0,1767000.0,0.0,0.0,0.0,202206.0
9,A15786222,0.0,0.0,0.0,0.0,0.0,0.0,434833.0,13880030.0,0.0,6274930.0,202206.0
10,A15786420,0.0,0.0,70080.0,0.0,0.0,0.0,3195260.0,10025120.0,0.0,0.0,202206.0
11,A15786111,0.0,0.0,0.0,0.0,0.0,0.0,2863480.0,7831580.0,0.0,0.0,202206.0
12,A15786405,0.0,0.0,0.0,0.0,0.0,0.0,999470.0,5844410.0,77190.0,0.0,202206.0
13,A15786424,0.0,0.0,53410.0,0.0,0.0,0.0,6629459.0,20281900.0,-362020.0,8686070.0,202206.0
14,A15786104,0.0,0.0,0.0,0.0,0.0,0.0,162290.0,6139010.0,-80.0,6503440.0,202206.0
15,A15786510,0.0,0.0,0.0,0.0,0.0,0.0,2394170.0,7006500.0,0.0,0.0,202206.0
16,A15704028,88250.0,0.0,0.0,0.0,0.0,0.0,3605230.0,25897430.0,1466530.0,0.0,202206.0
17,A15704009,0.0,0.0,14470.0,0.0,0.0,0.0,2138780.0,0.0,0.0,0.0,202206.0
18,A15786312,0.0,0.0,0.0,0.0,0.0,0.0,557130.0,9135290.0,0.0,4674660.0,202206.0
19,A15704007,0.0,0.0,0.0,0.0,0.0,0.0,1404950.0,0.0,4273351.0,0.0,202206.0
20,A15704023,0.0,0.0,0.0,0.0,0.0,0.0,1135010.0,17012000.0,0.0,8940270.0,202206.0
21,A15704017,5070.0,0.0,0.0,0.0,0.0,0.0,11975467.0,0.0,0.0,0.0,202206.0
22,A15786227,0.0,0.0,28360.0,0.0,0.0,0.0,5360880.0,15788080.0,0.0,20872350.0,202206.0
23,A15704003,0.0,0.0,920.0,0.0,0.0,0.0,2428090.0,6451330.0,-720.0,3993370.0,202206.0
24,A15704002,0.0,0.0,0.0,0.0,0.0,0.0,449670.0,7073370.0,0.0,4329890.0,202206.0
25,A15704001,0.0,0.0,0.0,0.0,0.0,0.0,1579350.0,6635890.0,77960.0,6468800.0,202206.0
26,A15786213,0.0,0.0,0.0,0.0,0.0,0.0,995480.0,9478650.0,0.0,4893000.0,202206.0
27,A15786408,0.0,0.0,19100.0,0.0,0.0,0.0,713650.0,9500030.0,0.0,4468650.0,202206.0
28,A15776003,,,,,,,,,,,202206.0
29,A15776004,,,,,,,,,,,202206.0
30,A15785919,0.0,0.0,0.0,0.0,0.0,0.0,316858.0,13397740.0,0.0,0.0,202206.0
31,A10025600,0.0,0.0,0.0,0.0,0.0,0.0,32786590.0,0.0,500210.0,8607700.0,202206.0
32,A10027541,0.0,0.0,87330.0,0.0,0.0,0.0,2265218.0,8538620.0,690045.0,6100000.0,202206.0
33,A10025049,,,,,,,,,,,202206.0
34,A15783907,0.0,0.0,0.0,0.0,0.0,0.0,1504083.0,15657250.0,0.0,0.0,202206.0
35,A15783703,0.0,0.0,0.0,0.0,0.0,0.0,1307000.0,9955460.0,0.0,9484780.0,202206.0
36,A15703004,7979260.0,31150.0,0.0,0.0,-4787960.0,4787960.0,2383504.0,26260310.0,-3490.0,15344920.0,202206.0
37,A15703304,901240.0,0.0,0.0,0.0,1181460.0,2981410.0,1901230.0,0.0,50100.0,0.0,202206.0
38,A15703303,5420360.0,0.0,667020.0,667020.0,3517160.0,3517160.0,21334210.0,0.0,11328750.0,0.0,202206.0
39,A15703301,870490.0,61540.0,0.0,0.0,0.0,1996800.0,1820990.0,0.0,2042740.0,0.0,202206.0
40,A15784008,1411100.0,0.0,0.0,0.0,505.0,2754870.0,6137880.0,11852200.0,110.0,8111820.0,202206.0
41,A15772902,0.0,0.0,0.0,0.0,0.0,0.0,1474290.0,0.0,159140.0,0.0,202206.0
42,A15703302,6274564.0,0.0,0.0,0.0,-3956040.0,3956040.0,3728803.0,20517590.0,2243880.0,7719020.0,202206.0
43,A15772901,0.0,0.0,0.0,0.0,0.0,0.0,1659320.0,0.0,26800.0,0.0,202206.0
44,A15703002,0.0,0.0,0.0,0.0,0.0,0.0,2467400.0,8613540.0,1170750.0,4208080.0,202206.0
45,A15703005,0.0,0.0,0.0,0.0,0.0,0.0,9923430.0,0.0,3862600.0,0.0,202206.0
46,A15703309,9059560.0,232320.0,0.0,0.0,-6864100.0,6864100.0,1784530.0,24357930.0,1813480.0,16157860.0,202206.0
47,A15703307,8012010.0,0.0,0.0,0.0,-4204200.0,4204200.0,5261233.0,24298570.0,0.0,14424650.0,202206.0
48,A15776916,0.0,981750.0,0.0,0.0,0.0,10530000.0,3246130.0,0.0,0.0,0.0,202206.0
49,A15703001,0.0,0.0,0.0,0.0,0.0,0.0,1647280.0,6521010.0,50.0,8486690.0,202206.0
50,A15784402,0.0,0.0,-305910.0,305910.0,0.0,0.0,1095820.0,0.0,0.0,0.0,202206.0
51,A15776414,0.0,238680.0,0.0,0.0,0.0,15333500.0,3917150.0,0.0,0.0,0.0,202206.0
52,A15703308,2543590.0,0.0,0.0,0.0,0.0,9367600.0,3315340.0,22298820.0,239810.0,12176100.0,202206.0
53,A15783806,3699290.0,65540.0,0.0,0.0,-2752970.0,2752970.0,3629940.0,10750780.0,1020600.0,4742550.0,202206.0
54,A15776617,0.0,0.0,0.0,0.0,0.0,5164200.0,1685940.0,0.0,0.0,0.0,202206.0
55,A15783905,0.0,0.0,0.0,0.0,0.0,0.0,3012470.0,6293640.0,458055.0,0.0,202206.0
56,A15703318,0.0,12540.0,0.0,0.0,0.0,5897500.0,1234911.0,10385880.0,0.0,6278940.0,202206.0
57,A15703204,0.0,0.0,0.0,0.0,0.0,0.0,11450598.0,101210950.0,0.0,37622610.0,202206.0
58,A15703313,0.0,0.0,0.0,0.0,0.0,10881000.0,4582630.0,0.0,0.0,0.0,202206.0
59,A15783902,0.0,0.0,13160.0,0.0,0.0,0.0,874388.0,6618740.0,0.0,0.0,202206.0
60,A15776715,0.0,0.0,0.0,0.0,0.0,10242000.0,3082820.0,0.0,0.0,0.0,202206.0
61,A15783701,47020.0,0.0,0.0,0.0,-251730.0,251730.0,875537.0,6635850.0,6619590.0,0.0,202206.0
62,A15784003,0.0,0.0,0.0,0.0,0.0,0.0,2342810.0,4886830.0,7076170.0,0.0,202206.0
63,A15703306,1373890.0,0.0,0.0,0.0,690.0,4017260.0,2886070.0,0.0,555090.0,8991750.0,202206.0
64,A15784201,0.0,0.0,0.0,0.0,0.0,0.0,1910770.0,4694590.0,246740.0,0.0,202206.0
65,A10025703,,,,,,,,,,,202206.0
66,A10023543,0.0,0.0,0.0,0.0,0.0,0.0,1111010.0,6557400.0,0.0,2800970.0,202206.0
67,A15701004,0.0,0.0,0.0,0.0,0.0,0.0,647400.0,8840320.0,0.0,0.0,202206.0
68,A15701601,0.0,0.0,0.0,0.0,0.0,0.0,209780.0,9376160.0,0.0,4184850.0,202206.0
69,A15788302,0.0,0.0,3040.0,0.0,0.0,0.0,3467554.0,14989360.0,202900.0,8405320.0,202206.0
70,A15788901,0.0,0.0,0.0,0.0,0.0,0.0,2164440.0,7632000.0,0.0,0.0,202206.0
71,A15792602,10907530.0,0.0,0.0,8907600.0,2130.0,22794390.0,8620180.0,120176590.0,9438320.0,39569890.0,202206.0
72,A15701602,0.0,0.0,0.0,0.0,0.0,0.0,68226372.0,0.0,-1213220.0,0.0,202206.0
73,A15770801,1497230.0,-1434750.0,0.0,0.0,0.0,6212500.0,3740662.0,15653370.0,-116340.0,11866190.0,202206.0
74,A15701002,0.0,0.0,0.0,0.0,0.0,0.0,2235816.0,9437300.0,-156720.0,9171770.0,202206.0
75,A15701003,9888510.0,0.0,0.0,0.0,-120.0,25256040.0,29618912.0,120999550.0,0.0,58058830.0,202206.0
76,A15788203,0.0,0.0,0.0,0.0,0.0,0.0,2273938.0,12285600.0,394120.0,0.0,202206.0
77,A15770101,0.0,0.0,0.0,0.0,0.0,0.0,1711630.0,6805350.0,0.0,0.0,202206.0
78,A15701007,13839810.0,666490.0,0.0,0.0,0.0,24137960.0,38106810.0,178076435.0,1479220.0,46678650.0,202206.0
79,A10025201,,,,,,,,,,,202206.0
80,A15701006,,,,,,,,,,,202206.0
81,A10023515,,,,,,,,,,,202206.0
82,A10024145,0.0,0.0,0.0,0.0,0.0,0.0,3576710.0,8227970.0,311180.0,3203380.0,202206.0
83,A15780604,4631799.0,0.0,0.0,0.0,-609.0,7180630.0,9361600.0,37505600.0,0.0,0.0,202206.0
84,A15780605,3085470.0,0.0,0.0,0.0,9158030.0,0.0,30243800.0,0.0,6727420.0,0.0,202206.0
85,A15780905,4106660.0,0.0,0.0,0.0,0.0,8751750.0,4417960.0,28028250.0,8767350.0,0.0,202206.0
86,A15780002,1584880.0,0.0,0.0,0.0,99920.0,2990460.0,803480.0,16832440.0,0.0,8887120.0,202206.0
87,A15781002,1135370.0,1175080.0,0.0,592370.0,0.0,9888740.0,1714040.0,0.0,0.0,0.0,202206.0
88,A15780701,1589970.0,0.0,0.0,0.0,0.0,0.0,11553177.0,0.0,3364890.0,0.0,202206.0
89,A15780806,1965510.0,0.0,0.0,0.0,19443600.0,0.0,4567040.0,0.0,0.0,0.0,202206.0
90,A15780705,18735230.0,0.0,0.0,0.0,0.0,0.0,0.0,0.0,0.0,0.0,202206.0
91,A15720101,0.0,0.0,0.0,0.0,0.0,0.0,969831.0,7133100.0,-140.0,7571870.0,202206.0
92,A15780703,7528900.0,0.0,-627530.0,627530.0,-4298580.0,4298580.0,5143031.0,21158080.0,0.0,2835750.0,202206.0
93,A15774708,0.0,0.0,0.0,0.0,0.0,16348500.0,6519506.0,0.0,2293760.0,0.0,202206.0
94,A15780401,3198980.0,56370.0,0.0,0.0,0.0,4286470.0,9147730.0,16995300.0,-340.0,11163450.0,202206.0
95,A15780904,1087100.0,2691310.0,0.0,0.0,0.0,8820110.0,2672630.0,0.0,1478830.0,0.0,202206.0
96,A15780602,0.0,0.0,920.0,0.0,0.0,0.0,3949640.0,10129290.0,185640.0,6810990.0,202206.0
97,A15780603,3934440.0,0.0,0.0,0.0,0.0,5850860.0,-1969220.0,36370720.0,3801300.0,0.0,202206.0
98,A15780704,3742367.0,734000.0,0.0,0.0,0.0,6493500.0,4422334.0,26560220.0,5160637.0,14284743.0,202206.0
99,A15720001,0.0,0.0,0.0,0.0,0.0,0.0,12711200.0,52554850.0,-1810.0,15562320.0,202206.0
100,A15781003,2218130.0,503750.0,0.0,0.0,0.0,8839200.0,3794120.0,0.0,0.0,0.0,202206.0
101,A10025616,,,,,,,,,,,202206.0
102,A10024367,,,,,,,,,,,202206.0
103,A10024792,,,,,,,,,,,202206.0
104,A15721001,0.0,0.0,0.0,0.0,0.0,0.0,1695080.0,6666640.0,-114400.0,2404300.0,202206.0
105,A15721003,34110.0,0.0,0.0,0.0,0.0,0.0,1539300.0,0.0,0.0,0.0,202206.0
106,A15721005,0.0,0.0,-429000.0,429000.0,0.0,0.0,3026440.0,17033960.0,971060.0,10388670.0,202206.0
107,A15722010,6111830.0,37630.0,0.0,0.0,-4268500.0,4268500.0,2819510.0,24413840.0,388880.0,8043540.0,202206.0
108,A15721006,956540.0,3718580.0,0.0,0.0,0.0,14764280.0,8508056.0,54598810.0,1218180.0,27654310.0,202206.0
109,A15728011,2601970.0,124430.0,0.0,0.0,0.0,12118130.0,4671270.0,46961600.0,751360.0,22077090.0,202206.0
110,A15721007,4883480.0,140530.0,0.0,0.0,0.0,7917540.0,11336365.0,52295790.0,3136360.0,16385690.0,202206.0
111,A15721004,0.0,0.0,0.0,0.0,0.0,0.0,229190.0,0.0,564980.0,0.0,202206.0
112,A15721010,16354340.0,142290.0,720.0,0.0,-11503180.0,11447930.0,4422510.0,61643320.0,1020800.0,23482740.0,202206.0
113,A15721009,565400.0,0.0,0.0,0.0,0.0,0.0,3388920.0,0.0,0.0,0.0,202206.0
114,A15721008,1399510.0,19530.0,0.0,0.0,0.0,2819980.0,2613142.0,17484410.0,309700.0,4455100.0,202206.0
115,A15722009,0.0,0.0,0.0,322890.0,935880.0,1881900.0,2711110.0,12463800.0,0.0,3852960.0,202206.0
116,A10027433,1063500.0,1082150.0,0.0,830660.0,0.0,4905000.0,2776130.0,21399580.0,-668350.0,8699870.0,202206.0
117,A10027452,6150580.0,32240.0,0.0,0.0,-5821200.0,5792400.0,5637950.0,20151630.0,869810.0,10810850.0,202206.0
118,A10027403,345087.0,61270.0,0.0,0.0,0.0,3229080.0,4611250.0,14759080.0,272760.0,6911300.0,202206.0
119,A10026879,6432980.0,117450.0,0.0,0.0,0.0,8718720.0,6412941.0,73105680.0,577340.0,21640690.0,202206.0
120,A10027687,2937560.0,0.0,0.0,0.0,3695160.0,0.0,10762543.0,31372170.0,-388070.0,11296060.0,202206.0
121,A10027371,680040.0,15950.0,0.0,0.0,0.0,3088960.0,3209432.0,12933510.0,97440.0,6651170.0,202206.0
122,A10024426,3186717.0,219028.0,0.0,0.0,0.0,14208870.0,0.0,72763450.0,0.0,25483590.0,202206.0
123,A15721011,946600.0,38840.0,0.0,0.0,0.0,2756660.0,2549931.0,18941100.0,-6640.0,5504530.0,202206.0
124,A15728002,242470.0,10240.0,0.0,0.0,0.0,2546250.0,4577310.0,10970660.0,308150.0,6992070.0,202206.0
125,A15728006,2007220.0,43490.0,0.0,0.0,98510.0,8297940.0,6739000.0,31152350.0,560730.0,18277650.0,202206.0
126,A15728009,0.0,0.0,0.0,0.0,0.0,0.0,-3458071.0,116025620.0,5427190.0,84456910.0,202206.0
127,A15728005,1788600.0,0.0,0.0,0.0,6706200.0,0.0,30121665.0,0.0,10824480.0,0.0,202206.0
128,A15728010,0.0,0.0,0.0,0.0,0.0,0.0,1031054.0,6790570.0,-30.0,6657590.0,202206.0
129,A15728007,2570.0,59010.0,0.0,0.0,11970.0,8258310.0,4887910.0,25606890.0,542010.0,14973030.0,202206.0
130,A15728003,2491450.0,0.0,0.0,0.0,0.0,5109080.0,2592870.0,23570500.0,138840.0,11622410.0,202206.0
131,A15782501,0.0,0.0,0.0,0.0,0.0,0.0,924320.0,7624130.0,821630.0,5524630.0,202206.0
132,A15728013,,,,,,,,,,,202206.0
133,A15728008,2262420.0,171000.0,0.0,0.0,0.0,15764000.0,8607180.0,35589440.0,957250.0,20993950.0,202206.0
134,A15728004,1488800.0,322260.0,0.0,0.0,5960.0,6248600.0,5998730.0,19762370.0,1220.0,12982530.0,202206.0
135,A15779704,0.0,0.0,19450.0,0.0,0.0,0.0,3653310.0,8863560.0,0.0,4698000.0,202206.0
136,A10028020,,,,,,,,,,,202206.0
137,A15781201,0.0,0.0,0.0,0.0,0.0,0.0,3482560.0,10954880.0,508730.0,7984420.0,202206.0
138,A15722005,0.0,0.0,0.0,0.0,0.0,0.0,3198375.0,10130090.0,7130.0,5994040.0,202206.0
139,A15784601,0.0,0.0,0.0,0.0,0.0,0.0,2138190.0,5801560.0,59710.0,5222760.0,202206.0
140,A15722106,0.0,0.0,0.0,0.0,0.0,0.0,3437073.0,13437090.0,0.0,0.0,202206.0
141,A15722314,3689390.0,1858320.0,0.0,0.0,7636140.0,7636140.0,4532060.0,0.0,0.0,0.0,202206.0
142,A15785711,6828270.0,104160.0,0.0,0.0,-4263840.0,4247640.0,2070890.0,0.0,1660960.0,6338990.0,202206.0
143,A15785709,1115870.0,0.0,0.0,327390.0,0.0,2719800.0,1816113.0,0.0,96240.0,6706480.0,202206.0
144,A15785703,0.0,0.0,0.0,0.0,0.0,0.0,2119751.0,7107120.0,-130.0,4698440.0,202206.0
145,A15722304,0.0,0.0,0.0,0.0,0.0,0.0,1454370.0,7579700.0,0.0,0.0,202206.0
146,A15777501,2146800.0,0.0,0.0,0.0,0.0,4489880.0,3312900.0,0.0,709780.0,4031900.0,202206.0
147,A15722108,0.0,0.0,0.0,0.0,0.0,0.0,6371140.0,14768270.0,-500.0,8328670.0,202206.0
148,A15722201,0.0,0.0,0.0,0.0,0.0,0.0,1831730.0,5755960.0,20.0,3566870.0,202206.0
149,A15785608,2636280.0,301790.0,0.0,0.0,0.0,3248000.0,4302310.0,16979210.0,631660.0,9909840.0,202206.0
150,A15785002,0.0,0.0,0.0,0.0,0.0,0.0,904219.0,6853670.0,216790.0,3773460.0,202206.0
151,A15785005,1402650.0,506330.0,0.0,0.0,0.0,4336800.0,3496490.0,0.0,863040.0,0.0,202206.0
152,A15722004,0.0,0.0,0.0,0.0,0.0,0.0,4785299.0,12685820.0,0.0,6565970.0,202206.0
153,A15722203,2064590.0,0.0,0.0,0.0,0.0,0.0,8781390.0,0.0,7396610.0,0.0,202206.0
154,A15785613,,,0.0,0.0,-15500.0,6304610.0,3890025.0,22306050.0,5921090.0,0.0,202206.0
155,A15785507,1148680.0,0.0,0.0,0.0,-530.0,2309890.0,3484501.0,9891510.0,1548750.0,0.0,202206.0
156,A15722204,0.0,0.0,0.0,0.0,0.0,0.0,14406820.0,0.0,0.0,0.0,202206.0
157,A15785612,3766800.0,0.0,0.0,0.0,4884000.0,0.0,2504380.0,0.0,0.0,0.0,202206.0
158,A15722102,0.0,0.0,0.0,0.0,0.0,0.0,2464140.0,7537640.0,120200.0,3562060.0,202206.0
159,A15785605,32500.0,187920.0,0.0,0.0,0.0,1750500.0,1237500.0,0.0,0.0,0.0,202206.0
160,A15778101,2529580.0,0.0,0.0,0.0,0.0,4977000.0,5218491.0,21604240.0,0.0,2488500.0,202206.0
161,A15785601,0.0,101080.0,0.0,0.0,0.0,2184000.0,2070950.0,5448360.0,555360.0,0.0,202206.0
162,A15722307,814250.0,0.0,-1977520.0,1977520.0,-180.0,2086060.0,2074170.0,0.0,2077480.0,0.0,202206.0
163,A15722011,,,,,,,,,,,202206.0
164,A15722003,0.0,0.0,0.0,0.0,0.0,0.0,3738850.0,12750010.0,0.0,0.0,202206.0
165,A15773501,0.0,0.0,0.0,0.0,0.0,0.0,15025.0,11679880.0,0.0,0.0,202206.0
166,A15722007,0.0,0.0,0.0,0.0,0.0,0.0,1762320.0,6525500.0,0.0,0.0,202206.0
167,A15785710,3635270.0,0.0,0.0,0.0,0.0,5148000.0,6851250.0,31306300.0,201360.0,8964700.0,202206.0
168,A10025641,,,,,,,,,,,202206.0
169,A15722104,0.0,0.0,0.0,0.0,0.0,0.0,1187907.0,7738130.0,106590.0,0.0,202206.0
170,A15722008,,,,,,,,,,,202206.0
171,A15722306,0.0,0.0,0.0,0.0,-323720.0,323720.0,1101700.0,10854450.0,0.0,3448370.0,202206.0
172,A10023292,,,,,,,,,,,202206.0
173,A15722001,0.0,0.0,0.0,0.0,0.0,0.0,2001260.0,4980010.0,174450.0,0.0,202206.0
174,A10024505,1859630.0,0.0,0.0,0.0,3155500.0,0.0,20955750.0,0.0,6985320.0,0.0,202206.0
