,kaptCode,heatC,heatP,gasC,gasP,waterHotC,waterHotP,electC,electP,waterCoolC,waterCoolP,Date
0,A13782601,5562560,31464010,0,0,0,4719000,4940600,12160540,-1980,4587030,202212.0
1,A13785302,0,0,0,0,0,0,6624585,20025710,244120,0,202212.0
2,A13706302,0,0,0,0,0,0,6981223,21115510,-1300,7099760,202212.0
3,A13706002,0,0,113120,0,0,0,2157950,0,992690,0,202212.0
4,A13785203,0,0,0,0,0,0,9370330,22594070,-930,11754360,202212.0
5,A13782602,0,0,0,0,12523300,12523300,8086869,33547200,2845820,9165490,202212.0
6,A13785301,0,0,0,0,0,0,16853565,14379980,6194190,5821050,202212.0
7,A13784907,108165980,0,1452430,0,0,7962000,22572100,27473120,0,0,202212.0
8,A13783001,0,0,0,0,0,0,4952777,27418060,313070,8657280,202212.0
9,A13782902,0,0,0,0,0,0,4426820,14784580,830,5322560,202212.0
10,A13784401,0,0,26610,0,0,0,1187440,10871480,-284290,3617260,202212.0
11,A13784102,0,0,0,0,0,0,6475794,18387620,0,4132050,202212.0
12,A13771601,0,0,0,0,0,0,9501402,32282960,262660,9112810,202212.0
13,A13785004,,,,,,,,,,,202212.0
14,A13785008,0,0,0,0,0,0,17052169,40351930,2077220,11189520,202212.0
15,A13785005,2350,118936320,0,0,0,5945500,12673250,18533070,0,9022510,202212.0
16,A13785201,0,0,0,0,0,0,4800930,21919490,59920,7830540,202212.0
17,A13706303,0,0,0,0,0,0,4108606,14699430,0,0,202212.0
18,A13785001,-250,43701540,0,0,0,3519000,4727460,10898100,0,3794010,202212.0
19,A13782804,0,245623400,0,0,63210,11530060,20439160,44920965,2591620,11689960,202212.0
20,A13771001,0,0,0,0,0,0,25876940,52241270,707870,13831430,202212.0
21,A10025472,,,,,,,,,,,202212.0
22,A10027585,,,,,,,,,,,202212.0
23,A10025927,1794962,31123580,0,0,0,11587850,11977230,22032970,-192000,6227730,202212.0
24,A10027016,,,,,,,,,,,202212.0
25,A10024171,5940940,70424900,0,0,0,27465480,25868182,48047770,0,11725960,202212.0
26,A10024942,,,,,,,,,,,202212.0
27,A13789002,0,0,0,0,0,0,651400,3478250,0,1748720,202212.0
28,A13713001,0,0,0,0,0,0,2546720,9178700,-24500,4554310,202212.0
29,A13789201,0,0,0,0,0,0,1271490,6653930,216080,0,202212.0
30,A13713002,0,0,0,0,0,0,4453580,15996110,287080,7141530,202212.0
31,A13789203,169183420,0,5449080,0,0,14672610,5486160,27643380,0,0,202212.0
32,A13790003,0,0,0,0,0,0,3350390,12620930,374060,5413370,202212.0
33,A13790004,125761120,0,0,0,-4240,14238980,4025022,17876180,225910,5229960,202212.0
34,A13778212,0,0,0,0,0,0,6653290,23864820,0,11446360,202212.0
35,A13778201,0,0,0,0,0,0,3394820,15563310,0,7566440,202212.0
36,A13778208,0,0,0,0,0,0,2209670,7079800,0,2411530,202212.0
37,A13778210,0,0,0,0,0,0,5119060,16140740,0,6344530,202212.0
38,A13778205,0,0,230530,0,0,0,5440280,57042450,394400,21261110,202212.0
39,A13778209,0,0,0,0,0,0,28048020,0,7693950,0,202212.0
40,A13778306,56411490,0,0,0,6670000,6670000,0,0,0,0,202212.0
41,A13778203,0,0,0,0,0,0,2793271,8643530,411240,3561680,202212.0
42,A13778202,0,0,0,0,0,0,5428390,21273600,673530,9517050,202212.0
43,A13778211,0,0,0,0,0,0,10206730,34769180,288620,10358690,202212.0
44,A13790002,0,0,0,0,0,0,1882352,7803920,122590,0,202212.0
45,A13778207,-562450,552440,0,0,0,0,4724070,13200510,673370,6285750,202212.0
46,A13790001,,,,,,,,,,,202212.0
47,A13778213,,,,,,,,,,,202212.0
48,A13778204,0,0,0,0,0,0,13160900,46881140,0,21176000,202212.0
49,A13703019,327970,85693140,0,0,0,9722880,17727400,23274910,70,9946900,202212.0
50,A13790828,271110300,0,479680,0,0,23204233,13264970,71240260,465470,0,202212.0
51,A13703011,1607190,52586620,0,0,0,7757100,6271968,17753930,30,5730710,202212.0
52,A13703027,0,0,0,0,0,0,8847720,38853630,-1473650,18812930,202212.0
53,A13790709,50098120,0,0,0,6485580,0,15962540,0,5543480,0,202212.0
54,A13790717,-1614030,41820240,0,0,0,3450000,3562660,9995000,1046030,2553420,202212.0
55,A13790929,256034334,0,0,0,9497250,22612500,17884440,84157040,750000,0,202212.0
56,A13790706,-48,35413088,0,0,0,3635403,4004494,8147970,828717,2523170,202212.0
57,A13790707,1181530,34374000,0,0,0,8100000,3125910,10123220,1946840,3020900,202212.0
58,A13790604,0,0,0,0,0,0,1283580,3012890,320,1875240,202212.0
59,A13790902,0,0,0,0,0,0,0,2128260,0,0,202212.0
60,A13790722,7815280,82345350,0,0,0,24044800,4892900,28792110,908000,8048260,202212.0
61,A13790701,460,26910000,0,0,0,4131000,2350500,6852090,280500,0,202212.0
62,A13790910,1708560,35496600,0,0,0,5948000,4027000,10687020,1513920,3193980,202212.0
63,A13790612,54150600,0,0,0,0,5520660,2869126,14135470,574190,0,202212.0
64,A13790716,61422940,13173200,-1147800,1147800,-5547700,5547700,6751910,15376810,1787060,4492480,202212.0
65,A13790713,0,0,4820,0,0,0,3879110,14274190,0,6704940,202212.0
66,A13790703,0,0,0,0,0,0,2045750,7091500,0,0,202212.0
67,A13779431,,,,,,,,,,,202212.0
68,A13790620,18203960,49709700,0,0,0,12635760,9652940,22777040,134545,2284750,202212.0
69,A13790714,70324870,0,0,0,0,8769000,4504500,12890410,0,4765680,202212.0
70,A13779432,,,,,,,,,,,202212.0
71,A10026004,3925810,53928380,0,0,0,27804000,17856570,32518650,194990,11465400,202212.0
72,A10026227,4135210,64323530,0,0,0,18908230,18009300,37453810,829850,11179160,202212.0
73,A10026977,,,,,,,,,,,202212.0
74,A13790721,93520410,0,0,0,0,9196000,4630430,17900570,2009400,5322140,202212.0
75,A10025418,3051199,54663630,0,0,0,15447410,26589656,36208340,457620,9602420,202212.0
76,A10025381,,,,,,,,,,,202212.0
77,A13790726,120,48500640,1553350,0,0,9215220,5067670,9435060,70980,0,202212.0
78,A10023673,9367210,44734540,0,0,0,21460740,24622650,30794530,6950,7822910,202212.0
79,A10024913,12479690,65436410,0,0,0,23596100,26394410,46883210,586780,11903750,202212.0
80,A10027439,630635,89169230,0,0,151800,44811780,26299001,61959749,693681,17112310,202212.0
81,A10023462,,,,,,,,,,,202212.0
82,A10023971,26760021,26760021,0,0,4749930,4749930,10034370,6414340,2278850,1386210,202212.0
83,A13770105,74467270,0,0,0,0,7098000,4384050,12210750,12144490,0,202212.0
84,A13704404,1950,234738000,0,0,0,40851000,10680821,47107140,0,27474020,202212.0
85,A13780403,1320,83132680,0,0,0,5457200,5770174,16405530,1442480,8237250,202212.0
86,A13776508,0,0,0,0,0,0,3237180,9942150,84640,4542190,202212.0
87,A13776301,10577420,127542500,0,0,8365280,58224250,45707739,64376080,3531290,22501260,202212.0
88,A13776510,3004600,52872920,0,0,0,26377590,18910748,27989690,0,8497760,202212.0
89,A13780402,39831068,0,0,0,0,3002500,901028,8884860,462170,3601700,202212.0
90,A13704101,1326360,31904520,0,0,0,3381000,2142470,10502360,0,2997740,202212.0
91,A13704104,27574510,562629800,0,0,0,169143200,94626834,276487150,0,64371750,202212.0
92,A13776509,18425090,396175740,0,0,0,102197580,78622900,200221560,0,50045120,202212.0
93,A13780201,0,0,0,0,0,0,8212182,0,0,0,202212.0
94,A10027205,0,177407440,0,0,0,66838200,62078130,125509190,17190,32728780,202212.0
95,A10026015,4264490,61245380,0,997210,0,32977340,24445299,50967630,173529,14195860,202212.0
96,A10026342,,,,,,,,,,,202212.0
97,A10025550,,,,,,,,,,,202212.0
98,A13704004,,,,,,,,,,,202212.0
99,A10026051,41540705,73619860,0,4222520,-36268560,36136320,36722812,63479490,1115227,13630680,202212.0
100,A10024254,105985700,59066500,0,0,0,30530940,87941518,52677820,13067630,14106170,202212.0
101,A10024646,,,,,,,,,,,202212.0
102,A13788208,6899772,149718090,0,0,128,75069250,21306895,72212150,-761750,24956300,202212.0
103,A13770610,0,0,0,0,0,0,12268659,21891460,51310,3209270,202212.0
104,A13707016,1466490,43401110,0,0,0,25356240,7313580,27751280,1001070,8792560,202212.0
105,A13788203,6129860,95516820,0,0,0,13404000,10035314,28134230,459120,4132800,202212.0
106,A13785705,1808050,56093130,0,0,17176580,0,6337395,14189640,2743680,0,202212.0
107,A13788002,1180,70581900,0,0,0,7363200,6465223,15311060,-303080,7595850,202212.0
108,A13792001,79105420,363708240,0,0,0,86931000,32733004,133896120,1769060,31895130,202212.0
109,A13785607,15415690,135512510,0,0,0,52932540,37743080,54409580,0,22994560,202212.0
110,A13787105,0,0,0,0,0,0,3391250,10344790,0,4688200,202212.0
111,A13772801,1380590,35803250,0,0,935000,6545000,5127800,10514970,1353420,3602080,202212.0
112,A13770607,0,0,0,0,0,0,6917318,11758660,127170,3197100,202212.0
113,A13707006,0,0,0,0,0,0,2066320,7209020,100520,2469600,202212.0
114,A13785604,0,177548550,0,0,0,10878000,6926916,34730910,2003840,11294890,202212.0
115,A13786704,0,0,0,0,0,0,2685000,8257570,0,3573160,202212.0
116,A13788003,3707210,46131200,0,0,0,10716750,4604095,15165970,0,6012290,202212.0
117,A13707017,,,,,,,,,,,202212.0
118,A13786601,1421120,25912390,0,279220,3834850,7078880,5129490,11147510,503570,3543240,202212.0
119,A13770609,15486870,44491500,0,0,0,19141200,39697603,60318090,95060,12486340,202212.0
120,A13775101,255316610,0,0,0,0,9876000,4032280,45306980,0,12398920,202212.0
121,A13786901,0,0,0,0,0,0,3381217,10913240,302770,3026760,202212.0
122,A13788201,942980,25807350,0,0,0,6453300,4046410,8085620,0,4289820,202212.0
123,A13707002,766030,22586090,0,0,0,3287550,3432910,5340150,0,1139250,202212.0
124,A13707009,6476250,42372420,0,0,0,18208780,12462024,18944140,672860,7729900,202212.0
125,A10028146,3015440,30154390,0,0,2129740,13464000,13261341,19113520,0,5355360,202212.0
126,A13786803,0,0,0,0,0,0,4091627,5504740,62860,1599180,202212.0
127,A13707019,,,,,,,,,,,202212.0
128,A13787102,0,0,0,0,0,0,2475830,13031350,0,3503710,202212.0
129,A13770606,,,,,,,,,,,202212.0
130,A13707018,,,,,,,,,,,202212.0
131,A10026941,5708353,85379687,0,0,0,30751160,31571827,65541800,1578890,16187860,202212.0
132,A10026317,,,,,,,,,,,202212.0
133,A10026411,5571420,55296520,0,0,3620,16510700,15494490,39974710,482290,10925730,202212.0
134,A10027221,840260,43443560,0,0,0,17236440,10281270,25475820,330200,6210460,202212.0
135,A10026972,,,,,,,,,,,202212.0
136,A10026340,,,,,,,,,,,202212.0
137,A10024987,,,,,,,,,,,202212.0
138,A10026337,,,,,,,,,,,202212.0
139,A10023644,,,,,,,,,,,202212.0
140,A10024240,8575160,129430360,0,3635360,0,43776000,52903461,77721380,0,23440450,202212.0
141,A10024687,,,,,,,,,,,202212.0
142,A10023688,,,,,,,,,,,202212.0
143,A10024552,7125220,127512550,0,0,0,46381500,39942527,81074430,1377810,23609440,202212.0
144,A10028021,0,0,0,0,0,0,24318640,38191110,-44210,14601050,202212.0
145,A13718001,0,0,0,0,0,0,24861522,62545280,946713,22517127,202212.0
146,A13716001,0,0,0,0,0,0,4237220,11436780,83040,4502850,202212.0
147,A10028105,0,0,0,0,0,0,5613261,18319450,0,6819360,202212.0
148,A10028046,0,0,0,0,0,0,3240330,14583410,556600,4269660,202212.0
149,A13716002,0,0,1960,669440,0,0,11253260,27699730,580980,9013920,202212.0
150,A13716003,299950,0,0,0,0,0,34280663,0,9078500,0,202212.0
