,kaptCode,heatC,heatP,gasC,gasP,waterHotC,waterHotP,electC,electP,waterCoolC,waterCoolP,Date
0,A13782601,1527510,11978810,0,0,0,5262000,4268201,10538140,1830,4481370,202203.0
1,A13785302,0,0,0,0,0,0,3790127,16990040,334620,0,202203.0
2,A13706302,0,0,0,0,0,0,5247764,17836180,-1220,7297690,202203.0
3,A13706002,0,0,0,0,0,0,1670330,0,990620,0,202203.0
4,A13785203,0,0,0,0,0,0,8067080,19424370,630,13161300,202203.0
5,A13782602,0,0,0,0,13714040,13714040,2792509,28022910,2813330,8541070,202203.0
6,A13785301,0,0,0,0,0,0,1920101,12178790,174030,6222550,202203.0
7,A13784907,51798520,0,621480,0,0,9354000,13739610,20692020,0,0,202203.0
8,A13783001,0,0,0,0,0,0,3764872,24348450,0,0,202203.0
9,A13782902,0,0,0,0,0,0,2864220,14088180,620,5198550,202203.0
10,A13784401,0,0,18870,0,0,0,1520050,8537580,-187870,3598060,202203.0
11,A13784102,0,0,0,0,0,0,4158708,15397920,0,4123120,202203.0
12,A13771601,0,0,0,0,0,0,9176708,29767080,772250,9041500,202203.0
13,A13785004,48273620,0,0,0,-6000000,6000000,2726710,13806640,1057400,5851680,202203.0
14,A13785008,0,0,0,0,0,0,10956489,34045830,410850,11485090,202203.0
15,A13785005,1260,58148620,0,0,0,6198500,6685020,13886720,92020,8648700,202203.0
16,A13785201,0,0,0,0,0,0,5785690,19375670,29700,8014870,202203.0
17,A13706303,0,0,0,0,0,0,2883452,11676400,0,0,202203.0
18,A13785001,-330,22293380,0,0,0,4012500,4115560,8485270,0,3961540,202203.0
19,A13782804,0,125338070,0,0,55340,7907890,11971250,31338470,985080,12082180,202203.0
20,A13771001,0,0,0,0,0,0,11375130,56967120,917530,13250930,202203.0
21,A10025472,,,,,,,,,,,202203.0
22,A10027585,,,,,,,,,,,202203.0
23,A10025927,1794962,12115450,0,0,0,9763030,6263552,19728610,65770,6313070,202203.0
24,A10027016,,,,,,,,,,,202203.0
25,A10024171,-213820,30844850,0,0,0,15279000,14285392,42193710,439760,11440810,202203.0
26,A10024942,,,,,,,,,,,202203.0
27,A13789002,0,0,0,0,0,0,258220,2685740,0,2104980,202203.0
28,A13713001,0,0,0,0,0,0,2802800,7662500,48980,4595670,202203.0
29,A13789201,0,0,0,0,0,0,1475990,4881730,0,0,202203.0
30,A13713002,0,0,0,0,0,0,4145680,13936610,434880,7837000,202203.0
31,A13789203,82810660,0,0,0,0,16209900,6139040,25333390,5676800,0,202203.0
32,A13790003,0,0,0,0,0,0,1583080,11342770,309200,5579690,202203.0
33,A13790004,44593540,0,0,0,0,16215000,4164455,15630050,968690,5288000,202203.0
34,A13778212,0,0,0,0,0,0,5173170,19895610,0,8694990,202203.0
35,A13778201,0,0,0,0,0,0,3026920,13237220,0,7864460,202203.0
36,A13778208,0,0,0,0,0,0,1670030,6178810,0,2309760,202203.0
37,A13778210,0,0,0,0,0,0,3695860,13826060,0,5595140,202203.0
38,A13778205,0,0,370480,0,0,0,7153800,48357390,407070,19032750,202203.0
39,A13778209,0,0,0,0,0,0,23115250,20125290,7190930,8040330,202203.0
40,A13778306,26302650,0,0,0,14535000,14535000,0,0,0,0,202203.0
41,A13778203,0,0,0,0,0,0,3769060,6904200,380290,3847840,202203.0
42,A13778202,0,0,0,0,0,0,4550300,16963290,455050,9939490,202203.0
43,A13778211,0,0,0,0,0,0,10538664,31546210,8550,9226660,202203.0
44,A13790002,0,0,0,0,0,0,2632470,6358420,0,0,202203.0
45,A13778207,-510900,502650,0,0,0,0,4355491,11351160,617250,5667230,202203.0
46,A13790001,,,,,,,,,,,202203.0
47,A13778213,,,,,,,,,,,202203.0
48,A13778204,0,0,0,0,0,0,13085130,41036360,0,20128290,202203.0
49,A13703019,3483030,32073450,0,0,0,9583860,8952110,24322330,40,9542470,202203.0
50,A13790828,125959140,0,499420,0,0,29245345,8303180,59451940,0,0,202203.0
51,A13703011,1607110,19770200,0,0,0,7109700,5291785,14115700,0,5566140,202203.0
52,A13703027,0,0,0,0,0,0,7953332,31601780,-2962730,19565070,202203.0
53,A13790709,20161480,0,0,0,6478520,0,10233313,0,4972070,0,202203.0
54,A13790717,-1149700,19101280,0,0,0,3595000,2867250,7081350,524440,2384360,202203.0
55,A13790929,108276260,0,0,0,9495360,24727500,9578500,68477570,467580,0,202203.0
56,A13790706,15631370,15651380,0,0,3487431,3487431,2322202,7790600,1862359,2115620,202203.0
57,A13790707,1108280,12225510,0,0,0,5049000,2494010,7689680,1873060,2888820,202203.0
58,A13790604,0,0,0,0,0,0,1052650,2451740,241230,1644500,202203.0
59,A13790902,0,0,0,0,0,0,40560,1770880,0,0,202203.0
60,A13790722,6628980,27855750,0,0,0,17720000,2643151,24870810,2208400,7775100,202203.0
61,A13790701,-730,11172000,0,0,0,4488000,1925020,5560430,661830,0,202203.0
62,A13790910,1824400,12422410,0,0,0,6482400,2777310,9673240,1652500,3511760,202203.0
63,A13790612,21336750,0,0,0,0,5693370,1207740,11124640,562250,0,202203.0
64,A13790716,31927800,4153660,-1610400,1610400,-7783600,7783600,4267710,12119950,3011080,3925600,202203.0
65,A13790713,0,0,16570,0,0,0,3493500,11884620,0,6531810,202203.0
66,A13790703,0,0,0,0,0,0,1480160,6264410,0,0,202203.0
67,A13779431,,,,,,,,,,,202203.0
68,A13790620,6751980,16283960,0,0,0,10476600,4415620,17984490,618165,2757000,202203.0
69,A13790714,26834790,0,0,0,0,9486800,3575530,11742740,0,4656840,202203.0
70,A13779432,,,,,,,,,,,202203.0
71,A10026004,3858490,18697200,0,0,0,19081260,8267830,29256810,574700,11211350,202203.0
72,A10026227,4135210,17736080,0,0,0,20791190,9638781,34150650,272790,11440010,202203.0
73,A10026977,,,,,,,,,,,202203.0
74,A13790721,39444313,0,0,0,0,13573600,2167458,15819240,1267200,3885690,202203.0
75,A10025418,3050854,16199600,0,1053750,0,15002910,11344386,33070890,229690,9758180,202203.0
76,A10025381,,,,,,,,,,,202203.0
77,A13790726,-400,17201880,0,0,0,7969500,3295700,7106690,0,0,202203.0
78,A10023673,,,,,,,,,,,202203.0
79,A10024913,7604980,20688570,0,0,0,22731800,13631890,43925470,162820,14588650,202203.0
80,A10027439,1106588,29890550,0,5307500,75310,34426320,14835560,56942070,825263,15967590,202203.0
81,A10023462,,,,,,,,,,,202203.0
82,A10023971,10212160,10212160,0,0,3492060,3492060,8064470,5846860,2357180,1488060,202203.0
83,A13770105,27115600,0,0,0,0,7812000,3922950,9385580,2905880,0,202203.0
84,A13704404,1290,83374200,6736640,0,0,39244500,10313180,36593980,315320,25280500,202203.0
85,A13780403,-440,31754400,0,0,0,7646800,3236335,14399660,229600,8887250,202203.0
86,A13776508,0,0,0,0,0,0,2290100,8278880,113460,4537960,202203.0
87,A13776301,10895420,45062280,0,0,385140,35810160,17739222,72917940,3024970,21872300,202203.0
88,A13776510,3004600,18013430,0,0,0,17014900,15250062,25808650,0,9040390,202203.0
89,A13780402,17519028,0,0,0,0,3485000,1081269,6698960,-341060,4133470,202203.0
90,A13704101,1326360,11837320,0,0,0,2778300,1419140,8843160,0,3218860,202203.0
91,A13704104,27574510,187553730,0,0,0,125599500,51642751,262372010,0,81979010,202203.0
92,A13776509,18425090,138445650,0,0,0,88689050,43855530,176641190,0,53342400,202203.0
93,A13780201,0,0,0,0,0,0,6677201,0,539000,0,202203.0
94,A10027205,0,57277490,0,0,1222090,50365020,43875190,107153510,1306790,32719770,202203.0
95,A10026015,3924990,16661360,0,0,0,25086290,12722298,47599070,310730,13602750,202203.0
96,A10026342,,,,,,,,,,,202203.0
97,A10025550,,,,,,,,,,,202203.0
98,A13704004,,,,,,,,,,,202203.0
99,A10026051,28619258,27588890,0,0,-23669550,23602800,29380441,56743920,1905310,12589080,202203.0
100,A10024254,52426330,24352070,0,4127640,0,19095300,68461540,48073700,16238640,14675200,202203.0
101,A10024646,,,,,,,,,,,202203.0
102,A13788208,6901220,48944160,0,0,0,49343910,16165160,64510990,-946430,26701080,202203.0
103,A13770610,0,0,0,0,0,0,7902734,19225200,54870,3271480,202203.0
104,A13707016,696260,0,0,0,0,0,5138260,0,12480,0,202203.0
105,A13788203,6129870,33027780,0,0,0,14880000,5990843,25845250,470210,4235040,202203.0
106,A13785705,1705220,23268330,0,0,11709720,0,6509436,10991060,2838720,0,202203.0
107,A13788002,-1280,26013100,0,0,0,7784400,4592394,12226970,370740,7514500,202203.0
108,A13792001,36813170,142310400,0,0,0,63556500,8497830,122137190,2909040,32221270,202203.0
109,A13785607,19241220,42938990,0,0,0,29876000,15901046,57524600,0,21880710,202203.0
110,A13787105,0,0,0,0,0,0,3962400,8651340,0,4844780,202203.0
111,A13772801,1380590,13928200,0,0,0,6063000,4077060,9330740,1228900,4043830,202203.0
112,A13770607,0,0,0,0,0,0,3288744,12824470,512880,2775300,202203.0
113,A13707006,0,0,0,0,0,0,1597810,5436060,125000,2514400,202203.0
114,A13785604,0,73050900,0,0,0,11388000,1541875,27693280,316430,12311300,202203.0
115,A13786704,0,0,0,0,0,0,2315248,6974600,0,3693480,202203.0
116,A13788003,3707210,17843910,0,0,0,7190400,3813588,12805420,0,5771060,202203.0
117,A13707017,,,,,,,,,,,202203.0
118,A13786601,1421120,11700480,0,0,278040,4773600,3699470,9911700,183170,3779230,202203.0
119,A13770609,17442670,81250390,0,0,0,22691900,28423448,54834300,-496810,14217690,202203.0
120,A13775101,102596730,0,0,0,0,14883000,4703370,43181860,0,12484150,202203.0
121,A13786901,0,0,0,0,0,0,2607680,10263670,1235870,2066190,202203.0
122,A13788201,5905390,8573080,-276170,276170,-4964000,4964000,3751720,6559460,-240,3574080,202203.0
123,A13707002,765890,7930980,0,0,0,3248160,2553490,4715810,0,1125600,202203.0
124,A13707009,2736690,14432750,0,0,0,13907840,9764838,16552660,19220,8117340,202203.0
125,A10028146,1198410,11664000,0,0,2129740,7929400,9053473,16736360,94780,5555900,202203.0
126,A13786803,0,0,0,0,0,0,2215888,5889630,359820,1293300,202203.0
127,A13707019,,,,,,,,,,,202203.0
128,A13787102,0,0,0,0,0,0,1565510,0,0,0,202203.0
129,A13770606,,,,,,,,,,,202203.0
130,A13707018,,,,,,,,,,,202203.0
131,A10026941,5618070,26525600,0,0,0,27284660,18569296,59848710,137210,16765610,202203.0
132,A10026317,,,,,,,,,,,202203.0
133,A10026411,5403566,17168230,0,0,12344,17937500,8014480,37035520,259610,11128020,202203.0
134,A10027221,467380,15663220,0,0,0,13619970,8031490,21286050,234380,8339050,202203.0
135,A10026972,,,,,,,,,,,202203.0
136,A10026340,,,,,,,,,,,202203.0
137,A10024987,,,,,,,,,,,202203.0
138,A10026337,,,,,,,,,,,202203.0
139,A10023644,,,,,,,,,,,202203.0
140,A10024240,15147110,45555070,0,0,0,34202000,35918200,65420510,0,23754810,202203.0
141,A10024687,,,,,,,,,,,202203.0
142,A10023688,,,,,,,,,,,202203.0
143,A10024552,7125220,43988250,0,0,0,36125700,23697210,67965630,1966550,25358180,202203.0
144,A10028021,0,0,0,0,0,0,9454181,30391980,38744,12855196,202203.0
145,A13718001,0,0,0,0,0,0,66460741,0,25325810,0,202203.0
146,A13716001,0,0,3530,0,0,0,2005430,8993580,70280,5339250,202203.0
147,A10028105,0,0,0,0,0,0,3049151,14949750,138800,7502720,202203.0
148,A10028046,0,0,0,0,0,0,3862080,12051900,-177170,4794100,202203.0
149,A13716002,0,0,1040,686540,0,0,6528370,21166600,121200,9059550,202203.0
150,A13716003,403640,0,0,0,0,0,23794054,0,9631880,0,202203.0
