,kaptCode,heatC,heatP,gasC,gasP,waterHotC,waterHotP,electC,electP,waterCoolC,waterCoolP,Date
0,A13782601,1525870,5510660,0,0,0,3882000,3019732,11652830,840,4652010,202210.0
1,A13785302,0,0,0,0,0,0,4264808,17624180,388580,0,202210.0
2,A13706302,0,0,0,0,0,0,5018121,19975300,-1410,7014150,202210.0
3,A13706002,0,0,0,0,0,0,1978680,0,860350,0,202210.0
4,A13785203,0,0,0,0,0,0,8504940,20155030,-1620,12973640,202210.0
5,A13782602,0,0,0,0,10449770,10449770,2363131,29013270,1787720,9363680,202210.0
6,A13785301,0,0,0,0,0,0,15262250,13142320,6121160,5791500,202210.0
7,A13784907,27709730,0,179200,0,0,6405000,7991460,20643930,0,0,202210.0
8,A13783001,0,0,0,0,0,0,4064166,25352380,296900,9236940,202210.0
9,A13782902,0,0,0,0,0,0,3542300,14368330,-2160,5186890,202210.0
10,A13784401,0,0,11000,0,0,0,172610,8936930,-202280,3623390,202210.0
11,A13784102,0,0,0,0,0,0,4257643,16390830,0,4152720,202210.0
12,A13771601,0,0,0,0,0,0,7093885,35964730,316670,9683460,202210.0
13,A13785004,,,,,,,,,,,202210.0
14,A13785008,0,0,0,0,0,0,10170952,36973680,1851160,11353920,202210.0
15,A13785005,910,44759550,0,0,0,4061750,6085020,15531000,0,8471500,202210.0
16,A13785201,0,0,0,0,0,0,3928280,20685500,63530,7998660,202210.0
17,A13706303,0,0,0,0,0,0,3075064,12400530,0,0,202210.0
18,A13785001,120,13192920,0,0,0,2799550,3089870,9192210,0,4056350,202210.0
19,A13782804,0,94242420,0,0,28550,4162640,9724480,37027790,1777430,13477200,202210.0
20,A13771001,0,0,0,0,0,0,22837650,45825480,487930,13604660,202210.0
21,A10025472,,,,,,,,,,,202210.0
22,A10027585,,,,,,,,,,,202210.0
23,A10025927,1794962,4786960,0,0,0,7692900,7273733,20085070,-112440,6148170,202210.0
24,A10027016,,,,,,,,,,,202210.0
25,A10024171,6502120,10172870,0,0,0,16754400,17691984,45251550,1365670,11918080,202210.0
26,A10024942,,,,,,,,,,,202210.0
27,A13789002,0,0,0,0,0,0,266580,3495900,0,1934440,202210.0
28,A13713001,0,0,0,0,0,0,2119180,0,66300,0,202210.0
29,A13789201,0,0,0,0,0,0,0,5350470,156450,0,202210.0
30,A13713002,0,0,0,0,0,0,3761570,15564300,246560,7541900,202210.0
31,A13789203,51211310,0,4932910,0,0,11293920,4450170,27735990,0,0,202210.0
32,A13790003,0,0,0,0,0,0,3160540,10867280,374060,5694160,202210.0
33,A13790004,28905170,0,0,0,0,14009600,3605326,16710430,857730,5210770,202210.0
34,A13778212,0,0,0,0,0,0,4749280,22063490,0,9465750,202210.0
35,A13778201,0,0,0,0,0,0,3728860,14122970,0,7610840,202210.0
36,A13778208,0,0,0,0,0,0,2070700,6720610,0,2796500,202210.0
37,A13778210,0,0,0,0,0,0,4830260,14392850,0,6365360,202210.0
38,A13778205,0,0,0,0,0,0,5884480,52904220,395560,20915120,202210.0
39,A13778209,0,0,0,0,0,0,24284370,0,7295030,0,202210.0
40,A13778306,14575908,0,0,0,6890000,6890000,0,0,0,0,202210.0
41,A13778203,0,0,0,0,0,0,2541590,8592930,342600,3866110,202210.0
42,A13778202,0,0,0,0,0,0,5768210,18170950,523550,9854160,202210.0
43,A13778211,0,0,0,0,0,0,8328179,36112110,30660,10338820,202210.0
44,A13790002,0,0,0,0,0,0,1124894,7267850,122590,0,202210.0
45,A13778207,-529140,521910,0,0,0,0,3776472,12201100,72060,6482510,202210.0
46,A13790001,,,,,,,,,,,202210.0
47,A13778213,,,,,,,,,,,202210.0
48,A13778204,0,0,0,0,0,0,12891460,44274350,0,20142640,202210.0
49,A13703019,3215140,11627320,0,0,0,8807580,13043350,23528750,-170,9606720,202210.0
50,A13790828,58073250,0,1590,0,0,15003661,11313870,60461350,432920,0,202210.0
51,A13703011,1607140,8504720,0,0,0,6477900,3875797,16794390,60,5676990,202210.0
52,A13703027,0,0,0,0,0,0,7137896,36989680,3091560,19142650,202210.0
53,A13790709,18703170,0,0,0,3123040,0,11954240,0,4897000,0,202210.0
54,A13790717,-224010,9913640,0,0,0,2830000,1457740,8265620,920560,3062790,202210.0
55,A13790929,77120370,0,0,0,8286600,19730000,10089460,71305650,0,0,202210.0
56,A13790706,-19,11689389,0,0,0,2656770,2843632,7885150,686240,2640420,202210.0
57,A13790707,1084150,4091880,0,0,0,5596000,2425570,8885390,1447040,3593980,202210.0
58,A13790604,0,0,0,0,0,0,693780,3239540,4580,1853640,202210.0
59,A13790902,0,0,0,0,0,0,0,2124440,0,0,202210.0
60,A13790722,5974700,13241050,0,0,0,16680000,3129992,24976700,1755800,9030700,202210.0
61,A13790701,140,6151500,0,0,0,2940600,1380890,6636090,338500,0,202210.0
62,A13790910,2586190,5147240,0,0,0,4652000,2396120,10468920,1257500,3690900,202210.0
63,A13790612,15003860,0,0,0,0,4381380,789649,12686420,469920,0,202210.0
64,A13790716,19035460,1944560,-975600,975600,-4715400,4715400,162640,13729980,1763550,4506960,202210.0
65,A13790713,0,0,2790,0,0,0,2847650,13918120,0,6778480,202210.0
66,A13790703,0,0,0,0,0,0,1363560,6769330,0,0,202210.0
67,A13779431,,,,,,,,,,,202210.0
68,A13790620,4324230,4466880,0,0,0,9196000,4016610,19245350,286070,1897000,202210.0
69,A13790714,11850440,0,0,0,0,8140000,3304240,12522600,0,5140300,202210.0
70,A13779432,,,,,,,,,,,202210.0
71,A10026004,3823980,5206430,0,0,0,14133200,12269480,31313700,224360,10457170,202210.0
72,A10026227,4135210,3895530,0,0,0,17147060,11524693,36579300,3472020,10662140,202210.0
73,A10026977,,,,,,,,,,,202210.0
74,A13790721,21473526,0,0,0,0,6950200,3119685,15819460,1639800,4973930,202210.0
75,A10025418,3051069,4332350,0,0,0,14161330,14319701,35460700,743030,9903770,202210.0
76,A10025381,,,,,,,,,,,202210.0
77,A13790726,740,13327200,1537260,0,0,5028030,2918060,8320060,326670,0,202210.0
78,A10023673,10153640,4931080,0,0,0,8814490,0,18296300,61790,5311170,202210.0
79,A10024913,6653090,5304070,0,0,0,14801400,16073960,44896940,1351040,11958010,202210.0
80,A10027439,8770198,0,0,0,30785640,0,75848350,0,18334786,0,202210.0
81,A10023462,,,,,,,,,,,202210.0
82,A10023971,4984130,4984130,0,0,2940560,2940560,8068560,6010510,2416910,2349150,202210.0
83,A13770105,18145610,0,0,0,0,6100500,3113570,11263330,11077225,0,202210.0
84,A13704404,-3590,49959000,0,0,0,26905500,10289173,41072930,0,23599580,202210.0
85,A13780403,870,21004960,0,0,0,4715200,3376013,15018410,269110,8710530,202210.0
86,A13776508,0,0,0,0,0,0,1917610,9230050,24740,4875210,202210.0
87,A13776301,6595400,12319620,0,0,0,35038980,36575553,61525050,1384830,22975750,202210.0
88,A13776510,3004600,5368570,0,0,0,13625000,12362780,27396990,0,8632150,202210.0
89,A13780402,10008391,0,0,0,0,2550000,465141,8098560,181960,3764430,202210.0
90,A13704101,1326360,7875000,0,0,0,973850,1581480,9290440,0,3709630,202210.0
91,A13704104,-67635010,148910810,0,0,-24852300,145554000,65682845,270606620,15411350,55253140,202210.0
92,A13776509,18425090,43707230,0,0,0,79816540,56730310,204102870,0,55784070,202210.0
93,A13780201,0,0,0,0,0,0,6832671,0,0,0,202210.0
94,A10027205,0,17905090,0,0,0,40519170,45866620,135951070,1780440,32764100,202210.0
95,A10026015,3978544,3463740,0,912590,0,20213230,13785387,50813380,257269,15960400,202210.0
96,A10026342,,,,,,,,,,,202210.0
97,A10025550,,,,,,,,,,,202210.0
98,A13704004,,,,,,,,,,,202210.0
99,A10026051,24974584,10684150,0,3925730,-19905000,19840000,33424401,59224960,4686890,14061520,202210.0
100,A10024254,798310,6152300,0,0,0,20371740,27075128,47216350,709460,13759060,202210.0
101,A10024646,,,,,,,,,,,202210.0
102,A13788208,6901063,14001200,0,0,-863,44969220,15104707,65079430,-953900,25148450,202210.0
103,A13770610,0,0,0,0,0,0,7661806,20137020,55170,3240310,202210.0
104,A13707016,424030,6871280,0,0,0,10993400,4193140,29138460,457050,9038840,202210.0
105,A13788203,6129870,15227990,0,0,0,10792000,5951295,25761470,407980,3674620,202210.0
106,A13785705,1731320,14840020,0,0,9111960,0,2908449,15464450,2208960,0,202210.0
107,A13788002,400,14560350,0,0,0,6107400,3766435,14071140,-836450,7907320,202210.0
108,A13792001,44843350,49276500,0,0,0,59832000,11199610,120842440,5033830,33656090,202210.0
109,A13785607,8934750,14949090,0,0,0,29843550,31706415,50272770,0,22749640,202210.0
110,A13787105,0,0,0,0,0,0,3240110,10026580,0,4643270,202210.0
111,A13772801,1380590,6022800,0,0,0,5271000,4733860,9840080,904070,4177330,202210.0
112,A13770607,0,0,0,0,0,0,5702574,11428780,99210,3393990,202210.0
113,A13707006,0,0,0,0,0,0,1166050,6763820,121680,2539810,202210.0
114,A13785604,0,27617850,0,0,0,8562000,1199209,30559400,2826890,11589770,202210.0
115,A13786704,0,0,0,0,0,0,1688020,7540430,0,4530620,202210.0
116,A13788003,2307210,6122940,0,0,0,7860280,3200034,15044420,0,5922210,202210.0
117,A13707017,,,,,,,,,,,202210.0
118,A13786601,1421120,5098420,0,0,1172130,4019400,3594150,11434950,125810,3987590,202210.0
119,A13770609,3672400,0,0,0,0,11644000,24820897,63474510,103250,13412300,202210.0
120,A13775101,93406520,0,0,0,0,7815000,1999180,39848620,0,14882210,202210.0
121,A13786901,0,0,0,0,0,0,2192666,10137100,362600,3128390,202210.0
122,A13788201,942980,5589150,0,0,0,2529900,2997420,8064080,0,3659190,202210.0
123,A13707002,765870,3734700,0,0,0,2790630,2159170,5258650,0,967050,202210.0
124,A13707009,3851840,4793150,0,0,0,11529250,11046687,18108480,194680,7837750,202210.0
125,A10028146,534110,5341120,0,0,2129740,6006500,9320623,17877450,0,5312500,202210.0
126,A13786803,0,0,0,0,0,0,3012841,5308810,80830,1815680,202210.0
127,A13707019,,,,,,,,,,,202210.0
128,A13787102,0,0,0,0,0,0,1576580,0,0,0,202210.0
129,A13770606,,,,,,,,,,,202210.0
130,A13707018,,,,,,,,,,,202210.0
131,A10026941,5692730,5308880,0,0,0,27328000,19598840,61735240,1631420,15867940,202210.0
132,A10026317,,,,,,,,,,,202210.0
133,A10026411,1284304,5903010,0,0,8200,12521400,9552339,38275860,767180,10966470,202210.0
134,A10027221,412360,6648520,0,0,0,11254060,7490100,27483450,267910,6359170,202210.0
135,A10026972,,,,,,,,,,,202210.0
136,A10026340,,,,,,,,,,,202210.0
137,A10024987,,,,,,,,,,,202210.0
138,A10026337,,,,,,,,,,,202210.0
139,A10023644,,,,,,,,,,,202210.0
140,A10024240,17248290,12987810,0,3596850,0,27849900,36824812,82208110,0,23340420,202210.0
141,A10024687,,,,,,,,,,,202210.0
142,A10023688,,,,,,,,,,,202210.0
143,A10024552,7125220,9118770,0,0,0,34160500,28089174,80509790,1906040,23281140,202210.0
144,A10028021,0,0,0,0,0,0,11122914,32480250,-3208060,14953950,202210.0
145,A13718001,0,0,0,0,0,0,15326410,56761310,1265721,23311959,202210.0
146,A13716001,0,0,1620,0,0,0,2693350,9701700,75980,4603940,202210.0
147,A10028105,0,0,0,0,0,0,2918911,15132240,0,6916890,202210.0
148,A10028046,0,0,0,0,0,0,2363690,13229120,207120,4611160,202210.0
149,A13716002,0,0,0,600110,0,0,5087090,23007520,189440,9365170,202210.0
150,A13716003,73980,0,0,0,0,0,25376206,0,9131460,0,202210.0
