,kaptCode,heatC,heatP,gasC,gasP,waterHotC,waterHotP,electC,electP,waterCoolC,waterCoolP,Date
0,A13782601,1524560,3285150,0,0,0,5403000,4393525,11795250,-2010,5043910,202204.0
1,A13785302,0,0,0,0,0,0,3101449,15765560,334620,0,202204.0
2,A13706302,0,0,0,0,0,0,4867148,19376220,-560,6843500,202204.0
3,A13706002,0,0,0,0,0,0,1868520,0,980130,0,202204.0
4,A13785203,0,0,0,0,0,0,7696560,20773560,-960,13053310,202204.0
5,A13782602,0,0,0,0,13537482,13537482,2622876,25317790,2500420,10030360,202204.0
6,A13785301,0,0,0,0,0,0,2000500,12880310,219360,5838200,202204.0
7,A13784907,26017590,0,248640,0,0,8013000,7296040,18407750,0,0,202204.0
8,A13783001,0,0,0,0,0,0,3977345,25866000,325000,9311280,202204.0
9,A13782902,0,0,0,0,0,0,2983080,15571110,1810,5668040,202204.0
10,A13784401,0,0,15280,0,0,0,-101390,8321090,-7230,3678500,202204.0
11,A13784102,0,0,0,0,0,0,4084941,16868050,0,4477020,202204.0
12,A13771601,0,0,0,0,0,0,7031943,33746820,733320,10329790,202204.0
13,A13785004,27356880,0,0,0,-6448000,6448000,1909430,11620890,894360,6101170,202204.0
14,A13785008,0,0,0,0,0,0,6431811,40035250,547500,13102150,202204.0
15,A13785005,1580,32431080,0,0,0,6366250,6450250,15516840,0,9501610,202204.0
16,A13785201,0,0,0,0,0,0,4582790,20828790,55250,8541450,202204.0
17,A13706303,0,0,0,0,0,0,2293139,13234050,436800,0,202204.0
18,A13785001,-820,8091260,0,0,0,4147050,3717550,8489180,0,4067720,202204.0
19,A13782804,0,65612170,0,0,38450,4945860,10638240,32925250,2023620,13091900,202204.0
20,A13771001,0,0,0,0,0,0,11347880,51553330,421870,14756430,202204.0
21,A10025472,,,,,,,,,,,202204.0
22,A10027585,,,,,,,,,,,202204.0
23,A10025927,1794962,3774220,0,0,0,8097970,5407630,18155730,-11760,6317160,202204.0
24,A10027016,,,,,,,,,,,202204.0
25,A10024171,-68880,10469180,0,0,0,12438000,14469627,39457300,261270,11272280,202204.0
26,A10024942,,,,,,,,,,,202204.0
27,A13789002,0,0,0,0,0,0,460710,2561690,0,1985880,202204.0
28,A13713001,0,0,0,0,0,0,2303030,8439220,59280,4968510,202204.0
29,A13789201,0,0,0,0,0,0,1475990,5204060,58500,0,202204.0
30,A13713002,0,0,0,0,0,0,3576060,15351720,280540,7435120,202204.0
31,A13789203,39716030,0,4383840,0,0,14240160,6428430,26335390,0,0,202204.0
32,A13790003,0,0,0,0,0,0,1566620,11251070,29320,6057230,202204.0
33,A13790004,23776700,0,0,0,0,13359750,3260803,17128880,689680,5162000,202204.0
34,A13778212,0,0,0,0,0,0,4673430,22779850,0,10050540,202204.0
35,A13778201,0,0,0,0,0,0,2399910,14716340,0,7546270,202204.0
36,A13778208,0,0,0,0,0,0,1709430,6732940,0,2564440,202204.0
37,A13778210,0,0,0,0,0,0,3068750,15900990,0,6828970,202204.0
38,A13778205,0,0,99540,0,0,0,6927500,52616100,106120,22177930,202204.0
39,A13778209,0,0,0,0,0,0,24398520,0,8077490,0,202204.0
40,A13778306,14006360,0,0,0,7227500,7227500,0,0,0,0,202204.0
41,A13778203,0,0,0,0,0,0,2465470,7756510,42400,3675350,202204.0
42,A13778202,0,0,0,0,0,0,3500730,18349510,79240,9749080,202204.0
43,A13778211,0,0,0,0,0,0,7213191,35932840,115250,11022590,202204.0
44,A13790002,0,0,0,0,0,0,2291310,7046960,0,0,202204.0
45,A13778207,-536190,530340,0,0,0,0,3602520,12563440,277040,6758240,202204.0
46,A13790001,,,,,,,,,,,202204.0
47,A13778213,,,,,,,,,,,202204.0
48,A13778204,0,0,0,0,0,0,11110380,45763310,0,22494220,202204.0
49,A13703019,3463200,9669670,0,0,0,9924260,8264770,27105710,-70,10036920,202204.0
50,A13790828,71379480,0,400460,0,0,20532541,7096160,58021400,508250,0,202204.0
51,A13703011,1607090,6144610,0,0,0,7792200,4444665,15729080,0,5787000,202204.0
52,A13703027,0,0,0,0,0,0,7337964,35264230,-1769990,19309950,202204.0
53,A13790709,9872810,0,0,0,4395500,0,9755143,0,4902140,0,202204.0
54,A13790717,-319490,10508520,0,0,0,3725000,1636280,6825570,667950,2867260,202204.0
55,A13790929,52244760,0,0,0,8724480,22720000,8407360,63175770,0,0,202204.0
56,A13790706,0,8753043,0,0,0,3679122,1892140,8023420,829958,3001990,202204.0
57,A13790707,1059540,4398000,0,0,0,3411240,2438400,8351910,1796900,3340280,202204.0
58,A13790604,0,0,0,0,0,0,643020,2677340,322290,1511140,202204.0
59,A13790902,0,0,0,0,0,0,24450,1933360,0,0,202204.0
60,A13790722,3396210,7521470,0,0,0,18235000,2924808,22213920,2101500,8872880,202204.0
61,A13790701,460,4686000,0,0,0,3926400,1286020,6568650,661830,0,202204.0
62,A13790910,1848560,4060250,0,0,0,5383500,2601150,10253780,1257500,3558750,202204.0
63,A13790612,10573530,0,0,0,0,6008490,811880,12350810,506160,0,202204.0
64,A13790716,13465860,1276660,-1227000,1227000,-5930500,5930500,886850,12860050,1950030,4535030,202204.0
65,A13790713,0,0,3790,0,0,0,3233770,12928830,0,7445030,202204.0
66,A13790703,0,0,0,0,0,0,1421110,6547890,0,0,202204.0
67,A13779431,,,,,,,,,,,202204.0
68,A13790620,4547610,5192000,0,0,0,9355600,3735470,16128330,226450,2481300,202204.0
69,A13790714,0,0,0,0,0,7963650,0,10779330,0,5164640,202204.0
70,A13779432,,,,,,,,,,,202204.0
71,A10026004,3738850,5728800,0,0,0,14337500,8550370,27526780,545740,10411730,202204.0
72,A10026227,4135210,4036740,0,0,0,15330270,8347741,32180800,344290,10788750,202204.0
73,A10026977,,,,,,,,,,,202204.0
74,A13790721,19794995,0,0,0,0,8173800,2324595,14258970,1267200,4610300,202204.0
75,A10025418,3028256,4331060,0,0,0,12750240,11903492,30946450,759280,10143390,202204.0
76,A10025381,,,,,,,,,,,202204.0
77,A13790726,130,9245760,1409710,0,0,2482620,2348090,6727090,0,0,202204.0
78,A10023673,,,,,,,,,,,202204.0
79,A10024913,4605700,5524380,0,0,0,18046400,13671680,40723880,1916770,12701890,202204.0
80,A10027439,718276,8999480,0,0,70340,27345810,14737700,52643020,721524,17230380,202204.0
81,A10023462,,,,,,,,,,,202204.0
82,A10023971,3960920,3960920,0,0,3138800,3138800,7117970,5016720,2322300,1499100,202204.0
83,A13770105,9010740,0,0,0,0,8407000,1953580,10440010,11837630,0,202204.0
84,A13704404,-5010,30252600,0,0,0,39640500,9830568,41248510,0,28021480,202204.0
85,A13780403,600,16469140,0,0,0,5434800,2940451,13221750,248320,8332430,202204.0
86,A13776508,0,0,0,0,0,0,2058180,7663230,192900,4983820,202204.0
87,A13776301,7619120,12359640,0,0,0,31641420,17425136,66179070,3562130,20814090,202204.0
88,A13776510,3004600,5122980,0,0,0,12484260,13737985,23729960,0,8735520,202204.0
89,A13780402,9406207,0,0,0,0,2927500,1058197,7498140,-210050,3767500,202204.0
90,A13704101,1326360,5020950,0,0,0,2516400,1607370,9346990,0,3525070,202204.0
91,A13704104,27574510,53728040,0,0,0,107856000,50311415,245816870,6691850,75782680,202204.0
92,A13776509,18425090,44003520,0,0,0,72664840,51135070,196754280,0,57182280,202204.0
93,A13780201,0,0,0,0,0,0,6049747,0,0,0,202204.0
94,A10027205,15620,15490950,0,0,0,41077400,38382870,122353030,3825230,36228370,202204.0
95,A10026015,3954790,3773480,0,896320,0,19525390,12653763,44577340,294440,15525040,202204.0
96,A10026342,,,,,,,,,,,202204.0
97,A10025550,,,,,,,,,,,202204.0
98,A13704004,,,,,,,,,,,202204.0
99,A10026051,24214978,8825700,0,3810710,-19273800,19198200,28835701,53148350,3599311,12111820,202204.0
100,A10024254,3535750,7083190,0,0,0,16320150,21532680,44126880,1176430,13761870,202204.0
101,A10024646,,,,,,,,,,,202204.0
102,A13788208,6901700,12725580,0,0,-2900,38067830,7253099,58216810,-1235610,24995880,202204.0
103,A13770610,0,0,0,0,0,0,7777801,17449970,51720,3498490,202204.0
104,A13707016,389260,0,0,0,0,0,4353620,0,110370,0,202204.0
105,A13788203,6130110,7561340,0,0,0,14244000,5309876,23613430,507640,4566160,202204.0
106,A13785705,1472860,23268330,0,0,10688040,0,4815110,10991060,2591040,0,202204.0
107,A13788002,30,6836420,0,0,0,8205600,3730226,13819110,120550,7316620,202204.0
108,A13792001,25051230,56330000,0,0,0,56885500,8313810,111048850,2979290,32431560,202204.0
109,A13785607,9800110,12631390,0,0,0,27834300,17049575,52238100,0,21164790,202204.0
110,A13787105,0,0,0,0,0,0,3418410,9808450,0,4373740,202204.0
111,A13772801,1380590,5456400,0,0,0,5133000,3513770,9148300,1179770,4018330,202204.0
112,A13770607,0,0,0,0,0,0,2923916,14303780,518380,3023190,202204.0
113,A13707006,0,0,0,0,0,0,528610,5736550,37870,2723760,202204.0
114,A13785604,0,32957700,0,0,0,10416000,1587921,23857200,1905100,11833260,202204.0
115,A13786704,0,0,0,0,0,0,2433952,7218030,0,4571170,202204.0
116,A13788003,3207210,5785890,0,0,0,6369050,3266221,14421570,0,6496470,202204.0
117,A13707017,,,,,,,,,,,202204.0
118,A13786601,1421120,4220240,0,0,160800,4826500,3578640,11061690,255430,4112680,202204.0
119,A13770609,13828390,53171220,0,0,0,15504000,25516155,57645570,-518320,12279520,202204.0
120,A13775101,41832360,0,0,0,0,13368000,4780190,32637340,0,11784060,202204.0
121,A13786901,0,0,0,0,0,0,2598215,10171710,1232200,2425060,202204.0
122,A13788201,5170596,2290244,-260260,260260,-4227600,4227600,3730010,7391660,-299213,4217143,202204.0
123,A13707002,765990,2617390,0,0,0,2893650,2949210,4728530,73760,1002750,202204.0
124,A13707009,3899940,4118720,0,0,0,9927120,7108758,15846610,366540,7748190,202204.0
125,A10028146,287680,2878150,0,0,2129740,7006900,8089781,15611100,110350,5177180,202204.0
126,A13786803,0,0,0,0,0,0,1848398,6430490,377500,1380720,202204.0
127,A13707019,,,,,,,,,,,202204.0
128,A13787102,0,0,0,0,0,0,1479170,0,0,0,202204.0
129,A13770606,,,,,,,,,,,202204.0
130,A13707018,,,,,,,,,,,202204.0
131,A10026941,5612530,6717600,0,0,0,24656960,18165489,55871530,1783690,15796670,202204.0
132,A10026317,,,,,,,,,,,202204.0
133,A10026411,4584380,4832320,0,0,12300,15219200,7987830,34100570,1105780,11057170,202204.0
134,A10027221,506650,6195020,0,0,0,10893540,7031260,24510000,77640,7418760,202204.0
135,A10026972,,,,,,,,,,,202204.0
136,A10026340,,,,,,,,,,,202204.0
137,A10024987,,,,,,,,,,,202204.0
138,A10026337,,,,,,,,,,,202204.0
139,A10023644,,,,,,,,,,,202204.0
140,A10024240,15296540,13373960,0,3228330,0,28616000,35714630,74294290,0,23267510,202204.0
141,A10024687,,,,,,,,,,,202204.0
142,A10023688,,,,,,,,,,,202204.0
143,A10024552,7125220,10451700,0,0,0,31086900,26785800,77684790,3245840,24157290,202204.0
144,A10028021,0,0,0,0,0,0,7862713,27909200,112617,14616183,202204.0
145,A13718001,0,0,0,0,0,0,67386574,0,22808550,0,202204.0
146,A13716001,0,0,1190,0,0,0,1188550,8161810,88930,4674390,202204.0
147,A10028105,0,0,0,0,0,0,1872410,13239570,212980,6960270,202204.0
148,A10028046,0,0,0,0,0,0,3788020,13279320,335910,4508250,202204.0
149,A13716002,0,0,180,640920,0,0,4064770,20008870,156600,9304400,202204.0
150,A13716003,186630,0,0,0,0,0,20560610,0,8992480,0,202204.0
