,kaptCode,heatC,heatP,gasC,gasP,waterHotC,waterHotP,electC,electP,waterCoolC,waterCoolP,Date
0,A13782601,1526076,0,0,0,164,2858540,2890043,11568390,-930,4994380,202206.0
1,A13785302,0,0,0,0,0,0,2485612,18413440,333470,0,202206.0
2,A13706302,0,0,0,0,0,0,5523371,18951780,-1730,7220260,202206.0
3,A13706002,0,0,0,0,0,0,1811140,0,894200,0,202206.0
4,A13785203,0,0,0,0,0,0,8318540,18936440,-970,13583600,202206.0
5,A13782602,0,0,0,0,10051488,10051488,4223496,29662850,2891940,9890890,202206.0
6,A13785301,0,0,0,0,0,0,14304156,0,6280180,0,202206.0
7,A13784907,8594260,0,23950,0,0,6171000,6400880,19824770,0,0,202206.0
8,A13783001,0,0,0,0,0,0,3900509,24967740,319320,8853270,202206.0
9,A13782902,0,0,0,0,0,0,4268880,13412570,790,5477030,202206.0
10,A13784401,0,0,9900,0,0,0,253149,9065880,241460,3461690,202206.0
11,A13784102,0,0,0,0,0,0,4037619,19748700,0,4517390,202206.0
12,A13771601,0,0,0,0,0,0,7006404,31002160,781440,10197690,202206.0
13,A13785004,8695570,0,0,0,-4848000,4848000,1802720,9978190,-532080,6328780,202206.0
14,A13785008,0,0,0,0,0,0,10790722,44403970,990360,13388470,202206.0
15,A13785005,340,7295420,0,0,0,4851000,4570090,15772280,0,9610720,202206.0
16,A13785201,0,0,0,0,0,0,4459730,18315820,45570,8430200,202206.0
17,A13706303,0,0,0,0,0,0,2668724,12755110,0,0,202206.0
18,A13785001,-320,2684960,0,0,0,3156550,2732410,8484790,0,4496870,202206.0
19,A13782804,0,3990360,0,0,33760,14301130,7519730,34505327,2608380,13557630,202206.0
20,A13771001,0,0,0,0,0,0,83699830,0,15701280,0,202206.0
21,A10025472,,,,,,,,,,,202206.0
22,A10027585,,,,,,,,,,,202206.0
23,A10025927,1794932,307440,0,0,0,4897420,10886117,22802050,280900,6172650,202206.0
24,A10027016,,,,,,,,,,,202206.0
25,A10024171,0,635950,0,0,0,9641000,22730120,49485920,1524520,11623640,202206.0
26,A10024942,,,,,,,,,,,202206.0
27,A13789002,0,0,0,0,0,0,80210,2932610,0,1536100,202206.0
28,A13713001,0,0,0,0,0,0,1985860,7947080,32520,4723490,202206.0
29,A13789201,0,0,0,0,0,0,1351630,4892050,219000,0,202206.0
30,A13713002,0,0,0,0,0,0,3815630,13862090,282210,7694830,202206.0
31,A13789203,7708170,0,4484290,0,0,10934010,4564950,24570850,0,0,202206.0
32,A13790003,0,0,0,0,0,0,1056110,10785480,170300,7036210,202206.0
33,A13790004,0,0,0,0,-283130,10676050,3428593,15626750,341080,6163260,202206.0
34,A13778212,0,0,0,0,0,0,5081080,20318790,0,9810820,202206.0
35,A13778201,0,0,0,0,0,0,2539770,13172060,0,10163240,202206.0
36,A13778208,0,0,0,0,0,0,1675830,6139140,0,2593810,202206.0
37,A13778210,0,0,0,0,0,0,3929890,13525100,0,6253270,202206.0
38,A13778205,0,0,0,0,0,0,6978940,46698980,398150,21870220,202206.0
39,A13778209,0,0,0,0,0,0,4619200,17955650,190,7909500,202206.0
40,A13778306,0,0,0,0,5310000,5310000,0,0,0,0,202206.0
41,A13778203,0,0,0,0,0,0,2329710,7100820,343320,3998680,202206.0
42,A13778202,0,0,0,0,0,0,2931590,17385100,746820,10159900,202206.0
43,A13778211,0,0,0,0,0,0,6617958,32660750,3700,11367060,202206.0
44,A13790002,0,0,0,0,0,0,1901160,6428780,186000,0,202206.0
45,A13778207,-582210,574080,0,0,0,0,2961658,11928040,762010,6618910,202206.0
46,A13790001,,,,,,,,,,,202206.0
47,A13778213,,,,,,,,,,,202206.0
48,A13778204,0,0,0,0,0,0,11408530,40865290,0,21771160,202206.0
49,A13703019,3317100,129880,0,0,0,7608000,8479690,27745070,-130,10081930,202206.0
50,A13790828,17735810,0,43520,0,0,15661066,12072370,67853420,462770,0,202206.0
51,A13703011,1607108,0,0,0,0,4919370,4922831,15936110,130,6243340,202206.0
52,A13703027,0,0,0,0,0,0,6847881,34420060,-2221000,18957720,202206.0
53,A13790709,1149820,0,0,0,3400180,0,12829792,0,5342720,0,202206.0
54,A13790717,-89980,1777160,0,0,0,3077500,1651910,8779720,719220,3096420,202206.0
55,A13790929,5401030,0,0,0,8129100,19355000,14914320,71087870,0,0,202206.0
56,A13790706,-62,1704772,0,0,0,2831646,2515353,9607850,138574,3338630,202206.0
57,A13790707,1069400,0,0,0,0,2973480,2070000,9376090,1401290,3827570,202206.0
58,A13790604,0,0,0,0,0,0,707000,2747500,91070,1742360,202206.0
59,A13790902,0,0,0,0,0,0,42900,1806210,0,0,202206.0
60,A13790722,3015850,0,0,0,0,11235000,3807488,27807190,1202600,9484550,202206.0
61,A13790701,-610,670500,0,0,0,2233680,1638410,5862880,518800,0,202206.0
62,A13790910,630740,0,0,0,0,4317900,2976920,9240850,1285000,4445420,202206.0
63,A13790612,1796270,0,0,0,0,5032830,-159443,13248990,570540,0,202206.0
64,A13790716,5820120,0,-1080600,1080600,-5222900,5222900,745010,15733300,1400180,5204590,202206.0
65,A13790713,0,0,2580,0,0,0,2704440,13094260,0,7336740,202206.0
66,A13790703,0,0,0,0,0,0,1602390,6337910,0,0,202206.0
67,A13779431,,,,,,,,,,,202206.0
68,A13790620,2230440,0,0,0,-2960,4126720,4451614,19704306,245050,2081700,202206.0
69,A13790714,1056040,0,0,0,0,6639000,3679170,13077560,0,6090830,202206.0
70,A13779432,,,,,,,,,,,202206.0
71,A10026004,3635020,449400,0,0,0,8113740,12727480,39088830,278150,11320830,202206.0
72,A10026227,4135210,4430,0,0,0,8172150,13547246,53205650,1614010,10737360,202206.0
73,A10026977,,,,,,,,,,,202206.0
74,A13790721,1131067,0,0,0,0,6505600,4042705,16201420,500000,5514410,202206.0
75,A10025418,3036160,345170,0,0,0,7959600,18696064,40175480,747350,9823720,202206.0
76,A10025381,,,,,,,,,,,202206.0
77,A13790726,-170,1271640,1421200,0,0,3909390,1757790,8686340,2139770,0,202206.0
78,A10023673,,,,,,,,,,,202206.0
79,A10024913,4513610,0,0,0,0,8929800,21280550,53902330,6550070,12366030,202206.0
80,A10027439,204840,215460,0,0,128130,17128540,19828290,69883550,524269,17555260,202206.0
81,A10023462,,,,,,,,,,,202206.0
82,A10023971,125970,125970,0,0,1575000,1575000,8951170,6564630,2408710,1833030,202206.0
83,A13770105,1144970,0,0,0,0,5190500,2113690,12204210,13077760,0,202206.0
84,A13704404,0,0,0,0,0,26995500,10446854,40793690,0,25356130,202206.0
85,A13780403,1000,3368460,0,0,0,4138400,2688666,16333110,171640,8668790,202206.0
86,A13776508,0,0,0,0,0,0,1075420,11078510,155970,4840220,202206.0
87,A13776301,6595400,0,0,0,0,17525640,36961940,74390490,1348500,20435210,202206.0
88,A13776510,3004600,64110,0,0,0,6936330,11312248,34179390,0,8605110,202206.0
89,A13780402,1633744,0,0,0,0,2355000,1165124,7893360,-192370,3809820,202206.0
90,A13704101,1326360,200000,0,0,0,2717380,1950570,10128750,0,3233090,202206.0
91,A13704104,27574510,0,0,0,0,45727200,65509520,335701240,0,74434810,202206.0
92,A13776509,18425090,0,0,0,0,40514360,52189380,233705320,5373850,57519060,202206.0
93,A13780201,0,0,0,0,0,0,7079978,0,0,0,202206.0
94,A10027205,0,0,0,0,0,20768000,44299610,131505170,975680,35241510,202206.0
95,A10026015,3899480,0,0,830400,0,10471450,17904505,62699590,259870,14636720,202206.0
96,A10026342,,,,,,,,,,,202206.0
97,A10025550,,,,,,,,,,,202206.0
98,A13704004,,,,,,,,,,,202206.0
99,A10026051,14824178,24090,0,3613460,-9885920,9836600,30213570,66797280,3982186,12298940,202206.0
100,A10024254,-1381720,118260,0,0,0,12285000,23751830,56176140,621420,13773730,202206.0
101,A10024646,,,,,,,,,,,202206.0
102,A13788208,6901410,0,0,0,330,17475270,10774051,74203150,-51390,24954300,202206.0
103,A13770610,0,0,0,0,0,0,9515633,24165850,51480,3515950,202206.0
104,A13707016,175500,0,0,0,0,0,5089420,0,60170,0,202206.0
105,A13788203,2886210,0,0,0,0,7292460,6909241,27766953,427130,3841320,202206.0
106,A13785705,1703580,0,0,0,4880330,0,3838181,13024440,2159040,0,202206.0
107,A13788002,-410,215790,0,0,0,6349200,3116222,14326400,-110910,7415770,202206.0
108,A13792001,16116370,0,0,0,0,48086500,8651139,125289420,3102740,40077760,202206.0
109,A13785607,5202580,0,0,0,0,14924670,18315136,78804270,0,21476530,202206.0
110,A13787105,0,0,0,0,0,0,2880410,9514570,0,4643270,202206.0
111,A13772801,1380590,0,0,0,0,3828000,3321830,10880360,747250,4605710,202206.0
112,A13770607,0,0,0,0,0,0,3181247,13877740,70330,3541110,202206.0
113,A13707006,0,0,0,0,0,0,904210,8346140,125980,2779070,202206.0
114,A13785604,0,4089300,0,0,0,8727000,1157193,27344500,0,11717010,202206.0
115,A13786704,0,0,0,0,0,0,1669574,7624250,0,4468400,202206.0
116,A13788003,2307210,0,0,0,0,3819200,3488578,13230860,0,6382700,202206.0
117,A13707017,,,,,,,,,,,202206.0
118,A13786601,1421120,0,0,0,170,3298390,3974780,11261790,260210,4146540,202206.0
119,A13770609,8252560,4660820,0,0,0,12624000,26897554,61909680,1260050,12850170,202206.0
120,A13775101,9646510,0,0,0,0,11454000,7327240,44420940,0,12311530,202206.0
121,A13786901,0,0,0,0,0,0,2560464,9943220,406230,3181620,202206.0
122,A13788201,0,0,0,272620,0,1922780,3386650,7475730,0,3428580,202206.0
123,A13707002,766020,0,0,0,0,1606080,2242880,4732240,308700,824250,202206.0
124,A13707009,2360100,318840,0,0,0,6948600,11340080,21526070,238150,7629690,202206.0
125,A10028146,0,0,0,0,2129740,3875950,8531302,21324240,528200,5552800,202206.0
126,A13786803,0,0,0,0,0,0,1872522,6243820,46440,1744970,202206.0
127,A13707019,,,,,,,,,,,202206.0
128,A13787102,0,0,0,0,0,0,1977250,0,0,0,202206.0
129,A13770606,,,,,,,,,,,202206.0
130,A13707018,,,,,,,,,,,202206.0
131,A10026941,5605440,100800,0,0,0,13104300,29050729,76059130,200910,16169540,202206.0
132,A10026317,,,,,,,,,,,202206.0
133,A10026411,3354820,0,0,0,5630,8604850,12889230,47048780,864920,11082630,202206.0
134,A10027221,81710,2582070,0,0,0,6804740,8581500,25852260,51460,5880550,202206.0
135,A10026972,,,,,,,,,,,202206.0
136,A10026340,,,,,,,,,,,202206.0
137,A10024987,,,,,,,,,,,202206.0
138,A10026337,,,,,,,,,,,202206.0
139,A10023644,,,,,,,,,,,202206.0
140,A10024240,8575160,716320,0,3163740,0,19562400,43920738,76011090,485310,22929020,202206.0
141,A10024687,,,,,,,,,,,202206.0
142,A10023688,,,,,,,,,,,202206.0
143,A10024552,7125220,170800,0,0,0,18128500,39730400,87509250,631070,23791670,202206.0
144,A10028021,0,0,0,0,0,0,12826279,37696030,190950,15096960,202206.0
145,A13718001,0,0,0,0,0,0,10193089,53852970,402370,23156820,202206.0
146,A13716001,0,0,1060,0,0,0,1560700,12385890,122520,4835370,202206.0
147,A10028105,0,0,0,0,0,0,3502093,16792340,205230,7211550,202206.0
148,A10028046,0,0,0,0,0,0,2497190,11599000,446950,4502160,202206.0
149,A13716002,0,0,5430,721640,0,0,5251080,25959480,66380,9623710,202206.0
150,A13716003,61730,0,0,0,0,0,25592806,0,9447310,0,202206.0
