,kaptCode,heatC,heatP,gasC,gasP,waterHotC,waterHotP,electC,electP,waterCoolC,waterCoolP,Date
0,A13782601,1526940,11942580,0,0,0,4350000,4018851,12023330,1440,4765290,202211.0
1,A13785302,0,0,0,0,0,0,4019055,18290590,244130,0,202211.0
2,A13706302,0,0,0,0,0,0,6136062,20637020,-1100,6833600,202211.0
3,A13706002,0,0,53190,0,0,0,2110670,0,939260,0,202211.0
4,A13785203,0,0,0,0,0,0,8375970,22058710,-640,12229220,202211.0
5,A13782602,0,0,0,0,11628192,11628192,4065400,27609970,2092220,9260840,202211.0
6,A13785301,0,0,0,0,0,0,16156650,13812830,5764040,5764040,202211.0
7,A13784907,50920860,0,448010,0,0,6831000,9473300,21708440,0,0,202211.0
8,A13783001,0,0,0,0,0,0,4512152,26162230,0,0,202211.0
9,A13782902,0,0,0,0,0,0,4237130,14484370,720,5252540,202211.0
10,A13784401,0,0,6620,0,0,0,518440,8745830,133290,3411210,202211.0
11,A13784102,0,0,0,0,0,0,5620250,17493530,0,4485730,202211.0
12,A13771601,0,0,0,0,0,0,7624721,32872370,252730,10007680,202211.0
13,A13785004,,,,,,,,,,,202211.0
14,A13785008,0,0,0,0,0,0,9879623,41809240,626340,11531050,202211.0
15,A13785005,2280,56965150,0,0,0,4862000,7155600,16972870,365990,8566400,202211.0
16,A13785201,0,0,0,0,0,0,4828330,19755100,55520,7794640,202211.0
17,A13706303,0,0,0,0,0,0,3226823,13746620,0,0,202211.0
18,A13785001,50,22471640,0,0,0,3208650,3998940,9860990,0,3993080,202211.0
19,A13782804,0,139130390,0,0,42130,5394750,15784500,65434260,1750790,13080590,202211.0
20,A13771001,0,0,0,0,0,0,21591010,44982930,553840,14385900,202211.0
21,A10025472,,,,,,,,,,,202211.0
22,A10027585,,,,,,,,,,,202211.0
23,A10025927,1794962,11044970,0,0,0,9037820,8868244,19595170,53640,6177730,202211.0
24,A10027016,,,,,,,,,,,202211.0
25,A10024171,5570350,24525810,0,0,0,22984920,23417334,43121170,1235000,11408460,202211.0
26,A10024942,,,,,,,,,,,202211.0
27,A13789002,0,0,0,0,0,0,627170,3419290,0,1739120,202211.0
28,A13713001,0,0,0,0,0,0,2777410,8510600,67730,4992200,202211.0
29,A13789201,0,0,0,0,0,0,1207230,5727620,0,0,202211.0
30,A13713002,0,0,0,0,0,0,4350550,15974460,306150,7284900,202211.0
31,A13789203,91021820,0,0,0,0,12909330,6100410,28453360,4022680,0,202211.0
32,A13790003,0,0,0,0,0,0,3317330,12005290,272070,5808010,202211.0
33,A13790004,62982810,0,0,0,0,12816900,3839615,17268900,575210,4957190,202211.0
34,A13778212,0,0,0,0,0,0,5670670,23064560,0,10019500,202211.0
35,A13778201,0,0,0,0,0,0,3374280,14739070,7612850,7731710,202211.0
36,A13778208,0,0,0,0,0,0,2317870,6776120,0,2560100,202211.0
37,A13778210,0,0,0,0,0,0,5002870,15285740,0,6616630,202211.0
38,A13778205,0,0,170250,0,0,0,5566700,55237850,407500,20090930,202211.0
39,A13778209,0,0,0,0,0,0,25904390,0,8137230,0,202211.0
40,A13778306,32624034,0,0,0,5227500,5227500,0,0,0,0,202211.0
41,A13778203,0,0,0,0,0,0,2722150,8603180,434100,3672550,202211.0
42,A13778202,0,0,0,0,0,0,6362610,19179360,1121060,9352470,202211.0
43,A13778211,0,0,0,0,0,0,8316557,34972470,454020,10712270,202211.0
44,A13790002,0,0,0,0,0,0,1521642,7599170,0,0,202211.0
45,A13778207,-514980,506570,0,0,0,0,4199725,12421210,174480,6824450,202211.0
46,A13790001,,,,,,,,,,,202211.0
47,A13778213,,,,,,,,,,,202211.0
48,A13778204,0,0,0,0,0,0,14046920,46784520,0,21964470,202211.0
49,A13703019,272200,26765700,0,0,0,10245440,17319270,23082480,-130,9812280,202211.0
50,A13790828,104157630,0,367970,0,0,17648542,11163690,62125370,0,0,202211.0
51,A13703011,1607070,17174040,0,0,0,7706400,6965675,14569360,-2470,5921130,202211.0
52,A13703027,0,0,0,0,0,0,7372616,37954930,-3271110,18739830,202211.0
53,A13790709,23434090,0,0,0,4636080,0,12935110,0,5698460,0,202211.0
54,A13790717,-476800,17191240,0,0,0,3172500,1818460,8217320,918940,2915660,202211.0
55,A13790929,127038440,0,0,0,8338050,19852500,13199520,69535350,750000,0,202211.0
56,A13790706,-3,17082283,0,0,0,3389904,2768749,8617450,913956,2857210,202211.0
57,A13790707,1104050,10572290,0,0,0,6580000,2714930,9448040,1846880,3406040,202211.0
58,A13790604,0,0,0,0,0,0,909473,3144860,1060,1753190,202211.0
59,A13790902,0,0,0,0,0,0,0,2142490,0,0,202211.0
60,A13790722,5730960,30287790,0,0,0,19164200,4025349,24694570,984950,8592410,202211.0
61,A13790701,-310,11793000,0,0,0,3420000,1763820,6688570,249000,0,202211.0
62,A13790910,2341950,11607940,0,0,0,5208000,3321350,10420620,1362500,3463310,202211.0
63,A13790612,24321620,0,0,0,0,4563180,1525186,13478050,484170,0,202211.0
64,A13790716,31104710,4408910,-1104600,1104600,-5338900,5338900,4191790,14725150,2382650,4687340,202211.0
65,A13790713,0,0,2950,0,0,0,3737540,13406630,0,6923760,202211.0
66,A13790703,0,0,0,0,0,0,1763890,6773080,277220,0,202211.0
67,A13779431,,,,,,,,,,,202211.0
68,A13790620,8591430,14181600,0,0,-380000,9139000,6380660,19044980,141470,2041600,202211.0
69,A13790714,26111630,0,0,0,0,8358300,3679950,11928560,0,5087190,202211.0
70,A13779432,,,,,,,,,,,202211.0
71,A10026004,3830260,13622660,0,0,0,18743400,14590440,29847730,648990,10070880,202211.0
72,A10026227,4135210,0,0,0,0,0,49114435,0,-656430,0,202211.0
73,A10026977,,,,,,,,,,,202211.0
74,A13790721,36191070,0,0,0,0,9188400,2968030,16455580,2278200,5311700,202211.0
75,A10025418,3051199,13645740,0,1255800,0,15068900,17441336,33425300,619350,9621250,202211.0
76,A10025381,,,,,,,,,,,202211.0
77,A13790726,-1010,20969640,0,0,0,5853960,2981710,8189000,354840,0,202211.0
78,A10023673,11404330,11050180,0,0,0,12977460,19538800,28602710,-245590,6895400,202211.0
79,A10024913,9314550,16093440,0,0,0,17304300,19624290,42764430,67000,11636340,202211.0
80,A10027439,703370,24689800,0,6266870,135100,34094950,21209603,56249587,326000,14722660,202211.0
81,A10023462,,,,,,,,,,,202211.0
82,A10023971,8303220,8303220,0,0,3181280,3181280,8532090,5825180,2296280,1544760,202211.0
83,A13770105,30446040,0,0,0,0,7402500,2830900,11981630,288955,0,202211.0
84,A13704404,3170,93492000,8318180,0,0,32409000,11493371,44660660,444560,25167480,202211.0
85,A13780403,640,35889020,0,0,0,4869200,4309099,14311290,-178600,8312720,202211.0
86,A13776508,0,0,0,0,0,0,2608040,8538870,23860,4799430,202211.0
87,A13776301,6595400,33223780,0,0,0,44047810,33052666,59050510,1869360,21985190,202211.0
88,A13776510,3004600,13937670,0,0,0,17143480,13000324,25689880,0,8892500,202211.0
89,A13780402,16972216,0,0,0,0,2747500,758856,8544280,-245100,3721570,202211.0
90,A13704101,1326360,11606030,0,0,0,2838500,2168980,9586840,0,3437110,202211.0
91,A13704104,27574510,148910810,0,0,0,145554000,65078649,270606620,0,55253140,202211.0
92,A13776509,18425090,119930800,0,0,0,92491120,62658270,205878340,1607590,53325140,202211.0
93,A13780201,0,0,0,0,0,0,6801970,0,0,0,202211.0
94,A10027205,0,49747140,0,0,0,49506360,54106280,127912500,201950,33960250,202211.0
95,A10026015,3985064,12497520,0,0,0,25140690,19687145,47126620,198389,13117440,202211.0
96,A10026342,,,,,,,,,,,202211.0
97,A10025550,,,,,,,,,,,202211.0
98,A13704004,,,,,,,,,,,202211.0
99,A10026051,29090069,23179180,0,0,-24034920,23936640,31639939,58755810,4332610,13663470,202211.0
100,A10024254,3401980,15038200,,,,,,,,,202211.0
101,A10024646,,,,,,,,,,,202211.0
102,A13788208,6909220,39335500,,,,,9290218,63527580,-166700,24130050,202211.0
103,A13770610,,,,,,,9900658,18552340,63340,3420480,202211.0
104,A13707016,658750,14576600,0,0,,,,,266100,9004570,202211.0
105,A13788203,6130220,33193170,,,,,7775368,25250700,,,202211.0
106,A13785705,,,,,12150760,2440320,6148682,13462250,3056820,0,202211.0
107,A13788002,-690,29289750,,,,,4539155,14986410,,,202211.0
108,A13792001,,,0,0,0,73170000,13052528,120784880,,,202211.0
109,A13785607,,,,,0,36271800,37189514,45031420,0,19604530,202211.0
110,A13787105,,,0,0,0,0,3122130,10850250,0,4560150,202211.0
111,A13772801,1380590,12850200,,,0,5533500,5079560,9712250,885910,3782220,202211.0
112,A13770607,,,0,0,,,6312562,11514290,,,202211.0
113,A13707006,,,,,0,0,,,46810,2553740,202211.0
114,A13785604,0,79824450,0,0,0,9765000,2356533,28004940,-950720,12195070,202211.0
115,A13786704,0,0,0,0,,,2764701,7526730,0,3573060,202211.0
116,A13788003,3307210,14521250,0,0,0,9096210,4013242,14567390,,,202211.0
117,A13707017,,,,,,,,,,,202211.0
118,A13786601,,,0,266470,0,4716600,,,232850,3901930,202211.0
119,A13770609,,,0,0,0,16302000,34606654,58776350,,,202211.0
120,A13775101,,,0,0,,,2343410,40521560,0,13154930,202211.0
121,A13786901,0,0,,,,,,,,,202211.0
122,A13788201,942980,10481090,0,0,,,3590560,8000640,0,3567600,202211.0
123,A13707002,765900,7779810,0,0,,,2670190,5627940,,,202211.0
124,A13707009,,,0,0,,,,,,,202211.0
125,A10028146,976200,9762050,,,2129740,8766200,,,,,202211.0
126,A13786803,0,0,,,0,0,,,,,202211.0
127,A13707019,,,,,,,,,,,202211.0
128,A13787102,0,0,0,0,0,0,2069110,0,,,202211.0
129,A13770606,,,,,,,,,,,202211.0
130,A13707018,,,,,,,,,,,202211.0
131,A10026941,5727941,20819109,0,0,,,23930110,58966000,1249140,15636950,202211.0
132,A10026317,,,,,,,,,,,202211.0
133,A10026411,5265160,19227230,0,0,,,12151445,36740910,33440,10590320,202211.0
134,A10027221,,,0,0,,,,,273280,5648320,202211.0
135,A10026972,,,,,,,,,,,202211.0
136,A10026340,,,,,,,,,,,202211.0
137,A10024987,,,,,,,,,,,202211.0
138,A10026337,,,,,,,,,,,202211.0
139,A10023644,,,,,,,,,,,202211.0
140,A10024240,12944630,33999550,0,0,0,35282000,45484114,78577580,0,22946150,202211.0
141,A10024687,,,,,,,,,,,202211.0
142,A10023688,,,,,,,,,,,202211.0
143,A10024552,31476970,9118770,0,0,5786000,34160500,40771525,80509790,296200,23281140,202211.0
144,A10028021,0,0,0,0,0,0,12587037,32419870,-1448360,15809580,202211.0
145,A13718001,0,0,0,0,0,0,14917499,61382620,995758,21852052,202211.0
146,A13716001,0,0,0,0,0,0,2981450,9930920,74260,4416990,202211.0
147,A10028105,0,0,0,0,0,0,3711845,15120780,0,6626840,202211.0
148,A10028046,0,0,0,0,0,0,2762830,13112760,336940,4370320,202211.0
149,A13716002,0,0,-163130,885960,0,0,4214350,25554620,-568450,10227170,202211.0
150,A13716003,263980,0,0,0,0,0,25693158,0,8929360,0,202211.0
