,kaptCode,heatC,heatP,gasC,gasP,waterHotC,waterHotP,electC,electP,waterCoolC,waterCoolP,Date
0,A13782601,1525720,640290,0,0,0,4407000,3281120,10623670,850,4674520,202205.0
1,A13785302,0,0,0,0,0,0,3466430,15710970,333470,0,202205.0
2,A13706302,0,0,0,0,0,0,4787889,17260940,-1280,7086070,202205.0
3,A13706002,0,0,0,0,0,0,1720300,0,971640,0,202205.0
4,A13785203,0,0,0,0,0,0,7755280,18467440,680,13446750,202205.0
5,A13782602,0,0,0,0,11455740,11455740,2704843,25413730,2040440,9492660,202205.0
6,A13785301,0,0,0,0,0,0,13573655,0,6375590,0,202205.0
7,A13784907,14161930,0,70660,0,0,6894000,6209160,18301420,0,0,202205.0
8,A13783001,0,0,0,0,0,0,4074992,23340250,0,0,202205.0
9,A13782902,0,0,0,0,0,0,2149320,14318770,-1380,5445640,202205.0
10,A13784401,0,0,22050,0,0,0,234800,7991230,-83170,3673420,202205.0
11,A13784102,0,0,0,0,0,0,3787589,15510250,0,4391700,202205.0
12,A13771601,0,0,0,0,0,0,7042886,30542660,742080,9574930,202205.0
13,A13785004,15025470,0,0,0,-5336000,5336000,1092450,11070370,-478630,5761520,202205.0
14,A13785008,0,0,0,0,0,0,10746878,31377990,1481130,11428760,202205.0
15,A13785005,960,13166560,0,0,0,5280000,4745350,14404700,0,9028640,202205.0
16,A13785201,0,0,0,0,0,0,4204840,19109980,55880,9064820,202205.0
17,A13706303,0,0,0,0,0,0,3300091,10594520,436800,0,202205.0
18,A13785001,-740,4227840,0,0,0,3695550,2644510,8001880,0,4060160,202205.0
19,A13782804,0,27229230,0,0,49800,4704730,4660580,34168580,1329900,13270330,202205.0
20,A13771001,0,0,0,0,0,0,11673290,52552950,193790,14365680,202205.0
21,A10025472,,,,,,,,,,,202205.0
22,A10027585,,,,,,,,,,,202205.0
23,A10025927,1794962,988660,0,0,0,6418750,5723749,18714760,99030,6132340,202205.0
24,A10027016,,,,,,,,,,,202205.0
25,A10024171,-13630,2338830,0,0,0,12126000,14515046,40781770,-21650,12347180,202205.0
26,A10024942,,,,,,,,,,,202205.0
27,A13789002,0,0,0,0,0,0,171830,2624900,0,1651710,202205.0
28,A13713001,0,0,0,0,0,0,1818070,7486100,31520,5164020,202205.0
29,A13789201,0,0,0,0,0,0,4115000,4432500,0,0,202205.0
30,A13713002,0,0,0,0,0,0,3709240,13762160,208280,7826230,202205.0
31,A13789203,13493510,0,0,0,0,13461750,5365950,24093370,5567270,0,202205.0
32,A13790003,0,0,0,0,0,0,1846570,8943670,0,6464590,202205.0
33,A13790004,1869310,0,0,0,0,13888500,3280890,15082440,828040,5637520,202205.0
34,A13778212,0,0,0,0,0,0,4573150,19974170,0,10380835,202205.0
35,A13778201,0,0,0,0,0,0,2417690,12814700,0,8017400,202205.0
36,A13778208,0,0,0,0,0,0,1908490,5689320,0,2526130,202205.0
37,A13778210,0,0,0,0,0,0,3741770,13298850,0,6984570,202205.0
38,A13778205,0,0,80510,0,0,0,6939500,45504750,377880,20739550,202205.0
39,A13778209,0,0,0,0,0,0,21784210,0,7793170,0,202205.0
40,A13778306,6944470,0,0,0,6765000,6765000,0,0,0,0,202205.0
41,A13778203,0,0,0,0,0,0,2374750,6960700,307150,3862140,202205.0
42,A13778202,0,0,0,0,0,0,3252720,16134020,1065130,9519560,202205.0
43,A13778211,0,0,0,0,0,0,6635726,32368790,497170,10973200,202205.0
44,A13790002,0,0,0,0,0,0,1906530,6269050,0,0,202205.0
45,A13778207,-484070,477500,0,0,0,0,3683116,10445840,383720,6281550,202205.0
46,A13790001,,,,,,,,,,,202205.0
47,A13778213,,,,,,,,,,,202205.0
48,A13778204,0,0,0,0,0,0,11275810,41254030,0,21047920,202205.0
49,A13703019,3435010,1557780,0,0,0,9458750,7667470,24359710,0,10755900,202205.0
50,A13790828,34476950,0,249850,0,0,16894690,10145510,54555540,0,0,202205.0
51,A13703011,1607168,1131460,0,0,0,6615000,4051876,14488670,0,6404570,202205.0
52,A13703027,0,0,0,0,0,0,7196414,31210010,-2221660,19602940,202205.0
53,A13790709,2428025,0,0,0,3334620,0,10456090,0,4432160,0,202205.0
54,A13790717,-145310,2207040,0,0,0,3440000,1044820,6858280,604610,2925790,202205.0
55,A13790929,13792740,0,0,0,8363250,19912500,9385090,62474310,451470,0,202205.0
56,A13790706,152,5271028,0,0,0,2757660,1934220,8017880,1349800,2687390,202205.0
57,A13790707,1728750,1275120,0,0,0,3181830,2188860,7721780,1826260,3371340,202205.0
58,A13790604,0,0,0,0,0,0,639980,2462860,212720,1603270,202205.0
59,A13790902,0,0,0,0,0,0,38250,1638210,0,0,202205.0
60,A13790722,3328260,1448200,0,0,0,13385900,2997798,21820360,1359800,9295760,202205.0
61,A13790701,730890,738000,0,0,2892200,2885220,7123420,5602220,518800,0,202205.0
62,A13790910,1254500,727150,0,0,0,4565800,2500160,9052490,1467500,3502510,202205.0
63,A13790612,3621900,0,0,0,0,5263110,-113726,11894900,481850,0,202205.0
64,A13790716,7146320,0,-1168800,1168800,-5649200,5649200,618900,12241710,3091090,4597020,202205.0
65,A13790713,0,0,3930,0,0,0,3636360,11334760,0,7069970,202205.0
66,A13790703,0,0,0,0,0,0,1387880,5759680,102920,0,202205.0
67,A13779431,,,,,,,,,,,202205.0
68,A13790620,2230440,0,0,0,-1890,5921280,2721900,16684510,245750,2462000,202205.0
69,A13790714,2560430,0,0,0,0,7963650,3741860,10779330,0,5164640,202205.0
70,A13779432,,,,,,,,,,,202205.0
71,A10026004,3695260,1642200,0,0,0,11083330,8778160,29253890,648960,11453830,202205.0
72,A10026227,4135210,241340,0,0,0,11413780,9055715,36000700,2132010,10989600,202205.0
73,A10026977,,,,,,,,,,,202205.0
74,A13790721,4727776,0,0,0,0,7706400,2550736,14096110,300000,5133400,202205.0
75,A10025418,2982760,957960,0,1065460,0,10472400,12826698,33148500,1471400,9440140,202205.0
76,A10025381,,,,,,,,,,,202205.0
77,A13790726,80,2004120,0,0,0,5284020,2226660,7034300,33710,0,202205.0
78,A10023673,,,,,,,,,,,202205.0
79,A10024913,4580370,971450,0,0,0,12948000,14053770,42598700,5053520,12845350,202205.0
80,A10027439,1323093,1424880,0,5146720,70200,21361090,14567530,55067030,1293380,16962710,202205.0
81,A10023462,,,,,,,,,,,202205.0
82,A10023971,133000,133000,0,0,3006000,3006000,7609110,5907550,2466670,1761070,202205.0
83,A13770105,1765490,0,0,0,0,6625500,2183930,9480530,2511590,0,202205.0
84,A13704404,-7350,4712400,6595280,0,0,32845500,8615538,37546570,0,26357920,202205.0
85,A13780403,320,9214700,0,0,0,4754400,3070469,13441240,654030,8360290,202205.0
86,A13776508,0,0,0,0,0,0,2160210,7738990,19540,4881630,202205.0
87,A13776301,6924060,1878970,0,0,0,23802420,18770028,66875320,733990,18487320,202205.0
88,A13776510,3004600,1127570,0,0,0,9332480,13488556,24531720,0,9591290,202205.0
89,A13780402,3864108,0,0,0,0,2632500,891149,6945570,410200,3687650,202205.0
90,A13704101,1326360,1445000,0,0,0,3078690,1347590,8634030,0,4000040,202205.0
91,A13704104,27574510,11943870,0,0,0,85056000,52748934,261657490,3415800,77159550,202205.0
92,A13776509,18425090,10411200,0,0,0,57530070,50270450,184777200,1610710,58576980,202205.0
93,A13780201,0,0,0,0,0,0,6038498,0,0,0,202205.0
94,A10027205,0,2316260,0,0,0,30080610,34539010,112744530,3025270,33862770,202205.0
95,A10026015,3945020,717310,0,0,0,15607900,11849506,48190710,194250,14628070,202205.0
96,A10026342,,,,,,,,,,,202205.0
97,A10025550,,,,,,,,,,,202205.0
98,A13704004,,,,,,,,,,,202205.0
99,A10026051,20061278,2090720,0,0,-15120600,15045550,26943990,55242620,1911443,11740090,202205.0
100,A10024254,615110,1582640,0,4108270,0,14619150,21671760,45357030,-546110,13958650,202205.0
101,A10024646,,,,,,,,,,,202205.0
102,A13788208,6902380,1172130,0,0,0,28254650,13029058,59963420,-213220,25491890,202205.0
103,A13770610,0,0,0,0,0,0,7468416,18555200,55840,3425490,202205.0
104,A13707016,249420,0,0,0,0,0,4377400,0,48170,0,202205.0
105,A13788203,2896090,0,0,0,0,9883800,4905146,23357800,506880,4566920,202205.0
106,A13785705,1544280,1250280,0,0,9690120,0,4618788,12014990,2594850,0,202205.0
107,A13788002,-930,1713090,0,0,0,7062900,2917100,12679090,601130,7698930,202205.0
108,A13792001,22084080,15535800,0,0,0,52069500,4592824,113830690,5353620,35053600,202205.0
109,A13785607,5367390,2514850,0,0,0,22587150,16328164,58338380,0,21400450,202205.0
110,A13787105,0,0,0,0,0,0,3327790,9091620,0,4726390,202205.0
111,A13772801,1380590,1346400,0,0,766500,4599000,4509160,8310310,883530,4309590,202205.0
112,A13770607,0,0,0,0,0,0,2775659,12824740,476190,2993710,202205.0
113,A13707006,0,0,0,0,0,0,1399340,5308680,63950,2331020,202205.0
114,A13785604,0,9977250,0,0,0,9234000,1354294,23483700,594800,11519880,202205.0
115,A13786704,0,0,0,0,0,0,2319155,6571020,0,3450100,202205.0
116,A13788003,2707210,1018300,0,0,0,5330570,3538555,12842260,0,6113600,202205.0
117,A13707017,,,,,,,,,,,202205.0
118,A13786601,1421120,873000,0,0,916580,3586700,3471470,10193610,275760,3899150,202205.0
119,A13770609,8456120,18298800,0,0,0,15560000,24807871,52947700,-819270,13658110,202205.0
120,A13775101,17126010,0,0,0,0,13041000,4839890,33240410,0,13070010,202205.0
121,A13786901,0,0,0,0,0,0,2267306,9278150,1198580,2276260,202205.0
122,A13788201,3769870,847440,-282130,282130,-2826900,2826900,2974030,6811580,31510,3546120,202205.0
123,A13707002,765880,260500,0,0,0,2760330,1737900,5057150,119960,956550,202205.0
124,A13707009,2703990,1179860,0,0,0,8793960,10295374,16638990,506290,7773030,202205.0
125,A10028146,25720,255550,0,0,2129740,5809700,8235429,16411180,109890,4589880,202205.0
126,A13786803,0,0,0,0,0,0,1684617,5688190,423930,1359390,202205.0
127,A13707019,,,,,,,,,,,202205.0
128,A13787102,0,0,0,0,0,0,1443090,0,0,0,202205.0
129,A13770606,,,,,,,,,,,202205.0
130,A13707018,,,,,,,,,,,202205.0
131,A10026941,5592210,1194160,0,0,0,21229040,18753825,58277860,1531020,16054940,202205.0
132,A10026317,,,,,,,,,,,202205.0
133,A10026411,4199260,1158640,0,0,12300,11260800,8196810,35174370,1401060,11234620,202205.0
134,A10027221,336730,3353620,0,0,0,8828440,6637570,22193050,268340,4473110,202205.0
135,A10026972,,,,,,,,,,,202205.0
136,A10026340,,,,,,,,,,,202205.0
137,A10024987,,,,,,,,,,,202205.0
138,A10026337,,,,,,,,,,,202205.0
139,A10023644,,,,,,,,,,,202205.0
140,A10024240,11727030,3177880,0,0,0,24769000,37247676,68346350,595010,23721130,202205.0
141,A10024687,,,,,,,,,,,202205.0
142,A10023688,,,,,,,,,,,202205.0
143,A10024552,7125220,1729700,0,0,0,23622410,27085260,71923090,3111390,24430730,202205.0
144,A10028021,0,0,0,0,0,0,9469072,28658900,232277,14161083,202205.0
145,A13718001,0,0,0,0,0,0,9385321,52059220,65330,24731660,202205.0
146,A13716001,0,0,1160,0,0,0,1130320,8507450,117890,4745590,202205.0
147,A10028105,0,0,0,0,0,0,1326060,13592950,539640,7265730,202205.0
148,A10028046,0,0,0,0,0,0,1729740,11801590,834200,4624860,202205.0
149,A13716002,0,0,2020,709140,0,0,3143580,20430310,444110,9618240,202205.0
150,A13716003,124790,0,0,717970,0,0,20712420,22017820,9750550,8901270,202205.0
