,kaptCode,heatC,heatP,gasC,gasP,waterHotC,waterHotP,electC,electP,waterCoolC,waterCoolP,Date
0,A13782601,1526076,0,0,0,2714,2310280,1971395,18776100,-2190,4813560,202207.0
1,A13785302,0,0,0,0,0,0,7614426,24349480,586090,0,202207.0
2,A13706302,0,0,0,0,0,0,5165158,29540210,-1360,7400130,202207.0
3,A13706002,0,0,0,0,0,0,1975760,0,1082040,0,202207.0
4,A13785203,0,0,0,0,0,0,9566990,30175690,-1030,13516060,202207.0
5,A13782602,0,0,0,0,8261272,8261272,4898953,49837570,2091430,9834420,202207.0
6,A13785301,0,0,0,0,0,0,21096416,0,6407390,0,202207.0
7,A13784907,9607390,0,11940,0,0,4929000,11326470,31105590,0,0,202207.0
8,A13783001,0,0,0,0,0,0,145860,42950400,0,0,202207.0
9,A13782902,0,0,0,0,0,0,2444140,23422160,1370,5959900,202207.0
10,A13784401,0,0,9570,0,0,0,-314329,14140160,-93110,3743390,202207.0
11,A13784102,0,0,0,0,0,0,7211198,24645700,0,4362880,202207.0
12,A13771601,0,0,0,0,0,0,9880934,38766120,1069710,10159220,202207.0
13,A13785004,6923398,0,0,0,-3268000,3268000,1413360,10836210,-4075600,5517980,202207.0
14,A13785008,0,0,0,0,0,0,18134499,54469330,1082760,12124850,202207.0
15,A13785005,-470,6180680,0,0,0,3753750,7716970,23670260,0,9384750,202207.0
16,A13785201,0,0,0,0,0,0,3228310,26579010,70500,8808350,202207.0
17,A13706303,0,0,0,0,0,0,1072497,19554350,0,0,202207.0
18,A13785001,-660,3003080,0,0,0,2298650,2604840,12328750,0,4569250,202207.0
19,A13782804,0,3990360,0,0,103910,13547620,9098880,63782060,1196150,14850230,202207.0
20,A13771001,0,0,0,0,0,0,158217890,0,15395150,0,202207.0
21,A10025472,,,,,,,,,,,202207.0
22,A10027585,,,,,,,,,,,202207.0
23,A10025927,1794962,156530,0,0,0,4333510,11887818,33729900,345700,6144850,202207.0
24,A10027016,,,,,,,,,,,202207.0
25,A10024171,0,247000,0,0,0,8136000,25961924,75516010,139480,12712480,202207.0
26,A10024942,,,,,,,,,,,202207.0
27,A13789002,0,0,0,0,0,0,-134470,5281670,0,2006500,202207.0
28,A13713001,0,0,0,0,0,0,2419610,12468180,38670,5127720,202207.0
29,A13789201,0,0,0,0,0,0,0,7381600,0,0,202207.0
30,A13713002,0,0,0,0,0,0,3564660,16713720,208700,7920700,202207.0
31,A13789203,3716080,0,0,0,0,7884540,5149570,30161740,3865350,0,202207.0
32,A13790003,0,0,0,0,0,0,766640,15827980,0,5694100,202207.0
33,A13790004,0,0,0,0,-294790,8940470,4901620,22454960,698200,5757430,202207.0
34,A13778212,0,0,0,0,0,0,6696180,26068830,0,9945330,202207.0
35,A13778201,0,0,0,0,0,0,3062020,19893210,0,8775410,202207.0
36,A13778208,0,0,0,0,0,0,1638490,9781070,0,2563900,202207.0
37,A13778210,0,0,0,0,0,0,7120830,20789460,0,6253270,202207.0
38,A13778205,0,0,0,0,0,0,6687070,72186770,432500,22457770,202207.0
39,A13778209,0,0,0,0,0,0,32832810,0,8150250,0,202207.0
40,A13778306,0,0,0,0,4057500,4057500,0,0,0,0,202207.0
41,A13778203,0,0,0,0,0,0,1908380,8842780,314510,3949080,202207.0
42,A13778202,0,0,0,0,0,0,5186860,25767100,678700,10517300,202207.0
43,A13778211,0,0,0,0,0,0,11003445,39288080,241110,9792860,202207.0
44,A13790002,0,0,0,0,0,0,2133820,8890370,0,0,202207.0
45,A13778207,-582470,569440,0,0,0,0,5195196,17212890,771370,6655810,202207.0
46,A13790001,,,,,,,,,,,202207.0
47,A13778213,,,,,,,,,,,202207.0
48,A13778204,0,0,0,0,0,0,12909120,48714410,0,21840590,202207.0
49,A13703019,3308110,0,0,0,0,6934500,10247360,47699080,-90,10216700,202207.0
50,A13790828,19120550,0,2130,0,0,11407208,23889750,98101860,0,0,202207.0
51,A13703011,1607108,0,0,0,0,4564350,6271612,26500000,40,5972290,202207.0
52,A13703027,0,0,0,0,0,0,8382863,53535080,1492000,20534320,202207.0
53,A13790709,1168190,0,0,0,3089090,0,19136960,0,5139450,0,202207.0
54,A13790717,-71600,1803560,0,0,0,2610000,1683170,13609870,780970,3382000,202207.0
55,A13790929,9611400,0,0,0,5867400,13970000,20997040,106672410,0,0,202207.0
56,A13790706,-6,1944136,0,0,0,2115327,3050497,15667390,588083,3292140,202207.0
57,A13790707,1064630,0,0,0,0,2760450,3114730,14661700,1200230,3935550,202207.0
58,A13790604,0,0,0,0,0,0,363950,5367220,148500,1842410,202207.0
59,A13790902,0,0,0,0,0,0,50490,3150590,0,0,202207.0
60,A13790722,4402890,0,0,0,0,9917600,4301008,44254700,1304400,10393890,202207.0
61,A13790701,380,667500,0,0,0,1021700,1332930,9492280,505850,0,202207.0
62,A13790910,1484420,0,0,0,0,3280000,3674690,13963210,865000,4287530,202207.0
63,A13790612,2836620,0,0,0,0,3987480,-778563,21702110,851100,0,202207.0
64,A13790716,5400140,0,-852000,852000,-4118000,4118000,179080,23809320,1696340,5395250,202207.0
65,A13790713,0,0,1100,0,0,0,2599960,20619970,0,7215040,202207.0
66,A13790703,0,0,0,0,0,0,1939120,9688770,416660,0,202207.0
67,A13779431,,,,,,,,,,,202207.0
68,A13790620,2230440,0,0,0,5470,3701520,4964880,32729540,342750,1984000,202207.0
69,A13790714,2399310,0,0,0,0,5613000,6319180,19200320,0,5631670,202207.0
70,A13779432,,,,,,,,,,,202207.0
71,A10026004,3632060,201000,0,0,0,7224840,17837470,72499570,383500,11308110,202207.0
72,A10026227,4135210,3800,0,0,0,7811770,16802314,88618490,881320,11252800,202207.0
73,A10026977,,,,,,,,,,,202207.0
74,A13790721,1748371,0,0,0,0,5339000,6382520,24753700,1335800,6102140,202207.0
75,A10025418,3051199,84560,0,1164180,0,7395930,19498966,73938800,284750,10549560,202207.0
76,A10025381,,,,,,,,,,,202207.0
77,A13790726,350,1270920,0,0,0,3451860,2242550,12855930,862800,0,202207.0
78,A10023673,,,,,,,,,,,202207.0
79,A10024913,4513610,0,0,0,0,8786200,26587050,86777010,5433460,13015230,202207.0
80,A10027439,109630,48720,0,5548340,49550,15777150,21921302,107424268,827340,17348020,202207.0
81,A10023462,,,,,,,,,,,202207.0
82,A10023971,26610,26610,0,0,1367100,1367100,12908500,9491260,2441340,1925020,202207.0
83,A13770105,736800,0,0,0,0,4704000,4004460,18245880,2233310,0,202207.0
84,A13704404,0,0,6502840,0,0,24201000,9266596,66643750,0,28630340,202207.0
85,A13780403,150,3776320,0,0,0,3480400,4971771,24266100,248400,9170050,202207.0
86,A13776508,0,0,0,0,0,0,4309380,14346820,99090,4847390,202207.0
87,A13776301,6595400,0,0,0,0,16216850,45522331,137842020,1996250,21403210,202207.0
88,A13776510,3004600,2310,0,0,0,6058340,1554681,72481620,0,8771830,202207.0
89,A13780402,1850017,0,0,0,0,2122500,1299448,12196520,102270,4032080,202207.0
90,A13704101,1326360,0,0,0,0,2655020,2175130,15313380,0,3613030,202207.0
91,A13704104,27574510,0,0,0,0,41852790,92121969,606383000,0,76122900,202207.0
92,A13776509,18425090,0,0,0,0,38517000,39415050,424835420,0,57029700,202207.0
93,A13780201,0,0,0,0,0,0,9313899,0,0,0,202207.0
94,A10027205,0,0,0,0,0,19711500,59385070,219455920,2195080,34473170,202207.0
95,A10026015,3907540,0,0,0,0,10053380,20515779,102679150,242130,15007180,202207.0
96,A10026342,,,,,,,,,,,202207.0
97,A10025550,,,,,,,,,,,202207.0
98,A13704004,,,,,,,,,,,202207.0
99,A10026051,14108198,0,0,0,-9169460,9124760,31623589,107007260,6234290,12608840,202207.0
100,A10024254,13642130,56940,0,4314920,0,10524150,35460270,81445530,532030,14067110,202207.0
101,A10024646,,,,,,,,,,,202207.0
102,A13788208,6901410,0,0,0,-380,16401910,7447786,119512280,-711030,26097520,202207.0
103,A13770610,0,0,0,0,0,0,16112606,49428330,-16810,3562780,202207.0
104,A13707016,164460,0,0,0,0,5248980,5957240,44232600,163920,9599700,202207.0
105,A13788203,2892410,0,0,0,0,6818040,8590841,46291064,426830,3841620,202207.0
106,A13785705,1707280,0,0,0,4634280,0,3921360,21040320,1765440,0,202207.0
107,A13788002,980,538690,0,0,0,5339100,2261601,21931450,62820,7667190,202207.0
108,A13792001,17832400,0,0,0,0,39767000,8523746,222758580,2421490,40083710,202207.0
109,A13785607,5202580,0,0,0,0,13991300,31172256,88650650,0,22359230,202207.0
110,A13787105,0,0,0,0,0,0,3049730,11453790,0,4837230,202207.0
111,A13772801,1380590,0,0,0,0,3240000,6785500,16237600,667100,4815180,202207.0
112,A13770607,0,0,0,0,0,0,3982486,21717940,75610,3485160,202207.0
113,A13707006,0,0,0,0,0,0,0,15003430,-1150,2576370,202207.0
114,A13785604,0,5843850,0,0,0,6468000,1916720,46045900,0,12121560,202207.0
115,A13786704,0,0,0,0,0,0,2369685,11826990,0,4367250,202207.0
116,A13788003,2307210,0,0,0,0,3337300,4160077,17719650,0,6228690,202207.0
117,A13707017,,,,,,,,,,,202207.0
118,A13786601,1421120,0,0,0,590,3241980,4925490,16457340,195230,4095600,202207.0
119,A13770609,7632240,0,0,0,0,10152800,31986139,110480110,249800,13731330,202207.0
120,A13775101,9158870,0,0,0,0,9729000,4942170,62143930,0,14509730,202207.0
121,A13786901,0,0,0,0,0,0,3147484,16132050,425550,3130020,202207.0
122,A13788201,0,0,0,302490,0,1730640,3937590,12138640,0,3936170,202207.0
123,A13707002,766000,0,0,0,0,1442040,2335760,7917400,512400,620550,202207.0
124,A13707009,2342230,271950,0,0,0,6448080,12571923,34597520,552290,7768180,202207.0
125,A10028146,0,0,0,0,2129740,3799760,7843179,36796200,66730,5426510,202207.0
126,A13786803,0,0,0,0,0,0,2297799,10382980,222370,1779250,202207.0
127,A13707019,,,,,,,,,,,202207.0
128,A13787102,0,0,0,0,0,0,2103060,16908020,0,3489470,202207.0
129,A13770606,,,,,,,,,,,202207.0
130,A13707018,,,,,,,,,,,202207.0
131,A10026941,5611010,0,0,0,0,11125800,33881281,122027443,1924770,16691630,202207.0
132,A10026317,,,,,,,,,,,202207.0
133,A10026411,3354820,0,0,0,3998,7013150,15878760,77286300,912970,11182220,202207.0
134,A10027221,154740,2278520,0,0,0,6029660,12182440,44791640,283880,6519660,202207.0
135,A10026972,,,,,,,,,,,202207.0
136,A10026340,,,,,,,,,,,202207.0
137,A10024987,,,,,,,,,,,202207.0
138,A10026337,,,,,,,,,,,202207.0
139,A10023644,,,,,,,,,,,202207.0
140,A10024240,8575160,502720,0,0,0,16700800,58207710,128968250,0,24180920,202207.0
141,A10024687,,,,,,,,,,,202207.0
142,A10023688,,,,,,,,,,,202207.0
143,A10024552,7125220,9100,0,0,0,16701450,51805440,133264820,3984610,24620850,202207.0
144,A10028021,0,0,0,0,0,0,19121816,50210540,210580,15159710,202207.0
145,A13718001,0,0,0,0,0,0,19956340,76931580,402790,24616380,202207.0
146,A13716001,0,0,1100,0,0,0,706690,15627870,73180,5027170,202207.0
147,A10028105,0,0,0,0,0,0,1874404,24437570,314030,7572070,202207.0
148,A10028046,0,0,0,0,0,0,5033640,17775120,350250,4785170,202207.0
149,A13716002,0,0,27610,842540,0,0,8335000,34380410,54480,9625110,202207.0
150,A13716003,38470,0,0,0,0,0,40430715,0,9942190,0,202207.0
