,kaptCode,heatC,heatP,gasC,gasP,waterHotC,waterHotP,electC,electP,waterCoolC,waterCoolP,Date
0,A13782601,1526076,0,0,0,2304,2693480,2713036,14364090,-1800,4881610,202209.0
1,A13785302,0,0,0,0,0,0,1343528,19690240,388590,0,202209.0
2,A13706302,0,0,0,0,0,0,5959553,23550070,-7020,7045310,202209.0
3,A13706002,0,0,0,0,0,0,2209450,0,1005610,0,202209.0
4,A13785203,0,0,0,0,0,0,6648960,23966990,-310,12771780,202209.0
5,A13782602,0,0,0,0,9246712,9246712,2869615,28236830,2080900,9847740,202209.0
6,A13785301,0,0,0,0,0,0,16506554,0,6025750,0,202209.0
7,A13784907,9184920,0,19710,0,0,5268000,6481540,19966110,0,0,202209.0
8,A13783001,0,0,0,0,0,0,2974872,32077410,0,0,202209.0
9,A13782902,0,0,0,0,0,0,2374370,18526060,1980,5854660,202209.0
10,A13784401,0,0,8410,0,0,0,166670,8607120,-37480,3458590,202209.0
11,A13784102,0,0,0,0,0,0,4705923,18835480,0,4391250,202209.0
12,A13771601,0,0,0,0,0,0,9834954,60791576,116240,10404450,202209.0
13,A13785004,9449518,0,0,0,-1528000,1528000,2972430,3984800,271800,1765600,202209.0
14,A13785008,0,0,0,0,0,0,6558566,44300320,934420,11962500,202209.0
15,A13785005,30,7944990,0,0,0,3709750,4343710,17189640,0,8979690,202209.0
16,A13785201,0,0,0,0,0,0,4486570,34657710,60330,9009560,202209.0
17,A13706303,0,0,0,0,0,0,2009861,13899180,0,0,202209.0
18,A13785001,-80,4243700,0,0,0,2571650,2103950,10623610,0,4523660,202209.0
19,A13782804,0,3985860,0,0,92360,19342410,5899620,42684910,2568000,14174970,202209.0
20,A13771001,0,0,0,0,0,0,11873370,62040810,756420,15121930,202209.0
21,A10025472,,,,,,,,,,,202209.0
22,A10027585,,,,,,,,,,,202209.0
23,A10025927,1794962,0,0,0,0,4677290,7452552,21211010,-112940,6233200,202209.0
24,A10027016,,,,,,,,,,,202209.0
25,A10024171,4113700,332350,0,0,0,11484800,16268107,46845040,-76830,11806460,202209.0
26,A10024942,,,,,,,,,,,202209.0
27,A13789002,0,0,0,0,0,0,-76770,4889910,0,1943080,202209.0
28,A13713001,0,0,0,0,0,0,2492320,10585530,52000,4672010,202209.0
29,A13789201,0,0,0,0,0,0,911000,6630140,0,0,202209.0
30,A13713002,0,0,0,0,0,0,5434550,23997220,398560,7395150,202209.0
31,A13789203,7953860,0,0,0,0,10281150,2957570,39779420,3298460,0,202209.0
32,A13790003,0,0,0,0,0,0,2926130,12340550,344450,6129760,202209.0
33,A13790004,0,0,0,0,-210980,12099200,3488093,20103660,732060,5588440,202209.0
34,A13778212,0,0,0,0,0,0,6205160,23642060,0,10193340,202209.0
35,A13778201,0,0,0,0,0,0,2240550,16909190,0,7162580,202209.0
36,A13778208,0,0,0,0,0,0,2099340,9029770,0,2720540,202209.0
37,A13778210,0,0,0,0,0,0,5436810,17920340,0,6888900,202209.0
38,A13778205,0,0,0,0,0,0,6550970,61404230,326400,20605240,202209.0
39,A13778209,0,0,0,0,0,0,29000860,0,8038180,0,202209.0
40,A13778306,2436524,0,0,0,4957500,4957500,0,0,0,0,202209.0
41,A13778203,0,0,0,0,0,0,2025130,12220880,555950,3754820,202209.0
42,A13778202,0,0,0,0,0,0,4456920,23212250,456920,9655370,202209.0
43,A13778211,0,0,0,0,0,0,12891926,59641230,59010,11348430,202209.0
44,A13790002,0,0,0,0,0,0,866901,8488770,0,0,202209.0
45,A13778207,-590900,581910,0,0,0,0,3638561,15141360,935790,6799970,202209.0
46,A13790001,,,,,,,,,,,202209.0
47,A13778213,,,,,,,,,,,202209.0
48,A13778204,0,0,0,0,0,0,22876560,64400650,0,20945870,202209.0
49,A13703019,239490,0,0,0,0,6528890,11998370,31598020,-720,9722990,202209.0
50,A13790828,16507360,0,2890,0,0,11298166,8007540,69514690,0,0,202209.0
51,A13703011,1607108,0,0,0,272,4854510,4089829,22857240,-2590,6028620,202209.0
52,A13703027,0,0,0,0,0,0,3674367,45494920,-258110,19194470,202209.0
53,A13790709,1168190,0,0,0,3654470,0,11648649,0,5009110,0,202209.0
54,A13790717,-47290,1320880,0,0,0,2567500,1021850,9025340,330560,3444270,202209.0
55,A13790929,8884620,0,0,0,7142100,17005000,8506920,73795050,0,0,202209.0
56,A13790706,68,1231782,0,0,0,2471805,1737748,9646060,163995,3339120,202209.0
57,A13790707,1067130,0,0,0,0,3159450,1714350,10512940,1223320,3878760,202209.0
58,A13790604,0,0,0,0,0,0,903330,4146420,189760,1906990,202209.0
59,A13790902,0,0,0,0,0,0,0,2606700,0,0,202209.0
60,A13790722,3074560,0,0,0,0,10735200,2718972,26429160,304200,10607080,202209.0
61,A13790701,70,669000,0,0,0,1716000,1693160,7543300,338500,0,202209.0
62,A13790910,940880,0,0,0,0,4012000,2377370,12676260,1127500,4264860,202209.0
63,A13790612,2603880,0,0,0,0,4160190,-475230,14398590,343850,0,202209.0
64,A13790716,5703310,0,-1009200,1009200,-4877800,4877800,158370,15647070,1070630,5591080,202209.0
65,A13790713,0,0,1100,0,0,0,2698430,15997820,0,6983980,202209.0
66,A13790703,0,0,0,0,0,0,1531010,7987660,68060,0,202209.0
67,A13779431,,,,,,,,,,,202209.0
68,A13790620,2230440,0,0,0,-4360,4590740,3005010,19556580,148075,1471500,202209.0
69,A13790714,1060980,0,0,0,0,6528000,3128220,12700990,0,5504950,202209.0
70,A13779432,,,,,,,,,,,202209.0
71,A10026004,3654550,89400,0,0,0,7572450,10894660,35937830,621790,10600380,202209.0
72,A10026227,4135210,0,0,0,0,8437580,10868132,47158360,3835260,10471100,202209.0
73,A10026977,,,,,,,,,,,202209.0
74,A13790721,1010520,0,0,0,0,6596800,2411560,16440630,1774200,6053210,202209.0
75,A10025418,3051199,137670,0,1114690,0,8318350,13372555,40998670,2134090,9781060,202209.0
76,A10025381,,,,,,,,,,,202209.0
77,A13790726,-280,1332840,0,0,0,3835020,2116480,8629910,531680,0,202209.0
78,A10023673,4253280,894820,0,0,0,1864410,0,3820810,578080,2663010,202209.0
79,A10024913,4513610,0,0,0,0,9157300,14699370,54279480,3409040,12202230,202209.0
80,A10027439,14110,205750,0,5389240,102290,17908560,15527530,65119040,326862,15550570,202209.0
81,A10023462,,,,,,,,,,,202209.0
82,A10023971,135810,135810,0,0,1651200,1651200,8188680,6332450,2459140,2414940,202209.0
83,A13770105,1528160,0,0,0,0,4970000,1560560,12593280,2022070,0,202209.0
84,A13704404,0,0,6584520,0,0,27049500,3979732,49307750,0,28349180,202209.0
85,A13780403,730,3952380,0,0,0,3827600,3042498,15520260,-74570,8568420,202209.0
86,A13776508,0,0,0,0,0,0,2290390,9038290,28830,4996420,202209.0
87,A13776301,6383450,211950,0,0,211950,18784620,38975420,69444570,4072450,22044170,202209.0
88,A13776510,3004600,91250,0,0,0,7069140,10311856,32333260,0,8918480,202209.0
89,A13780402,1644646,0,0,0,0,2302500,800527,9426920,-74580,3880000,202209.0
90,A13704101,1326360,0,0,0,0,2876030,1432370,11091290,0,3261190,202209.0
91,A13704104,27574510,1656170,0,0,0,53481900,47880657,316039960,0,56794640,202209.0
92,A13776509,18425090,0,0,0,0,42589280,53253260,263888550,0,55289640,202209.0
93,A13780201,0,0,0,0,0,0,6695926,0,0,0,202209.0
94,A10027205,0,0,0,0,0,22652000,58469480,175157490,2028300,34607360,202209.0
95,A10026015,3907314,234890,0,0,0,11712970,12417143,60842210,46129,14536920,202209.0
96,A10026342,,,,,,,,,,,202209.0
97,A10025550,,,,,,,,,,,202209.0
98,A13704004,,,,,,,,,,,202209.0
99,A10026051,16465228,827820,0,0,-11525450,11476030,33023570,59788840,4484145,13744770,202209.0
100,A10024254,295650,295650,0,4385160,0,11519550,17691882,55102260,1088970,13652700,202209.0
101,A10024646,,,,,,,,,,,202209.0
102,A13788208,6901410,0,0,0,220,18590730,12571994,69249870,-126950,24795540,202209.0
103,A13770610,0,0,0,0,0,0,7624562,23557420,51130,3482390,202209.0
104,A13707016,175280,33320,0,0,0,5749620,5521320,36205390,444300,8912980,202209.0
105,A13788203,2884310,0,0,0,0,7612760,4851890,26664720,334150,3008200,202209.0
106,A13785705,1699680,0,0,0,4969640,1931520,2943006,17603390,1931520,0,202209.0
107,A13788002,-890,1326900,0,0,0,5577000,2499122,15881400,-96990,8241530,202209.0
108,A13792001,17866910,0,0,0,0,45423000,2035394,127707420,2726950,39287700,202209.0
109,A13785607,5202580,0,0,0,0,15964960,26937746,51596930,0,22342780,202209.0
110,A13787105,0,0,0,0,0,0,4923070,14531160,0,4754040,202209.0
111,A13772801,1380590,0,0,0,90200,3648000,3174260,10721690,875760,4350640,202209.0
112,A13770607,0,0,0,0,0,0,5824571,14408670,106460,3640140,202209.0
113,A13707006,0,0,0,0,0,0,840940,8656310,104130,2718610,202209.0
114,A13785604,0,6853800,0,0,0,7047000,1028406,26595100,2352580,9612070,202209.0
115,A13786704,0,0,0,0,0,0,1731373,8949350,0,3858260,202209.0
116,A13788003,2307210,0,0,0,0,3943890,3666243,21047680,0,6368950,202209.0
117,A13707017,,,,,,,,,,,202209.0
118,A13786601,1421120,0,0,0,4310,3049800,4513790,13341020,179820,4109330,202209.0
119,A13770609,4410650,0,0,0,0,9342500,32661639,89043180,75460,13632820,202209.0
120,A13775101,10348300,0,0,0,0,9246000,1857590,39249800,0,15715080,202209.0
121,A13786901,0,0,0,0,0,0,2767913,12634070,357970,3294480,202209.0
122,A13788201,0,222430,0,263460,0,2127600,3310640,10269560,0,3372960,202209.0
123,A13707002,760580,0,0,0,0,1635920,2626270,5617490,56290,709800,202209.0
124,A13707009,2400010,336100,0,0,0,7334000,10705195,20730160,183380,7807900,202209.0
125,A10028146,0,0,0,0,2129740,4979690,9510328,19629290,486000,5240740,202209.0
126,A13786803,0,0,0,0,0,0,3125967,7033170,198790,1956440,202209.0
127,A13707019,,,,,,,,,,,202209.0
128,A13787102,0,0,0,0,0,0,1334830,0,0,0,202209.0
129,A13770606,,,,,,,,,,,202209.0
130,A13707018,,,,,,,,,,,202209.0
131,A10026941,5632460,0,0,0,0,12204320,18902229,69681870,1341260,15727390,202209.0
132,A10026317,,,,,,,,,,,202209.0
133,A10026411,3354820,0,0,0,4278,8031060,9242486,44304000,971360,10709240,202209.0
134,A10027221,167900,2278520,0,0,0,6663820,10416040,35618170,131460,6363370,202209.0
135,A10026972,,,,,,,,,,,202209.0
136,A10026340,,,,,,,,,,,202209.0
137,A10024987,,,,,,,,,,,202209.0
138,A10026337,,,,,,,,,,,202209.0
139,A10023644,,,,,,,,,,,202209.0
140,A10024240,12079960,1133670,0,0,0,19519500,47847109,102630310,0,22949050,202209.0
141,A10024687,,,,,,,,,,,202209.0
142,A10023688,,,,,,,,,,,202209.0
143,A10024552,6980470,129750,0,0,144750,16887700,38762682,97130810,0,28521770,202209.0
144,A10028021,0,0,0,0,0,0,14615107,30431520,435470,16620540,202209.0
145,A13718001,0,0,0,0,0,0,21306170,69112570,985250,23409000,202209.0
146,A13716001,0,0,0,0,0,0,2364020,9369480,91800,4667620,202209.0
147,A10028105,0,0,0,0,0,0,2508730,15254910,0,6940120,202209.0
148,A10028046,0,0,0,0,0,0,5459830,16137870,-236160,4433620,202209.0
149,A13716002,0,0,4110,668520,0,0,5313570,22044160,39280,8427060,202209.0
150,A13716003,53980,0,0,0,0,0,23810416,0,9283070,0,202209.0
