,kaptCode,heatC,heatP,gasC,gasP,waterHotC,waterHotP,electC,electP,waterCoolC,waterCoolP,Date
0,A13782601,1526076,0,0,0,8384,2212160,1191860,22390560,-1660,4790710,202208.0
1,A13785302,0,0,0,0,0,0,-658581,27542590,586080,0,202208.0
2,A13706302,0,0,0,0,0,0,6664876,34641320,-1250,7147660,202208.0
3,A13706002,0,0,0,0,0,0,2588860,0,1048070,0,202208.0
4,A13785203,0,0,0,0,0,0,10738670,36348200,4920,13710490,202208.0
5,A13782602,0,0,0,0,7674114,7674114,2982894,47419630,2028870,10048250,202208.0
6,A13785301,0,0,0,0,0,0,25893811,23376470,6375590,6179560,202208.0
7,A13784907,7987360,0,10880,0,0,4752000,6938450,31799770,0,0,202208.0
8,A13783001,0,0,0,0,0,0,1096161,64395890,599300,8934540,202208.0
9,A13782902,0,0,0,0,0,0,1966620,27817200,-820,5836270,202208.0
10,A13784401,0,0,8070,0,0,0,40870,12373150,217770,3661660,202208.0
11,A13784102,0,0,0,0,0,0,6345480,34945460,0,4528350,202208.0
12,A13771601,0,0,0,0,0,0,8570714,67819265,902830,10371980,202208.0
13,A13785004,5714820,0,0,0,-1996000,1996000,1025190,8193320,-1539100,2605910,202208.0
14,A13785008,0,0,0,0,0,0,10812710,63979330,2173640,12390170,202208.0
15,A13785005,1240,7441610,0,0,0,3088250,8617770,27570830,0,9806480,202208.0
16,A13785201,0,0,0,0,0,0,7605710,31868880,53690,9378970,202208.0
17,A13706303,0,0,0,0,0,0,4624091,20203790,0,0,202208.0
18,A13785001,-150,3822860,0,0,0,2127150,2238430,13865570,0,4850790,202208.0
19,A13782804,0,4073160,0,0,83590,13433270,7521330,80153300,1740240,15851940,202208.0
20,A13771001,0,0,0,0,0,0,139271900,0,16325630,0,202208.0
21,A10025472,,,,,,,,,,,202208.0
22,A10027585,,,,,,,,,,,202208.0
23,A10025927,1794962,0,0,0,0,4022960,11775143,30823290,93550,6360000,202208.0
24,A10027016,,,,,,,,,,,202208.0
25,A10024171,2567981,215250,0,0,0,9558000,30464800,69224570,256480,12457060,202208.0
26,A10024942,,,,,,,,,,,202208.0
27,A13789002,0,0,0,0,0,0,-478350,6435850,0,2006500,202208.0
28,A13713001,0,0,0,0,0,0,4094380,15673960,25800,5347660,202208.0
29,A13789201,0,0,0,0,0,0,1030698,9063990,248830,0,202208.0
30,A13713002,0,0,0,0,0,0,5380840,25993140,163830,7766970,202208.0
31,A13789203,6379430,0,4616220,0,0,7680870,3455350,43994600,0,0,202208.0
32,A13790003,0,0,0,0,0,0,2718450,17236980,308260,6729620,202208.0
33,A13790004,0,0,0,0,-264940,8544600,4236449,29866380,715510,6627650,202208.0
34,A13778212,0,0,0,0,0,0,7343650,30451700,0,10286590,202208.0
35,A13778201,0,0,0,0,0,0,4490310,24263570,0,7376290,202208.0
36,A13778208,0,0,0,0,0,0,1717750,13587600,0,2707210,202208.0
37,A13778210,0,0,0,0,0,0,8253060,25641220,0,7561780,202208.0
38,A13778205,0,0,0,0,0,0,6165190,92708370,334440,24655010,202208.0
39,A13778209,0,0,0,0,0,0,7341470,31873690,40,8278300,202208.0
40,A13778306,949630,0,0,0,4332500,4332500,0,0,0,0,202208.0
41,A13778203,0,0,0,0,0,0,1388700,13190420,10020,3926560,202208.0
42,A13778202,0,0,0,0,0,0,8324440,34482570,989800,10301980,202208.0
43,A13778211,0,0,0,0,0,0,12483683,67148500,937050,11566030,202208.0
44,A13790002,0,0,0,0,0,0,990970,10503420,186000,0,202208.0
45,A13778207,-642060,633180,0,0,0,0,5215398,22267570,629410,6795890,202208.0
46,A13790001,,,,,,,,,,,202208.0
47,A13778213,,,,,,,,,,,202208.0
48,A13778204,0,0,0,0,0,0,24034510,69732200,0,22994440,202208.0
49,A13703019,91540,0,0,0,0,6463800,13058180,49554070,60,10824970,202208.0
50,A13790828,17909260,0,1160,0,0,10019551,5122500,116912150,547360,0,202208.0
51,A13703011,1607108,0,0,0,92,4114980,6055679,35520420,-2610,6297080,202208.0
52,A13703027,0,0,0,0,0,0,10471943,63474620,1645320,20381000,202208.0
53,A13790709,1168190,0,0,0,2802310,0,19095732,0,5490260,0,202208.0
54,A13790717,-66220,1862960,0,0,0,2305000,1375230,12904170,415420,3450010,202208.0
55,A13790929,7788670,0,0,0,6279000,14950000,4528390,123379300,0,0,202208.0
56,A13790706,-1,2030981,0,0,0,1762212,2860553,14105700,497418,3386960,202208.0
57,A13790707,1065690,0,0,0,0,2669260,3349460,17627950,1073380,4242480,202208.0
58,A13790604,0,0,0,0,0,0,686890,5817670,96370,1806780,202208.0
59,A13790902,0,0,0,0,0,0,0,3239410,0,0,202208.0
60,A13790722,4490080,0,0,0,0,9468000,3403428,42505930,3177400,10890670,202208.0
61,A13790701,-550,669000,0,0,0,1289520,1399230,12350150,505850,0,202208.0
62,A13790910,1657900,0,0,0,0,3000000,3561110,17227370,942500,4100050,202208.0
63,A13790612,3069780,0,0,0,0,3572370,-1177522,25786020,951100,0,202208.0
64,A13790716,5031410,0,-828000,828000,-4002000,4002000,179960,25306370,1349430,5714080,202208.0
65,A13790713,0,0,1100,0,0,0,4842820,23571480,0,7251760,202208.0
66,A13790703,0,0,0,0,0,0,2003450,11340020,0,0,202208.0
67,A13779431,,,,,,,,,,,202208.0
68,A13790620,2230440,0,0,0,6110,3597000,4027590,30385040,48175,1571400,202208.0
69,A13790714,1700990,0,0,0,0,5487000,3222820,19936130,0,5919700,202208.0
70,A13779432,,,,,,,,,,,202208.0
71,A10026004,3626670,0,0,0,0,6506360,16876282,64094650,210290,11141770,202208.0
72,A10026227,4135210,4430,0,0,0,7531830,17875862,78158320,1239580,11015200,202208.0
73,A10026977,,,,,,,,,,,202208.0
74,A13790721,1808276,0,0,0,0,4921000,1923551,30064270,1404600,5824890,202208.0
75,A10025418,3047810,0,0,0,0,7065800,19974832,63876610,2019290,10747260,202208.0
76,A10025381,,,,,,,,,,,202208.0
77,A13790726,240,1272600,1407390,0,0,3329550,616290,13274930,885210,0,202208.0
78,A10023673,,,,,,,,,,,202208.0
79,A10024913,4513610,0,0,0,0,8104700,28504460,77744350,5489830,13027440,202208.0
80,A10027439,0,0,0,0,75220,15195070,23178320,98420920,1703673,17220460,202208.0
81,A10023462,,,,,,,,,,,202208.0
82,A10023971,39740,39740,0,0,1304800,1304800,13725120,12198070,2868730,2293050,202208.0
83,A13770105,740580,0,0,0,0,4970000,1543600,20706590,14363080,0,202208.0
84,A13704404,0,0,0,0,0,20758500,5514915,80074400,0,26989280,202208.0
85,A13780403,-330,3772180,0,0,0,3351600,670189,23698610,111690,9086720,202208.0
86,A13776508,0,0,0,0,0,0,2192100,14632660,54720,4995350,202208.0
87,A13776301,6595400,0,0,0,0,15504850,47051093,126368440,0,22600120,202208.0
88,A13776510,3004600,24550,0,0,0,5919000,5047982,63561720,0,9181690,202208.0
89,A13780402,2010931,0,0,0,0,1990000,1286811,14224200,53140,3897270,202208.0
90,A13704101,1326360,0,0,0,0,2558730,2463870,17536180,0,3261190,202208.0
91,A13704104,27574510,0,0,0,0,40193880,47737799,654581110,0,68824460,202208.0
92,A13776509,18425090,0,0,0,0,37335260,34921050,587073610,0,55635400,202208.0
93,A13780201,0,0,0,0,0,0,8719033,0,0,0,202208.0
94,A10027205,0,0,0,0,0,19394980,67797210,278961170,1341810,34883910,202208.0
95,A10026015,3875190,0,0,827440,0,10388360,20854816,94180030,267510,14485780,202208.0
96,A10026342,,,,,,,,,,,202208.0
97,A10025550,,,,,,,,,,,202208.0
98,A13704004,,,,,,,,,,,202208.0
99,A10026051,13777983,0,0,3863590,-8836400,8789440,34329710,97064250,7650384,12218560,202208.0
100,A10024254,3470300,164250,0,0,0,10306800,33685315,76175960,3113600,14186840,202208.0
101,A10024646,,,,,,,,,,,202208.0
102,A13788208,6901410,0,0,0,-140,15909210,9693183,107203000,-84490,25789210,202208.0
103,A13770610,0,0,0,0,0,0,9685613,49428330,52070,3562780,202208.0
104,A13707016,151240,37880,0,0,0,4578000,6299260,55055970,377850,9341670,202208.0
105,A13788203,2902870,0,0,0,0,6466020,6204173,45113597,333970,3008380,202208.0
106,A13785705,1698370,0,0,0,4244280,4244280,5976847,23384820,1802880,0,202208.0
107,A13788002,-590,690830,0,0,0,5054400,4077365,25644580,-21220,7718780,202208.0
108,A13792001,17731160,0,0,0,0,37341500,-31003410,238417370,2686960,40061820,202208.0
109,A13785607,5202580,0,0,0,0,13452500,25365240,75708330,0,22224750,202208.0
110,A13787105,0,0,0,0,0,0,3100620,18756650,0,4781810,202208.0
111,A13772801,1380590,0,0,0,562500,3375000,2633770,18248500,611690,4754110,202208.0
112,A13770607,0,0,0,0,0,0,4371373,22714100,104760,3506680,202208.0
113,A13707006,0,0,0,0,0,0,348160,12439750,68790,2723390,202208.0
114,A13785604,0,3848550,0,0,0,2021580,1523900,33893100,0,11329840,202208.0
115,A13786704,0,0,0,0,0,0,2588241,13697260,0,4367020,202208.0
116,A13788003,2307210,0,0,0,0,2980000,4333756,25328990,0,6454730,202208.0
117,A13707017,,,,,,,,,,,202208.0
118,A13786601,1421120,0,0,0,360,2982590,5013600,19861830,307390,4138010,202208.0
119,A13770609,7378610,0,0,0,0,8343500,38549589,155396610,119270,13451980,202208.0
120,A13775101,11684510,0,0,0,0,8223000,2099750,75570570,0,13769710,202208.0
121,A13786901,0,0,0,0,0,0,3301546,20000550,388350,3296380,202208.0
122,A13788201,0,0,0,303490,0,1645600,3979660,15341500,0,3546870,202208.0
123,A13707002,765930,0,0,0,0,1362760,2426400,10094580,106690,659400,202208.0
124,A13707009,2395630,280150,0,0,0,6208800,9542005,33206420,388470,7890850,202208.0
125,A10028146,0,0,0,0,2129740,4343150,9060611,32971140,456000,5409760,202208.0
126,A13786803,0,0,0,0,0,0,2415857,11299610,215190,1899620,202208.0
127,A13707019,,,,,,,,,,,202208.0
128,A13787102,0,0,0,0,0,0,2056950,0,0,0,202208.0
129,A13770606,,,,,,,,,,,202208.0
130,A13707018,,,,,,,,,,,202208.0
131,A10026941,5636930,0,0,0,0,10661840,33546027,110369860,1381820,16561070,202208.0
132,A10026317,,,,,,,,,,,202208.0
133,A10026411,3354820,0,0,0,5210,6778570,14913716,70145370,1129270,11121890,202208.0
134,A10027221,153250,2278520,0,0,0,5796110,12806800,54703730,107760,6166590,202208.0
135,A10026972,,,,,,,,,,,202208.0
136,A10026340,,,,,,,,,,,202208.0
137,A10024987,,,,,,,,,,,202208.0
138,A10026337,,,,,,,,,,,202208.0
139,A10023644,,,,,,,,,,,202208.0
140,A10024240,9695440,780560,0,3343610,0,16960000,70010243,141685950,0,22447660,202208.0
141,A10024687,,,,,,,,,,,202208.0
142,A10023688,,,,,,,,,,,202208.0
143,A10024552,7125220,0,0,0,0,17184960,63741277,156634900,6740350,20283890,202208.0
144,A10028021,0,0,0,0,0,0,14251593,41544170,55020,15053310,202208.0
145,A13718001,0,0,0,0,0,0,23688477,97081710,419560,24606260,202208.0
146,A13716001,0,0,0,0,0,0,1521950,11371710,83900,4920340,202208.0
147,A10028105,0,0,0,0,0,0,2383690,22169850,0,7399390,202208.0
148,A10028046,0,0,0,0,0,0,7373110,22754180,796820,4662320,202208.0
149,A13716002,0,0,17460,693870,0,0,7809020,29463450,730240,10084560,202208.0
150,A13716003,36090,0,0,0,0,0,37893829,0,9689500,0,202208.0
