,kaptCode,heatC,heatP,gasC,gasP,waterHotC,waterHotP,electC,electP,waterCoolC,waterCoolP,Date
0,A13782601,4428870,20202600,0,0,0,5820000,5439552,12495820,-120,4698040,202201.0
1,A13785302,0,0,0,0,0,0,6195509,16943720,135720,0,202201.0
2,A13706302,0,0,0,0,0,0,6671067,21612020,-1290,7189640,202201.0
3,A13706002,0,0,0,0,0,0,2136030,0,939660,0,202201.0
4,A13785203,0,0,0,0,0,0,8657700,23548980,-620,13096770,202201.0
5,A13782602,0,0,0,0,13660662,13660662,4503361,30685840,2594400,9300040,202201.0
6,A13785301,0,0,0,0,0,0,2360058,14500260,150500,5532470,202201.0
7,A13784907,87315120,0,1062770,0,0,8439000,20524910,23960680,0,0,202201.0
8,A13783001,0,0,0,0,0,0,4115408,29099820,0,0,202201.0
9,A13782902,0,0,0,0,0,0,4252650,16349330,-190,5819350,202201.0
10,A13784401,0,0,13110,0,0,0,1402680,9841750,-93470,3681680,202201.0
11,A13784102,0,0,0,0,0,0,5703090,20326660,0,4627250,202201.0
12,A13771601,0,0,0,0,0,0,8465437,34328810,706270,9723650,202201.0
13,A13785004,75884770,0,0,0,-6464000,6464000,3722010,16848030,1545200,6107080,202201.0
14,A13785008,0,0,0,0,0,0,13313874,43372070,526530,12287330,202201.0
15,A13785005,1900,86322480,0,0,0,7735750,13511360,19423390,0,10189990,202201.0
16,A13785201,0,0,0,0,0,0,6158000,22454830,43120,9960310,202201.0
17,A13706303,0,0,0,0,0,0,3330032,14540990,0,0,202201.0
18,A13785001,-80,42670060,0,0,0,4204500,5878830,11233470,0,3370940,202201.0
19,A13782804,0,174189650,0,0,44830,8126090,18385090,49032520,3030630,11877870,202201.0
20,A13771001,0,0,0,0,0,0,17326520,60958520,125910,14447660,202201.0
21,A10025472,,,,,,,,,,,202201.0
22,A10027585,,,,,,,,,,,202201.0
23,A10025927,1794962,24456000,0,0,0,9190990,10904051,20396670,-302350,6151060,202201.0
24,A10027016,,,,,,,,,,,202201.0
25,A10024171,9841220,56033550,0,0,0,15201000,23752442,41487730,526980,11067620,202201.0
26,A10024942,,,,,,,,,,,202201.0
27,A13789002,0,0,0,0,0,0,486530,2902180,0,1585090,202201.0
28,A13713001,0,0,0,0,0,0,3005410,9043660,52290,5401130,202201.0
29,A13789201,0,0,0,0,0,0,1890710,5748990,0,0,202201.0
30,A13713002,0,0,0,0,0,0,4232420,16003270,338310,7478640,202201.0
31,A13789203,126758880,0,0,0,0,15989490,7496810,28784500,5290910,0,202201.0
32,A13790003,0,0,0,0,0,0,2087970,11187350,589700,6054740,202201.0
33,A13790004,92180830,0,0,0,0,15784950,7213239,18857330,678350,4780250,202201.0
34,A13778212,0,0,0,0,0,0,6173240,24388350,0,9355190,202201.0
35,A13778201,0,0,0,0,0,0,3368360,16220430,177840,8298730,202201.0
36,A13778208,0,0,0,0,0,0,1794940,7669900,0,2545420,202201.0
37,A13778210,0,0,0,0,0,0,6631140,16510160,-120,6112280,202201.0
38,A13778205,0,0,379820,0,0,0,7069530,64978960,362540,20141790,202201.0
39,A13778209,0,0,0,0,0,0,28636770,0,7739640,0,202201.0
40,A13778306,29015990,0,0,0,5750000,6200000,0,0,0,0,202201.0
41,A13778203,0,0,0,0,0,0,3430710,7993300,720060,3834900,202201.0
42,A13778202,0,0,0,0,0,0,3276960,20347740,1977870,9464130,202201.0
43,A13778211,0,0,0,0,0,0,10847172,36882560,15880,9908400,202201.0
44,A13790002,0,0,0,0,0,0,3340700,7733710,0,0,202201.0
45,A13778207,-555580,546570,0,0,0,0,5360510,13232690,-185650,6433540,202201.0
46,A13790001,,,,,,,,,,,202201.0
47,A13778213,,,,,,,,,,,202201.0
48,A13778204,0,0,0,0,0,0,20328760,46671410,0,20365770,202201.0
49,A13703019,3501220,59073980,0,0,0,10249220,11081620,29546800,-120,9899160,202201.0
50,A13790828,187150940,0,549720,0,0,19004753,11452640,68336730,0,0,202201.0
51,A13703011,1607030,36347480,0,0,0,8073000,6841588,18316310,0,5808490,202201.0
52,A13703027,0,0,0,0,0,0,9125993,38102450,187900,19937350,202201.0
53,A13790709,34210440,0,0,0,4475960,0,11645379,0,4649950,0,202201.0
54,A13790717,-1658290,32334720,0,0,0,3695000,4536480,8315970,539010,2733260,202201.0
55,A13790929,190836830,0,0,0,8773440,22847500,12762870,79546910,0,0,202201.0
56,A13790706,0,26080187,0,0,0,3628677,3587741,8201870,1143713,2205750,202201.0
57,A13790707,1279470,24032220,0,0,0,6261060,2857460,10091830,2258620,3022580,202201.0
58,A13790604,0,0,0,0,0,0,577880,3010070,124640,1609430,202201.0
59,A13790902,0,0,0,0,0,0,76990,2098570,0,0,202201.0
60,A13790722,6628070,58853250,0,0,0,19015000,3637401,26448690,388100,8564660,202201.0
61,A13790701,520,18480000,0,0,0,5049600,2239390,7465330,365350,0,202201.0
62,A13790910,3041550,24658280,0,0,0,5853400,4293470,10473440,1642500,3266830,202201.0
63,A13790612,38045700,0,0,0,0,6581160,4778229,13765290,497040,0,202201.0
64,A13790716,49221450,8441430,-1339200,1339200,-6472800,6472800,3553910,14805120,1941380,4994990,202201.0
65,A13790713,0,0,15870,0,0,0,4509750,13549910,0,6940150,202201.0
66,A13790703,0,0,0,0,0,0,2009920,7704580,114540,0,202201.0
67,A13779431,,,,,,,,,,,202201.0
68,A13790620,11833860,36819200,0,0,0,11833200,9458400,20510800,13045,2024100,202201.0
69,A13790714,43571480,0,0,0,0,11185100,2964950,12449280,0,4544480,202201.0
70,A13779432,,,,,,,,,,,202201.0
71,A10026004,4031650,38273400,0,0,0,21613970,15040120,29332110,1520550,10724600,202201.0
72,A10026227,4135210,39537560,0,0,0,24895160,15268634,34633580,871360,11899520,202201.0
73,A10026977,,,,,,,,,,,202201.0
74,A13790721,71470667,0,0,0,-15200,8299200,4779491,15079640,559575,5384550,202201.0
75,A10025418,3051199,35501300,0,1141490,0,14756311,17313251,33682810,0,10580700,202201.0
76,A10025381,,,,,,,,,,,202201.0
77,A13790726,590,34143120,0,0,0,9843800,4017360,7208150,0,0,202201.0
78,A10023673,,,,,,,,,,,202201.0
79,A10024913,7403920,45316470,0,0,0,28179800,24024380,42232690,428310,14550580,202201.0
80,A10027439,567607,64261560,0,5664830,90550,36092940,22413730,57672540,482516,17666530,202201.0
81,A10023462,,,,,,,,,,,202201.0
82,A10023971,18859920,18859920,0,0,4430580,4430580,9476330,5721090,2279650,1416130,202201.0
83,A13770105,51800770,0,0,0,0,8802500,3631560,10418890,1868665,0,202201.0
84,A13704404,2220,157285800,7125300,0,0,45949500,13030903,46297720,0,28606110,202201.0
85,A13780403,610,57448480,0,0,0,6073200,4682177,14589080,248400,8689500,202201.0
86,A13776508,0,0,0,0,0,0,3571480,9811530,263840,4745440,202201.0
87,A13776301,6595400,99605400,0,0,0,45681920,28292385,72720980,2365040,21235200,202201.0
88,A13776510,3004600,38383870,0,0,0,19870940,16777153,25604660,0,9147730,202201.0
89,A13780402,28469771,0,0,0,0,3260000,1553602,8341830,181370,3799000,202201.0
90,A13704101,1326360,23138780,0,0,0,2986200,2096180,12149270,0,2547570,202201.0
91,A13704104,27574510,411676400,0,0,0,126031500,81082812,269074390,0,78825410,202201.0
92,A13776509,18425090,280883470,0,0,0,89685010,57139100,214082010,0,57857910,202201.0
93,A13780201,0,0,0,0,0,0,7118134,0,0,0,202201.0
94,A10027205,0,126494680,0,0,0,56594440,58478750,126321970,324550,36648460,202201.0
95,A10026015,4108560,42909940,0,0,0,26958800,20925936,47506580,156430,14560090,202201.0
96,A10026342,,,,,,,,,,,202201.0
97,A10025550,,,,,,,,,,,202201.0
98,A13704004,,,,,,,,,,,202201.0
99,A10026051,29364986,58633220,0,0,-24349860,24264780,30703174,59236960,1071259,12642280,202201.0
100,A10024254,81131510,0,4215730,0,0,0,80728120,0,17151380,0,202201.0
101,A10024646,,,,,,,,,,,202201.0
102,A13788208,6901610,109419070,0,0,-2780,56899580,15249825,69893340,-1311800,28135750,202201.0
103,A13770610,0,0,0,0,0,0,11233035,20535600,42850,2855790,202201.0
104,A13707016,1116150,0,0,0,0,0,6833560,0,393470,0,202201.0
105,A13788203,6132390,66851930,0,0,0,14440000,8945022,26207020,461670,4158030,202201.0
106,A13785705,2052660,41072660,0,0,14964900,2884800,7082577,13545450,2884800,0,202201.0
107,A13788002,-480,49252250,0,0,0,8638500,6131615,14927250,-446550,7291130,202201.0
108,A13792001,54067910,273891800,0,0,0,68180000,33969215,122781220,2938220,31582790,202201.0
109,A13785607,17872150,90874090,0,0,0,40322100,21834980,58616610,0,23761940,202201.0
110,A13787105,0,0,0,0,0,0,3532090,10446560,0,3623100,202201.0
111,A13772801,28020590,0,0,0,6408000,0,13031550,0,5277820,0,202201.0
112,A13770607,0,0,0,0,0,0,4316933,15501810,300870,3034280,202201.0
113,A13707006,0,0,0,0,0,0,1203130,6612030,128420,2716540,202201.0
114,A13785604,0,127310400,0,0,0,11517000,7792490,30123260,3564870,12676380,202201.0
115,A13786704,0,0,0,0,0,0,4280912,8296920,0,3876990,202201.0
116,A13788003,3707210,35621480,0,0,0,7022330,4105220,15614995,0,6513650,202201.0
117,A13707017,,,,,,,,,,,202201.0
118,A13786601,1803460,20086610,0,0,0,5395800,5432800,11772180,59150,4174240,202201.0
119,A13770609,17539840,86479840,0,0,0,19154100,36982433,70607940,-390480,12659560,202201.0
120,A13775101,190387780,0,0,0,0,14484000,4921760,38353350,0,12871280,202201.0
121,A13786901,0,0,0,0,0,0,3445523,12293340,1109000,2336490,202201.0
122,A13788201,5970931,17950229,-295990,295990,-5028000,5028000,4709620,8245520,2,4117018,202201.0
123,A13707002,765990,15599980,0,0,0,3436020,3214170,5197780,0,1088640,202201.0
124,A13707009,2876050,32232660,0,0,0,14215360,11669554,16856330,260490,8085350,202201.0
125,A10028146,1979910,21277620,0,0,2129740,10514400,11737411,16951140,90430,5442700,202201.0
126,A13786803,0,0,0,0,0,0,2804833,7243200,283540,1452890,202201.0
127,A13707019,,,,,,,,,,,202201.0
128,A13787102,0,0,0,0,0,0,2317300,0,0,0,202201.0
129,A13770606,,,,,,,,,,,202201.0
130,A13707018,,,,,,,,,,,202201.0
131,A10026941,5595830,63827200,0,0,0,24005600,29354874,61195500,246010,17066940,202201.0
132,A10026317,,,,,,,,,,,202201.0
133,A10026411,6338650,35747690,0,0,8200,18677500,14288250,36624800,877360,10554860,202201.0
134,A10027221,337100,31850020,0,0,0,14368000,10077070,25157450,678670,8335730,202201.0
135,A10026972,,,,,,,,,,,202201.0
136,A10026340,,,,,,,,,,,202201.0
137,A10024987,,,,,,,,,,,202201.0
138,A10026337,,,,,,,,,,,202201.0
139,A10023644,,,,,,,,,,,202201.0
140,A10024240,11353680,96243680,0,0,0,34909000,47425290,71052990,0,21991990,202201.0
141,A10024687,,,,,,,,,,,202201.0
142,A10023688,,,,,,,,,,,202201.0
143,A10024552,7125220,92234800,0,0,0,38564000,33969660,79620530,1955200,23124560,202201.0
144,A10028021,0,0,0,0,0,0,21204860,32116630,473439,14138441,202201.0
145,A13718001,0,0,0,0,0,0,91386233,0,23408930,0,202201.0
146,A13716001,0,0,17010,0,0,0,2913020,9598560,149360,4956200,202201.0
147,A10028105,0,0,0,0,0,0,3784224,16523510,927280,6725440,202201.0
148,A10028046,0,0,0,0,0,0,4576910,16161600,645700,4615930,202201.0
149,A13716002,0,0,8840,885960,0,0,9767780,25554620,39590,10227170,202201.0
150,A13716003,528510,0,0,0,0,0,30298508,0,9126620,0,202201.0
