,kaptCode,heatC,heatP,gasC,gasP,waterHotC,waterHotP,electC,electP,waterCoolC,waterCoolP,Date
0,A13782601,4021790,16512400,0,0,0,5883000,5295136,12230540,-850,4887610,202202.0
1,A13785302,0,0,0,0,0,0,3434298,16573090,135720,0,202202.0
2,A13706302,0,0,0,0,0,0,6663395,21399390,-1060,6432390,202202.0
3,A13706002,0,0,0,0,0,0,2089750,0,892600,0,202202.0
4,A13785203,0,0,0,0,0,0,8916120,22935790,-10,12080400,202202.0
5,A13782602,0,0,0,0,14715904,14715904,3893294,25182780,2532210,10233620,202202.0
6,A13785301,0,0,0,0,0,0,2089476,14500260,228050,5532470,202202.0
7,A13784907,70679320,0,1253830,0,0,8313000,16380850,19571760,0,0,202202.0
8,A13783001,0,0,0,0,0,0,4131462,29118280,134910,8813380,202202.0
9,A13782902,0,0,0,0,0,0,2578070,17754800,-890,5721130,202202.0
10,A13784401,0,0,17740,0,0,0,854680,7687920,427310,3123910,202202.0
11,A13784102,0,0,0,0,0,0,5977037,19275150,0,4688420,202202.0
12,A13771601,0,0,0,0,0,0,10034315,35020700,704280,9209370,202202.0
13,A13785004,64696330,0,0,0,-6292000,6292000,3627290,14092070,1913180,5850070,202202.0
14,A13785008,0,0,0,0,0,0,6927840,45635770,479780,13940810,202202.0
15,A13785005,2730,73871140,0,0,0,7334250,12960960,17743720,0,9675180,202202.0
16,A13785201,0,0,0,0,0,0,6631750,22812790,29760,7652030,202202.0
17,A13706303,0,0,0,0,0,0,2803658,14554640,0,0,202202.0
18,A13785001,-220,18203740,0,0,0,4278220,4977230,10923690,0,4187220,202202.0
19,A13782804,0,154479670,0,0,30150,7304110,18793650,41381590,2921100,12083920,202202.0
20,A13771001,0,0,0,0,0,0,15343230,51131750,177770,14587800,202202.0
21,A10025472,,,,,,,,,,,202202.0
22,A10027585,,,,,,,,,,,202202.0
23,A10025927,1794962,20307820,0,0,0,8694570,9017787,17353320,717370,5772560,202202.0
24,A10027016,,,,,,,,,,,202202.0
25,A10024171,0,50890270,0,0,0,14094000,18815072,35630680,594830,10048640,202202.0
26,A10024942,,,,,,,,,,,202202.0
27,A13789002,0,0,0,0,0,0,427710,3019590,0,2106380,202202.0
28,A13713001,0,0,0,0,0,0,3121030,9089110,16870,4474710,202202.0
29,A13789201,0,0,0,0,0,0,2028170,5799290,58500,0,202202.0
30,A13713002,0,0,0,0,0,0,4363770,16385220,215920,6786680,202202.0
31,A13789203,108340410,0,4658530,0,0,15677010,6909680,30703960,0,0,202202.0
32,A13790003,0,0,0,0,0,0,1618260,12946510,446440,5214640,202202.0
33,A13790004,70307070,0,0,0,0,17766000,7677647,18924180,587410,5310930,202202.0
34,A13778212,0,0,0,0,0,0,6837640,24029920,0,9956430,202202.0
35,A13778201,0,0,0,0,0,0,3795160,15870340,0,7033510,202202.0
36,A13778208,0,0,0,0,0,0,1604800,7916200,0,2603930,202202.0
37,A13778210,0,0,0,0,0,0,6739110,16385710,80,7312560,202202.0
38,A13778205,0,0,481500,0,0,0,7170150,65421250,424590,24102130,202202.0
39,A13778209,0,0,0,0,0,0,28182910,0,8124000,0,202202.0
40,A13778306,35026230,0,0,0,6747500,6747500,0,0,0,0,202202.0
41,A13778203,0,0,0,0,0,0,4443060,8393560,195130,3400890,202202.0
42,A13778202,0,0,0,0,0,0,4349930,20671980,467680,8967900,202202.0
43,A13778211,0,0,0,0,0,0,12338079,0,457740,0,202202.0
44,A13790002,0,0,0,0,0,0,3536460,7684140,552000,0,202202.0
45,A13778207,-563630,553750,0,0,0,0,4973457,13734880,898900,6717430,202202.0
46,A13790001,,,,,,,,,,,202202.0
47,A13778213,,,,,,,,,,,202202.0
48,A13778204,0,0,0,0,0,0,20940370,48558060,0,21586280,202202.0
49,A13703019,3503340,49378200,0,0,0,10354910,11317700,28815450,-30,10666040,202202.0
50,A13790828,164735330,0,568110,0,0,27843369,9678720,58474180,1042080,0,202202.0
51,A13703011,1607060,31374640,0,0,0,7121400,7813870,15709620,0,6291340,202202.0
52,A13703027,0,0,0,0,0,0,9331602,37363240,1095110,17481740,202202.0
53,A13790709,29387780,0,0,0,4520660,0,10754051,0,4921350,0,202202.0
54,A13790717,-1343960,24889920,0,0,0,4720000,3550890,7580930,568230,3034040,202202.0
55,A13790929,151361300,0,0,0,11060160,28802500,12481020,65366820,0,0,202202.0
56,A13790706,-3,21294673,0,0,0,3840546,3068430,7311380,104794,2281750,202202.0
57,A13790707,1137120,20840150,0,0,0,5676000,2630240,9614810,2096780,3079060,202202.0
58,A13790604,0,0,0,0,0,0,402680,2843400,249710,1686080,202202.0
59,A13790902,0,0,0,0,0,0,41360,1910390,0,0,202202.0
60,A13790722,6661550,47657700,0,0,0,19760000,3301100,22293780,521200,8401140,202202.0
61,A13790701,-250,16260000,0,0,0,4190400,2740700,6334140,365350,0,202202.0
62,A13790910,1609510,21339480,0,0,0,6412100,3954250,10945000,2280000,3313680,202202.0
63,A13790612,32715530,0,0,0,0,6287250,4418794,13191750,511800,0,202202.0
64,A13790716,41153440,6989700,-1295400,1295400,-6261100,6261100,2450950,13358940,2044580,4920220,202202.0
65,A13790713,0,0,23280,0,0,0,4215900,13738450,0,7150710,202202.0
66,A13790703,0,0,0,0,0,0,1946000,7205660,0,0,202202.0
67,A13779431,,,,,,,,,,,202202.0
68,A13790620,12068690,29848800,0,0,0,10609600,8034640,17858520,583165,2792000,202202.0
69,A13790714,33917310,0,0,0,0,11344200,5430930,11723350,0,4851170,202202.0
70,A13779432,,,,,,,,,,,202202.0
71,A10026004,3974180,32330400,0,0,0,19705500,12409130,25234620,545000,10550410,202202.0
72,A10026227,4135220,34401610,0,0,10,22403900,13754483,29640350,895520,10462910,202202.0
73,A10026977,,,,,,,,,,,202202.0
74,A13790721,61479843,0,0,0,-36300,8485400,2140296,15312370,1267200,5415350,202202.0
75,A10025418,3585570,30104940,0,0,0,13071790,15048292,28484430,533940,8276780,202202.0
76,A10025381,,,,,,,,,,,202202.0
77,A13790726,-160,31660080,1363810,0,0,7098210,3418400,6351130,0,0,202202.0
78,A10023673,,,,,,,,,,,202202.0
79,A10024913,7090760,40978590,0,0,0,22752300,18793070,39945320,269400,11640990,202202.0
80,A10027439,1000349,55394210,0,0,88300,32303120,19985540,48457060,623744,16480990,202202.0
81,A10023462,,,,,,,,,,,202202.0
82,A10023971,15000720,15000720,0,0,4721640,4721640,8752830,6274180,2507750,1532230,202202.0
83,A13770105,42885970,0,0,0,0,9243500,1561590,11304600,12194340,0,202202.0
84,A13704404,4700,132942600,0,0,0,43020000,12402470,44418880,0,26491810,202202.0
85,A13780403,-490,47314800,0,0,0,5698000,4273705,12429920,900160,8181930,202202.0
86,A13776508,0,0,0,0,0,0,2112250,7940310,278710,4810470,202202.0
87,A13776301,6595400,67750970,0,0,0,43452460,25368285,63251610,4995000,19496480,202202.0
88,A13776510,3004600,33030980,0,0,0,17675280,14493318,21812670,0,8053850,202202.0
89,A13780402,23401546,0,0,0,0,3177500,1545047,8033530,166550,3578860,202202.0
90,A13704101,1326360,19511620,0,0,0,2918700,1992260,11415480,0,2972570,202202.0
91,A13704104,27574510,344960610,0,0,0,116446500,62534230,242315250,0,71812790,202202.0
92,A13776509,18425090,237047230,0,0,0,81996630,55829350,207798020,0,52427070,202202.0
93,A13780201,0,0,0,0,0,0,6222213,0,0,0,202202.0
94,A10027205,0,108389550,0,0,0,51137520,57184890,125265100,438110,36206700,202202.0
95,A10026015,4053361,34852610,0,869250,0,24613260,17894919,40307210,169900,12730610,202202.0
96,A10026342,,,,,,,,,,,202202.0
97,A10025550,,,,,,,,,,,202202.0
98,A13704004,,,,,,,,,,,202202.0
99,A10026051,27195506,50168600,0,3910760,-22190890,22134680,27037917,50453850,1600980,11144220,202202.0
100,A10024254,70400580,43445220,0,0,0,17835300,70809080,40849020,14047090,12943160,202202.0
101,A10024646,,,,,,,,,,,202202.0
102,A13788208,6901300,91143840,0,0,1150,50589020,15085750,56585290,-3158740,24309240,202202.0
103,A13770610,0,0,0,0,0,0,10246938,18202430,57600,3578710,202202.0
104,A13707016,965330,0,0,0,0,0,6354530,0,230480,0,202202.0
105,A13788203,6129760,53584640,0,0,0,16416000,8343265,22187990,470720,4234530,202202.0
106,A13785705,1722150,34735200,0,0,14820480,0,7647624,12663940,2856960,0,202202.0
107,A13788002,820,42253060,0,0,0,8654100,5920880,14476310,-190630,7842300,202202.0
108,A13792001,43765810,229876250,0,0,0,68778500,8881210,113381790,2091030,33279380,202202.0
109,A13785607,17164790,76041220,0,0,0,35681800,18668538,50059970,0,19153900,202202.0
110,A13787105,0,0,0,0,0,0,3617660,11013470,0,4525960,202202.0
111,A13772801,1380590,22922400,0,0,0,5805000,2882220,8743590,1231830,3488950,202202.0
112,A13770607,0,0,0,0,0,0,4339882,15691530,513740,3112300,202202.0
113,A13707006,0,0,0,0,0,0,1205330,4863860,29250,2487940,202202.0
114,A13785604,0,105845100,0,0,0,12819000,3318340,25024730,165590,11816870,202202.0
115,A13786704,0,0,0,0,0,0,3305651,8875230,0,4246320,202202.0
116,A13788003,3707210,30014460,0,0,0,6571600,4404068,15725256,0,5908370,202202.0
117,A13707017,,,,,,,,,,,202202.0
118,A13786601,1779230,16850600,0,0,0,5412800,4943900,11585260,157900,4190900,202202.0
119,A13770609,19067980,98165340,0,0,0,22451800,38472297,68748530,39920,14087770,202202.0
120,A13775101,169995100,0,0,0,0,12996000,2647550,34183460,0,11794980,202202.0
121,A13786901,0,0,0,0,0,0,3623585,12051660,1295890,2312940,202202.0
122,A13788201,20490650,0,0,0,0,0,12521330,0,3181880,0,202202.0
123,A13707002,765980,13242050,0,0,0,3275430,3123980,5316480,0,1135050,202202.0
124,A13707009,2600880,26893300,0,0,0,13034880,7337395,14297410,195760,7282430,202202.0
125,A10028146,1626060,18053280,0,0,2129740,9500400,9800680,14405870,91560,4883190,202202.0
126,A13786803,0,0,0,0,0,0,2849087,7008920,406270,1416640,202202.0
127,A13707019,,,,,,,,,,,202202.0
128,A13787102,0,0,0,0,0,0,2085420,0,0,0,202202.0
129,A13770606,,,,,,,,,,,202202.0
130,A13707018,,,,,,,,,,,202202.0
131,A10026941,5627560,51708800,0,0,0,22881040,28281649,48973360,544130,15313820,202202.0
132,A10026317,,,,,,,,,,,202202.0
133,A10026411,6059388,30563430,0,0,8492,16953500,11754970,31408120,23790,10314970,202202.0
134,A10027221,415540,27438620,0,0,0,13054000,10081010,24939750,545840,7366130,202202.0
135,A10026972,,,,,,,,,,,202202.0
136,A10026340,,,,,,,,,,,202202.0
137,A10024987,,,,,,,,,,,202202.0
138,A10026337,,,,,,,,,,,202202.0
139,A10023644,,,,,,,,,,,202202.0
140,A10024240,13637090,80447870,0,3225590,0,31832500,44262980,76071720,0,19789450,202202.0
141,A10024687,,,,,,,,,,,202202.0
142,A10023688,,,,,,,,,,,202202.0
143,A10024552,7125220,78073020,0,0,0,34956000,37752530,79294820,1503200,22473500,202202.0
144,A10028021,0,0,0,0,0,0,16714559,26897540,9140,14480420,202202.0
145,A13718001,0,0,0,0,0,0,91925915,0,24975390,0,202202.0
146,A13716001,0,0,2380,0,0,0,2108910,8191780,79780,4367860,202202.0
147,A10028105,0,0,0,0,0,0,2869250,13592450,823590,6664700,202202.0
148,A10028046,0,0,0,0,0,0,5589220,14657040,276200,4236480,202202.0
149,A13716002,0,0,5650,639890,0,0,5119990,21149650,34980,8796830,202202.0
150,A13716003,483030,0,0,0,0,0,22862242,0,8570890,0,202202.0
