,kaptCode,heatC,heatP,gasC,gasP,waterHotC,waterHotP,electC,electP,waterCoolC,waterCoolP,Date
0,A14019001,0,0,0,0,0,0,765140,5389550,0,0,202201.0
1,A14070302,0,0,351330,0,0,0,25737810,37034870,610330,7643480,202201.0
2,A10023798,,,,,,,,,,,202201.0
3,A14006001,0,0,0,0,0,0,1828149,8693400,0,3470800,202201.0
4,A14004001,0,0,0,0,0,0,1270380,9495610,0,0,202201.0
5,A14004002,0,0,1224400,0,0,0,11670128,43315470,0,0,202201.0
6,A14076401,0,0,0,0,0,0,1953630,7032200,132030,3637690,202201.0
7,A14005001,7539420,0,0,0,0,0,7884930,19806690,549570,3951740,202201.0
8,A10023464,,,,,,,,,,,202201.0
9,A14085002,4246550,104459560,0,0,-9156000,9156000,9264350,23271290,0,9968290,202201.0
10,A14085101,265830,0,0,0,0,0,1683240,11731920,498970,8079810,202201.0
11,A14074101,0,0,238250,0,0,0,24084500,0,6285360,0,202201.0
12,A10025533,0,0,17640,0,0,0,10221525,21511800,-380,7547620,202201.0
13,A10023858,,,,,,,,,,,202201.0
14,A10025898,0,0,0,0,0,0,7775030,9875290,275150,2904410,202201.0
15,A14007002,0,0,797150,0,0,0,19356004,51808930,0,27599660,202201.0
16,A14007001,0,0,0,0,0,0,2473600,8963860,787010,5492800,202201.0
17,A14083101,0,0,0,0,0,0,3510548,10613560,0,3796080,202201.0
18,A14009001,0,72708150,0,0,0,32576500,7728850,46566720,5114720,13788180,202201.0
19,A10024333,0,0,0,0,0,0,9720617,20279860,0,9135270,202201.0
20,A10025626,,,,,,,,,,,202201.0
21,A14074501,,,,,,,,,,,202201.0
22,A10024691,8921620,0,0,0,0,21970400,59666153,72267430,-4067580,16489850,202201.0
23,A14072701,16447590,188196170,0,0,0,50669500,18373410,78236740,0,31493010,202201.0
24,A14003002,59888190,0,0,0,5574000,0,16816360,0,4391010,0,202201.0
25,A14003003,0,47143908,0,0,0,5652000,10571110,11460690,0,5164188,202201.0
26,A14003103,,,,,,,,,,,202201.0
27,A14003104,2817140,32810960,0,0,0,10589060,10435575,14218790,336720,6425080,202201.0
28,A14003006,7756890,39788720,0,0,3954850,14787700,11054088,19901980,0,10063830,202201.0
29,A14003008,128139502,127855912,0,0,17287600,17287600,28371251,27832560,4502860,0,202201.0
30,A14003004,1831040,29169930,0,0,1080,14000040,9039381,14858100,330,6198610,202201.0
31,A14085501,17888320,36253290,0,0,-15617400,15617400,10465280,15466300,430920,8563380,202201.0
32,A14090902,27628600,52157780,0,0,-19528600,19528600,1207158,24680490,3044500,0,202201.0
33,A14003007,16103770,85472700,0,0,0,31160000,18317667,58519970,166320,17236480,202201.0
34,A14003101,520,43684440,0,0,0,6526800,6309930,14070230,4237330,0,202201.0
35,A14003001,1000280,18626350,0,0,0,5856400,6041840,7957740,479610,3852240,202201.0
36,A14003105,6178140,95022720,0,0,0,31222300,17739900,38188260,332770,16359540,202201.0
37,A14003106,8770960,100482170,0,0,0,27854000,5135786,44837290,12082970,10681810,202201.0
38,A14072901,35662660,25756520,0,0,0,8722560,17180320,10442330,1655160,1655160,202201.0
39,A14077401,,,,,,,,,,,202201.0
40,A10027908,1653400,47612900,0,0,0,19070800,28078765,47760620,1175610,9110640,202201.0
41,A14072702,15240560,76081730,0,0,0,27431570,9817854,32534090,1455810,15341280,202201.0
42,A10023360,,,,,,,,,,,202201.0
43,A14086001,35987617,84022380,0,0,0,8539570,20978623,25908600,493590,6531330,202201.0
44,A14086101,12128080,48757840,0,0,0,16006300,7808774,22249280,718320,0,202201.0
45,A10027425,,,,,,,,,,,202201.0
46,A14077902,0,0,0,0,0,0,25979302,135449560,689270,13287080,202201.0
47,A14077901,334560,0,0,0,0,0,25479570,0,11002620,0,202201.0
48,A10027071,0,0,0,0,0,0,1151080,0,2150260,0,202201.0
49,A10024641,,,,,,,,,,,202201.0
50,A10025192,0,0,0,0,0,0,53736203,74577180,4823590,7943360,202201.0
51,A10023379,,,,,,,,,,,202201.0
52,A14080901,,,,,,,,,,,202201.0
53,A14024001,0,0,0,0,0,0,6580200,9430670,355310,7882070,202201.0
54,A14024002,179258070,0,0,0,0,37148000,36666790,69769300,12760805,0,202201.0
55,A14082601,0,0,0,0,0,0,3009340,8246410,321750,4079450,202201.0
56,A14082302,0,0,120780,0,0,0,11697160,0,0,0,202201.0
