,kaptCode,heatC,heatP,gasC,gasP,waterHotC,waterHotP,electC,electP,waterCoolC,waterCoolP,Date
0,A13407204,12958130,0,0,0,0,11544000,5234520,23083396,458960,11158790,202105.0
1,A13407104,53332860,0,0,0,-53332860,53332860,9633070,66334480,4217180,0,202105.0
2,A13478601,19293540,0,0,0,10911300,10911300,5062984,21700210,3761750,6624850,202105.0
3,A13407002,0,0,0,0,0,0,4823607,22004190,0,0,202105.0
4,A13482706,20975290,0,0,0,21659800,0,45592580,0,21502040,0,202105.0
5,A13482801,0,0,0,0,0,0,6821490,0,0,0,202105.0
6,A13407201,0,0,0,0,0,0,991960,5550760,0,2712300,202105.0
7,A13407202,4381340,0,0,0,0,5073000,3516220,10320580,1358910,4579830,202105.0
8,A13482603,0,0,20939710,3216620,0,0,6537226,18129600,3110870,8129100,202105.0
9,A13482505,9611540,17551320,0,0,-11938000,11938000,5319885,23311490,591780,11698070,202105.0
10,A10025415,0,0,0,0,0,0,86636730,0,31700870,0,202105.0
11,A10026002,,,,,,,,,,,202105.0
12,A13483002,0,0,0,0,0,0,6569190,21169970,1028140,0,202105.0
13,A13480401,0,0,0,0,0,0,15823559,0,9109090,0,202105.0
14,A13408003,6990290,6670180,0,0,0,27565200,15164942,53608870,0,22536400,202105.0
15,A13480402,0,0,0,0,0,0,2144310,6867950,54250,6476850,202105.0
16,A13480403,0,0,0,0,0,0,6063173,24107620,814330,15818770,202105.0
17,A10027207,26928590,5387500,0,0,0,77678440,29389745,153807230,-3032220,64706950,202105.0
18,A10025263,26851810,8467080,0,0,0,92659780,55684394,208391980,241750,86286320,202105.0
19,A13483803,0,0,94070,0,0,0,542302,10430520,328350,7701280,202105.0
20,A13472701,11848720,19019700,0,0,0,33874950,1863101,78645180,0,44286270,202105.0
21,A13409001,0,0,91250,0,0,0,1577880,4615900,205350,3568140,202105.0
22,A10026403,4349130,2615450,0,0,0,13293120,6905350,24138470,176310,11586730,202105.0
23,A10025112,3662800,4668420,0,9488190,0,41589600,29353120,82246940,3564190,29905810,202105.0
24,A10025104,9342680,3094000,0,10083810,0,34104000,23847070,81715940,1136820,25014910,202105.0
25,A10023855,,,,,,,,,,,202105.0
26,A10024420,2111940,2062890,-111080,91860,0,0,2851790,1796110,211420,1488900,202105.0
27,A10024473,10668970,6671200,0,0,0,29518800,20397790,60703200,0,26324810,202105.0
28,A10025010,21844930,5407320,0,0,0,74632480,34209160,177028650,3500,61589850,202105.0
29,A10024412,11930453,1174340,0,0,7784400,7784400,5309778,8289460,284670,6196270,202105.0
30,A13481305,0,0,57250,0,0,0,6029963,20799440,2257110,0,202105.0
31,A13480803,0,0,0,0,0,0,1905260,8079970,145200,4628060,202105.0
32,A13488104,0,0,0,0,0,0,12406446,30073420,150540,15038980,202105.0
33,A13470103,,,,,,,,,,,202105.0
34,A13470101,0,0,329200,0,0,0,2799398,26861690,462385,0,202105.0
35,A13481001,0,0,0,0,0,0,1274663,4227610,107750,3090890,202105.0
36,A10024972,,,,,,,,,,,202105.0
37,A10024932,0,0,0,5359620,0,0,2707000,14345970,0,0,202105.0
38,A13470503,0,0,0,0,0,0,1622370,37040330,0,17702430,202105.0
39,A13406204,51040,0,0,0,0,0,2880280,12166160,0,6783050,202105.0
40,A13406003,0,0,0,0,0,0,2153740,0,171680,0,202105.0
41,A13406002,0,0,0,0,0,0,1035081,5262520,-7620,2884810,202105.0
42,A13470502,0,0,0,0,0,0,2135610,11332320,341140,5062210,202105.0
43,A13406005,0,0,0,0,0,0,14350189,0,7313170,0,202105.0
44,A13406205,84530,0,0,0,0,0,1690359,15828310,214500,0,202105.0
45,A13481802,50700,0,0,0,0,0,332950,8948930,282240,0,202105.0
46,A13406201,0,0,0,0,0,0,6380040,6906530,3266190,3466810,202105.0
47,A13470504,0,0,0,0,0,0,1157937,4082230,40530,2651340,202105.0
48,A13485401,0,0,0,0,0,0,679630,8978470,0,4090970,202105.0
49,A13405002,0,0,0,0,0,0,5178250,15544920,-370,9303400,202105.0
50,A13405201,0,0,0,0,0,0,30781490,70158580,0,48620630,202105.0
51,A13471501,0,0,0,0,0,0,4202962,12225900,0,7162621,202105.0
52,A13405003,0,0,187120,0,0,0,18420720,62980390,-6580,30820730,202105.0
53,A13485302,-6725220,6619370,0,0,0,0,80732994,170318880,0,60756290,202105.0
54,A13485301,0,0,0,0,0,0,426950,23766560,472250,11081610,202105.0
55,A10025174,0,0,0,0,0,0,6291353,15634720,21070,7805660,202105.0
56,A13484501,97370,0,0,0,0,0,1632700,7127870,0,0,202105.0
57,A13403001,0,0,0,0,0,0,8060120,0,3175820,0,202105.0
58,A13484102,0,0,0,0,0,0,1745010,8524650,230290,4160510,202105.0
59,A13403002,0,0,1780,0,0,0,1025380,10799420,-540,6701230,202105.0
60,A13403101,0,0,0,0,0,28119800,3440520,36310190,6319390,19710510,202105.0
61,A13484201,0,0,0,0,0,0,10200120,0,3870300,0,202105.0
62,A13484003,0,0,0,0,0,0,2166590,6729820,0,4205790,202105.0
63,A10027354,0,0,-919670,898540,64900,0,655216,22296740,-740,6913900,202105.0
64,A13402103,0,0,60570,0,0,0,3147750,10860880,500250,0,202105.0
65,A13402304,0,0,9740,0,0,0,611030,3308060,0,2416760,202105.0
66,A13402002,0,0,0,0,0,0,3412290,13493020,320,13411430,202105.0
67,A13486703,0,0,0,0,0,0,639880,0,0,0,202105.0
68,A13486102,0,0,0,0,0,0,832220,0,68720,0,202105.0
69,A13486504,0,0,0,0,0,0,2525510,19328030,236820,8967210,202105.0
70,A13486401,0,0,0,0,0,0,283930,3033880,258960,1929660,202105.0
71,A13402202,0,0,1490,0,0,0,2310461,4828650,0,2902300,202105.0
72,A13486705,0,0,0,0,0,0,457220,7965090,169920,7560310,202105.0
73,A13486601,0,0,0,0,0,0,223600,5932300,0,0,202105.0
74,A13402305,0,0,0,0,0,0,1666280,12883910,0,0,202105.0
75,A13402204,0,0,0,0,0,0,2629726,8407930,161210,8050000,202105.0
76,A13486701,0,0,0,0,0,0,672352,4808210,109500,0,202105.0
77,A13472201,0,0,0,0,0,0,1016840,3369010,0,0,202105.0
78,A10026195,,,,,,,,,,,202105.0
79,A10026852,0,0,548300,0,0,0,59345480,46530610,17841420,15793920,202105.0
80,A10023670,,,,,,,,,,,202105.0
81,A10023695,,,,,,,,,,,202105.0
82,A10024134,,,,,,,,,,,202105.0
83,A13410012,3063310,3271250,0,0,0,10003650,2419250,23229700,40540,11853530,202105.0
84,A13410005,3058850,3934700,0,1197570,0,12414900,0,21941510,328980,12528870,202105.0
85,A13410002,2573760,174000,0,0,0,7771500,3402976,12171250,520510,6066350,202105.0
86,A13410008,31840,5229120,0,0,0,14184000,2702826,24841100,83700,14528310,202105.0
87,A13410001,1252000,604200,0,0,0,5642000,614885,10398890,0,4854660,202105.0
88,A13410011,2672400,2115000,0,0,0,12057600,0,23086840,0,12172120,202105.0
89,A13410003,2182870,2869520,0,0,0,8246000,1255000,16790410,570250,9094890,202105.0
90,A13410007,4370398,6052750,0,0,0,15326500,839500,32213330,432670,14256180,202105.0
91,A13410006,4133280,3638470,0,0,0,11277040,6368920,20421620,21060,13880520,202105.0
92,A13410004,11912762,510800,0,0,-9807000,9807000,4509240,14734800,0,8518240,202105.0
93,A13410010,2448830,3157000,0,0,0,10064250,3804900,20130190,975250,8770920,202105.0
94,A13410009,16389570,1276000,0,0,-13923000,13923000,1457530,23806720,796490,11496990,202105.0
95,A10027638,1247090,0,0,0,2400000,0,3037670,0,2183100,0,202105.0
96,A10024410,1264270,618840,0,0,0,4268700,1890510,4325840,60940,3072350,202105.0
97,A10024422,6487530,1666650,0,0,0,14142200,6189450,22490520,0,14201360,202105.0
98,A10024487,,,,,,,,,,,202105.0
99,A10024468,21067070,2033020,0,0,-17096800,17001600,7176210,23981410,-731560,15485130,202105.0
100,A10024440,3187090,1609200,0,0,0,12778490,6770050,17403960,1292070,9600060,202105.0
101,A10024421,3606080,1031760,0,0,0,13566000,0,0,374090,9996180,202105.0
