,kaptCode,heatC,heatP,gasC,gasP,waterHotC,waterHotP,electC,electP,waterCoolC,waterCoolP,Date
0,A13407204,21811390,0,0,0,0,12812000,6298381,24017886,132060,11638790,202104.0
1,A13407104,58423680,0,0,0,-70788480,70788480,5919741,67452300,1004030,0,202104.0
2,A13478601,25694900,0,0,0,12309900,12309900,5614776,22786970,4260110,6023900,202104.0
3,A13407002,0,0,0,0,0,0,5598704,23387190,0,0,202104.0
4,A13482706,55930900,0,0,0,24871400,0,49887220,0,21293710,0,202104.0
5,A13482801,0,0,0,0,0,0,7644720,0,585340,0,202104.0
6,A13407201,0,0,0,0,0,0,828470,5726120,0,3466130,202104.0
7,A13407202,9791740,0,0,0,0,5391000,3746620,11335850,1444590,4676530,202104.0
8,A13482603,0,0,33532120,0,0,0,7433539,16920660,3409100,7375020,202104.0
9,A13482505,11549540,29724040,0,0,-14226900,14226900,6199398,24547100,985450,12162150,202104.0
10,A10025415,0,0,0,0,0,0,90826700,0,29938220,0,202104.0
11,A10026002,,,,,,,,,,,202104.0
12,A13483002,0,0,0,0,0,0,7866750,21893100,1028150,0,202104.0
13,A13480401,0,0,0,0,0,0,17801162,0,7807390,0,202104.0
14,A13408003,6990290,12514140,0,0,0,35591400,16451052,56296280,0,21681890,202104.0
15,A13480402,0,0,0,0,0,0,2600620,7178070,33120,6019210,202104.0
16,A13480403,0,0,0,0,0,0,5413181,28233710,1188440,16518450,202104.0
17,A10027207,26607370,15118000,0,0,0,83766140,30988600,167242620,4342730,62295710,202104.0
18,A10025263,26097280,16099000,0,24218650,0,119127090,56222949,215015220,-909240,83199050,202104.0
19,A13483803,0,0,125320,0,0,0,-43778,11377980,731690,7261550,202104.0
20,A13472701,12353310,34453650,0,0,0,34134800,2344328,83264270,0,38053480,202104.0
21,A13409001,0,0,141160,0,0,0,1856260,4919760,307100,3063900,202104.0
22,A10026403,4770480,4820920,0,0,0,15452880,7024220,25471730,186200,12158870,202104.0
23,A10025112,10396130,11460410,0,0,0,42260400,27812900,75994690,7047600,30728460,202104.0
24,A10025104,8794340,8094450,0,0,519350,39989950,12847050,76160790,2014990,28104600,202104.0
25,A10023855,,,,,,,,,,,202104.0
26,A10024420,2044050,3280220,-91520,78110,0,0,2702590,1795310,6550,1481070,202104.0
27,A10024473,10921780,17342650,0,2421500,0,33074300,23703090,57262360,0,25811590,202104.0
28,A10025010,21786320,16007890,0,0,0,88947450,37890920,185517360,1909090,66819620,202104.0
29,A10024412,11773057,2920640,0,0,7476300,7476300,6380340,9346780,1035890,5034470,202104.0
30,A13481305,0,0,89020,0,0,0,8737919,20053740,60000,0,202104.0
31,A13480803,0,0,0,0,0,0,1503600,9626250,145200,4835830,202104.0
32,A13488104,0,0,0,0,0,0,12073490,26392640,136880,11063150,202104.0
33,A13470103,,,,,,,,,,,202104.0
34,A13470101,0,0,438960,0,0,0,2805102,32941840,462385,0,202104.0
35,A13481001,0,0,0,0,0,0,1675844,4263300,1130,2973130,202104.0
36,A10024972,,,,,,,,,,,202104.0
37,A10024932,0,0,0,7057180,0,0,3978060,13733730,-620,10856880,202104.0
38,A13470503,0,0,0,0,0,0,1604390,34812740,0,16593590,202104.0
39,A13406204,103450,0,0,0,0,0,3168500,13342160,0,7024590,202104.0
40,A13406003,0,0,34910,0,0,0,2384990,0,223640,0,202104.0
41,A13406002,0,0,0,0,0,0,1598260,5277400,-2370,2810760,202104.0
42,A13470502,0,0,0,0,0,0,2043050,10928840,607830,4950300,202104.0
43,A13406005,0,0,0,0,0,0,15577657,0,6631520,0,202104.0
44,A13406205,224840,0,0,0,0,0,1912366,14895340,214500,0,202104.0
45,A13481802,104490,0,0,0,0,0,406290,8370210,282250,0,202104.0
46,A13406201,0,0,0,0,0,0,7020690,0,3344510,0,202104.0
47,A13470504,0,0,0,0,0,0,877737,4846270,40530,2561200,202104.0
48,A13485401,0,0,0,0,0,0,501230,10009000,0,4184120,202104.0
49,A13405002,0,0,0,0,0,0,5152220,14719690,1190,9438250,202104.0
50,A13405201,0,0,0,0,0,0,30535220,77782130,0,46959900,202104.0
51,A13471501,0,0,0,0,0,0,3977903,11880160,0,7395267,202104.0
52,A13405003,0,0,283220,0,0,0,18364522,59613760,-8680,30989620,202104.0
53,A13485302,-5797110,5682580,0,0,0,0,65694908,137413000,5671380,61357320,202104.0
54,A13485301,0,0,0,0,0,0,474270,25991480,522910,10402750,202104.0
55,A10025174,0,0,0,0,0,0,6220842,16547180,24180,8148470,202104.0
56,A13484501,127600,0,0,0,0,0,1509040,7921720,36260,7422400,202104.0
57,A13403001,0,0,0,0,0,0,8511170,0,3358220,0,202104.0
58,A13484102,0,0,0,0,0,0,2010620,8803590,232430,3895590,202104.0
59,A13403002,0,0,196280,0,0,0,1244930,11568420,-180,5728600,202104.0
60,A13403101,-329083,10765350,0,0,0,28938600,9447308,41309160,0,18837140,202104.0
61,A13484201,0,0,0,0,0,0,10582830,0,3605000,0,202104.0
62,A13484003,0,0,0,0,0,0,2417740,7130990,177280,4758850,202104.0
63,A10027354,0,0,-798300,774340,135800,0,998965,21095400,-370,8057260,202104.0
64,A13402103,0,0,161060,0,0,0,3649520,11769100,500230,0,202104.0
65,A13402304,0,0,21740,0,0,0,689830,3723880,0,2806370,202104.0
66,A13402002,0,0,0,0,0,0,3805990,15177380,0,0,202104.0
67,A13486703,0,0,0,0,0,0,746870,0,0,0,202104.0
68,A13486102,0,0,0,0,0,0,769760,0,56790,0,202104.0
69,A13486504,0,0,0,0,0,0,3439150,18175420,228950,8828580,202104.0
70,A13486401,0,0,0,0,0,0,554670,3110440,0,2155410,202104.0
71,A13402202,0,0,2910,0,0,0,2121619,5646970,0,1964190,202104.0
72,A13486705,0,0,0,0,0,0,584931,7463226,0,0,202104.0
73,A13486601,0,0,0,0,0,0,356100,6501510,0,0,202104.0
74,A13402305,0,0,0,0,0,0,1640380,14164960,0,0,202104.0
75,A13402204,0,0,0,0,0,0,2594168,8883650,0,0,202104.0
76,A13486701,0,0,0,0,0,0,1124431,4307590,0,0,202104.0
77,A13472201,0,0,0,0,0,0,1232840,3718530,0,0,202104.0
78,A10026195,,,,,,,,,,,202104.0
79,A10026852,0,0,575680,0,0,0,60118770,43179250,16744610,16165110,202104.0
80,A10023670,,,,,,,,,,,202104.0
81,A10023695,,,,,,,,,,,202104.0
82,A10024134,,,,,,,,,,,202104.0
83,A13410012,3045930,6833750,0,0,0,10564650,2032400,24437650,829130,11580690,202104.0
84,A13410005,3058850,8366080,0,1024920,0,13711300,0,18644250,1063910,11687150,202104.0
85,A13410002,2424550,2577600,0,0,0,8312700,3315456,11456870,682620,6705670,202104.0
86,A13410008,60730,10692780,0,0,0,15213400,2598446,22539750,88250,13698700,202104.0
87,A13410001,1252000,2909650,0,0,0,5932500,654093,9761960,0,4622670,202104.0
88,A13410011,2672400,16722150,0,0,0,14908800,0,21935670,0,12221470,202104.0
89,A13410003,2182870,5412990,0,0,0,9189600,1342913,15566860,500100,8721810,202104.0
90,A13410007,4265852,11886700,0,0,0,10634300,1660160,29761250,924210,13632400,202104.0
91,A13410006,4210500,7302750,0,0,0,12295480,6074746,19282860,30650,13292880,202104.0
92,A13410004,12504262,2991500,0,0,-10398500,10391500,4048956,13720400,0,7551480,202104.0
93,A13410010,2438050,6699000,0,0,0,10745280,3946414,18741520,820640,8386370,202104.0
94,A13410009,16956570,8939200,0,0,-14490000,14490000,1951140,22496210,655180,11097470,202104.0
95,A10027638,1925360,0,947500,0,2571000,0,2745390,0,2120910,0,202104.0
96,A10024410,1232160,1256200,0,0,0,4847700,2221350,4602440,46270,3375120,202104.0
97,A10024422,6509060,3452890,0,0,0,17136000,4593520,20287900,0,14093380,202104.0
98,A10024487,,,,,,,,,,,202104.0
99,A10024468,24390500,4293060,0,0,-20438300,20308100,7775460,26051390,-1203160,14898670,202104.0
100,A10024440,3186440,4708200,0,0,0,13665600,4902180,15012280,295240,8042980,202104.0
101,A10024421,3851370,2909860,0,0,0,15793800,3865510,16502340,434480,10561110,202104.0
