,kaptCode,heatC,heatP,gasC,gasP,waterHotC,waterHotP,electC,electP,waterCoolC,waterCoolP,Date
0,A13407204,4539670,0,0,0,0,9696000,7072611,25027425,891960,11107620,202106.0
1,A13407104,46912680,0,0,0,-46912680,46912680,8640759,69465820,1522410,0,202106.0
2,A13478601,7226650,0,0,0,9775400,9775400,6536548,24267370,3323340,7009310,202106.0
3,A13407002,0,0,0,0,0,0,4684163,24316110,0,0,202106.0
4,A13482706,11295750,0,0,0,19872700,0,50744370,0,23475130,0,202106.0
5,A13482801,0,0,0,0,0,0,7629520,0,164980,0,202106.0
6,A13407201,0,0,0,0,0,0,1151150,5841900,27360,2547090,202106.0
7,A13407202,2178060,0,0,0,0,4257000,4008220,11135830,1190610,4997850,202106.0
8,A13482603,0,0,11887540,0,0,0,5953890,18846770,3529660,10753640,202106.0
9,A13482505,8157670,5896040,0,0,-11261200,11261200,7206738,25842960,675820,12218840,202106.0
10,A10025415,0,0,0,0,0,0,96946410,0,32198790,0,202106.0
11,A10026002,,,,,,,,,,,202106.0
12,A13483002,0,0,0,0,0,0,7926370,22143120,300590,0,202106.0
13,A13480401,0,0,0,0,0,0,15713895,0,9101120,0,202106.0
14,A13408003,6990290,1166410,0,0,0,18460640,20892141,59991760,0,22423290,202106.0
15,A13480402,0,0,0,0,0,0,2665050,8169490,68900,6043170,202106.0
16,A13480403,0,0,0,0,0,0,6103107,25193340,864600,16463180,202106.0
17,A10027207,21453950,237150,0,0,0,37566200,35219170,167483990,-70620,64885450,202106.0
18,A10025263,26553230,0,0,23324940,0,63358980,79310746,247434120,1366260,81729060,202106.0
19,A13483803,0,0,76850,0,0,0,362572,11596590,605320,7365300,202106.0
20,A13472701,12492180,2652000,0,0,0,29274000,2760183,84811720,0,36113440,202106.0
21,A13409001,0,0,46930,0,0,0,1677940,5184380,307100,3273060,202106.0
22,A10026403,4134750,0,0,0,0,8810100,7506470,27277810,189000,12322190,202106.0
23,A10025112,7002450,421520,0,0,0,30340800,44688870,92058100,4240960,30388740,202106.0
24,A10025104,9686400,292500,0,0,0,25030400,24927160,88887470,1078200,28847180,202106.0
25,A10023855,,,,,,,,,,,202106.0
26,A10024420,2214610,1200150,-116160,93310,0,0,1845360,2150610,-96740,1575770,202106.0
27,A10024473,10067540,508660,0,2775480,0,20906100,21974870,67433880,351100,28346630,202106.0
28,A10025010,21845210,412870,0,0,0,53702880,49714880,209698530,-80,63116620,202106.0
29,A10024412,9512542,133100,0,0,6044400,6044400,6586840,14089620,0,5829360,202106.0
30,A13481305,0,0,21360,0,0,0,6608980,22373880,60000,0,202106.0
31,A13480803,0,0,0,0,0,0,2141650,8163030,71280,5360720,202106.0
32,A13488104,0,0,0,0,0,0,11245766,31425920,151040,13485780,202106.0
33,A13470103,,,,,,,,,,,202106.0
34,A13470101,0,0,211530,0,0,0,4076506,31206070,462385,0,202106.0
35,A13481001,0,0,0,0,0,0,1407920,4316180,48570,3024630,202106.0
36,A10024972,,,,,,,,,,,202106.0
37,A10024932,0,0,0,4020050,0,0,3108830,15700450,-220,11276340,202106.0
38,A13470503,0,0,0,0,0,0,1668770,38438810,0,16723000,202106.0
39,A13406204,18220,0,0,0,0,0,3423120,13408200,118000,7183220,202106.0
40,A13406003,0,0,0,0,0,0,2214420,0,171680,0,202106.0
41,A13406002,0,0,0,0,0,0,932608,5543800,-6150,2982000,202106.0
42,A13470502,0,0,0,0,0,0,1935930,11662940,510810,5124680,202106.0
43,A13406005,0,0,0,0,0,0,15275340,0,6812190,0,202106.0
44,A13406205,21710,0,0,0,0,0,18040489,0,256900,0,202106.0
45,A13481802,12440,0,0,0,0,0,0,9597930,85410,0,202106.0
46,A13406201,0,0,0,0,0,0,7103120,0,3466810,0,202106.0
47,A13470504,0,0,0,0,0,0,959040,4800280,40530,2780790,202106.0
48,A13485401,0,0,0,0,0,0,512270,9579650,0,4391410,202106.0
49,A13405002,0,0,0,0,0,0,4758660,15599830,380,9620840,202106.0
50,A13405201,0,0,0,0,0,0,29023330,81279980,0,49880690,202106.0
51,A13471501,0,0,0,0,0,0,4142206,12410020,0,7705206,202106.0
52,A13405003,0,0,96680,0,0,0,17400893,65125830,1010,29479330,202106.0
53,A13485302,-7197520,7067740,0,0,0,0,61131957,144809240,5055050,63487790,202106.0
54,A13485301,0,0,0,0,0,0,426290,24751960,535200,10808630,202106.0
55,A10025174,0,0,0,0,0,0,6401011,18041820,47480,8122540,202106.0
56,A13484501,33130,0,0,0,0,0,2026620,7899170,35660,7381710,202106.0
57,A13403001,0,0,0,0,0,0,9253470,0,3540620,0,202106.0
58,A13484102,0,0,0,0,0,0,-868860,11937360,-644920,4844600,202106.0
59,A13403002,0,0,1780,0,0,0,1087180,12067300,-780,5988500,202106.0
60,A13403101,0,0,0,0,0,24876800,3648220,28597750,0,19871260,202106.0
61,A13484201,0,0,0,0,0,0,9882070,0,4173440,0,202106.0
62,A13484003,0,0,0,0,0,0,1342130,8331780,74790,4603450,202106.0
63,A10027354,0,0,-867880,841510,37200,0,112744,23454200,30560,8426160,202106.0
64,A13402103,0,0,32340,0,0,0,2643140,12455510,587670,0,202106.0
65,A13402304,0,0,3090,0,0,0,760700,3424970,0,2687500,202106.0
66,A13402002,0,0,0,0,0,0,3684850,13468870,0,0,202106.0
67,A13486703,0,0,0,0,0,0,821160,0,0,0,202106.0
68,A13486102,0,0,0,0,0,0,805740,0,59310,0,202106.0
69,A13486504,0,0,0,0,0,0,2428040,19722340,405480,9668520,202106.0
70,A13486401,0,0,0,0,0,0,377870,3187540,216840,2169580,202106.0
71,A13402202,0,0,0,0,0,0,2003390,5706160,0,2943830,202106.0
72,A13486705,0,0,0,0,0,0,107588,8042330,0,0,202106.0
73,A13486601,0,0,0,0,0,0,93410,6591560,0,0,202106.0
74,A13402305,0,0,0,0,0,0,1196550,14068330,0,0,202106.0
75,A13402204,0,0,0,0,0,0,3559921,10112130,0,0,202106.0
76,A13486701,0,0,0,0,0,0,458450,4688250,0,0,202106.0
77,A13472201,0,0,0,0,0,0,1008300,3642770,0,0,202106.0
78,A10026195,,,,,,,,,,,202106.0
79,A10026852,0,0,495920,0,0,0,74798060,54139540,18184160,16250680,202106.0
80,A10023670,,,,,,,,,,,202106.0
81,A10023695,,,,,,,,,,,202106.0
82,A10024134,,,,,,,,,,,202106.0
83,A13410012,2642580,106250,0,0,0,8182950,1929380,25966010,690030,12124680,202106.0
84,A13410005,3058850,0,0,1248930,0,8913070,0,20914070,788540,11934850,202106.0
85,A13410002,2696510,0,0,0,0,3788000,3112479,12307650,693430,6563450,202106.0
86,A13410008,31710,1024860,0,0,0,10523170,3024414,24933380,59580,14080020,202106.0
87,A13410001,1252000,0,0,0,0,4553500,314871,10706070,0,4758930,202106.0
88,A13410011,2672400,0,0,0,0,8428750,0,25771230,0,12032040,202106.0
89,A13410003,2182870,274220,0,0,0,6700400,1018862,17675740,222670,9230350,202106.0
90,A13410007,3918440,0,0,0,0,9912360,-328360,32716450,1092510,13841460,202106.0
91,A13410006,3768030,750550,0,0,0,8273300,5952258,20894800,100120,13632150,202106.0
92,A13410004,7969500,0,0,0,0,0,18598430,0,8424940,0,202106.0
93,A13410010,2425300,327000,0,0,0,7407150,3098193,21178780,869880,8908930,202106.0
94,A13410009,13993370,0,0,0,-11526800,11424000,878470,23866270,789120,11555090,202106.0
95,A10027638,746420,0,962180,0,1962000,0,3208110,0,2146150,0,202106.0
96,A10024410,1230750,204100,0,0,0,3038750,2331800,4808000,-870730,3893710,202106.0
97,A10024422,4765280,325160,0,0,0,11556800,8091610,25220550,0,13564240,202106.0
98,A10024487,,,,,,,,,,,202106.0
99,A10024468,16090130,355060,0,0,-12060510,12002760,10170240,26647920,-970370,15374400,202106.0
100,A10024440,3130130,0,0,0,0,8645300,6310406,22400574,-660,10067610,202106.0
101,A10024421,3592600,57750,0,0,0,9277500,9674450,30114436,317560,11057820,202106.0
