,kaptCode,heatC,heatP,gasC,gasP,waterHotC,waterHotP,electC,electP,waterCoolC,waterCoolP,Date
0,A13407204,55938780,0,0,0,0,14184000,7174359,21053413,161940,10892010,202103.0
1,A13407104,70788480,0,0,0,-70788480,70788480,14337791,67452300,1981830,0,202103.0
2,A13478601,53997830,0,0,0,11347900,11347900,6063386,20763080,4156300,5593060,202103.0
3,A13407002,0,0,0,0,0,0,5551327,21230650,0,0,202103.0
4,A13482706,92280300,0,0,0,30521300,0,46403670,0,20389050,0,202103.0
5,A13482801,0,0,0,0,0,0,7037020,0,0,0,202103.0
6,A13407201,0,0,0,0,0,0,1464910,5653450,27360,2523930,202103.0
7,A13407202,22760010,0,0,0,0,6060000,4585480,9937480,1587480,4087230,202103.0
8,A13482603,0,0,52085170,3579930,0,0,12028167,18622070,3799960,7660460,202103.0
9,A13482505,8902380,62736360,0,0,-12126000,12126000,6681905,21314480,1116590,10692950,202103.0
10,A10025415,0,0,0,0,0,0,17182240,65191190,-2497530,33516100,202103.0
11,A10026002,,,,,,,,,,,202103.0
12,A13483002,0,0,0,0,0,0,7547090,19520070,214800,0,202103.0
13,A13480401,0,0,0,0,0,0,17334197,0,8657300,0,202103.0
14,A13408003,6990290,50181600,0,0,0,35536800,13942811,50659060,-76300,21302090,202103.0
15,A13480402,0,0,0,0,0,0,2273920,7362590,266040,5727060,202103.0
16,A13480403,0,0,0,0,0,0,8440347,23987780,584760,14782770,202103.0
17,A10027207,31041100,58073080,0,0,0,114260580,34324702,147001450,1057540,62441550,202103.0
18,A10025263,33017540,79746410,0,0,0,139162570,63711768,189196540,-4309080,88134080,202103.0
19,A13483803,0,0,190260,0,0,0,906582,10140910,451170,7583630,202103.0
20,A13472701,13349030,79422720,0,0,0,36740600,4672174,74002800,0,39345100,202103.0
21,A13409001,0,0,230680,0,0,0,1807060,4426160,49950,3351420,202103.0
22,A10026403,5137450,14231890,0,0,0,19621040,8501400,22486330,160740,10616430,202103.0
23,A10025112,13660910,36220450,0,10505480,0,47934900,29931000,83149620,349400,27403930,202103.0
24,A10025104,9650180,29401160,0,11210560,0,49551600,39128130,66968650,17490,25464900,202103.0
25,A10023855,,,,,,,,,,,202103.0
26,A10024420,2174680,5768290,-51610,51510,0,0,7098240,1627020,-20340,1192940,202103.0
27,A10024473,19406260,46580520,0,0,0,32515000,35544380,32436700,1500,20358660,202103.0
28,A10025010,21787610,57295530,0,0,0,115679770,39947670,162619640,4250,57640910,202103.0
29,A10024412,11729356,7903410,0,0,4430400,4430400,8786386,6463350,0,2968190,202103.0
30,A13481305,0,0,192650,0,0,0,6407646,20053740,3394430,0,202103.0
31,A13480803,0,0,0,0,0,0,1924010,8170190,245520,4327820,202103.0
32,A13488104,0,0,0,0,0,0,17539950,24578940,147960,12436270,202103.0
33,A13470103,,,,,,,,,,,202103.0
34,A13470101,0,0,412700,0,0,0,2872354,29435470,462385,0,202103.0
35,A13481001,0,0,0,0,0,0,1554565,4070850,27020,2769920,202103.0
36,A10024972,,,,,,,,,,,202103.0
37,A10024932,0,0,0,11637030,0,0,2683390,13437200,0,0,202103.0
38,A13470503,0,0,0,0,0,0,1604390,38818010,0,15992630,202103.0
39,A13406204,146470,0,0,0,0,0,3848270,12074890,0,6178750,202103.0
40,A13406003,0,0,45840,0,0,0,2586170,0,223640,0,202103.0
41,A13406002,0,0,0,0,0,0,1287310,5133350,-15500,2644650,202103.0
42,A13470502,0,0,0,0,0,0,2119790,12254210,340590,4598500,202103.0
43,A13406005,0,0,0,0,0,0,14208175,0,6255430,0,202103.0
44,A13406205,253250,0,0,0,0,0,1691089,17081520,255500,0,202103.0
45,A13481802,214860,0,0,0,0,0,366160,9599770,0,0,202103.0
46,A13406201,0,0,0,0,0,0,6558600,6351810,3092970,3344510,202103.0
47,A13470504,0,0,0,0,0,0,1171524,4102220,70230,2224670,202103.0
48,A13485401,0,0,0,0,0,0,695770,9322670,0,3760880,202103.0
49,A13405002,0,0,0,0,0,0,6087440,15856690,-210,9030520,202103.0
50,A13405201,0,0,0,0,0,0,31031260,71645210,579890,46907280,202103.0
51,A13471501,0,0,0,0,0,0,4784399,12974820,0,7433938,202103.0
52,A13405003,0,0,161750,0,0,0,18665669,65626020,-1720,26147260,202103.0
53,A13485302,-6103300,6000620,0,0,0,0,58177661,130076740,0,60749400,202103.0
54,A13485301,0,0,0,0,0,0,393490,24364270,437370,10916690,202103.0
55,A10025174,0,0,0,0,0,0,6360709,15007860,17670,7223900,202103.0
56,A13484501,159730,0,0,0,0,0,1670240,7202940,0,0,202103.0
57,A13403001,0,0,0,0,0,0,7733980,0,2909220,0,202103.0
58,A13484102,0,0,0,0,0,0,2191270,7759790,163050,3773850,202103.0
59,A13403002,0,0,389420,0,0,0,2507610,9946400,-80,5372040,202103.0
60,A13403101,-1178665,61635750,0,0,0,35392400,12170525,37148770,5397200,19874350,202103.0
61,A13484201,0,0,0,0,0,0,9644180,0,4230300,0,202103.0
62,A13484003,0,0,0,0,0,0,2139200,6529340,0,4657480,202103.0
63,A10027354,0,0,-820650,798290,122400,0,498900,23808640,-460,8381870,202103.0
64,A13402103,0,0,128210,0,0,0,3270160,10621950,206740,0,202103.0
65,A13402304,0,0,46190,0,0,0,737900,3240800,0,2356700,202103.0
66,A13402002,0,0,0,0,0,0,5056080,14541200,820,14304440,202103.0
67,A13486703,0,0,0,0,0,0,975360,0,0,0,202103.0
68,A13486102,0,0,0,0,0,0,776870,0,53260,0,202103.0
69,A13486504,0,0,0,0,0,0,1437360,22251820,634320,8334780,202103.0
70,A13486401,0,0,0,0,0,0,795770,2927140,216840,2315040,202103.0
71,A13402202,0,0,6120,0,0,0,2256938,4871300,0,3101410,202103.0
72,A13486705,0,0,0,0,0,0,789300,8332950,319440,7700040,202103.0
73,A13486601,0,0,0,0,0,0,708950,6162460,0,0,202103.0
74,A13402305,0,0,0,0,0,0,2732290,12976380,0,0,202103.0
75,A13402204,0,0,0,0,0,0,2705370,8094640,852390,8103710,202103.0
76,A13486701,0,0,0,0,0,0,1293796,4918620,139500,0,202103.0
77,A13472201,0,0,0,0,0,0,1120720,3407700,0,0,202103.0
78,A10026195,,,,,,,,,,,202103.0
79,A10026852,0,0,641500,0,0,0,67879000,48843110,15372040,14467060,202103.0
80,A10023670,,,,,,,,,,,202103.0
81,A10023695,,,,,,,,,,,202103.0
82,A10024134,,,,,,,,,,,202103.0
83,A13410012,2920740,18950400,0,0,0,11082600,2047040,22194710,235800,11409140,202103.0
84,A13410005,3058850,21541590,0,1108940,0,16796000,0,27472390,191590,11985780,202103.0
85,A13410002,2812420,10018800,0,0,0,9223500,3561781,12786250,559580,5999720,202103.0
86,A13410008,44890,27738900,0,0,0,17156860,2578519,26571330,83250,12318240,202103.0
87,A13410001,1252000,8872550,0,0,0,6762000,833402,10789360,0,4889430,202103.0
88,A13410011,2672400,16722150,0,0,0,14908800,0,21935670,0,12221470,202103.0
89,A13410003,2182870,15485590,0,0,0,9293200,2710637,16752560,569830,8970450,202103.0
90,A13410007,4181790,24560320,0,0,0,19023000,1131360,33274580,629410,14192640,202103.0
91,A13410006,5965580,18655300,0,0,0,14124760,6704871,21271020,134970,13619680,202103.0
92,A13410004,13221762,12824800,0,0,-11116000,11105500,4037954,15398431,0,7732260,202103.0
93,A13410010,2474870,17531000,0,0,0,12691200,3879063,21218260,618360,10080080,202103.0
94,A13410009,18762572,21952800,0,0,-16296000,16296000,2021600,25118230,699330,11433460,202103.0
95,A10027638,4073080,0,0,0,2616000,0,2867280,0,2089930,0,202103.0
96,A10024410,1173300,3345350,-280600,0,0,6244180,3233150,3091430,12210,2696500,202103.0
97,A10024422,6743870,10800360,0,0,0,21703500,10072450,22845350,0,12933840,202103.0
98,A10024487,,,,,,,,,,,202103.0
99,A10024468,29273370,13273990,0,0,-25086700,24947300,11242040,22411190,0,12731310,202103.0
100,A10024440,4598863,14478790,0,0,1062190,10737090,6027230,12079940,318220,5891000,202103.0
101,A10024421,5161590,10210540,0,0,0,20251920,4519563,17672800,871689,9928039,202103.0
