,kaptCode,heatC,heatP,gasC,gasP,waterHotC,waterHotP,electC,electP,waterCoolC,waterCoolP,Date
0,A13407204,52182790,0,0,0,0,13028000,9428515,25212003,162840,12308950,202111.0
1,A13407104,55086150,0,0,0,-55086150,55086150,20208785,68364850,6877260,0,202111.0
2,A13478601,58938260,0,0,0,9483100,9483100,8617290,24282700,4161580,6794610,202111.0
3,A13407002,0,0,0,0,0,0,5965276,25460650,0,0,202111.0
4,A13482706,91571240,0,0,0,21430400,0,53383370,0,21076720,0,202111.0
5,A13482801,0,0,0,0,0,0,8178410,0,0,0,202111.0
6,A13407201,0,0,0,0,0,0,1738510,5667370,12160,2784750,202111.0
7,A13407202,0,0,0,0,0,0,3691060,12158680,0,6539900,202111.0
8,A13482603,0,0,47680990,3137030,0,0,9445610,18995590,3373440,9166860,202111.0
9,A13482505,8380250,67950040,0,0,-12365700,12365700,9383057,26440990,1428330,11989760,202111.0
10,A10025415,0,0,0,0,0,0,97240598,0,26519470,0,202111.0
11,A10026002,,,,,,,,,,,202111.0
12,A13483002,0,0,0,0,0,0,8168420,23633450,119720,0,202111.0
13,A13480401,0,0,0,0,0,0,16905076,0,8911350,0,202111.0
14,A13408003,6976740,50716760,0,0,0,32728800,24076920,59813310,0,22755570,202111.0
15,A13480402,0,0,0,0,0,0,3179660,5251510,235980,3900900,202111.0
16,A13480403,0,0,0,0,0,0,6306021,27227140,837320,16896900,202111.0
17,A10027207,34654613,69704280,0,0,0,91381260,43539321,171585020,437360,64729270,202111.0
18,A10025263,31533520,95037070,0,0,0,112299240,91046214,227168100,738170,83325360,202111.0
19,A13483803,0,0,58770,0,0,0,1145002,12269500,151330,7836690,202111.0
20,A13472701,14987430,85709300,0,0,0,28091800,5593596,87225530,0,44491770,202111.0
21,A13409001,0,0,131270,0,0,0,1851900,5408630,246050,3786170,202111.0
22,A10026403,5853570,18740440,0,0,0,15185880,8192050,27291440,378530,12175500,202111.0
23,A10025112,16794440,41969520,0,9816120,0,32976000,42186600,84396710,72830,31776660,202111.0
24,A10025104,9992430,38458550,0,10492620,0,36233800,6710300,82876280,559120,28908150,202111.0
25,A10023855,,,,,,,,,,,202111.0
26,A10024420,1567180,9461170,0,0,0,0,2607240,3626330,51510,2659080,202111.0
27,A10024473,10772290,48500320,0,0,0,31614000,23495070,74419050,0,30876920,202111.0
28,A10025010,21836730,76472670,0,0,88278510,88278510,56134930,197394210,-310,65140570,202111.0
29,A10024412,2793680,11559370,0,0,11251500,11251500,3123690,12704600,128640,7668720,202111.0
30,A13481305,0,0,95790,0,0,0,5737095,24266200,2014410,0,202111.0
31,A13480803,0,0,0,0,0,0,2555808,7749340,97680,5175900,202111.0
32,A13488104,0,0,0,0,0,0,12079150,26389510,118670,12629130,202111.0
33,A13470103,,,,,,,,,,,202111.0
34,A13470101,0,0,243630,0,0,0,2898659,33962990,815990,0,202111.0
35,A13481001,0,0,0,0,0,0,1804130,4519900,898690,2721070,202111.0
36,A10024972,,,,,,,,,,,202111.0
37,A10024932,0,0,0,14262930,0,0,1778150,17153040,0,0,202111.0
38,A13470503,0,0,0,0,0,0,1590630,37922620,0,17595650,202111.0
39,A13406204,21120,0,0,0,0,0,3408880,13273040,0,7292210,202111.0
40,A13406003,0,0,14750,0,0,0,1969910,0,199520,0,202111.0
41,A13406002,0,0,0,0,0,0,849650,5391810,-3280,2868320,202111.0
42,A13470502,0,0,0,0,0,0,1873950,12013180,697660,5140370,202111.0
43,A13406005,0,0,0,0,0,0,16077929,0,7343900,0,202111.0
44,A13406205,160440,0,0,0,0,0,1812420,16787900,177000,0,202111.0
45,A13481802,71940,0,0,0,0,0,522610,9073610,66970,0,202111.0
46,A13406201,0,0,0,0,0,0,6756080,0,3521930,0,202111.0
47,A13470504,0,0,0,0,0,0,989960,5060780,34640,2710750,202111.0
48,A13485401,0,0,0,0,0,0,473010,9627610,0,4438300,202111.0
49,A13405002,0,0,0,0,0,0,5745430,15893350,780,9781840,202111.0
50,A13405201,0,0,0,0,0,0,35502510,81892780,0,48145700,202111.0
51,A13471501,0,0,0,0,0,0,4778941,12822570,0,8234770,202111.0
52,A13405003,0,0,82270,0,0,0,17269872,65233430,2990,28000420,202111.0
53,A13485302,-6906220,6799510,0,0,0,0,60890348,140444440,796610,65310410,202111.0
54,A13485301,0,0,0,0,0,0,350180,26640910,463880,11611690,202111.0
55,A10025174,0,0,0,0,0,0,6294205,17624530,40320,8369160,202111.0
56,A13484501,108720,0,0,0,0,0,2234820,8232460,0,0,202111.0
57,A13403001,0,0,0,0,0,0,1719010,6902030,228320,3264410,202111.0
58,A13484102,0,0,0,0,0,0,11212350,0,4555470,0,202111.0
59,A13403002,0,0,8940,0,0,0,1532920,11637660,-240,6681540,202111.0
60,A13403101,-354688,74198150,0,0,0,29141000,12030738,44682640,-724030,23072050,202111.0
61,A13484201,0,0,0,0,0,0,11498520,0,4165070,0,202111.0
62,A13484003,0,0,0,0,0,0,1882050,8388330,49860,4599650,202111.0
63,A10027354,0,0,-949450,925440,4634300,0,5847044,19098120,257810,8060550,202111.0
64,A13402103,0,0,73360,0,0,0,3678790,13241790,423960,0,202111.0
65,A13402304,0,0,2420,0,0,0,678850,3720010,0,2527170,202111.0
66,A13402002,0,0,0,0,0,0,4602130,13123630,-240,15594090,202111.0
67,A13486703,0,0,0,0,0,0,1081100,0,0,0,202111.0
68,A13486102,0,0,0,0,0,0,709190,0,66870,0,202111.0
69,A13486504,0,0,0,0,0,0,22931340,0,9775310,0,202111.0
70,A13486401,0,0,0,0,0,0,593270,3382190,84630,2307630,202111.0
71,A13402202,0,0,0,0,0,0,2043031,5862480,0,2679820,202111.0
72,A13486705,0,0,0,0,0,0,597381,8408980,426710,8265100,202111.0
73,A13486601,0,0,0,0,0,0,0,5918480,0,0,202111.0
74,A13402305,0,0,0,0,0,0,1208000,14205350,360360,0,202111.0
75,A13402204,0,0,0,0,0,0,2110996,9888860,1299350,8318180,202111.0
76,A13486701,0,0,0,0,0,0,398717,5882860,0,0,202111.0
77,A13472201,0,0,0,0,0,0,1188640,3775020,102480,0,202111.0
78,A10026195,,,,,,,,,,,202111.0
79,A10026852,0,0,745470,0,0,0,71528360,47630300,17108300,16732780,202111.0
80,A10023670,1594930,0,0,0,1762050,0,4167570,0,0,0,202111.0
81,A10023695,,,,,,,,,,,202111.0
82,A10024134,,,,,,,,,,,202111.0
83,A13410012,3111900,21759600,0,0,0,7163200,2570780,25445400,1429540,11163270,202111.0
84,A13410005,3058850,23704800,0,1241890,0,14007920,3420320,21029990,990420,11395780,202111.0
85,A13410002,2180610,12276600,0,0,0,8121300,3769767,12274360,724970,6750220,202111.0
86,A13410008,113210,33892500,0,0,0,12639240,7219596,23948160,299530,13673870,202111.0
87,A13410001,1252000,11985200,0,0,0,6072500,245386,11301810,0,4945630,202111.0
88,A13410011,3018500,18192900,0,0,0,12528000,0,25891800,0,11676310,202111.0
89,A13410003,2182870,17834670,0,0,0,7074800,1573773,17536550,121780,9532610,202111.0
90,A13410007,3655770,28129080,0,0,0,15712520,1284120,30043000,441010,14306400,202111.0
91,A13410006,6314930,19753000,0,0,0,11871000,6857089,19572980,29210,13994400,202111.0
92,A13410004,3272570,13282000,0,0,0,9079000,4089673,14921360,111020,7795820,202111.0
93,A13410010,2457410,21581040,0,0,0,7502350,4140757,20510750,863640,8805220,202111.0
94,A13410009,17524670,25705600,0,0,-14024500,14024500,2489970,23920720,708170,10821730,202111.0
95,A10027638,3768050,0,0,0,2298000,0,3315650,0,2039270,0,202111.0
96,A10024410,1753150,3020750,0,0,0,5432000,2214860,5429360,-431360,4049350,202111.0
97,A10024422,8029190,14421800,0,0,0,15534000,6724430,25508210,0,15061420,202111.0
98,A10024487,,,,,,,,,,,202111.0
99,A10024468,24191460,14921740,-25810,0,-20120520,20013420,9020630,28418500,-1338650,16082360,202111.0
100,A10024440,3564683,12393810,0,0,142537,13242300,8329997,20134530,264330,10345270,202111.0
101,A10024421,3792580,13200160,0,0,0,14471000,1951374,20426990,382750,11156390,202111.0
