,kaptCode,heatC,heatP,gasC,gasP,waterHotC,waterHotP,electC,electP,waterCoolC,waterCoolP,Date
0,A13407204,84540000,0,0,0,0,14628000,10945962,26800951,274880,11940250,202112.0
1,A13407104,78780790,0,0,0,-78780790,78780790,29875714,77415020,2613780,0,202112.0
2,A13478601,89774290,0,0,0,11162900,11162900,9792468,25166940,4103590,6193400,202112.0
3,A13407002,0,0,0,0,0,0,6411955,27337810,0,0,202112.0
4,A13482706,162144890,0,0,0,23084300,0,56931410,0,22742150,0,202112.0
5,A13482801,0,0,0,0,0,0,8541000,0,171760,0,202112.0
6,A13407201,0,0,0,0,0,0,1860280,7061320,0,2993120,202112.0
7,A13407202,0,0,0,0,0,0,4500040,12077270,0,6178830,202112.0
8,A13482603,0,0,76151960,0,0,0,41014240,0,11922910,0,202112.0
9,A13482505,6490970,115289680,0,0,-11806400,11806400,11780558,25946820,984660,11120380,202112.0
10,A10025415,0,0,0,0,0,0,102179084,79459140,30703850,32974110,202112.0
11,A10026002,,,,,,,,,,,202112.0
12,A13483002,0,0,0,0,0,0,9669780,24310640,92540,0,202112.0
13,A13480401,0,0,0,0,0,0,17086511,0,9314180,0,202112.0
14,A13408003,6948160,105012170,0,0,0,37709100,26158944,61111340,0,22838400,202112.0
15,A13480402,0,0,0,0,0,0,5840210,2192420,74030,2235660,202112.0
16,A13480403,0,0,0,0,0,0,7398465,27647770,297270,16149000,202112.0
17,A10027207,52513224,155514800,0,0,0,113929110,62675922,170426850,343790,65677390,202112.0
18,A10025263,33223230,209800200,0,22778710,0,158437780,105154078,224131920,-198980,85264780,202112.0
19,A13483803,0,0,131530,0,0,0,2449332,12221460,73620,7822300,202112.0
20,A13472701,15769750,162369020,0,0,0,37325750,8962124,87348900,0,37428260,202112.0
21,A13409001,0,0,238870,0,0,0,2027600,5361510,105450,3358050,202112.0
22,A10026403,6495260,35807230,0,0,0,19731220,10492900,27304660,377170,12140830,202112.0
23,A10025112,16869120,86998160,0,0,0,42619500,43523000,92130550,1000400,30500650,202112.0
24,A10025104,10177330,84140670,0,0,0,43282800,20633410,90177340,656800,29129760,202112.0
25,A10023855,,,,,,,,,,,202112.0
26,A10024420,1741800,16145360,0,0,0,0,3224390,3918310,41070,2684350,202112.0
27,A10024473,11028440,94063720,0,3455120,0,40269900,29466040,74123230,0,31547220,202112.0
28,A10025010,21785210,169470110,0,0,0,115319710,65658350,198805520,-1980,68080500,202112.0
29,A10024412,21818990,21818990,0,0,15886150,15886150,12205190,13675190,1647170,7647170,202112.0
30,A13481305,0,0,264040,0,0,0,7210923,24455540,0,0,202112.0
31,A13480803,0,0,0,0,0,0,2699080,8152020,200640,4839120,202112.0
32,A13488104,0,0,0,0,0,0,18443310,29603030,119960,11201770,202112.0
33,A13470103,,,,,,,,,,,202112.0
34,A13470101,0,0,556160,0,0,0,2989989,36300760,815990,0,202112.0
35,A13481001,0,0,0,0,0,0,1635301,4904340,753300,2162350,202112.0
36,A10024972,,,,,,,,,,,202112.0
37,A10024932,0,0,0,22126550,0,0,2231820,17642030,-800,11079800,202112.0
38,A13470503,0,0,0,0,0,0,7222890,43383040,0,18304180,202112.0
39,A13406204,180770,0,0,0,0,0,4130940,13764960,390440,6954070,202112.0
40,A13406003,0,0,48600,0,0,0,2379890,0,199520,0,202112.0
41,A13406002,0,0,0,0,0,0,800703,5819770,54230,2787000,202112.0
42,A13470502,0,0,0,0,0,0,3377960,13687350,659280,4939110,202112.0
43,A13406005,0,0,0,0,0,0,17171548,0,6689670,0,202112.0
44,A13406205,363330,0,0,0,0,0,1942533,19360630,44200,0,202112.0
45,A13481802,183080,0,0,0,0,0,731340,10622740,89300,0,202112.0
46,A13406201,0,0,0,0,0,0,6975220,0,3338920,0,202112.0
47,A13470504,0,0,0,0,0,0,1867191,4356400,55100,2697310,202112.0
48,A13485401,0,0,0,0,0,0,509530,9914320,0,4228370,202112.0
49,A13405002,0,0,0,0,0,0,6914810,18295120,90,9313330,202112.0
50,A13405201,0,0,0,0,0,0,35233770,82780420,0,48066260,202112.0
51,A13471501,0,0,0,0,0,0,4899274,15503420,0,7742192,202112.0
52,A13405003,0,0,364760,0,0,0,29091478,74566580,1520,29388510,202112.0
53,A13485302,-6456850,6365000,0,0,0,0,76759238,158544070,4354560,57945320,202112.0
54,A13485301,0,0,0,0,0,0,339420,26683080,541110,11581180,202112.0
55,A10025174,0,0,0,0,0,0,10329500,18213330,118480,8065350,202112.0
56,A13484501,243720,0,0,0,0,0,2564850,8895060,46070,7119130,202112.0
57,A13403001,0,0,0,0,0,0,8978840,0,3203050,0,202112.0
58,A13484102,0,0,0,0,0,0,12021460,0,4548290,0,202112.0
59,A13403002,0,0,242430,0,0,0,2838090,11711410,-360,4917970,202112.0
60,A13403101,-1305616,135855450,0,0,0,34789800,11935026,43806360,0,23766910,202112.0
61,A13484201,0,0,0,0,0,0,11024130,0,4184640,0,202112.0
62,A13484003,0,0,0,0,0,0,10278190,0,4616350,0,202112.0
63,A10027354,0,0,-909360,896240,424000,0,10414242,22137240,664250,8403820,202112.0
64,A13402103,0,0,302710,0,0,0,4710600,13019070,54270,0,202112.0
65,A13402304,0,0,29800,0,0,0,1114530,3723070,0,2473870,202112.0
66,A13402002,0,0,0,0,0,0,5029430,15130740,0,0,202112.0
67,A13486703,0,0,0,0,0,0,1282780,0,0,0,202112.0
68,A13486102,0,0,0,0,0,0,694760,0,63640,0,202112.0
69,A13486504,0,0,0,0,0,0,2923970,23051250,286380,9126260,202112.0
70,A13486401,0,0,0,0,0,0,533280,3238920,134160,2317760,202112.0
71,A13402202,0,0,2880,0,0,0,2424718,5741300,-70,2773860,202112.0
72,A13486705,0,0,0,0,0,0,380796,9678850,0,0,202112.0
73,A13486601,0,0,0,0,0,0,488210,6722400,0,0,202112.0
74,A13402305,0,0,0,0,0,0,2468350,14748910,0,0,202112.0
75,A13402204,0,0,0,0,0,0,3097177,10072480,0,0,202112.0
76,A13486701,0,0,0,0,0,0,1982521,5432293,0,0,202112.0
77,A13472201,0,0,0,0,0,0,1201590,3869230,0,0,202112.0
78,A10026195,,,,,,,,,,,202112.0
79,A10026852,0,0,857740,0,0,0,86977680,55688820,16229440,16055010,202112.0
80,A10023670,2178640,0,0,0,2530210,0,3750600,0,2402530,0,202112.0
81,A10023695,,,,,,,,,,,202112.0
82,A10024134,,,,,,,,,,,202112.0
83,A13410012,3278250,41909550,0,0,0,8704050,3081570,25486060,100400,11581210,202112.0
84,A13410005,3058850,48215790,0,1133390,0,17452200,3883615,24356510,628110,11616890,202112.0
85,A13410002,2502370,25538750,0,0,0,9457800,4006016,14151250,717840,6461380,202112.0
86,A13410008,598200,62489030,0,0,2570,15206690,8566679,26982610,803550,13913610,202112.0
87,A13410001,1252000,20093900,0,0,0,6538000,1344849,11373040,0,4639430,202112.0
88,A13410011,3844170,37291250,0,0,0,15061200,0,26359790,0,10563240,202112.0
89,A13410003,2182870,35077700,0,0,0,8625600,1814648,19800250,182130,9166140,202112.0
90,A13410007,3872410,55583220,0,0,0,19378100,1193360,34083930,923280,14096280,202112.0
91,A13410006,8946790,39321600,0,0,0,15437400,7297745,22130600,104490,13399770,202112.0
92,A13410004,3402740,28193100,0,0,0,11529000,4526679,16950870,0,7853840,202112.0
93,A13410010,2424120,41611050,0,0,0,9154860,5072652,22579630,878550,8950010,202112.0
94,A13410009,18832570,40359200,0,0,-16366000,16366000,2070430,28002940,651150,11012740,202112.0
95,A10027638,7130520,0,915410,0,2619000,0,3668590,0,2038600,0,202112.0
96,A10024410,2689130,6364480,0,0,0,6811000,2977350,5579660,-595950,4063360,202112.0
97,A10024422,10625680,28713240,0,0,0,18987000,13642060,28945320,0,15050100,202112.0
98,A10024487,,,,,,,,,,,202112.0
99,A10024468,4069900,32247210,0,0,0,27161150,10375900,28255360,-1284050,16393410,202112.0
100,A10024440,3931868,25659100,0,0,578392,17189550,9504628,22606000,92410,10673320,202112.0
101,A10024421,3914320,27843830,0,0,0,20573000,7411149,23603860,464340,11672770,202112.0
