,kaptCode,heatC,heatP,gasC,gasP,waterHotC,waterHotP,electC,electP,waterCoolC,waterCoolP,Date
0,A13407204,23183910,0,0,0,0,10684000,6027614,23770321,-217130,12562310,202110.0
1,A13407104,42325290,0,0,0,-42325290,42325290,19573970,70369000,3122830,0,202110.0
2,A13478601,21894190,0,0,0,8898500,8898500,5529664,23382480,4019880,6929470,202110.0
3,A13407002,0,0,0,0,0,0,5276940,23556490,0,0,202110.0
4,A13482706,45189710,0,0,0,17763700,0,47331620,0,22739650,0,202110.0
5,A13482801,0,0,0,0,0,0,7405500,0,83620,0,202110.0
6,A13407201,0,0,0,0,0,0,871700,6194020,12160,3002920,202110.0
7,A13407202,0,0,0,0,0,0,3260110,11124050,347700,6088570,202110.0
8,A13482603,0,0,24824180,0,0,0,7368720,19463610,2392250,8835130,202110.0
9,A13482505,8170450,26954560,0,0,-10763000,10763000,5988800,24810200,857030,11740970,202110.0
10,A10025415,0,0,0,0,0,0,91765504,0,32331600,0,202110.0
11,A10026002,,,,,,,,,,,202110.0
12,A13483002,0,0,0,0,0,0,6846650,22055200,119720,0,202110.0
13,A13480401,0,0,0,0,0,0,16306167,0,9063040,0,202110.0
14,A13408003,6991060,20919010,0,0,0,18597150,17674165,57199800,0,23280650,202110.0
15,A13480402,0,0,0,0,0,0,2511210,5500740,33680,4609540,202110.0
16,A13480403,0,0,0,0,0,0,5367732,26609600,688880,16742270,202110.0
17,A10027207,30164120,18266500,0,0,0,61096800,36334539,171336150,1663970,68528970,202110.0
18,A10025263,26713880,21589360,0,22638100,0,79800590,75631609,223850490,-1891160,87843920,202110.0
19,A13483803,0,0,15910,0,0,0,4694472,11421930,151330,7889940,202110.0
20,A13472701,12700090,31399200,0,0,0,25604100,2723180,82610060,0,40517990,202110.0
21,A13409001,0,0,33920,0,0,0,1594920,4942200,229400,3533010,202110.0
22,A10026403,4886960,6992540,0,0,0,11392920,7115850,26299020,867050,11444930,202110.0
23,A10025112,3294150,11955560,0,0,0,36211500,34319950,87881150,887670,32221520,202110.0
24,A10025104,10920130,11402300,0,0,0,24910200,22220850,85456030,1502280,28093610,202110.0
25,A10023855,,,,,,,,,,,202110.0
26,A10024420,1457580,4705920,0,0,0,0,2444640,3897030,54400,2681370,202110.0
27,A10024473,10866260,15590230,0,3406080,0,23911200,21310740,76789170,0,31802680,202110.0
28,A10025010,21848140,18578820,0,0,63374630,63256400,43821860,189102550,-750,66255910,202110.0
29,A10024412,6056073,3662400,0,0,8486400,8486400,16632620,13331840,7665190,7665190,202110.0
30,A13481305,0,0,4230,0,0,0,6443369,21087400,0,0,202110.0
31,A13480803,0,0,0,0,0,0,1957694,7588500,97680,5126810,202110.0
32,A13488104,0,0,0,0,0,0,10679770,26388360,119850,11486050,202110.0
33,A13470103,,,,,,,,,,,202110.0
34,A13470101,0,0,36040,0,0,0,2781028,30902060,815990,0,202110.0
35,A13481001,0,0,0,0,0,0,1147073,4576720,715340,2399680,202110.0
36,A10024972,,,,,,,,,,,202110.0
37,A10024932,0,0,0,6621720,0,0,1383450,16480460,-820,11802270,202110.0
38,A13470503,0,0,0,0,0,0,1664110,36103450,0,18056180,202110.0
39,A13406204,0,0,0,0,0,0,2841590,12687390,0,6951100,202110.0
40,A13406003,0,0,0,0,0,0,1573120,0,310880,0,202110.0
41,A13406002,0,0,0,0,0,0,266111,5663860,-330,3111320,202110.0
42,A13470502,0,0,0,0,0,0,2515300,11387620,44000,5740810,202110.0
43,A13406005,0,0,0,0,0,0,14657651,0,7059780,0,202110.0
44,A13406205,1400,0,0,0,0,0,1001106,16992360,177000,0,202110.0
45,A13481802,2460,0,0,0,0,0,0,10345430,66980,0,202110.0
46,A13406201,0,0,0,0,0,0,6343370,6703280,3576290,3521930,202110.0
47,A13470504,0,0,0,0,0,0,739586,4888740,197770,2872970,202110.0
48,A13485401,0,0,0,0,0,0,318420,9577630,0,4460320,202110.0
49,A13405002,0,0,0,0,0,0,5149580,15740630,-20,8804460,202110.0
50,A13405201,0,0,0,0,0,0,30922040,79468570,0,49417050,202110.0
51,A13471501,0,0,0,0,0,0,4226307,13071160,0,8308968,202110.0
52,A13405003,0,0,0,0,0,0,16783522,65852510,450,30757240,202110.0
53,A13485302,-6586520,6499930,0,0,0,0,61070094,143865300,600060,64268190,202110.0
54,A13485301,0,0,0,0,0,0,369800,25368840,509130,12113670,202110.0
55,A10025174,0,0,0,0,0,0,6244862,16726630,45120,8205390,202110.0
56,A13484501,4930,0,0,0,0,0,1516760,7802960,61390,8339900,202110.0
57,A13403001,0,0,0,0,0,0,1689860,6315810,212900,3221890,202110.0
58,A13484102,0,0,0,0,0,0,10637100,0,4358200,0,202110.0
59,A13403002,0,0,1780,0,0,0,966960,11452350,-590,6715370,202110.0
60,A13403101,-344530,23750900,0,0,0,22701000,8703140,42330370,0,22151320,202110.0
61,A13484201,0,0,0,0,0,0,10296070,0,4517140,0,202110.0
62,A13484003,0,0,0,0,0,0,9653690,0,5030000,0,202110.0
63,A10027354,0,0,-865950,846420,3300,0,5281531,19109150,124950,8562000,202110.0
64,A13402103,0,0,0,0,0,0,3840790,11057090,423960,0,202110.0
65,A13402304,0,0,1100,0,0,0,664830,3344860,0,2505000,202110.0
66,A13402002,0,0,0,0,0,0,2895720,15690770,0,0,202110.0
67,A13486703,0,0,0,0,0,0,844380,0,0,0,202110.0
68,A13486102,0,0,0,0,0,0,749780,0,66480,0,202110.0
69,A13486504,0,0,0,0,0,0,2619660,20017680,-232140,9611330,202110.0
70,A13486401,0,0,0,0,0,0,452290,3469110,88920,2353080,202110.0
71,A13402202,0,0,0,0,0,0,1479000,5846990,170,3221150,202110.0
72,A13486705,0,0,0,0,0,0,514736,8350570,0,0,202110.0
73,A13486601,0,0,0,0,0,0,0,5563520,0,0,202110.0
74,A13402305,0,0,0,0,0,0,432510,14573210,0,0,202110.0
75,A13402204,0,0,0,0,0,0,1833732,9377900,0,0,202110.0
76,A13486701,0,0,0,0,0,0,893415,4921350,0,0,202110.0
77,A13472201,0,0,0,0,0,0,893820,3723780,0,0,202110.0
78,A10026195,,,,,,,,,,,202110.0
79,A10026852,0,0,517270,0,0,0,65418760,48490500,17800930,16580420,202110.0
80,A10023670,530350,0,0,0,1473710,0,4213200,0,1842540,0,202110.0
81,A10023695,,,,,,,,,,,202110.0
82,A10024134,,,,,,,,,,,202110.0
83,A13410012,2801270,7577350,0,0,0,6439500,1569360,24076540,93610,12314500,202110.0
84,A13410005,3058850,5527980,0,1205980,0,12160060,1717680,22325360,1237060,11966080,202110.0
85,A13410002,2319140,4410000,0,0,0,5237500,3569505,12564680,703810,6525360,202110.0
86,A13410008,50370,14189520,0,0,0,10401720,5918523,24577860,27300,14416200,202110.0
87,A13410001,1252000,1800000,0,0,0,4861500,495782,10854950,0,4882690,202110.0
88,A13410011,2672400,4950000,0,0,0,10149400,0,24870880,0,12412590,202110.0
89,A13410003,2182870,5547850,0,0,0,6028300,1209829,18086660,20340,10102420,202110.0
90,A13410007,3562200,9302420,0,0,0,11455000,862640,32521200,956820,15067080,202110.0
91,A13410006,4113540,6949000,0,0,0,9186800,6291886,21268310,88070,14015780,202110.0
92,A13410004,2105762,3683760,0,0,0,6785000,3792063,15558930,59480,8381800,202110.0
93,A13410010,2456270,7272720,0,0,0,6651440,4076641,21018350,917610,9550120,202110.0
94,A13410009,14510070,10024800,0,0,-11718000,11718000,1570450,24806090,806710,11435550,202110.0
95,A10027638,1459084,0,935200,0,2073000,0,3472890,0,2038120,0,202110.0
96,A10024410,2171490,929460,0,0,0,3200000,1823000,5507450,-554910,3964810,202110.0
97,A10024422,6542840,4948550,0,0,0,12082000,4976590,26376370,0,16446620,202110.0
98,A10024487,,,,,,,,,,,202110.0
99,A10024468,18495240,4663570,-50180,0,-14387040,14314290,8512820,29482640,-1455190,16855430,202110.0
100,A10024440,3198490,4068240,0,0,0,10362600,6118946,20242290,587000,10918390,202110.0
101,A10024421,3860950,3754800,0,0,0,10953800,1748421,20863260,358130,12051310,202110.0
