,kaptCode,heatC,heatP,gasC,gasP,waterHotC,waterHotP,electC,electP,waterCoolC,waterCoolP,Date
0,A13407204,3285270,0,0,0,0,8580000,5290448,25739112,345540,12972500,202109.0
1,A13407104,38253600,0,0,0,-38253600,38253600,1016638,70587140,-270320,0,202109.0
2,A13478601,-813530,0,0,0,8051200,8051200,5400222,25206570,3505930,7651070,202109.0
3,A13407002,0,0,0,0,0,0,4063536,25748870,0,0,202109.0
4,A13482706,9421430,0,0,0,15984000,0,49684470,0,24014590,0,202109.0
5,A13482801,0,0,0,0,0,0,7442980,0,0,0,202109.0
6,A13407201,0,0,0,0,0,0,900220,5571620,0,2800760,202109.0
7,A13407202,465790,0,0,0,0,2259000,3895290,11690190,1076160,6225720,202109.0
8,A13482603,0,0,8834660,3299160,0,0,5028100,19097140,1806870,10931350,202109.0
9,A13482505,6945810,2260280,0,0,-9273100,9273100,5129036,27028080,579820,12575520,202109.0
10,A10025415,0,0,0,0,0,0,94354270,0,31438180,0,202109.0
11,A10026002,,,,,,,,,,,202109.0
12,A13483002,0,0,0,0,0,0,6290940,23413950,626910,0,202109.0
13,A13480401,0,0,0,0,0,0,19138485,0,9760520,0,202109.0
14,A13408003,7005250,0,0,0,0,14753900,16085548,61815790,0,23303190,202109.0
15,A13480402,0,0,0,0,0,0,2665790,6756180,33120,5136860,202109.0
16,A13480403,0,0,0,0,0,0,2947582,33833850,567740,16679690,202109.0
17,A10027207,22863500,0,0,0,-40,38042230,45528979,195374180,514400,65964850,202109.0
18,A10025263,26378660,696000,0,0,0,51589680,85160551,254963940,228860,86029100,202109.0
19,A13483803,0,0,9160,0,0,0,-3390318,11610560,151330,8696000,202109.0
20,A13472701,11156320,1850200,0,0,0,26833060,2119087,85458456,0,43519600,202109.0
21,A13409001,0,0,10000,0,0,0,1145820,5398150,246050,3718080,202109.0
22,A10026403,3985630,0,0,0,0,7527520,6190090,27849990,414400,13340900,202109.0
23,A10025112,852520,197840,0,10047710,0,29062800,32444240,89430200,3087340,31639110,202109.0
24,A10025104,8930620,346450,0,10855120,0,19540360,25943630,87332950,1639400,32065760,202109.0
25,A10023855,,,,,,,,,,,202109.0
26,A10024420,161490,4705920,0,0,0,0,1613670,3897030,46250,2681370,202109.0
27,A10024473,9875020,902400,0,0,0,16980900,30809660,89187200,3347420,31350800,202109.0
28,A10025010,22277390,382210,0,0,42698540,42635120,47741330,209206870,4426180,70406900,202109.0
29,A10024412,2545073,151400,0,0,5736520,5736520,17182120,13837380,7671080,7671080,202109.0
30,A13481305,0,0,660,0,0,0,4789250,23289410,2272500,0,202109.0
31,A13480803,0,0,0,0,0,0,1737254,8126140,73920,5133470,202109.0
32,A13488104,0,0,0,0,0,0,8049576,31106210,145050,15031170,202109.0
33,A13470103,,,,,,,,,,,202109.0
34,A13470101,0,0,32540,0,0,0,2844806,32835490,815990,0,202109.0
35,A13481001,0,0,0,0,0,0,1148692,4375880,336560,3244790,202109.0
36,A10024972,,,,,,,,,,,202109.0
37,A10024932,0,0,0,3591150,0,0,1769420,16865800,0,0,202109.0
38,A13470503,0,0,0,0,0,0,1664110,37716790,0,17828340,202109.0
39,A13406204,0,0,0,0,0,0,3236110,13793790,0,7473010,202109.0
40,A13406003,0,0,0,0,0,0,1870370,0,310880,0,202109.0
41,A13406002,0,0,0,0,0,0,289574,5589300,-3040,3217150,202109.0
42,A13470502,0,0,0,0,0,0,2085540,11421840,530450,5520640,202109.0
43,A13406005,0,0,0,0,0,0,14866360,0,7352260,0,202109.0
44,A13406205,1320,0,0,0,0,0,0,16996540,174300,0,202109.0
45,A13481802,2420,0,0,0,0,0,0,9678900,65520,0,202109.0
46,A13406201,0,0,0,0,0,0,7037230,0,3710980,0,202109.0
47,A13470504,0,0,0,0,0,0,738117,4885650,46270,3096560,202109.0
48,A13485401,0,0,0,0,0,0,353350,10995830,0,4605170,202109.0
49,A13405002,0,0,0,0,0,0,4708470,15476820,-1950,10206930,202109.0
50,A13405201,0,0,0,0,0,0,24639190,85020080,0,49204910,202109.0
51,A13471501,0,0,0,0,0,0,3904328,12302970,0,8592085,202109.0
52,A13405003,0,0,0,0,0,0,15754477,65141430,2650,33678960,202109.0
53,A13485302,-7078580,6982940,0,0,0,0,56989376,142969650,4243770,64949990,202109.0
54,A13485301,0,0,0,0,0,0,405990,32307450,635210,12369670,202109.0
55,A10025174,0,0,0,0,0,0,7663775,18400040,46370,8466070,202109.0
56,A13484501,2660,0,0,0,0,0,1664720,8094560,0,0,202109.0
57,A13403001,0,0,0,0,0,0,1597300,7535790,186720,3349470,202109.0
58,A13484102,0,0,0,0,0,0,11366060,0,4506160,0,202109.0
59,A13403002,0,0,1780,0,0,0,331250,12477750,-680,6414320,202109.0
60,A13403101,0,0,0,0,0,18722000,3099330,44847400,3846000,24037500,202109.0
61,A13484201,0,0,0,0,0,0,1552090,8843840,-274470,4517150,202109.0
62,A13484003,0,0,0,0,0,0,10131900,0,4851490,0,202109.0
63,A10027354,0,0,-923870,914370,6380,0,4926430,18775870,193930,8405030,202109.0
64,A13402103,0,0,650,0,0,0,1908890,13019900,294210,0,202109.0
65,A13402304,0,0,1100,0,0,0,942550,3442830,0,2807500,202109.0
66,A13402002,0,0,0,0,0,0,6326580,16188110,330,17007970,202109.0
67,A13486703,0,0,0,0,0,0,1064390,0,0,0,202109.0
68,A13486102,0,0,0,0,0,0,758610,0,77120,0,202109.0
69,A13486504,0,0,0,0,0,0,1708420,19730490,-510920,10596040,202109.0
70,A13486401,0,0,0,0,0,0,81370,3524020,43680,2463070,202109.0
71,A13402202,0,0,0,0,0,0,1859037,5512330,0,2922910,202109.0
72,A13486705,0,0,0,0,0,0,84311,8130340,133250,8776580,202109.0
73,A13486601,0,0,0,0,0,0,0,5719270,0,0,202109.0
74,A13402305,0,0,0,0,0,0,-424150,15057040,84960,0,202109.0
75,A13402204,0,0,0,0,0,0,3287954,9716460,608520,8709970,202109.0
76,A13486701,0,0,0,0,0,0,705216,4812800,55500,0,202109.0
77,A13472201,0,0,0,0,0,0,871960,3855590,24160,0,202109.0
78,A10026195,,,,,,,,,,,202109.0
79,A10026852,0,0,458290,0,0,0,70358920,50183290,17990340,17643180,202109.0
80,A10023670,0,0,0,0,1112320,0,1044480,0,0,0,202109.0
81,A10023695,,,,,,,,,,,202109.0
82,A10024134,,,,,,,,,,,202109.0
83,A13410012,2641740,130000,0,0,0,6462000,31420,26133800,887160,12165380,202109.0
84,A13410005,3058850,1381710,0,1220480,0,7234860,0,21967160,956860,12010480,202109.0
85,A13410002,2122090,0,0,0,0,3330000,2977602,12164870,729490,7080650,202109.0
86,A13410008,952600,4200570,0,0,0,6991320,2868470,25128060,408480,14114330,202109.0
87,A13410001,1252000,0,0,0,0,2695200,0,10640370,0,4814620,202109.0
88,A13410011,2672400,214000,0,0,0,7676300,0,25700750,0,12365020,202109.0
89,A13410003,2182870,366360,0,0,0,5124600,1241932,16538270,346490,9495630,202109.0
90,A13410007,3562200,643500,0,0,0,7494000,-352940,32878610,998780,14867850,202109.0
91,A13410006,3653100,574080,0,0,0,7262750,5192233,21443220,21840,14258310,202109.0
92,A13410004,2105762,0,0,0,0,4287400,2974712,15183820,99820,8668950,202109.0
93,A13410010,2438140,260000,0,0,0,5272840,3339543,20340523,826660,9418830,202109.0
94,A13410009,11965570,0,0,0,-9499000,9446500,678520,23905850,813010,11175850,202109.0
95,A10027638,620994,0,0,0,1599000,0,3273950,0,2069830,0,202109.0
96,A10024410,1483990,148660,0,0,0,2475000,2854010,6791920,-381920,4029000,202109.0
97,A10024422,5463120,508370,0,0,0,9225900,3745920,27197910,0,15417260,202109.0
98,A10024487,,,,,,,,,,,202109.0
99,A10024468,13424550,332000,-98440,0,-9320250,9281550,11262380,35968790,-1377700,16071300,202109.0
100,A10024440,3128650,0,0,0,0,7051750,5360220,20609800,552140,10421580,202109.0
101,A10024421,3553120,51640,0,0,0,7753300,1767226,19549070,331210,11473960,202109.0
