,kaptCode,heatC,heatP,gasC,gasP,waterHotC,waterHotP,electC,electP,waterCoolC,waterCoolP,Date
0,A13407204,4286910,0,0,0,0,6816000,8497821,38852663,864740,11829300,202107.0
1,A13407104,33118830,0,0,0,-33118830,33118830,12088356,127250620,-130010,0,202107.0
2,A13478601,5427730,0,0,0,7366700,7366700,8019949,37638880,3009250,7732070,202107.0
3,A13407002,0,0,0,0,0,0,3906982,35057160,0,0,202107.0
4,A13482706,4710970,0,0,0,11203600,0,68347310,0,25173650,0,202107.0
5,A13482801,0,0,0,0,0,0,10333690,0,0,0,202107.0
6,A13407201,0,0,0,0,0,0,1033990,12305950,0,2749990,202107.0
7,A13407202,1626260,0,0,0,0,3345000,4874040,12726440,942730,5259620,202107.0
8,A13482603,0,0,8788370,3235620,0,0,12056220,36644550,2289120,9428140,202107.0
9,A13482505,3578710,3018360,0,0,-7844300,7844300,9932466,37869070,811390,10671230,202107.0
10,A10025415,0,0,0,0,0,0,144649029,0,34346950,0,202107.0
11,A10026002,,,,,,,,,,,202107.0
12,A13483002,0,0,0,0,0,0,6416760,32071250,300590,0,202107.0
13,A13480401,0,0,0,0,0,0,16036459,0,8722180,0,202107.0
14,A13408003,6995870,0,0,0,0,12685300,19778501,97324410,0,24600480,202107.0
15,A13480402,0,0,0,0,0,0,3195150,12030050,0,5531990,202107.0
16,A13480403,0,0,0,0,0,0,5666507,26593670,658140,16592070,202107.0
17,A10027207,22409590,0,0,0,0,32631500,40185969,187815330,1542410,70766380,202107.0
18,A10025263,26528400,0,0,0,0,40541370,80351868,367655470,-1107690,92749530,202107.0
19,A13483803,0,0,37370,0,0,0,-847248,14885180,261760,8038530,202107.0
20,A13472701,11100170,704000,0,0,0,22809600,4977810,117917530,0,42482990,202107.0
21,A13409001,0,0,17570,0,0,0,883530,6837600,205350,3429810,202107.0
22,A10026403,3959830,0,0,0,0,6623400,8660720,39323880,332970,12948560,202107.0
23,A10025112,4735270,126550,0,9581780,0,24184800,47494720,186389740,3150190,33038000,202107.0
24,A10025104,8931260,177450,0,10221100,0,17994500,19975210,169707250,1674160,29186270,202107.0
25,A10023855,,,,,,,,,,,202107.0
26,A10024420,2065970,1040850,-150680,131620,0,0,1960020,5122210,-43530,1827120,202107.0
27,A10024473,10027980,0,0,0,0,14257500,27361120,76623630,2043910,29032470,202107.0
28,A10025010,21847840,104580,0,0,0,38402130,62432490,320252620,1600,58395930,202107.0
29,A10024412,8039297,0,0,0,5173200,0,35023304,0,6553710,0,202107.0
30,A13481305,0,0,0,0,0,0,5407219,28721400,786080,0,202107.0
31,A13480803,0,0,0,0,0,0,300316,12699620,126590,5145620,202107.0
32,A13488104,0,0,0,0,0,0,12804056,54382740,151990,14427540,202107.0
33,A13470103,,,,,,,,,,,202107.0
34,A13470101,0,0,69000,0,0,0,3006066,44922490,977295,0,202107.0
35,A13481001,0,0,0,0,0,0,1131430,4911490,36450,3107320,202107.0
36,A10024972,,,,,,,,,,,202107.0
37,A10024932,0,0,0,2664980,0,0,1602430,26005930,0,0,202107.0
38,A13470503,0,0,0,0,0,0,1686200,70170400,0,19063710,202107.0
39,A13406204,0,0,0,0,0,0,3979670,15372730,0,6823100,202107.0
40,A13406003,0,0,0,0,0,0,1977050,0,153120,0,202107.0
41,A13406002,0,0,0,0,0,0,529518,5873780,-6010,2995910,202107.0
42,A13470502,0,0,0,0,0,0,2348690,21205760,607140,5274960,202107.0
43,A13406005,0,0,0,0,0,0,20078782,0,7164270,0,202107.0
44,A13406205,1150,0,0,0,0,0,0,31447530,256900,0,202107.0
45,A13481802,1760,0,0,0,0,0,15520,16356810,85410,0,202107.0
46,A13406201,0,0,0,0,0,0,10347600,10882920,3511500,3859100,202107.0
47,A13470504,0,0,0,0,0,0,404218,7088710,40450,2852570,202107.0
48,A13485401,0,0,0,0,0,0,5710,9885770,0,4311600,202107.0
49,A13405002,0,0,0,0,0,0,7570920,28381850,-800,9708000,202107.0
50,A13405201,0,0,0,0,0,0,28331920,89956520,1721980,52368740,202107.0
51,A13471501,0,0,0,0,0,0,4729178,23085800,0,8139977,202107.0
52,A13405003,0,0,0,0,0,0,30056989,118489000,-1710,33655450,202107.0
53,A13485302,-8037700,7939990,0,0,0,0,62215879,290532150,1444420,69089320,202107.0
54,A13485301,0,0,0,0,0,0,448310,24352950,565980,11620780,202107.0
55,A10025174,0,0,0,0,0,0,9371332,26129300,229890,8045520,202107.0
56,A13484501,5260,0,0,0,0,0,1890220,11649850,0,0,202107.0
57,A13403001,0,0,0,0,0,0,2123580,9579730,199190,3416530,202107.0
58,A13484102,0,0,0,0,0,0,13645440,0,5073340,0,202107.0
59,A13403002,0,0,1780,0,0,0,-639520,16099290,-610,6234070,202107.0
60,A13403101,0,0,0,0,0,17190200,3849990,46777050,3583830,20360900,202107.0
61,A13484201,0,0,0,0,0,0,2457170,10736150,-130,4363050,202107.0
62,A13484003,0,0,0,0,0,0,12949120,0,5065600,0,202107.0
63,A10027354,0,0,-1167470,1145580,11600,0,8408816,36951090,435010,8973300,202107.0
64,A13402103,0,0,1740,0,0,0,3525820,16509910,587670,0,202107.0
65,A13402304,0,0,1100,0,0,0,516930,3740920,0,2766940,202107.0
66,A13402002,0,0,0,0,0,0,4870540,14768210,-390,9392870,202107.0
67,A13486703,0,0,0,0,0,0,981510,0,0,0,202107.0
68,A13486102,0,0,0,0,0,0,810430,0,68620,0,202107.0
69,A13486504,0,0,0,0,0,0,17203930,19722340,254340,9668520,202107.0
70,A13486401,0,0,0,0,0,0,124150,3607770,113880,2236530,202107.0
71,A13402202,0,0,0,0,0,0,1634489,9450000,0,3059090,202107.0
72,A13486705,0,0,0,0,0,0,-313497,15996350,266080,7968290,202107.0
73,A13486601,0,0,0,0,0,0,0,7336570,0,0,202107.0
74,A13402305,0,0,0,0,0,0,-137170,15507930,343870,0,202107.0
75,A13402204,0,0,0,0,0,0,3293188,15590390,742850,8251510,202107.0
76,A13486701,0,0,0,0,0,0,873496,8979270,193500,0,202107.0
77,A13472201,0,0,0,0,0,0,893030,3844340,97780,0,202107.0
78,A10026195,,,,,,,,,,,202107.0
79,A10026852,0,0,463050,0,0,0,141390990,108696760,18429610,16291120,202107.0
80,A10023670,,,,,,,,,,,202107.0
81,A10023695,,,,,,,,,,,202107.0
82,A10024134,,,,,,,,,,,202107.0
83,A13410012,2661440,0,0,0,0,5540550,108660,43384410,72260,12967180,202107.0
84,A13410005,3058850,0,0,1442370,0,6259200,0,44991320,690710,12822680,202107.0
85,A13410002,2010170,0,0,0,0,2956000,3965760,26054650,713910,6970700,202107.0
86,A13410008,30080,0,0,0,0,6665280,2895837,44952540,91620,14302290,202107.0
87,A13410001,1252000,0,0,0,0,2431200,0,22890350,0,5140470,202107.0
88,A13410011,2957900,0,0,0,0,5807200,0,32213570,0,12835080,202107.0
89,A13410003,2182870,353350,0,0,0,4758000,1984112,35195600,300310,10231070,202107.0
90,A13410007,3918440,0,0,0,0,6518850,-4454660,69623480,-628950,15548160,202107.0
91,A13410006,3424500,132800,0,0,0,6311920,8408176,45901070,134500,14833730,202107.0
92,A13410004,5887000,0,0,0,-5887000,5887000,10167689,25853020,0,8031990,202107.0
93,A13410010,2433800,0,0,0,0,4410660,3365497,33268912,795920,10155610,202107.0
94,A13410009,11500070,0,0,0,-9033500,8981000,1397840,48089040,781240,12141060,202107.0
95,A10027638,526550,0,0,0,1737000,0,5544310,0,2334810,0,202107.0
96,A10024410,1172840,61940,0,0,0,2142500,2271565,5393860,-82960,3980660,202107.0
97,A10024422,5134430,208090,0,0,0,8288000,8724050,49581070,0,15286140,202107.0
98,A10024487,,,,,,,,,,,202107.0
99,A10024468,12800320,177160,0,0,-8826300,8788500,11251960,31754410,-1000450,17206550,202107.0
100,A10024440,3129798,0,0,0,0,6611682,9208020,43950640,1181230,10618250,202107.0
101,A10024421,3665160,0,0,0,0,6490000,5433330,38387135,338390,12424350,202107.0
