,kaptCode,heatC,heatP,gasC,gasP,waterHotC,waterHotP,electC,electP,waterCoolC,waterCoolP,Date
0,A13407204,1476940,0,0,0,0,5280000,6750015,48412737,781980,12618740,202108.0
1,A13407104,23175480,0,0,0,-23175480,23175480,10966971,92521120,3734580,0,202108.0
2,A13478601,-97000,0,0,0,4206900,4206900,6474475,46139230,2831990,8679010,202108.0
3,A13407002,0,0,0,0,0,0,6702724,41110490,0,0,202108.0
4,A13482706,7515340,0,0,0,9076100,0,78289450,0,25944160,0,202108.0
5,A13482801,0,0,0,0,0,0,10660110,0,298320,0,202108.0
6,A13407201,0,0,0,0,0,0,2043810,6646100,12160,2868600,202108.0
7,A13407202,1967870,0,0,0,0,2712000,4873920,27101830,494100,6165970,202108.0
8,A13482603,0,0,6543470,0,0,0,7245820,26886380,1987350,10366330,202108.0
9,A13482505,4667060,2374200,0,0,-7064100,7064100,5380154,53218690,-37380,13581190,202108.0
10,A10025415,0,0,0,0,0,0,158682996,0,34512940,0,202108.0
11,A10026002,,,,,,,,,,,202108.0
12,A13483002,0,0,0,0,0,0,5368780,37839900,626910,0,202108.0
13,A13480401,0,0,0,0,0,0,27554463,0,9410080,0,202108.0
14,A13408003,6365050,0,0,0,0,11593890,21141171,121065330,0,24243700,202108.0
15,A13480402,0,0,0,0,0,0,3443890,12659720,112610,5944860,202108.0
16,A13480403,0,0,0,0,0,0,10918538,51023770,949130,18494720,202108.0
17,A10027207,22722710,0,0,0,0,26832810,38796582,409246370,535970,69809720,202108.0
18,A10025263,26518760,0,0,24428810,0,36431390,91493377,440331830,1255860,87883450,202108.0
19,A13483803,0,0,15370,0,0,0,-2036768,20071460,352600,8266330,202108.0
20,A13472701,10950340,608300,0,0,0,19856100,5748557,157360365,0,46598010,202108.0
21,A13409001,0,0,2490,0,0,0,823900,8671250,240500,3629240,202108.0
22,A10026403,3948200,0,0,0,0,5625030,10132240,46725740,405640,13051840,202108.0
23,A10025112,1889660,0,0,0,0,21488400,50086180,134927380,3052920,32550220,202108.0
24,A10025104,8923900,0,0,0,0,11161190,26291320,123214060,1051990,28139860,202108.0
25,A10023855,,,,,,,,,,,202108.0
26,A10024420,2070980,1279800,-194250,181540,0,0,2092540,3771430,62030,2394380,202108.0
27,A10024473,9855370,0,0,3274470,0,11323200,35647970,165121640,1327490,31431410,202108.0
28,A10025010,21845210,0,0,0,-690,31832090,67096610,377034080,15775980,71889900,202108.0
29,A10024412,6971913,85540,0,0,4578240,4578240,18102860,18102860,7533090,7533090,202108.0
30,A13481305,0,0,0,0,0,0,10497761,28721400,60000,0,202108.0
31,A13480803,0,0,0,0,0,0,3557375,12583190,97680,5901610,202108.0
32,A13488104,0,0,0,0,0,0,12164246,37461710,144790,15587400,202108.0
33,A13470103,,,,,,,,,,,202108.0
34,A13470101,0,0,40550,0,0,0,3001106,55822790,977295,0,202108.0
35,A13481001,0,0,0,0,0,0,2336198,9188470,707040,2611320,202108.0
36,A10024972,,,,,,,,,,,202108.0
37,A10024932,0,0,0,2461690,0,0,2132970,28490560,-1490,12217560,202108.0
38,A13470503,0,0,0,0,0,0,54007070,0,19417020,0,202108.0
39,A13406204,0,0,0,0,0,0,3315780,27699830,74630,7676020,202108.0
40,A13406003,0,0,0,0,0,0,2145000,0,153120,0,202108.0
41,A13406002,0,0,0,0,0,0,-104168,10677630,120,3502900,202108.0
42,A13470502,0,0,0,0,0,0,2574960,15613030,224750,5932850,202108.0
43,A13406005,0,0,0,0,0,0,24605577,0,7979230,0,202108.0
44,A13406205,1220,0,0,0,0,0,0,21296890,174300,0,202108.0
45,A13481802,1100,0,0,0,0,0,0,12959470,65520,0,202108.0
46,A13406201,0,0,0,0,0,0,10935720,6984430,3859100,3710980,202108.0
47,A13470504,0,0,0,0,0,0,1121246,6698820,41800,3122210,202108.0
48,A13485401,0,0,0,0,0,0,362030,18828670,0,4705200,202108.0
49,A13405002,0,0,0,0,0,0,2332590,21257590,150,10674030,202108.0
50,A13405201,0,0,0,0,0,0,39541780,152592570,0,52939150,202108.0
51,A13471501,0,0,0,0,0,0,2656370,16506840,0,8711515,202108.0
52,A13405003,0,0,0,0,0,0,27486035,84605470,-3600,32662000,202108.0
53,A13485302,-7437660,7349430,0,0,0,0,60155893,201679230,2322760,67488480,202108.0
54,A13485301,0,0,0,0,0,0,423900,43935770,697530,12189250,202108.0
55,A10025174,0,0,0,0,0,0,10107717,33647030,37160,8824420,202108.0
56,A13484501,2480,0,0,0,0,0,2645470,12914600,44600,7242240,202108.0
57,A13403001,0,0,0,0,0,0,1940120,15753020,205560,3634800,202108.0
58,A13484102,0,0,0,0,0,0,21560570,0,4284220,0,202108.0
59,A13403002,0,0,1780,0,0,0,-271310,22266920,-180,7049520,202108.0
60,A13403101,0,0,0,0,0,11403400,3883100,77525390,0,19930770,202108.0
61,A13484201,0,0,0,0,0,0,10804170,8344630,211680,4246320,202108.0
62,A13484003,0,0,0,0,0,0,13761340,0,4665460,0,202108.0
63,A10027354,0,0,-991790,968690,5000,0,7672181,26141650,9980,8866360,202108.0
64,A13402103,0,0,1840,0,0,0,1186170,20305650,495600,0,202108.0
65,A13402304,0,0,1100,0,0,0,1790,6234340,0,3100270,202108.0
66,A13402002,0,0,0,0,0,0,5433690,28139150,0,0,202108.0
67,A13486703,0,0,0,0,0,0,1086930,0,0,0,202108.0
68,A13486102,0,0,0,0,0,0,812290,0,69600,0,202108.0
69,A13486504,0,0,0,0,0,0,-647930,25776130,-80000,10467670,202108.0
70,A13486401,0,0,0,0,0,0,62260,6266870,43680,2219830,202108.0
71,A13402202,0,0,0,0,0,0,3535704,8883780,0,3173690,202108.0
72,A13486705,0,0,0,0,0,0,632519,8522220,0,0,202108.0
73,A13486601,0,0,0,0,0,0,0,13807960,0,0,202108.0
74,A13402305,0,0,0,0,0,0,-97470,29086710,0,0,202108.0
75,A13402204,0,0,0,0,0,0,3371480,18676240,0,0,202108.0
76,A13486701,0,0,0,0,0,0,331557,5628490,0,0,202108.0
77,A13472201,0,0,0,0,0,0,552940,6841870,0,0,202108.0
78,A10026195,,,,,,,,,,,202108.0
79,A10026852,0,0,428730,0,0,0,115668320,78447050,18967170,16893550,202108.0
80,A10023670,,,,,,,,,,,202108.0
81,A10023695,,,,,,,,,,,202108.0
82,A10024134,,,,,,,,,,,202108.0
83,A13410012,2574680,0,0,0,0,4676050,4077510,46775630,211180,12785520,202108.0
84,A13410005,3058850,0,0,1294220,0,5113390,0,31580610,1546260,12571520,202108.0
85,A13410002,2273930,0,0,0,0,2159000,3336215,16284280,690500,6916320,202108.0
86,A13410008,54220,3468480,0,0,0,5371380,3160432,34269220,71850,15728000,202108.0
87,A13410001,1252000,0,0,0,0,2040100,266166,15523940,0,4986520,202108.0
88,A13410011,2672400,6000,0,0,0,5244200,0,44283770,0,13207380,202108.0
89,A13410003,2182870,211120,0,0,0,3623400,1493407,24603230,286310,9727350,202108.0
90,A13410007,3918440,0,0,0,0,5177890,-5812160,47577560,236730,14990160,202108.0
91,A13410006,3394830,267200,0,0,0,5199110,3590576,31682200,82100,14958850,202108.0
92,A13410004,0,0,0,0,0,5771500,4934783,18800910,89870,8836540,202108.0
93,A13410010,2427330,0,0,0,-854560,4410660,-4530689,33268912,422550,10155610,202108.0
94,A13410009,10051070,0,0,0,-7584500,7539000,432410,33807700,767270,11629260,202108.0
95,A10027638,503410,0,1001150,0,1509000,0,4933860,0,2228860,0,202108.0
96,A10024410,1334270,108230,0,0,0,1828300,2736172,12263360,-493040,4006980,202108.0
97,A10024422,4683650,49930,0,0,0,7168500,9492700,38700760,0,15987750,202108.0
98,A10024487,,,,,,,,,,,202108.0
99,A10024468,11177190,209760,-293680,0,-7175740,7148720,11334060,62859770,-1565940,17206850,202108.0
100,A10024440,3129960,0,0,0,0,5540060,8384053,25369870,828610,10886830,202108.0
101,A10024421,3668470,0,0,0,0,5460000,5639550,28932947,402600,12093100,202108.0
