,kaptCode,heatC,heatP,gasC,gasP,waterHotC,waterHotP,electC,electP,waterCoolC,waterCoolP,Date
0,A13407204,72764210,0,0,0,0,14020000,11505879,27418288,679670,11336310,202102.0
1,A13407104,101704350,0,0,0,-101704350,101704350,14362506,61259400,-2197140,0,202102.0
2,A13478601,81393000,0,0,0,13456900,13456900,9938829,26503740,5387000,5519740,202102.0
3,A13407002,0,0,0,0,0,0,6711585,27925300,0,0,202102.0
4,A13482706,126534600,0,0,0,36685500,0,59647850,0,18507980,0,202102.0
5,A13482801,0,0,0,0,0,0,8913070,0,0,0,202102.0
6,A13407201,0,0,0,0,0,0,1046780,7181610,27360,2523930,202102.0
7,A13407202,32162300,0,0,0,0,6141000,6132530,13315370,2022030,4461230,202102.0
8,A13482603,0,0,74441220,0,0,0,10368246,16715200,4261670,7908110,202102.0
9,A13482505,9076700,92676800,0,0,-14029500,14029500,10823001,27054550,389180,11967140,202102.0
10,A10025415,0,0,0,0,0,0,118242530,0,27667150,0,202102.0
11,A10026002,,,,,,,,,,,202102.0
12,A13483002,0,0,0,0,0,0,10271250,24949920,214810,0,202102.0
13,A13480401,0,0,0,0,0,0,21444750,0,8850360,0,202102.0
14,A13408003,6990290,74791090,0,0,0,47794600,22344003,64664820,0,21896190,202102.0
15,A13480402,0,0,0,0,0,0,3855820,9269480,71120,6954370,202102.0
16,A13480403,0,0,0,0,0,0,12457252,33128070,1042770,16207690,202102.0
17,A10027207,34033130,127896380,0,0,0,117366480,66647850,185833920,154120,59909820,202102.0
18,A10025263,34485990,161760970,0,26103350,0,151855730,106696271,233615920,3208890,73283810,202102.0
19,A13483803,0,0,288200,0,0,0,2101742,12952850,836400,7386960,202102.0
20,A13472701,14775260,126999990,0,0,0,37117600,11145110,92851940,2659060,38613350,202102.0
21,A13409001,0,0,160640,0,0,0,2147100,5682800,257150,3465910,202102.0
22,A10026403,5299300,26544040,0,0,0,20513700,15435860,27404570,241940,11777060,202102.0
23,A10025112,2114240,70344800,0,0,0,57913100,39366370,72350190,-295760,30277710,202102.0
24,A10025104,9579101,61512810,0,0,0,49657500,26218160,74130920,1586000,25810240,202102.0
25,A10023855,,,,,,,,,,,202102.0
26,A10024420,1420150,3807790,-9100,9100,0,0,5909830,1454750,23570,256230,202102.0
27,A10024473,20906010,83201280,0,559890,0,17920150,56556590,10975830,0,12171050,202102.0
28,A10025010,21747370,121670940,0,0,0,118403130,66525090,200511320,2644610,63543000,202102.0
29,A10024412,12098995,7140220,0,16390,0,779100,9709757,2006210,468210,468210,202102.0
30,A13481305,0,0,173800,0,0,0,8094279,25351440,60000,0,202102.0
31,A13480803,0,0,0,0,0,0,2873580,10637290,414480,4786590,202102.0
32,A13488104,0,0,0,0,0,0,22811950,30455780,139520,12066420,202102.0
33,A13470103,,,,,,,,,,,202102.0
34,A13470101,0,0,612250,0,0,0,3144495,37034270,1540135,0,202102.0
35,A13481001,0,0,0,0,0,0,2178641,5030540,147190,3119080,202102.0
36,A10024972,,,,,,,,,,,202102.0
37,A10024932,0,0,-600,19283140,0,0,5963046,17722280,-8920,10681670,202102.0
38,A13470503,0,0,0,0,0,0,3058820,35565330,0,18541100,202102.0
39,A13406204,220110,0,0,0,0,0,5240030,15878190,0,6958240,202102.0
40,A13406003,0,0,109200,0,0,0,3227600,0,80000,0,202102.0
41,A13406002,0,0,0,0,0,0,1750906,6232920,105540,2819820,202102.0
42,A13470502,0,0,0,0,0,0,2224060,11249880,563360,4814190,202102.0
43,A13406005,0,0,0,0,0,0,19750111,0,6404390,0,202102.0
44,A13406205,303690,0,0,0,0,0,1938014,15836150,255500,0,202102.0
45,A13481802,268820,0,0,0,0,0,1276510,8450280,0,0,202102.0
46,A13406201,0,0,0,0,0,0,8465140,0,3341340,0,202102.0
47,A13470504,0,0,0,0,0,0,1809857,4898190,47130,3084210,202102.0
48,A13485401,0,0,0,0,0,0,1744690,11848820,0,4136090,202102.0
49,A13405002,0,0,0,0,0,0,5135840,16177190,580,9075200,202102.0
50,A13405201,0,0,0,0,0,0,42688410,91167270,0,43760150,202102.0
51,A13471501,0,0,0,0,0,0,4542705,12393320,0,7744231,202102.0
52,A13405003,0,0,476530,0,0,0,19032467,60615820,-2770,29983200,202102.0
53,A13485302,-5808970,5722990,0,0,0,0,92682783,160169360,695520,57380920,202102.0
54,A13485301,0,0,0,0,0,0,407120,33696890,495030,10172510,202102.0
55,A10025174,0,0,0,0,0,0,9747384,18737710,57660,7858090,202102.0
56,A13484501,116660,0,0,0,0,0,2565784,9719290,0,7087040,202102.0
57,A13403001,0,0,0,0,0,0,10146780,5768280,3512560,2846720,202102.0
58,A13484102,0,0,0,0,0,0,2875180,10475940,70700,3888130,202102.0
59,A13403002,0,0,419570,0,0,0,2385530,13412990,-30,6441470,202102.0
60,A13403101,-1180723,90955550,0,0,0,35599400,10850653,48861280,0,18094280,202102.0
61,A13484201,0,0,0,0,0,0,13694620,0,4116610,0,202102.0
62,A13484003,0,0,0,0,0,0,2173930,8479520,307470,4651800,202102.0
63,A10027354,0,0,-815370,800240,41600,0,1143880,22077580,-420,7669970,202102.0
64,A13402103,0,0,88790,0,0,0,4310620,13993110,448950,0,202102.0
65,A13402304,0,0,86360,0,0,0,1748200,3839420,0,2386130,202102.0
66,A13402002,0,0,0,0,0,0,6272610,17453690,0,0,202102.0
67,A13486703,0,0,0,0,0,0,1397380,0,0,0,202102.0
68,A13486102,0,0,0,0,0,0,789320,0,60510,0,202102.0
69,A13486504,0,0,0,0,0,0,5826540,16735550,-576140,9642910,202102.0
70,A13486401,0,0,0,0,0,0,649940,3854600,90540,2248980,202102.0
71,A13402202,0,0,0,0,0,0,3524106,5986860,-390,3348970,202102.0
72,A13486705,0,0,0,0,0,0,1484138,7918600,0,0,202102.0
73,A13486601,0,0,0,0,0,0,1084770,7782690,0,0,202102.0
74,A13402305,0,0,0,0,0,0,3826820,16480300,0,0,202102.0
75,A13402204,0,0,0,0,0,0,4068502,10508590,0,0,202102.0
76,A13486701,0,0,0,0,0,0,928421,5203080,0,0,202102.0
77,A13472201,0,0,0,0,0,0,2041480,4050180,0,0,202102.0
78,A10026195,,,,,,,,,,,202102.0
79,A10026852,0,0,848590,0,0,0,68540660,44581790,19612600,16321840,202102.0
80,A10023670,,,,,,,,,,,202102.0
81,A10023695,,,,,,,,,,,202102.0
82,A10024134,,,,,,,,,,,202102.0
83,A13410012,2944120,32697600,0,0,0,10953600,2067210,28146100,1200940,10615670,202102.0
84,A13410005,3058850,39751320,0,1110170,0,15349950,0,25002660,882320,11105820,202102.0
85,A13410002,2556270,19849200,0,0,0,9121200,3708059,11893790,701630,6377340,202102.0
86,A13410008,54230,47126040,0,0,0,16787790,2603487,25335180,93650,14260780,202102.0
87,A13410001,1252000,17098350,0,0,0,6590500,1154229,9935840,0,4460430,202102.0
88,A13410011,2672400,29776800,0,0,0,15114000,819190,27663650,1105150,11109020,202102.0
89,A13410003,2182870,26345140,0,0,0,9528400,1859274,16544110,342370,8463310,202102.0
90,A13410007,4246160,42199200,0,0,0,19142500,1186576,30259010,1028030,13086510,202102.0
91,A13410006,7321690,32406250,0,0,0,14139100,6925849,19158380,76510,12320280,202102.0
92,A13410004,12752762,24412050,0,0,-10647000,10640000,3911396,14099290,10910,8114260,202102.0
93,A13410010,2420240,30132000,0,0,0,13391130,4380906,19231490,842470,8082420,202102.0
94,A13410009,18269070,31921600,0,0,-15802500,15802500,2120920,23122180,820710,10378460,202102.0
95,A10027638,6143310,0,885170,0,2199000,0,2647660,0,1841380,0,202102.0
96,A10024410,1372050,5198760,-168130,168080,4969490,4944990,4816820,2104790,12050,2240660,202102.0
97,A10024422,8907840,21943820,0,0,0,20044000,22754550,28187910,0,11854590,202102.0
98,A10024487,,,,,,,,,,,202102.0
99,A10024468,30317910,24515330,0,0,-20220000,20142000,21897910,26283400,554280,13023100,202102.0
100,A10024440,5890461,10146640,0,0,-2153560,2142290,4408900,3973550,950880,443170,202102.0
101,A10024421,2261342,21669640,0,920460,0,23351440,6036465,14812390,-43416,10424825,202102.0
