,kaptCode,heatC,heatP,gasC,gasP,waterHotC,waterHotP,electC,electP,waterCoolC,waterCoolP,Date
0,A13407204,104233000,0,0,0,0,15932000,12089228,31236885,545390,12052150,202101.0
1,A13407104,76763610,0,0,0,-76763610,76763610,17837369,81749680,435460,0,202101.0
2,A13478601,111582530,0,0,0,12058300,12058300,10829835,28433770,4902700,6312580,202101.0
3,A13407002,0,0,0,0,0,0,6156879,31920310,0,0,202101.0
4,A13482706,190368690,0,0,0,27010000,0,72206570,0,20461940,0,202101.0
5,A13482801,0,0,0,0,0,0,9482770,0,0,0,202101.0
6,A13407201,0,0,0,0,0,0,2549970,7238050,0,2556420,202101.0
7,A13407202,43438660,0,0,0,0,7032000,6364180,15305360,1560870,4643860,202101.0
8,A13482603,0,0,100116630,3705130,0,0,17444062,23374760,3805680,7638810,202101.0
9,A13482505,10033530,134942760,0,0,-15387800,15387800,11805862,30765990,235190,13314150,202101.0
10,A10025415,0,0,0,0,0,0,139134360,0,30663900,0,202101.0
11,A10026002,,,,,,,,,,,202101.0
12,A13483002,0,0,0,0,0,0,10793810,27345460,168480,0,202101.0
13,A13480401,0,0,0,0,0,0,20905148,0,7777980,0,202101.0
14,A13408003,6990290,122654260,0,0,0,51979200,23230228,71845770,0,24042940,202101.0
15,A13480402,0,0,0,0,0,0,2245650,13593590,34960,7314630,202101.0
16,A13480403,0,0,0,0,0,0,6424445,34146430,1115170,15897990,202101.0
17,A10027207,52074270,203337970,0,0,0,130924500,59135902,196394950,110030,65473750,202101.0
18,A10025263,34586890,269035190,0,0,0,184865370,119003310,250375460,-6139120,89910150,202101.0
19,A13483803,0,0,160750,0,0,0,3071922,14372830,642130,7373590,202101.0
20,A13472701,18524680,186162300,0,0,0,46704500,33457208,98741560,0,40122900,202101.0
21,A13409001,0,0,212930,0,0,0,2115640,6449010,205350,3408730,202101.0
22,A10026403,6368270,42883450,0,0,0,23519160,19511590,29471550,939610,11558010,202101.0
23,A10025112,-2817250,112539050,0,10948800,0,66184300,48244190,91275950,2313670,31000830,202101.0
24,A10025104,9669740,99473850,0,11456690,0,54278900,33356900,91249940,2806720,29121850,202101.0
25,A10023855,,,,,,,,,,,202101.0
26,A10024420,,,,,,,,,,,202101.0
27,A10024473,13239589,124990420,0,0,0,5384000,0,0,0,0,202101.0
28,A10025010,21737020,203658610,0,0,0,134249060,76444275,211710745,10990,66900190,202101.0
29,A10024412,,,,,,,,,,,202101.0
30,A13481305,0,0,139920,0,0,0,7832342,27984230,530570,0,202101.0
31,A13480803,0,0,0,0,0,0,2609090,12178100,538560,4829460,202101.0
32,A13488104,0,0,0,0,0,0,13036210,39138040,137570,10241190,202101.0
33,A13470103,,,,,,,,,,,202101.0
34,A13470101,0,0,412180,0,0,0,3364242,42575010,1540135,0,202101.0
35,A13481001,0,0,0,0,0,0,1271086,6337190,-101360,2856350,202101.0
36,A10024972,,,,,,,,,,,202101.0
37,A10024932,0,0,0,22245020,0,0,8114000,18505310,0,0,202101.0
38,A13470503,0,0,0,0,0,0,11525960,46053310,0,15826710,202101.0
39,A13406204,150920,0,0,0,0,0,5357980,17387780,0,7089650,202101.0
40,A13406003,0,0,107410,0,0,0,3277290,0,120000,0,202101.0
41,A13406002,0,0,0,0,0,0,850764,7460010,-134300,3040060,202101.0
42,A13470502,0,0,0,0,0,0,3397660,15106210,287450,5058470,202101.0
43,A13406005,0,0,0,0,0,0,23153920,0,7813990,0,202101.0
44,A13406205,211580,0,0,0,0,0,1118474,20866520,84600,0,202101.0
45,A13481802,262080,0,0,0,0,0,766200,11200240,0,0,202101.0
46,A13406201,0,0,0,0,0,0,9076970,0,3306060,0,202101.0
47,A13470504,0,0,0,0,0,0,1149607,6177060,47130,3084210,202101.0
48,A13485401,0,0,0,0,0,0,1549210,12026900,0,4176870,202101.0
49,A13405002,0,0,0,0,0,0,9498500,20184510,-280,8439780,202101.0
50,A13405201,0,0,0,0,0,0,41757080,98661430,982330,47323790,202101.0
51,A13471501,0,0,0,0,0,0,5643167,15679920,0,7821353,202101.0
52,A13405003,0,0,241010,0,0,0,33220688,77059280,-1390,31994400,202101.0
53,A13485302,-6438070,6363610,0,0,0,0,89708533,175560710,1212140,64355450,202101.0
54,A13485301,0,0,0,0,0,0,438080,32913420,405860,10586440,202101.0
55,A10025174,0,0,-642760,634230,0,0,10815126,20112910,39060,8333750,202101.0
56,A13484501,149630,0,0,0,0,0,2657322,10893440,0,0,202101.0
57,A13403001,0,0,0,0,0,0,11003720,7670680,3414340,3482660,202101.0
58,A13484102,0,0,0,0,0,0,2703710,12032120,484730,3929850,202101.0
59,A13403002,0,0,209380,0,0,0,17208010,0,5858100,0,202101.0
60,A13403101,-1182445,130279200,0,0,0,40627200,11645185,54181440,3490350,20568430,202101.0
61,A13484201,0,0,0,0,0,0,13397620,0,3775560,0,202101.0
62,A13484003,0,0,0,0,0,0,3552760,8470060,590010,4651800,202101.0
63,A10027354,0,0,-889750,873230,14100,0,4909976,28418650,-410,8605580,202101.0
64,A13402103,0,0,97280,0,0,0,4135910,15338800,242210,0,202101.0
65,A13402304,0,0,74080,0,0,0,1517610,4674660,0,2382410,202101.0
66,A13402002,0,0,0,0,0,0,5292640,18471470,-3260,13241220,202101.0
67,A13486703,0,0,0,0,0,0,1501430,0,0,0,202101.0
68,A13486102,0,0,0,0,0,0,781020,0,55960,0,202101.0
69,A13486504,0,0,0,0,0,0,1639940,26590140,768380,8973260,202101.0
70,A13486401,0,0,0,0,0,0,1016710,3998760,99840,2248980,202101.0
71,A13402202,0,0,62070,0,0,0,3826772,6846960,0,2664800,202101.0
72,A13486705,0,0,0,0,0,0,757068,10055620,48120,8265460,202101.0
73,A13486601,0,0,0,0,0,0,1637790,7462320,0,0,202101.0
74,A13402305,0,0,0,0,0,0,4622070,18506450,420090,0,202101.0
75,A13402204,0,0,0,0,0,0,4288254,11760520,182470,8175690,202101.0
76,A13486701,0,0,0,0,0,0,2808311,6291670,193500,0,202101.0
77,A13472201,0,0,0,0,0,0,2655010,3812110,119460,0,202101.0
78,A10026195,,,,,,,,,,,202101.0
79,A10026852,0,0,610660,0,0,0,68540660,57880180,16583850,16482030,202101.0
80,A10023670,,,,,,,,,,,202101.0
81,A10023695,,,,,,,,,,,202101.0
82,A10024134,,,,,,,,,,,202101.0
83,A13410012,3087040,49818000,0,0,0,12807500,7020270,30765840,416810,12393110,202101.0
84,A13410005,3058850,57444460,0,1191190,0,20774600,0,33664300,789400,12547450,202101.0
85,A13410002,2666060,31248100,0,0,0,9886800,4354231,15088420,727360,6507120,202101.0
86,A13410008,72270,70239400,0,0,0,19142550,2517586,34757435,72670,14581500,202101.0
87,A13410001,1252000,24639620,0,0,0,7367500,2548814,12826670,0,4884030,202101.0
88,A13410011,3035280,47496800,0,0,0,18109000,0,29572140,0,10789100,202101.0
89,A13410003,2182870,40899490,0,0,0,10623200,1676351,21352600,215050,9359670,202101.0
90,A13410007,4006060,65066530,0,0,0,24015420,0,38730460,904670,14458890,202101.0
91,A13410006,9759990,48707110,0,0,0,16790400,8126555,24201250,137610,13667780,202101.0
92,A13410004,14366262,36674100,0,0,-12260500,12246500,4618760,18336800,0,7828640,202101.0
93,A13410010,2440450,47085560,0,0,0,14882830,4646324,25131690,129900,9367520,202101.0
94,A13410009,20320070,42239200,0,0,-17853500,17853500,1344340,30657670,834350,12047060,202101.0
95,A10027638,8761600,0,0,0,2550000,0,3293800,0,1950160,0,202101.0
96,A10024410,10413350,8645610,0,0,2641100,2597000,704310,494790,42010,1279060,202101.0
97,A10024422,16958660,39028140,0,0,0,20164500,0,0,0,10921030,202101.0
98,A10024487,,,,,,,,,,,202101.0
99,A10024468,33135290,39170560,0,0,-21447000,21372000,18615390,24726750,0,14021170,202101.0
100,A10024440,,,,,,,,,,,202101.0
101,A10024421,13223960,28418500,0,698850,0,18336500,10061772,17341830,30486,8384804,202101.0
