,kaptCode,heatC,heatP,gasC,gasP,waterHotC,waterHotP,electC,electP,waterCoolC,waterCoolP,Date
0,A13407204,6624080.0,0.0,0.0,0.0,0.0,8864000.0,5949296.0,26860980.0,-94240.0,12409620.0,202209.0
1,A13407104,82569990.0,0.0,0.0,0.0,-71361188.0,71361188.0,17604037.0,75915410.0,439310.0,0.0,202209.0
2,A13478601,5257850.0,4880510.0,0.0,0.0,0.0,0.0,5829981.0,26437000.0,4752910.0,6609250.0,202209.0
3,A13407002,0.0,0.0,0.0,0.0,0.0,0.0,5024491.0,27772710.0,0.0,0.0,202209.0
4,A13482706,14721070.0,14947800.0,0.0,0.0,15821200.0,0.0,55441670.0,0.0,23312040.0,0.0,202209.0
5,A13482801,0.0,0.0,0.0,0.0,0.0,0.0,7833850.0,0.0,0.0,0.0,202209.0
6,A13407201,0.0,0.0,0.0,0.0,0.0,0.0,263720.0,6360290.0,0.0,2988770.0,202209.0
7,A13407202,0.0,0.0,0.0,0.0,0.0,0.0,3736950.0,11584380.0,0.0,7084490.0,202209.0
8,A13482603,0.0,0.0,9518480.0,3403300.0,0.0,0.0,6624280.0,20427210.0,3231910.0,9877310.0,202209.0
9,A13482505,6236940.0,6607680.0,0.0,0.0,-8887700.0,8887700.0,6010747.0,27827300.0,239450.0,12964900.0,202209.0
10,A10025415,0.0,0.0,0.0,0.0,0.0,0.0,125172169.0,0.0,31694410.0,0.0,202209.0
11,A10026002,,,,,,,,,,,202209.0
12,A13483002,0.0,0.0,0.0,0.0,0.0,0.0,6737240.0,25940910.0,26620.0,0.0,202209.0
13,A13480401,0.0,0.0,0.0,0.0,0.0,0.0,22878756.0,0.0,9885470.0,0.0,202209.0
14,A13408003,6355920.0,0.0,0.0,0.0,0.0,18686840.0,22594723.0,64890657.0,0.0,23881710.0,202209.0
15,A13480402,,,,,,,,,,,202209.0
16,A13480403,0.0,0.0,0.0,0.0,0.0,0.0,44079646.0,0.0,18157830.0,0.0,202209.0
17,A10027207,23906952.0,0.0,0.0,0.0,0.0,52104320.0,81689320.0,291785450.0,3221720.0,61841310.0,202209.0
18,A10025263,28031090.0,728400.0,0.0,0.0,0.0,82524150.0,96295442.0,270510600.0,1542930.0,86407660.0,202209.0
19,A13483803,0.0,0.0,19340.0,0.0,0.0,0.0,551342.0,12944430.0,274230.0,8602180.0,202209.0
20,A13472701,11533380.0,3503750.0,0.0,0.0,0.0,31794100.0,3825162.0,96261400.0,0.0,41249470.0,202209.0
21,A13409001,0.0,0.0,23280.0,0.0,0.0,0.0,1357750.0,5562030.0,152720.0,3828630.0,202209.0
22,A10026403,214980.0,0.0,0.0,0.0,0.0,8987670.0,7586490.0,30264100.0,399720.0,13304810.0,202209.0
23,A10025112,7835210.0,672750.0,0.0,9901650.0,0.0,20522700.0,29865625.0,98374400.0,4949550.0,30526840.0,202209.0
24,A10025104,9146970.0,550200.0,0.0,10933890.0,0.0,24160400.0,26800327.0,93731440.0,840270.0,31257610.0,202209.0
25,A10023855,10330.0,301120.0,0.0,0.0,0.0,7367100.0,7289040.0,18795710.0,1164150.0,6659880.0,202209.0
26,A10024420,1224120.0,4017600.0,0.0,0.0,0.0,0.0,2201370.0,6611600.0,12490.0,3315710.0,202209.0
27,A10024473,10071500.0,713700.0,0.0,0.0,0.0,16302000.0,21191614.0,87479900.0,950440.0,33426600.0,202209.0
28,A10025010,21845210.0,0.0,0.0,0.0,0.0,37107000.0,57915096.0,230666060.0,-2751740.0,73870970.0,202209.0
29,A10024412,114350.0,114350.0,0.0,0.0,7020400.0,7020400.0,16106310.0,17721310.0,8901220.0,8901220.0,202209.0
30,A13481305,0.0,0.0,5450.0,0.0,0.0,0.0,5359165.0,25892450.0,3390450.0,0.0,202209.0
31,A13480803,0.0,0.0,0.0,0.0,0.0,0.0,1833914.0,9044580.0,107420.0,5376810.0,202209.0
32,A13488104,0.0,0.0,0.0,0.0,0.0,0.0,7313620.0,27809420.0,120190.0,12126370.0,202209.0
33,A13470103,,,,,,,,,,,202209.0
34,A13470101,0.0,0.0,54250.0,0.0,0.0,0.0,2591513.0,35552470.0,1565050.0,0.0,202209.0
35,A13481001,0.0,0.0,0.0,0.0,0.0,0.0,1479180.0,5389320.0,210050.0,3143820.0,202209.0
36,A10024972,,,,,,,,,,,202209.0
37,A10024932,0.0,0.0,-4102390.0,9129060.0,0.0,0.0,5304570.0,17589490.0,-12033800.0,11910390.0,202209.0
38,A13470503,0.0,0.0,0.0,0.0,0.0,0.0,2510260.0,39744410.0,0.0,18505920.0,202209.0
39,A13406204,0.0,0.0,0.0,0.0,0.0,0.0,3450515.0,16306515.0,0.0,7847160.0,202209.0
40,A13406003,0.0,0.0,5240.0,0.0,0.0,0.0,2038490.0,0.0,193720.0,0.0,202209.0
41,A13406002,0.0,0.0,0.0,0.0,0.0,0.0,-13181.0,7575020.0,0.0,3114030.0,202209.0
42,A13470502,0.0,0.0,0.0,0.0,0.0,0.0,2649590.0,11926050.0,35790.0,5814310.0,202209.0
43,A13406005,0.0,0.0,0.0,0.0,0.0,0.0,16303795.0,0.0,7805110.0,0.0,202209.0
44,A13406205,2690.0,0.0,0.0,0.0,0.0,0.0,2031040.0,17632430.0,143780.0,0.0,202209.0
45,A13481802,0.0,0.0,1100.0,0.0,0.0,0.0,0.0,10720350.0,48170.0,0.0,202209.0
46,A13406201,0.0,0.0,0.0,0.0,0.0,0.0,52800.0,7589610.0,0.0,3798180.0,202209.0
47,A13470504,0.0,0.0,0.0,0.0,0.0,0.0,880240.0,5231800.0,158020.0,3141600.0,202209.0
48,A13485401,0.0,0.0,0.0,0.0,0.0,0.0,679090.0,13710630.0,0.0,4825080.0,202209.0
49,A13405002,0.0,0.0,0.0,0.0,0.0,0.0,5414110.0,16779230.0,-100.0,10429220.0,202209.0
50,A13405201,0.0,0.0,0.0,0.0,0.0,0.0,124687640.0,93126580.0,52972820.0,52257860.0,202209.0
51,A13471501,0.0,0.0,0.0,0.0,0.0,0.0,4725804.0,13141790.0,0.0,9055421.0,202209.0
52,A13405003,0.0,0.0,14410.0,0.0,0.0,0.0,12853116.0,74293530.0,-2210.0,32222080.0,202209.0
53,A13485302,-6293020.0,6208940.0,0.0,0.0,0.0,0.0,62678451.0,153133220.0,1175760.0,70689490.0,202209.0
54,A13485301,0.0,0.0,0.0,0.0,0.0,0.0,1727194.0,38927500.0,555300.0,12575130.0,202209.0
55,A10025174,0.0,0.0,0.0,0.0,0.0,0.0,10726144.0,20798870.0,226710.0,8696830.0,202209.0
56,A13484501,19100.0,0.0,0.0,0.0,0.0,0.0,1979300.0,8915210.0,0.0,0.0,202209.0
57,A13403001,0.0,0.0,0.0,0.0,0.0,0.0,9685210.0,0.0,3712110.0,0.0,202209.0
58,A13484102,0.0,0.0,0.0,0.0,0.0,0.0,13924180.0,0.0,4708600.0,0.0,202209.0
59,A13403002,0.0,0.0,1780.0,0.0,0.0,0.0,420890.0,14038970.0,-420.0,6481920.0,202209.0
60,A13403101,-1362.0,24713250.0,0.0,0.0,0.0,19784600.0,9184762.0,51596610.0,-3185080.0,23038220.0,202209.0
61,A13484201,0.0,0.0,0.0,0.0,0.0,0.0,1768480.0,9574230.0,297740.0,4400130.0,202209.0
62,A13484003,0.0,0.0,0.0,0.0,0.0,0.0,1481510.0,9050340.0,-260.0,4791590.0,202209.0
63,A10027354,0.0,0.0,0.0,0.0,0.0,0.0,5287757.0,21145520.0,331640.0,8944390.0,202209.0
64,A13402103,0.0,0.0,2680.0,0.0,0.0,0.0,3511350.0,13982430.0,337490.0,0.0,202209.0
65,A13402304,0.0,0.0,1100.0,0.0,0.0,0.0,681960.0,4060000.0,0.0,2305860.0,202209.0
66,A13402002,0.0,0.0,0.0,0.0,0.0,0.0,6188090.0,20245550.0,110.0,15268300.0,202209.0
67,A13486703,0.0,0.0,0.0,0.0,0.0,0.0,1245070.0,0.0,0.0,0.0,202209.0
68,A13486102,0.0,0.0,0.0,0.0,0.0,0.0,768790.0,0.0,80990.0,0.0,202209.0
69,A13486504,0.0,0.0,0.0,0.0,0.0,0.0,2624460.0,20815600.0,-333670.0,10007990.0,202209.0
70,A13486401,0.0,0.0,0.0,0.0,0.0,0.0,134810.0,4361550.0,31000.0,2538940.0,202209.0
71,A13402202,0.0,0.0,0.0,0.0,0.0,0.0,1420564.0,6764370.0,0.0,3010870.0,202209.0
72,A13486705,0.0,0.0,0.0,0.0,0.0,0.0,29243.0,8727110.0,1063010.0,7685210.0,202209.0
73,A13486601,0.0,0.0,0.0,0.0,0.0,0.0,56030.0,7674200.0,0.0,0.0,202209.0
74,A13402305,0.0,0.0,662550.0,662550.0,0.0,0.0,3103080.0,14782740.0,0.0,0.0,202209.0
75,A13402204,0.0,0.0,0.0,0.0,0.0,0.0,3198657.0,11113250.0,234840.0,9750110.0,202209.0
76,A13486701,0.0,0.0,0.0,0.0,0.0,0.0,733956.0,5353900.0,186250.0,0.0,202209.0
77,A13472201,0.0,0.0,0.0,0.0,0.0,0.0,569090.0,4934220.0,0.0,0.0,202209.0
78,A10026195,,,,,,,,,,,202209.0
79,A10026852,0.0,0.0,3945710.0,0.0,0.0,0.0,79360240.0,56083210.0,20842150.0,17448570.0,202209.0
80,A10023670,0.0,0.0,0.0,0.0,1979080.0,0.0,6223080.0,0.0,0.0,0.0,202209.0
81,A10023695,1093990.0,0.0,0.0,0.0,0.0,1364480.0,4452310.0,6572340.0,102500.0,1735860.0,202209.0
82,A10024134,,,,,,,,,,,202209.0
83,A13410012,2690740.0,45500.0,0.0,0.0,0.0,7657500.0,790960.0,28928820.0,314090.0,13095150.0,202209.0
84,A13410005,3147670.0,1598280.0,0.0,1125220.0,8484240.0,8462160.0,1320040.0,22835200.0,1259010.0,12688810.0,202209.0
85,A13410002,2401090.0,0.0,0.0,0.0,0.0,3786200.0,3699826.0,13469030.0,685800.0,7216940.0,202209.0
86,A13410008,1049550.0,3153220.0,0.0,0.0,0.0,8378900.0,3627914.0,26417950.0,1229230.0,13611450.0,202209.0
87,A13410001,1252000.0,0.0,0.0,0.0,0.0,4147500.0,553539.0,11418520.0,0.0,5222120.0,202209.0
88,A13410011,2986680.0,477000.0,0.0,0.0,0.0,8793600.0,0.0,28130970.0,0.0,12634390.0,202209.0
89,A13410003,2182870.0,829970.0,0.0,0.0,0.0,5730400.0,910237.0,18525350.0,77640.0,9774000.0,202209.0
90,A13410007,3652940.0,970200.0,0.0,0.0,0.0,9992500.0,2313800.0,33874490.0,1611380.0,15326940.0,202209.0
91,A13410006,4205990.0,957500.0,0.0,0.0,0.0,8346000.0,7584938.0,23150610.0,63640.0,14561280.0,202209.0
92,A13410004,2511580.0,0.0,0.0,0.0,0.0,4739950.0,3881267.0,16035730.0,0.0,9336410.0,202209.0
93,A13410010,2428070.0,0.0,0.0,0.0,0.0,6069100.0,3423734.0,21299770.0,979270.0,9923360.0,202209.0
94,A13410009,12725070.0,853600.0,0.0,0.0,-10258500.0,10192000.0,2722990.0,25645170.0,1756150.0,11917880.0,202209.0
95,A10027638,647150.0,0.0,0.0,0.0,1904000.0,0.0,4469150.0,0.0,2122120.0,0.0,202209.0
96,A10024410,1769000.0,163000.0,0.0,0.0,0.0,3072600.0,1966900.0,7551950.0,-683630.0,4569210.0,202209.0
97,A10024422,5242030.0,980130.0,0.0,0.0,0.0,9702500.0,5729850.0,31807310.0,-429080.0,17317040.0,202209.0
98,A10024487,,,,,,,,,,,202209.0
99,A10024468,18060190.0,955390.0,-158620.0,0.0,-13977920.0,13895840.0,-940240.0,44035710.0,-1517130.0,16920650.0,202209.0
100,A10024440,3130313.0,0.0,0.0,0.0,615357.0,9234160.0,6583906.0,21271150.0,355870.0,11729270.0,202209.0
101,A10024421,3445600.0,154480.0,0.0,0.0,4400.0,8267600.0,2193420.0,24419050.0,430470.0,12519820.0,202209.0
