,kaptCode,heatC,heatP,gasC,gasP,waterHotC,waterHotP,electC,electP,waterCoolC,waterCoolP,Date
0,A13407204,99292630.0,0.0,0.0,0.0,0.0,15640000.0,12329722.0,29807685.0,370360.0,11783140.0,202201.0
1,A13407104,129500666.0,0.0,0.0,0.0,-112137506.0,112137506.0,32347727.0,77862950.0,-936990.0,0.0,202201.0
2,A13478601,0.0,111486560.0,0.0,0.0,12620700.0,0.0,4945621.0,27333040.0,1306070.0,6082760.0,202201.0
3,A13407002,0.0,0.0,0.0,0.0,0.0,0.0,6563854.0,31296560.0,0.0,0.0,202201.0
4,A13482706,201746190.0,202558800.0,0.0,0.0,22492300.0,0.0,61642790.0,0.0,24319640.0,0.0,202201.0
5,A13482801,0.0,0.0,0.0,0.0,0.0,0.0,9397200.0,0.0,0.0,0.0,202201.0
6,A13407201,0.0,0.0,0.0,0.0,0.0,0.0,1266290.0,7543470.0,0.0,2497130.0,202201.0
7,A13407202,0.0,0.0,0.0,0.0,0.0,0.0,5285840.0,13423010.0,0.0,6329830.0,202201.0
8,A13482603,0.0,0.0,90135260.0,3394430.0,0.0,0.0,18072780.0,23302560.0,4861550.0,7860100.0,202201.0
9,A13482505,7991400.0,130396120.0,0.0,0.0,-13926100.0,13926100.0,13239536.0,28775780.0,533970.0,12049020.0,202201.0
10,A10025415,0.0,0.0,0.0,0.0,0.0,0.0,135362069.0,0.0,32974110.0,0.0,202201.0
11,A10026002,,,,,,,,,,,202201.0
12,A13483002,0.0,0.0,0.0,0.0,0.0,0.0,11211380.0,27428810.0,92530.0,0.0,202201.0
13,A13480401,0.0,0.0,0.0,0.0,0.0,0.0,19722022.0,0.0,8675570.0,0.0,202201.0
14,A13408003,6991310.0,116455830.0,0.0,0.0,0.0,51621910.0,29583700.0,68684790.0,0.0,24071820.0,202201.0
15,A13480402,0.0,0.0,0.0,0.0,0.0,0.0,5678130.0,638680.0,0.0,1425570.0,202201.0
16,A13480403,0.0,0.0,0.0,0.0,0.0,0.0,7997770.0,32379740.0,644760.0,16055810.0,202201.0
17,A10027207,52477310.0,196272940.0,0.0,0.0,0.0,125518530.0,79691575.0,189917310.0,-945410.0,72108090.0,202201.0
18,A10025263,34993980.0,264528490.0,0.0,0.0,0.0,183133050.0,106686828.0,239232770.0,-2934880.0,93114060.0,202201.0
19,A13483803,0.0,0.0,253340.0,0.0,0.0,0.0,3243972.0,13624730.0,77710.0,7725830.0,202201.0
20,A13472701,17632690.0,184632300.0,0.0,0.0,0.0,42462900.0,37684982.0,95311730.0,0.0,41087580.0,202201.0
21,A13409001,0.0,0.0,327240.0,0.0,0.0,0.0,2183130.0,6153680.0,246050.0,3376870.0,202201.0
22,A10026403,6485710.0,41674250.0,0.0,0.0,0.0,22540700.0,17874910.0,29551530.0,670540.0,12689800.0,202201.0
23,A10025112,17043460.0,103569360.0,0.0,9556190.0,0.0,47680500.0,43925670.0,91700380.0,-2089680.0,34078500.0,202201.0
24,A10025104,10469840.0,98308440.0,0.0,10298050.0,0.0,47864700.0,24395480.0,86089370.0,1183420.0,28747320.0,202201.0
25,A10023855,,,,,,,,,,,202201.0
26,A10024420,1786680.0,17940830.0,0.0,0.0,0.0,0.0,5740480.0,4162060.0,34880.0,3075090.0,202201.0
27,A10024473,10711410.0,112744620.0,0.0,0.0,0.0,43826000.0,36635730.0,81929620.0,754050.0,32444080.0,202201.0
28,A10025010,21702280.0,196121950.0,0.0,0.0,0.0,136279990.0,73352980.0,217720510.0,914010.0,69299540.0,202201.0
29,A10024412,25232050.0,25232050.0,0.0,0.0,18153180.0,18153180.0,12141310.0,13611310.0,8570440.0,8570440.0,202201.0
30,A13481305,0.0,0.0,465700.0,0.0,0.0,0.0,7210363.0,28183030.0,1884970.0,0.0,202201.0
31,A13480803,0.0,0.0,0.0,0.0,0.0,0.0,3053720.0,9276120.0,277050.0,4826480.0,202201.0
32,A13488104,0.0,0.0,0.0,0.0,0.0,0.0,19524490.0,30305360.0,120130.0,11579520.0,202201.0
33,A13470103,,,,,,,,,,,202201.0
34,A13470101,0.0,0.0,1349640.0,0.0,0.0,0.0,3132802.0,42197180.0,815990.0,0.0,202201.0
35,A13481001,0.0,0.0,0.0,0.0,0.0,0.0,1742918.0,5785650.0,890870.0,2376270.0,202201.0
36,A10024972,,,,,,,,,,,202201.0
37,A10024932,0.0,0.0,0.0,22989950.0,0.0,0.0,7793910.0,19526160.0,0.0,0.0,202201.0
38,A13470503,0.0,0.0,0.0,0.0,0.0,0.0,9753950.0,44520060.0,0.0,19402340.0,202201.0
39,A13406204,321260.0,0.0,0.0,0.0,0.0,0.0,5394570.0,15748100.0,279500.0,6871030.0,202201.0
40,A13406003,0.0,0.0,110430.0,0.0,0.0,0.0,2746670.0,0.0,118320.0,0.0,202201.0
41,A13406002,0.0,0.0,0.0,0.0,0.0,0.0,1035366.0,6673660.0,0.0,2915250.0,202201.0
42,A13470502,0.0,0.0,0.0,0.0,0.0,0.0,4141320.0,13394150.0,0.0,6286930.0,202201.0
43,A13406005,0.0,0.0,0.0,0.0,0.0,0.0,22293711.0,0.0,7070000.0,0.0,202201.0
44,A13406205,582890.0,0.0,0.0,0.0,0.0,0.0,1999925.0,20328730.0,44200.0,0.0,202201.0
45,A13481802,0.0,0.0,273870.0,0.0,0.0,0.0,268600.0,11439290.0,89300.0,0.0,202201.0
46,A13406201,0.0,0.0,0.0,0.0,0.0,0.0,432000.0,7763690.0,0.0,3427980.0,202201.0
47,A13470504,0.0,0.0,0.0,0.0,0.0,0.0,1114202.0,5732460.0,124200.0,2697310.0,202201.0
48,A13485401,0.0,0.0,0.0,0.0,0.0,0.0,1597830.0,11414260.0,0.0,4267020.0,202201.0
49,A13405002,0.0,0.0,0.0,0.0,0.0,0.0,7152090.0,18960380.0,-800.0,9489030.0,202201.0
50,A13405201,0.0,0.0,0.0,0.0,0.0,0.0,38824830.0,95093160.0,0.0,51461220.0,202201.0
51,A13471501,0.0,0.0,0.0,0.0,0.0,0.0,4640790.0,16298920.0,0.0,7901096.0,202201.0
52,A13405003,0.0,0.0,653060.0,0.0,0.0,0.0,29986270.0,76291674.0,-1110.0,33139050.0,202201.0
53,A13485302,-6375060.0,6298530.0,0.0,0.0,0.0,0.0,84797590.0,161277780.0,681100.0,69371320.0,202201.0
54,A13485301,0.0,0.0,0.0,0.0,0.0,0.0,1407453.0,33689660.0,504560.0,10636840.0,202201.0
55,A10025174,0.0,0.0,0.0,0.0,0.0,0.0,11923168.0,19934560.0,187300.0,7995310.0,202201.0
56,A13484501,335720.0,0.0,0.0,0.0,0.0,0.0,2879890.0,10247490.0,0.0,0.0,202201.0
57,A13403001,0.0,0.0,0.0,0.0,0.0,0.0,10562680.0,0.0,3498380.0,0.0,202201.0
58,A13484102,0.0,0.0,0.0,0.0,0.0,0.0,12771340.0,0.0,4357490.0,0.0,202201.0
59,A13403002,0.0,0.0,575890.0,0.0,0.0,0.0,2233380.0,14604590.0,-1070.0,6310300.0,202201.0
60,A13403101,-1282347.0,185816550.0,0.0,0.0,0.0,30005800.0,10872337.0,52813050.0,694300.0,19044930.0,202201.0
61,A13484201,0.0,0.0,0.0,0.0,0.0,0.0,13495640.0,0.0,4028140.0,0.0,202201.0
62,A13484003,0.0,0.0,0.0,0.0,0.0,0.0,3046050.0,8232070.0,64500.0,4955990.0,202201.0
63,A10027354,0.0,0.0,-921030.0,903010.0,9900.0,0.0,11223333.0,22614930.0,99860.0,8112540.0,202201.0
64,A13402103,0.0,0.0,272170.0,0.0,0.0,0.0,4640130.0,15338800.0,54270.0,0.0,202201.0
65,A13402304,0.0,0.0,72260.0,0.0,0.0,0.0,2022860.0,4068570.0,0.0,2475790.0,202201.0
66,A13402002,0.0,0.0,0.0,0.0,0.0,0.0,4994740.0,19394410.0,-350.0,12775880.0,202201.0
67,A13486703,0.0,0.0,0.0,0.0,0.0,0.0,1525920.0,0.0,0.0,0.0,202201.0
68,A13486102,0.0,0.0,0.0,0.0,0.0,0.0,692270.0,0.0,66470.0,0.0,202201.0
69,A13486504,0.0,0.0,0.0,0.0,0.0,0.0,2890940.0,23648540.0,-657380.0,10361870.0,202201.0
70,A13486401,0.0,0.0,0.0,0.0,0.0,0.0,820610.0,3734220.0,0.0,2335040.0,202201.0
71,A13402202,0.0,0.0,3230.0,0.0,0.0,0.0,3213442.0,6999050.0,0.0,2899480.0,202201.0
72,A13486705,0.0,0.0,0.0,0.0,0.0,0.0,304482.0,9873000.0,0.0,7547330.0,202201.0
73,A13486601,0.0,0.0,0.0,0.0,0.0,0.0,998050.0,7865780.0,0.0,0.0,202201.0
74,A13402305,0.0,0.0,0.0,0.0,0.0,0.0,6516500.0,13662760.0,358590.0,0.0,202201.0
75,A13402204,0.0,0.0,0.0,0.0,0.0,0.0,4359113.0,11443500.0,461390.0,7845620.0,202201.0
76,A13486701,0.0,0.0,0.0,0.0,0.0,0.0,1649457.0,5931060.0,0.0,0.0,202201.0
77,A13472201,0.0,0.0,0.0,0.0,0.0,0.0,1481170.0,4473550.0,101970.0,0.0,202201.0
78,A10026195,,,,,,,,,,,202201.0
79,A10026852,0.0,0.0,964650.0,0.0,0.0,0.0,97606960.0,57880180.0,18327560.0,16482030.0,202201.0
80,A10023670,2391140.0,0.0,0.0,0.0,2990810.0,0.0,4519660.0,0.0,0.0,0.0,202201.0
81,A10023695,,,,,,,,,,,202201.0
82,A10024134,,,,,,,,,,,202201.0
83,A13410012,3247290.0,48170680.0,0.0,0.0,0.0,10824000.0,8483210.0,27738940.0,97380.0,12712410.0,202201.0
84,A13410005,3058850.0,58154960.0,0.0,1117750.0,0.0,19066540.0,3388835.0,24433820.0,729960.0,11731240.0,202201.0
85,A13410002,3198080.0,29940300.0,0.0,0.0,0.0,9999000.0,3676688.0,14589800.0,792120.0,7228060.0,202201.0
86,A13410008,-2983050.0,73707880.0,0.0,0.0,292830.0,19142550.0,1031224.0,34757435.0,739120.0,14581500.0,202201.0
87,A13410001,1252000.0,24228600.0,0.0,0.0,0.0,6790000.0,1148139.0,12244810.0,0.0,5497150.0,202201.0
88,A13410011,4257520.0,44391100.0,0.0,0.0,0.0,15935700.0,6955030.0,28933110.0,0.0,12869670.0,202201.0
89,A13410003,2182870.0,41161480.0,0.0,0.0,0.0,9144000.0,2371173.0,20492640.0,859190.0,9965230.0,202201.0
90,A13410007,3698330.0,64311500.0,0.0,0.0,0.0,21974700.0,1479840.0,34643820.0,796080.0,15748440.0,202201.0
91,A13410006,9766130.0,46921580.0,0.0,0.0,0.0,16222800.0,8035847.0,22042200.0,106480.0,14728020.0,202201.0
92,A13410004,4571380.0,33686800.0,0.0,0.0,0.0,12362000.0,5869498.0,17489950.0,0.0,7863700.0,202201.0
93,A13410010,2436960.0,45909630.0,0.0,0.0,0.0,13731300.0,6071704.0,23179330.0,859020.0,10465870.0,202201.0
94,A13410009,19903570.0,42651200.0,0.0,0.0,-17437000.0,17437000.0,2458540.0,29086570.0,794050.0,10996620.0,202201.0
95,A10027638,8840180.0,0.0,0.0,0.0,2652000.0,0.0,3785000.0,0.0,1994430.0,0.0,202201.0
96,A10024410,2990580.0,7474090.0,0.0,0.0,-200700.0,7800000.0,3889130.0,6841520.0,-204370.0,4064860.0,202201.0
97,A10024422,10811890.0,33043230.0,0.0,0.0,0.0,20364000.0,20240580.0,29317710.0,0.0,19205430.0,202201.0
98,A10024487,,,,,,,,,,,202201.0
99,A10024468,4069900.0,38470900.0,0.0,0.0,0.0,33536360.0,12190760.0,31818600.0,-1394590.0,17897450.0,202201.0
100,A10024440,4388718.0,30132910.0,0.0,0.0,910672.0,19617780.0,6805887.0,16032930.0,336510.0,11844350.0,202201.0
101,A10024421,3920870.0,32218160.0,0.0,0.0,0.0,23772800.0,11355670.0,23781950.0,496730.0,12349410.0,202201.0
