,kaptCode,heatC,heatP,gasC,gasP,waterHotC,waterHotP,electC,electP,waterCoolC,waterCoolP,Date
0,A13407204,54705150.0,0.0,0.0,0.0,0.0,14540000.0,7653960.0,22982801.0,921900.0,11075980.0,202203.0
1,A13407104,126069980.0,0.0,0.0,0.0,-109223582.0,109223582.0,18246420.0,74906650.0,4603490.0,0.0,202203.0
2,A13478601,4491440.0,59418730.0,0.0,0.0,11384900.0,0.0,7036540.0,22324140.0,4839630.0,5567190.0,202203.0
3,A13407002,0.0,0.0,0.0,0.0,0.0,0.0,5732969.0,23901800.0,0.0,0.0,202203.0
4,A13482706,115387180.0,202558800.0,0.0,0.0,26610400.0,0.0,48334400.0,0.0,20358620.0,0.0,202203.0
5,A13482801,0.0,0.0,0.0,0.0,0.0,0.0,7405740.0,0.0,0.0,0.0,202203.0
6,A13407201,0.0,0.0,0.0,0.0,0.0,0.0,296670.0,6956930.0,0.0,2719370.0,202203.0
7,A13407202,0.0,0.0,0.0,0.0,0.0,0.0,3902900.0,11168690.0,0.0,6137610.0,202203.0
8,A13482603,0.0,0.0,58078240.0,3122160.0,0.0,0.0,13680600.0,20022640.0,4661370.0,6530120.0,202203.0
9,A13482505,9338780.0,64085760.0,0.0,0.0,-13037800.0,13037800.0,7826335.0,22857330.0,849770.0,11500790.0,202203.0
10,A10025415,0.0,0.0,0.0,0.0,0.0,0.0,90033466.0,0.0,33516100.0,0.0,202203.0
11,A10026002,,,,,,,,,,,202203.0
12,A13483002,0.0,0.0,0.0,0.0,0.0,0.0,8083290.0,21443810.0,348900.0,0.0,202203.0
13,A13480401,0.0,0.0,0.0,0.0,0.0,0.0,17963739.0,0.0,9978060.0,0.0,202203.0
14,A13408003,6991360.0,56220750.0,0.0,0.0,0.0,41871750.0,17877866.0,54526810.0,0.0,25437700.0,202203.0
15,A13480402,,,,,,,,,,,202203.0
16,A13480403,0.0,0.0,0.0,0.0,0.0,0.0,7633302.0,27410930.0,928200.0,15468770.0,202203.0
17,A10027207,32042134.0,85907540.0,0.0,0.0,154980.0,117633180.0,55231978.0,158996960.0,502840.0,72053060.0,202203.0
18,A10025263,33034340.0,106880760.0,0.0,0.0,0.0,162647260.0,78429945.0,205115010.0,-3346340.0,94508240.0,202203.0
19,A13483803,0.0,0.0,276490.0,0.0,0.0,0.0,1123772.0,11272250.0,421570.0,7563460.0,202203.0
20,A13472701,14433350.0,98678400.0,0.0,0.0,0.0,35143200.0,7459259.0,77807020.0,0.0,41683750.0,202203.0
21,A13409001,0.0,0.0,276580.0,0.0,0.0,0.0,1803820.0,4809180.0,251600.0,3585280.0,202203.0
22,A10026403,6086930.0,19114270.0,0.0,0.0,0.0,19829160.0,7779420.0,24434220.0,271950.0,11484410.0,202203.0
23,A10025112,20352350.0,46777390.0,0.0,9387560.0,0.0,42682200.0,29573740.0,89530250.0,1520750.0,30786220.0,202203.0
24,A10025104,53164600.0,0.0,10041780.0,0.0,46620600.0,0.0,106598510.0,0.0,29402040.0,0.0,202203.0
25,A10023855,,,,,,,,,,,202203.0
26,A10024420,1606000.0,11718450.0,0.0,0.0,0.0,0.0,1822450.0,4568340.0,67840.0,3323850.0,202203.0
27,A10024473,10651550.0,51044820.0,0.0,0.0,0.0,44191000.0,21331830.0,82160720.0,821550.0,31749860.0,202203.0
28,A10025010,21793710.0,81386630.0,0.0,0.0,0.0,119223830.0,43947900.0,181231410.0,0.0,66775020.0,202203.0
29,A10024412,14353810.0,10677270.0,0.0,0.0,16444400.0,16444400.0,17250170.0,13837320.0,7838990.0,7804200.0,202203.0
30,A13481305,0.0,0.0,164510.0,0.0,0.0,0.0,7224885.0,21151680.0,3397800.0,0.0,202203.0
31,A13480803,0.0,0.0,0.0,0.0,0.0,0.0,2276953.0,7436540.0,277200.0,4763610.0,202203.0
32,A13488104,0.0,0.0,0.0,0.0,0.0,0.0,12102380.0,27889160.0,119930.0,11599780.0,202203.0
33,A13470103,,,,,,,,,,,202203.0
34,A13470101,0.0,0.0,1193720.0,0.0,0.0,0.0,2933474.0,32710340.0,815990.0,0.0,202203.0
35,A13481001,0.0,0.0,0.0,0.0,0.0,0.0,1535950.0,4619820.0,1002610.0,2028090.0,202203.0
36,A10024972,,,,,,,,,,,202203.0
37,A10024932,0.0,0.0,0.0,13997350.0,0.0,0.0,1552840.0,16268200.0,0.0,0.0,202203.0
38,A13470503,0.0,0.0,0.0,0.0,0.0,0.0,976950.0,40979620.0,0.0,19885250.0,202203.0
39,A13406204,382430.0,0.0,0.0,0.0,0.0,0.0,4004700.0,12771130.0,0.0,6577450.0,202203.0
40,A13406003,0.0,0.0,166040.0,0.0,0.0,0.0,2182860.0,0.0,365400.0,0.0,202203.0
41,A13406002,0.0,0.0,0.0,0.0,0.0,0.0,755049.0,5640820.0,52700.0,3201210.0,202203.0
42,A13470502,0.0,0.0,0.0,0.0,0.0,0.0,1697200.0,13388990.0,266880.0,5285770.0,202203.0
43,A13406005,0.0,0.0,0.0,0.0,0.0,0.0,15269428.0,0.0,6329090.0,0.0,202203.0
44,A13406205,487220.0,0.0,0.0,0.0,0.0,0.0,1758073.0,18671950.0,136500.0,0.0,202203.0
45,A13481802,0.0,0.0,186980.0,0.0,0.0,0.0,0.0,10413980.0,119710.0,0.0,202203.0
46,A13406201,0.0,0.0,0.0,0.0,0.0,0.0,925230.0,6167800.0,0.0,3529680.0,202203.0
47,A13470504,0.0,0.0,0.0,0.0,0.0,0.0,1018116.0,4181660.0,497110.0,2863180.0,202203.0
48,A13485401,0.0,0.0,0.0,0.0,0.0,0.0,734940.0,9586360.0,0.0,4221550.0,202203.0
49,A13405002,0.0,0.0,0.0,0.0,0.0,0.0,5664000.0,17184040.0,770.0,8878730.0,202203.0
50,A13405201,0.0,0.0,0.0,0.0,0.0,0.0,31587550.0,78073780.0,0.0,51831040.0,202203.0
51,A13471501,0.0,0.0,0.0,0.0,0.0,0.0,4319513.0,14581800.0,0.0,7383205.0,202203.0
52,A13405003,0.0,0.0,518590.0,0.0,0.0,0.0,26531019.0,71417690.0,580.0,30419290.0,202203.0
53,A13485302,-6143980.0,6040260.0,0.0,0.0,0.0,0.0,70430520.0,152670660.0,367000.0,66448840.0,202203.0
54,A13485301,0.0,0.0,0.0,0.0,0.0,0.0,1194671.0,26635770.0,485250.0,11804770.0,202203.0
55,A10025174,0.0,0.0,0.0,0.0,0.0,0.0,5599547.0,16523460.0,16150.0,7828080.0,202203.0
56,A13484501,268710.0,0.0,0.0,0.0,0.0,0.0,2027490.0,7179780.0,0.0,0.0,202203.0
57,A13403001,0.0,0.0,0.0,0.0,0.0,0.0,7936560.0,0.0,3400190.0,0.0,202203.0
58,A13484102,0.0,0.0,0.0,0.0,0.0,0.0,10643020.0,0.0,4680160.0,0.0,202203.0
59,A13403002,0.0,0.0,835970.0,0.0,0.0,0.0,1946860.0,11185890.0,-140.0,6425490.0,202203.0
60,A13403101,-1250540.0,87570250.0,0.0,0.0,0.0,36777000.0,8974980.0,40267010.0,-431790.0,24535210.0,202203.0
61,A13484201,0.0,0.0,0.0,0.0,0.0,0.0,1724700.0,9315130.0,-90.0,4495100.0,202203.0
62,A13484003,0.0,0.0,0.0,0.0,0.0,0.0,1644040.0,7105150.0,270.0,4679680.0,202203.0
63,A10027354,0.0,0.0,-870460.0,845950.0,3300.0,0.0,7955857.0,21116450.0,297100.0,8388740.0,202203.0
64,A13402103,0.0,0.0,486840.0,0.0,0.0,0.0,3340870.0,12335560.0,323380.0,0.0,202203.0
65,A13402304,0.0,0.0,68420.0,0.0,0.0,0.0,911350.0,3332670.0,0.0,1547770.0,202203.0
66,A13402002,0.0,0.0,0.0,0.0,0.0,0.0,5010000.0,16230350.0,190.0,14678810.0,202203.0
67,A13486703,0.0,0.0,0.0,0.0,0.0,0.0,1189850.0,0.0,0.0,0.0,202203.0
68,A13486102,0.0,0.0,0.0,0.0,0.0,0.0,709630.0,0.0,61200.0,0.0,202203.0
69,A13486504,0.0,0.0,0.0,0.0,0.0,0.0,2636730.0,21482710.0,132090.0,9164670.0,202203.0
70,A13486401,0.0,0.0,0.0,0.0,0.0,0.0,1105700.0,2942240.0,212160.0,2511740.0,202203.0
71,A13402202,0.0,0.0,17770.0,0.0,0.0,0.0,1909878.0,5336910.0,0.0,3158250.0,202203.0
72,A13486705,0.0,0.0,0.0,0.0,0.0,0.0,331070.0,9135920.0,1177720.0,7072110.0,202203.0
73,A13486601,0.0,0.0,0.0,0.0,0.0,0.0,817900.0,6470710.0,0.0,0.0,202203.0
74,A13402305,0.0,0.0,551760.0,0.0,0.0,0.0,5652900.0,11271040.0,214660.0,0.0,202203.0
75,A13402204,0.0,0.0,0.0,0.0,0.0,0.0,2272034.0,9148840.0,155460.0,9254200.0,202203.0
76,A13486701,0.0,0.0,0.0,0.0,0.0,0.0,1907386.0,4701440.0,0.0,0.0,202203.0
77,A13472201,0.0,0.0,0.0,0.0,0.0,0.0,1172230.0,3606770.0,61040.0,0.0,202203.0
78,A10026195,,,,,,,,,,,202203.0
79,A10026852,0.0,0.0,615390.0,0.0,0.0,0.0,74066450.0,52729550.0,16939350.0,16524460.0,202203.0
80,A10023670,734780.0,0.0,0.0,0.0,2589920.0,0.0,3682230.0,0.0,0.0,0.0,202203.0
81,A10023695,,,,,,,,,,,202203.0
82,A10024134,,,,,,,,,,,202203.0
83,A13410012,2861060.0,25108800.0,0.0,0.0,0.0,9674700.0,2414900.0,22491790.0,116610.0,12523800.0,202203.0
84,A13410005,3058850.0,29590000.0,0.0,1141540.0,0.0,14643630.0,1588460.0,23099840.0,-552740.0,13356590.0,202203.0
85,A13410002,2623340.0,13949500.0,0.0,0.0,0.0,9537000.0,3778915.0,13747940.0,654750.0,6773330.0,202203.0
86,A13410008,1017190.0,29782140.0,0.0,0.0,0.0,23930400.0,5933163.0,26130680.0,1288190.0,14364850.0,202203.0
87,A13410001,1252000.0,11669000.0,0.0,0.0,0.0,6804000.0,750010.0,11551630.0,0.0,5552630.0,202203.0
88,A13410011,2672400.0,21983400.0,0.0,0.0,0.0,14470400.0,0.0,23429440.0,0.0,12963690.0,202203.0
89,A13410003,2182870.0,20648490.0,0.0,0.0,0.0,8604000.0,1551510.0,19048340.0,382840.0,10408800.0,202203.0
90,A13410007,3717270.0,32743960.0,0.0,0.0,0.0,18948000.0,1179780.0,32984290.0,863930.0,15707100.0,202203.0
91,A13410006,7298210.0,24234210.0,0.0,0.0,0.0,13134000.0,6443540.0,21827860.0,374740.0,15006780.0,202203.0
92,A13410004,3664010.0,14870870.0,0.0,0.0,0.0,11655000.0,4519109.0,16072890.0,0.0,8061440.0,202203.0
93,A13410010,-14096380.0,38661480.0,0.0,0.0,870150.0,11761200.0,6852958.0,20219120.0,1787250.0,9290460.0,202203.0
94,A13410009,19161570.0,28901600.0,0.0,0.0,-16695000.0,16695000.0,1915230.0,26704400.0,775630.0,11161060.0,202203.0
95,A10027638,4753000.0,0.0,0.0,0.0,2712000.0,0.0,3481790.0,0.0,2244800.0,0.0,202203.0
96,A10024410,2580140.0,3567350.0,0.0,0.0,0.0,6572200.0,3406490.0,5626710.0,-710330.0,4408430.0,202203.0
97,A10024422,8873770.0,15158340.0,0.0,0.0,0.0,20716800.0,6128570.0,28187370.0,0.0,16656710.0,202203.0
98,A10024487,,,,,,,,,,,202203.0
99,A10024468,4095570.0,16643080.0,0.0,0.0,0.0,29526000.0,8708770.0,26805520.0,-1244950.0,18100920.0,202203.0
100,A10024440,4180273.0,13310090.0,0.0,0.0,985327.0,19306560.0,5519197.0,22440960.0,68070.0,12261220.0,202203.0
101,A10024421,3632900.0,13144990.0,0.0,0.0,0.0,20734000.0,4935470.0,22733390.0,669420.0,12128690.0,202203.0
