,kaptCode,heatC,heatP,gasC,gasP,waterHotC,waterHotP,electC,electP,waterCoolC,waterCoolP,Date
0,A13407204,10881820,0,0,0,0,10968000,5967644,22540227,252240,11817580,202205.0
1,A13407104,71388582,0,0,0,-62360451,62360451,-382321,69682990,3367940,0,202205.0
2,A13478601,5461430,14423210,0,0,9583000,0,5764341,21909690,4699320,6348000,202205.0
3,A13407002,0,0,0,0,0,0,5219157,22955710,0,0,202205.0
4,A13482706,17888980,18324000,0,0,20901300,0,46811750,0,24181500,0,202205.0
5,A13482801,0,0,0,0,0,0,6922780,0,0,0,202205.0
6,A13407201,0,0,0,0,0,0,292330,5867360,0,3069250,202205.0
7,A13407202,0,0,0,0,0,0,3930750,9022730,158600,6308070,202205.0
8,A13482603,0,0,16081360,3142260,0,0,6742960,18386960,4643610,8425080,202205.0
9,A13482505,11240620,8235240,0,0,-13775700,13775700,5841079,23237800,472310,12330890,202205.0
10,A10025415,0,0,0,0,0,0,92343714,0,32218280,0,202205.0
11,A10026002,,,,,,,,,,,202205.0
12,A13483002,0,0,0,0,0,0,7301140,21452830,1020130,0,202205.0
13,A13480401,0,0,0,0,0,0,16799836,0,9165580,0,202205.0
14,A13408003,6985550,4706310,0,0,0,24266440,19907795,51768750,0,25419130,202205.0
15,A13480402,,,,,,,,,,,202205.0
16,A13480403,0,0,0,0,0,0,33237304,0,17188680,0,202205.0
17,A10027207,24544407,2363850,0,0,0,66729600,46960748,166076870,-2405050,69510440,202205.0
18,A10025263,27060010,3681500,0,0,0,98417630,74321283,212645980,-1213430,91834130,202205.0
19,A13483803,0,0,45480,0,0,0,-1420758,10897390,595360,8022850,202205.0
20,A13472701,14940120,11184000,0,0,0,39970800,6074296,79244160,0,49904200,202205.0
21,A13409001,0,0,125670,0,0,0,1519880,4789990,210900,3624340,202205.0
22,A10026403,16899330,1439580,0,0,-12594440,12555060,5364540,25173990,315440,13241690,202205.0
23,A10025112,18069590,1865950,0,9100620,0,25142000,30073210,83246730,2478960,31929430,202205.0
24,A10025104,10778450,1799200,0,9867210,0,27915000,8184490,83948030,180260,30016620,202205.0
25,A10023855,2388748,1604460,0,0,0,6507200,4539995,3626060,1548890,3459040,202205.0
26,A10024420,1459200,4035980,0,0,0,0,1312680,4744330,3920,3371010,202205.0
27,A10024473,10330030,2327000,0,0,0,28671000,17987278,77866790,610510,32551890,202205.0
28,A10025010,21845210,3469600,0,0,0,66987420,34473980,185193970,0,65402900,202205.0
29,A10024412,2849230,0,0,0,9067560,0,16218400,0,8343380,0,202205.0
30,A13481305,0,0,81410,0,0,0,5716749,22069410,3393600,0,202205.0
31,A13480803,0,0,0,0,0,0,2043304,7310880,107420,5447320,202205.0
32,A13488104,0,0,0,0,0,0,8173960,25535880,236960,11813500,202205.0
33,A13470103,,,,,,,,,,,202205.0
34,A13470101,0,0,451340,0,0,0,2803912,30182350,1565050,0,202205.0
35,A13481001,0,0,0,0,0,0,1654810,4271390,349350,2750760,202205.0
36,A10024972,,,,,,,,,,,202205.0
37,A10024932,0,0,0,5002710,0,0,1366090,15987150,0,0,202205.0
38,A13470503,0,0,0,0,0,0,2411940,37159460,0,19265070,202205.0
39,A13406204,51100,0,0,0,0,0,2968340,12361620,250790,7243590,202205.0
40,A13406003,0,0,43490,0,0,0,1943660,0,243600,0,202205.0
41,A13406002,0,0,0,0,0,0,1223476,4925350,0,2878320,202205.0
42,A13470502,0,0,0,0,0,0,2466430,11430280,0,5721750,202205.0
43,A13406005,0,0,0,0,0,0,14467765,0,7767670,0,202205.0
44,A13406205,4170,0,0,0,0,0,1935928,16577000,192900,0,202205.0
45,A13481802,0,0,18880,0,0,0,0,9397570,72230,0,202205.0
46,A13406201,0,0,0,0,0,0,378520,6274300,101920,3566800,202205.0
47,A13470504,0,0,0,0,0,0,987230,4337870,153280,2790640,202205.0
48,A13485401,0,0,0,0,0,0,804170,9305170,0,4508560,202205.0
49,A13405002,0,0,0,0,0,0,5309480,15577400,180,9728970,202205.0
50,A13405201,0,0,0,0,0,0,33134220,77233950,0,52526210,202205.0
51,A13471501,0,0,0,0,0,0,3764464,13100000,0,8530798,202205.0
52,A13405003,0,0,91770,0,0,0,18455423,64356210,-1490,32623870,202205.0
53,A13485302,-6360380,6242350,0,0,0,0,41021698,140334710,750340,67422740,202205.0
54,A13485301,0,0,0,0,0,0,1186423,25937410,510620,12095150,202205.0
55,A10025174,0,0,0,0,0,0,5278949,16298750,17230,8292810,202205.0
56,A13484501,105370,0,0,0,0,0,1697930,7470980,0,0,202205.0
57,A13403001,0,0,0,0,0,0,8219670,0,3675080,0,202205.0
58,A13484102,0,0,0,0,0,0,10305070,0,4692120,0,202205.0
59,A13403002,0,0,261230,0,0,0,1376910,10627290,-790,6884820,202205.0
60,A13403101,0,0,0,0,0,29196200,2973450,39385890,3433540,21920920,202205.0
61,A13484201,0,0,0,0,0,0,1371780,9149990,0,4419450,202205.0
62,A13484003,0,0,0,0,0,0,1691930,7134510,-370,4691050,202205.0
63,A10027354,0,0,0,0,0,0,5401852,18877990,282100,8644710,202205.0
64,A13402103,0,0,48290,0,0,0,3262990,11997020,341850,0,202205.0
65,A13402304,0,0,1790,0,0,0,774130,3391950,0,2319050,202205.0
66,A13402002,0,0,0,0,0,0,5367170,12490200,220,13817250,202205.0
67,A13486703,0,0,0,0,0,0,975850,0,0,0,202205.0
68,A13486102,0,0,0,0,0,0,767680,0,68330,0,202205.0
69,A13486504,0,0,0,0,0,0,2875280,19758260,96890,9418230,202205.0
70,A13486401,0,0,0,0,0,0,119020,3254570,129480,2309710,202205.0
71,A13402202,0,0,5860,0,0,0,1934297,5368030,0,3033560,202205.0
72,A13486705,0,0,0,0,0,0,847793,8150490,1497630,7392900,202205.0
73,A13486601,0,0,0,0,0,0,445570,6122810,0,0,202205.0
74,A13402305,0,0,609720,0,0,0,4087220,11187510,385800,0,202205.0
75,A13402204,0,0,0,0,0,0,2339753,8847010,81890,9295520,202205.0
76,A13486701,0,0,0,0,0,0,382782,5492950,448950,0,202205.0
77,A13472201,0,0,0,0,0,0,1028140,3593630,109710,0,202205.0
78,A10026195,,,,,,,,,,,202205.0
79,A10026852,0,0,2185210,0,0,0,64339250,48714510,17998750,17247010,202205.0
80,A10023670,22640,0,0,0,1934720,0,3645880,0,0,0,202205.0
81,A10023695,,,,,,,,,,,202205.0
82,A10024134,,,,,,,,,,,202205.0
83,A13410012,2924530,1773200,0,0,0,9594000,2486990,22735610,106200,12430890,202205.0
84,A13410005,3058850,2728010,0,1184780,0,11029700,102170,19130080,978840,13279530,202205.0
85,A13410002,1914130,407500,0,0,0,6879000,3896455,12519650,502680,7209310,202205.0
86,A13410008,1054600,3902100,0,0,0,15308800,2695447,24160980,1321040,15741270,202205.0
87,A13410001,1252000,223500,0,0,0,5425000,757019,10370980,0,5343030,202205.0
88,A13410011,2672400,1071000,0,0,0,11068800,534280,23609100,0,12664410,202205.0
89,A13410003,2182870,2825420,0,0,0,6698400,1497518,16810090,292490,9528580,202205.0
90,A13410007,3611550,3017300,0,0,0,13270400,2779740,30549730,1009120,15479460,202205.0
91,A13410006,4532520,2748500,0,0,0,10656150,6670627,20579970,192590,14806340,202205.0
92,A13410004,2695260,219000,0,0,0,7679200,4406271,14450250,0,8647200,202205.0
93,A13410010,2437240,2134000,0,0,0,10901800,4860077,19869570,911470,10235660,202205.0
94,A13410009,15574070,3524800,0,0,-13107500,13107500,3366950,23535800,957030,11072910,202205.0
95,A10027638,1164586,0,0,0,2286000,0,3385750,0,2265050,0,202205.0
96,A10024410,2060600,331610,0,0,0,3966300,1083130,4841870,-653980,4500280,202205.0
97,A10024422,5721220,1685310,0,0,0,14890490,4049300,26390900,337860,17467520,202205.0
98,A10024487,,,,,,,,,,,202205.0
99,A10024468,4129350,1429500,0,0,0,16719500,2393100,27689090,-1309550,17472020,202205.0
100,A10024440,3178097,812700,0,0,71943,13391360,2864229,17943340,335660,12207950,202205.0
101,A10024421,3825520,527090,0,0,0,10787000,1567830,20407070,377270,12757620,202205.0
