,kaptCode,heatC,heatP,gasC,gasP,waterHotC,waterHotP,electC,electP,waterCoolC,waterCoolP,Date
0,A13407204,29884280.0,0.0,0.0,0.0,0.0,11244000.0,6479471.0,25257880.0,-643080.0,12548350.0,202210.0
1,A13407104,110583030.0,0.0,0.0,0.0,-95468624.0,95468624.0,26252760.0,79754100.0,6257330.0,0.0,202210.0
2,A13478601,-12985210.0,54839440.0,0.0,0.0,-10870600.0,10870600.0,3294980.0,27063000.0,4668540.0,5868730.0,202210.0
3,A13407002,0.0,0.0,0.0,0.0,0.0,0.0,5739283.0,25671780.0,313240.0,0.0,202210.0
4,A13482706,64809290.0,65030400.0,0.0,0.0,19454600.0,0.0,54280880.0,0.0,25257750.0,0.0,202210.0
5,A13482801,0.0,0.0,0.0,0.0,0.0,0.0,7731970.0,0.0,91840.0,0.0,202210.0
6,A13407201,0.0,0.0,0.0,0.0,0.0,0.0,464830.0,6718750.0,0.0,3098740.0,202210.0
7,A13407202,0.0,0.0,0.0,0.0,0.0,0.0,4332140.0,10182740.0,27450.0,6334640.0,202210.0
8,A13482603,0.0,0.0,47266150.0,0.0,0.0,0.0,9322690.0,21132380.0,3322400.0,8524460.0,202210.0
9,A13482505,54287890.0,52667920.0,0.0,0.0,-8887700.0,11077900.0,5327205.0,26465230.0,-707940.0,12208260.0,202210.0
10,A10025415,0.0,0.0,0.0,0.0,0.0,0.0,108835839.0,0.0,26495260.0,0.0,202210.0
11,A10026002,,,,,,,,,,,202210.0
12,A13483002,0.0,0.0,0.0,0.0,0.0,0.0,7447430.0,24209060.0,81040.0,0.0,202210.0
13,A13480401,0.0,0.0,0.0,0.0,0.0,0.0,18178936.0,0.0,9754950.0,0.0,202210.0
14,A13408003,6990290.0,34560100.0,0.0,0.0,0.0,23589360.0,19204648.0,58581760.0,0.0,24475690.0,202210.0
15,A13480402,,,,,,,,,,,202210.0
16,A13480403,0.0,0.0,0.0,0.0,0.0,0.0,35768536.0,0.0,17037260.0,0.0,202210.0
17,A10027207,33400446.0,20303800.0,0.0,0.0,0.0,100678100.0,50401535.0,188103840.0,3757070.0,60772850.0,202210.0
18,A10025263,43320550.0,30045360.0,0.0,27269320.0,0.0,132169560.0,88723540.0,238570500.0,-4959130.0,94274510.0,202210.0
19,A13483803,0.0,0.0,56210.0,0.0,0.0,0.0,715872.0,12135300.0,193030.0,8430020.0,202210.0
20,A13472701,12820780.0,48843300.0,0.0,0.0,0.0,35682900.0,8950030.0,87672950.0,0.0,46539780.0,202210.0
21,A13409001,0.0,0.0,88420.0,0.0,0.0,0.0,1569030.0,5340010.0,96200.0,3876720.0,202210.0
22,A10026403,1462220.0,8248470.0,0.0,0.0,0.0,16738540.0,8302210.0,28405900.0,639850.0,12079700.0,202210.0
23,A10025112,14649830.0,13020150.0,0.0,0.0,0.0,39366600.0,33202141.0,96013940.0,3236910.0,29331950.0,202210.0
24,A10025104,11403090.0,15901280.0,0.0,0.0,0.0,37539600.0,26989739.0,92957950.0,728310.0,30909860.0,202210.0
25,A10023855,1754600.0,4506180.0,0.0,0.0,0.0,11350500.0,3946430.0,13729630.0,222010.0,9075120.0,202210.0
26,A10024420,1912600.0,6723500.0,0.0,0.0,0.0,0.0,1707570.0,7107470.0,154720.0,3342560.0,202210.0
27,A10024473,12330830.0,18678120.0,0.0,3959430.0,0.0,35977500.0,22357201.0,85923050.0,732100.0,31917430.0,202210.0
28,A10025010,21764130.0,20769700.0,0.0,0.0,0.0,69073200.0,50394470.0,205957960.0,-8938210.0,72655780.0,202210.0
29,A10024412,3977020.0,10077210.0,0.0,0.0,12000300.0,15945960.0,15117610.0,16219930.0,8910000.0,8716010.0,202210.0
30,A13481305,0.0,0.0,46070.0,0.0,0.0,0.0,6005961.0,25015060.0,0.0,0.0,202210.0
31,A13480803,0.0,0.0,0.0,0.0,0.0,0.0,2234509.0,8509490.0,80910.0,5288160.0,202210.0
32,A13488104,0.0,0.0,0.0,0.0,0.0,0.0,8532190.0,28703890.0,120080.0,12501960.0,202210.0
33,A13470103,,,,,,,,,,,202210.0
34,A13470101,0.0,0.0,100060.0,0.0,0.0,0.0,2503686.0,34909610.0,1565050.0,0.0,202210.0
35,A13481001,0.0,0.0,0.0,0.0,0.0,0.0,1333150.0,5207500.0,177680.0,3323140.0,202210.0
36,A10024972,,,,,,,,,,,202210.0
37,A10024932,0.0,0.0,9129060.0,0.0,0.0,0.0,19696360.0,0.0,12033800.0,0.0,202210.0
38,A13470503,0.0,0.0,0.0,0.0,0.0,0.0,3859770.0,40726550.0,0.0,18119370.0,202210.0
39,A13406204,0.0,0.0,0.0,0.0,0.0,0.0,3075510.0,14348990.0,112340.0,7247320.0,202210.0
40,A13406003,0.0,0.0,8720.0,0.0,0.0,0.0,2087290.0,0.0,193720.0,0.0,202210.0
41,A13406002,0.0,0.0,0.0,0.0,0.0,0.0,1951187.0,5305780.0,0.0,3393890.0,202210.0
42,A13470502,0.0,0.0,0.0,0.0,0.0,0.0,2482380.0,13046220.0,23070.0,5692440.0,202210.0
43,A13406005,0.0,0.0,0.0,0.0,0.0,0.0,16308297.0,0.0,7995130.0,0.0,202210.0
44,A13406205,1470.0,0.0,0.0,0.0,0.0,0.0,2019049.0,18580240.0,48400.0,0.0,202210.0
45,A13481802,0.0,0.0,14390.0,0.0,0.0,0.0,0.0,10271420.0,72540.0,0.0,202210.0
46,A13406201,0.0,0.0,0.0,0.0,0.0,0.0,52800.0,6807440.0,17640.0,3613750.0,202210.0
47,A13470504,0.0,0.0,0.0,0.0,0.0,0.0,6047590.0,0.0,101950.0,0.0,202210.0
48,A13485401,0.0,0.0,0.0,0.0,0.0,0.0,427560.0,10390770.0,0.0,4581350.0,202210.0
49,A13405002,0.0,0.0,0.0,0.0,0.0,0.0,6282700.0,17548300.0,200.0,9761510.0,202210.0
50,A13405201,0.0,0.0,0.0,0.0,0.0,0.0,43286610.0,95987730.0,0.0,49856540.0,202210.0
51,A13471501,0.0,0.0,0.0,0.0,0.0,0.0,5203226.0,14071090.0,-200.0,8574320.0,202210.0
52,A13405003,0.0,0.0,20350.0,0.0,0.0,0.0,20143835.0,72210240.0,-790.0,30703720.0,202210.0
53,A13485302,-5989770.0,5903450.0,0.0,0.0,0.0,0.0,65609321.0,156387350.0,494860.0,65310420.0,202210.0
54,A13485301,0.0,0.0,0.0,0.0,0.0,0.0,1491278.0,27292930.0,0.0,12056370.0,202210.0
55,A10025174,0.0,0.0,0.0,0.0,0.0,0.0,8252614.0,18588880.0,216530.0,8565660.0,202210.0
56,A13484501,26750.0,0.0,0.0,0.0,0.0,0.0,1834670.0,8431740.0,114600.0,7933870.0,202210.0
57,A13403001,0.0,0.0,0.0,0.0,0.0,0.0,8173670.0,0.0,3363570.0,0.0,202210.0
58,A13484102,0.0,0.0,0.0,0.0,0.0,0.0,11488070.0,0.0,4169140.0,0.0,202210.0
59,A13403002,0.0,0.0,1780.0,0.0,0.0,0.0,1483180.0,11816880.0,-740.0,6484340.0,202210.0
60,A13403101,-323550.0,76478150.0,0.0,0.0,0.0,26565000.0,9219940.0,45074690.0,0.0,23469990.0,202210.0
61,A13484201,0.0,0.0,0.0,0.0,0.0,0.0,11248080.0,0.0,4398480.0,0.0,202210.0
62,A13484003,0.0,0.0,0.0,0.0,0.0,0.0,1774300.0,8067270.0,1080.0,5390950.0,202210.0
63,A10027354,0.0,0.0,0.0,0.0,0.0,0.0,5975480.0,21598990.0,277360.0,8403140.0,202210.0
64,A13402103,0.0,0.0,5880.0,0.0,0.0,0.0,3959210.0,13447030.0,338800.0,0.0,202210.0
65,A13402304,0.0,0.0,1100.0,0.0,0.0,0.0,748430.0,3558640.0,0.0,2063350.0,202210.0
66,A13402002,0.0,0.0,0.0,0.0,0.0,0.0,2419450.0,18952560.0,0.0,0.0,202210.0
67,A13486703,0.0,0.0,0.0,0.0,0.0,0.0,1241940.0,0.0,0.0,0.0,202210.0
68,A13486102,0.0,0.0,0.0,0.0,0.0,0.0,774540.0,0.0,79740.0,0.0,202210.0
69,A13486504,0.0,0.0,0.0,0.0,0.0,0.0,3555400.0,21561350.0,-58840.0,9512370.0,202210.0
70,A13486401,0.0,0.0,0.0,0.0,0.0,0.0,143250.0,3933850.0,80600.0,2515860.0,202210.0
71,A13402202,0.0,0.0,0.0,0.0,0.0,0.0,2444415.0,5827810.0,-30.0,3189600.0,202210.0
72,A13486705,0.0,0.0,0.0,0.0,0.0,0.0,717230.0,9122250.0,0.0,0.0,202210.0
73,A13486601,0.0,0.0,0.0,0.0,0.0,0.0,340670.0,7184820.0,0.0,0.0,202210.0
74,A13402305,0.0,0.0,600490.0,0.0,0.0,0.0,5073560.0,12087890.0,0.0,0.0,202210.0
75,A13402204,0.0,0.0,0.0,0.0,0.0,0.0,2627720.0,9648470.0,0.0,0.0,202210.0
76,A13486701,0.0,0.0,0.0,0.0,0.0,0.0,543266.0,6164540.0,0.0,0.0,202210.0
77,A13472201,0.0,0.0,0.0,0.0,0.0,0.0,803200.0,4155920.0,0.0,0.0,202210.0
78,A10026195,,,,,,,,,,,202210.0
79,A10026852,0.0,0.0,6032030.0,0.0,0.0,0.0,73589100.0,52715620.0,19682820.0,16182670.0,202210.0
80,A10023670,597530.0,0.0,0.0,0.0,2689370.0,0.0,4684140.0,0.0,0.0,0.0,202210.0
81,A10023695,2034760.0,2092190.0,0.0,0.0,0.0,2817000.0,4215870.0,6561770.0,0.0,1615370.0,202210.0
82,A10024134,,,,,,,,,,,202210.0
83,A13410012,3374950.0,9849800.0,0.0,0.0,0.0,9282000.0,3037850.0,25344820.0,10730.0,12448340.0,202210.0
84,A13410005,3058850.0,10472000.0,0.0,1107910.0,15859150.0,15859150.0,2151810.0,23777590.0,281560.0,12788380.0,202210.0
85,A13410002,2911540.0,5806350.0,0.0,0.0,0.0,8124400.0,4353847.0,14146720.0,922600.0,6528340.0,202210.0
86,A13410008,1479960.0,16897220.0,0.0,0.0,0.0,17249700.0,4308951.0,28973000.0,1328480.0,13731790.0,202210.0
87,A13410001,1252000.0,6650300.0,0.0,0.0,0.0,5155500.0,1224002.0,11937560.0,0.0,5559720.0,202210.0
88,A13410011,4340920.0,8968000.0,0.0,0.0,0.0,12208000.0,0.0,25980570.0,0.0,12016260.0,202210.0
89,A13410003,2182870.0,10774240.0,0.0,0.0,0.0,6552280.0,1223516.0,19304420.0,275070.0,9713230.0,202210.0
90,A13410007,3677120.0,13193040.0,0.0,0.0,0.0,17041500.0,3301900.0,34454980.0,560260.0,15406020.0,202210.0
91,A13410006,5737740.0,10623200.0,0.0,0.0,0.0,12383000.0,8422796.0,23844260.0,137780.0,14710670.0,202210.0
92,A13410004,3194380.0,6800100.0,0.0,0.0,0.0,8424500.0,4832189.0,16668100.0,0.0,8736460.0,202210.0
93,A13410010,2628730.0,11018950.0,0.0,0.0,0.0,9611000.0,4557652.0,22009450.0,818420.0,9947470.0,202210.0
94,A13410009,14800570.0,11401600.0,0.0,0.0,-12334000.0,12334000.0,3641212.0,26996800.0,860750.0,11872610.0,202210.0
95,A10027638,2677410.0,0.0,990880.0,0.0,2259200.0,0.0,4514050.0,0.0,2159210.0,0.0,202210.0
96,A10024410,2154600.0,1589210.0,0.0,0.0,0.0,5270600.0,1866300.0,5986750.0,-763310.0,4311980.0,202210.0
97,A10024422,10196340.0,7983030.0,0.0,0.0,0.0,14181000.0,6243580.0,31434740.0,-288120.0,17421600.0,202210.0
98,A10024487,,,,,,,,,,,202210.0
99,A10024468,26995020.0,7037220.0,-51550.0,0.0,-22906620.0,22798980.0,3082250.0,33799380.0,-1577930.0,17348240.0,202210.0
100,A10024440,4835763.0,4368120.0,0.0,0.0,1038097.0,18231300.0,9036001.0,20472000.0,867710.0,11758380.0,202210.0
101,A10024421,3572360.0,5697910.0,0.0,0.0,17000.0,15650200.0,2486212.0,24816120.0,344240.0,12809910.0,202210.0
