,kaptCode,heatC,heatP,gasC,gasP,waterHotC,waterHotP,electC,electP,waterCoolC,waterCoolP,Date
0,A13407204,21607890,0,0,0,0,11900000,6938801,25295067,1596300,11837270,202204.0
1,A13407104,108278320,0,0,0,-93899757,93899757,18099480,67345350,2398080,0,202204.0
2,A13478601,5978680,28175330,0,0,11666000,0,6911392,23993810,5521310,6427020,202204.0
3,A13407002,0,0,0,0,0,0,5799979,25661960,0,0,202204.0
4,A13482706,48367580,48367200,0,0,22477500,0,50613140,0,24225890,0,202204.0
5,A13482801,0,0,0,0,0,0,7867600,0,282890,0,202204.0
6,A13407201,0,0,0,0,0,0,396500,5946040,0,3822770,202204.0
7,A13407202,0,0,0,0,0,0,3623230,12021980,125050,6636440,202204.0
8,A13482603,0,0,30212130,0,0,0,7739180,18302970,4663370,7925910,202204.0
9,A13482505,11789770,24931720,0,0,-14837900,14837900,7098784,25616720,508010,13242990,202204.0
10,A10025415,0,0,0,0,0,0,99007480,0,31044660,0,202204.0
11,A10026002,,,,,,,,,,,202204.0
12,A13483002,0,0,0,0,0,0,8262530,23838360,1020140,0,202204.0
13,A13480401,0,0,0,0,0,0,18666423,0,8735650,0,202204.0
14,A13408003,6990290,15004090,0,0,0,34948780,20035927,58779674,0,24048240,202204.0
15,A13480402,,,,,,,,,,,202204.0
16,A13480403,0,0,0,0,0,0,7198354,29538220,482990,17538340,202204.0
17,A10027207,26686330,18338500,0,0,0,92048160,36002536,108749150,309430,69161220,202204.0
18,A10025263,30257960,26376840,0,23305300,0,127682090,77594243,229748070,51240,90966660,202204.0
19,A13483803,0,0,51150,0,0,0,-142088,12056280,556240,8275860,202204.0
20,A13472701,12772020,40150400,0,0,0,31615000,5742293,87104970,0,41956200,202204.0
21,A13409001,0,0,235330,0,0,0,1667050,5416780,173900,3430510,202204.0
22,A10026403,4909730,5450070,0,0,0,15601040,5462160,27836150,321110,13543870,202204.0
23,A10025112,18130170,12524310,0,0,0,34928000,29658860,81215930,2311620,34024600,202204.0
24,A10025104,10584380,10756850,0,0,0,37851000,8813120,81525580,1034910,31716920,202204.0
25,A10023855,6564940,1322030,0,0,0,764400,0,0,292840,77700,202204.0
26,A10024420,1509730,6522890,0,0,0,0,1470080,4532890,49170,3294630,202204.0
27,A10024473,10195690,13124150,0,3740910,0,37782500,32456657,133511538,785980,34567820,202204.0
28,A10025010,21845210,19930020,0,0,0,90045440,38507170,203355020,0,75975750,202204.0
29,A10024412,5000040,2606370,0,0,12575450,12575450,14915690,13230220,7804200,8800750,202204.0
30,A13481305,0,0,90960,0,0,0,6595872,24165430,0,0,202204.0
31,A13480803,0,0,0,0,0,0,2255412,8188680,218290,5370760,202204.0
32,A13488104,0,0,0,0,0,0,7849580,25535880,120140,11813500,202204.0
33,A13470103,,,,,,,,,,,202204.0
34,A13470101,0,0,479620,0,0,0,2820160,34920800,815990,0,202204.0
35,A13481001,0,0,0,0,0,0,1397409,5254940,183380,3347970,202204.0
36,A10024972,,,,,,,,,,,202204.0
37,A10024932,0,0,0,6934950,0,0,1338840,17651690,0,12357580,202204.0
38,A13470503,0,0,0,0,0,0,2327490,36940850,0,18858460,202204.0
39,A13406204,179720,0,0,0,0,0,3249720,13943830,0,7581010,202204.0
40,A13406003,0,0,75500,0,0,0,2123970,0,365400,0,202204.0
41,A13406002,0,0,0,0,0,0,900689,5899760,0,3121460,202204.0
42,A13470502,0,0,0,0,0,0,2440720,11423890,0,6290530,202204.0
43,A13406005,0,0,0,0,0,0,16023736,0,7121440,0,202204.0
44,A13406205,25610,0,0,0,0,0,2137491,16446120,192900,0,202204.0
45,A13481802,0,0,99870,0,0,0,0,9389280,72230,0,202204.0
46,A13406201,0,0,0,0,0,0,648010,6905050,101920,3591800,202204.0
47,A13470504,0,0,0,0,0,0,805960,4698670,0,2790510,202204.0
48,A13485401,0,0,0,0,0,0,405010,10771760,0,4753580,202204.0
49,A13405002,0,0,0,0,0,0,5497550,15478110,590,10059560,202204.0
50,A13405201,0,0,0,0,0,0,34550080,85690590,0,50485240,202204.0
51,A13471501,0,0,0,0,0,0,4330546,12815250,0,8681194,202204.0
52,A13405003,0,0,193760,0,0,0,18084354,64153060,-1710,33245710,202204.0
53,A13485302,-5713130,5605270,0,0,0,0,35686300,138774240,867130,69969360,202204.0
54,A13485301,0,0,0,0,0,0,1079213,28562250,507600,11365570,202204.0
55,A10025174,0,0,0,0,0,0,5330717,18007610,17940,8678280,202204.0
56,A13484501,202190,0,0,0,0,0,1627660,8789900,94420,7452990,202204.0
57,A13403001,0,0,0,0,0,0,8608320,0,3638040,0,202204.0
58,A13484102,0,0,0,0,0,0,10937080,0,4356490,0,202204.0
59,A13403002,0,0,623770,0,0,0,1523510,11836430,-330,6481830,202204.0
60,A13403101,-351883,50937900,0,0,0,30843000,8610063,43812720,0,20603780,202204.0
61,A13484201,0,0,0,0,0,0,2965220,7156250,0,4674640,202204.0
62,A13484003,0,0,0,0,0,0,1512360,8161940,-70,5289300,202204.0
63,A10027354,0,0,0,0,0,0,5356404,19187000,281150,9060580,202204.0
64,A13402103,0,0,180280,0,0,0,4013350,12906940,341850,0,202204.0
65,A13402304,0,0,16520,0,0,0,1263230,3560890,0,2604930,202204.0
66,A13402002,0,0,0,0,0,0,3991750,17185490,0,0,202204.0
67,A13486703,0,0,0,0,0,0,1024300,0,0,0,202204.0
68,A13486102,0,0,0,0,0,0,763980,0,68700,0,202204.0
69,A13486504,0,0,0,0,0,0,2941620,19195400,-788780,10453480,202204.0
70,A13486401,0,0,0,0,0,0,807320,3471380,372810,1912960,202204.0
71,A13402202,0,0,34090,0,0,0,1964256,5981070,80,2884700,202204.0
72,A13486705,0,0,0,0,0,0,446483,7992860,0,0,202204.0
73,A13486601,0,0,0,0,0,0,806190,6778090,0,0,202204.0
74,A13402305,0,0,551980,0,0,0,4812190,12453890,0,0,202204.0
75,A13402204,0,0,0,0,0,0,2370698,9854250,0,0,202204.0
76,A13486701,0,0,0,0,0,0,1218189,4701440,0,0,202204.0
77,A13472201,0,0,0,0,0,0,1148500,4246170,0,0,202204.0
78,A10026195,,,,,,,,,,,202204.0
79,A10026852,0,0,1136780,0,0,0,63596610,47142660,19058220,18099940,202204.0
80,A10023670,95810,0,0,0,1981340,0,3690750,0,3455120,0,202204.0
81,A10023695,,,,,,,,,,,202204.0
82,A10024134,,,,,,,,,,,202204.0
83,A13410012,3001930,7498750,0,0,0,10639200,4028840,23354170,121510,13062240,202204.0
84,A13410005,3058850,5631360,0,1076450,0,16833050,-68580,19791040,699930,12813310,202204.0
85,A13410002,2522680,3401000,0,0,0,8448000,3797525,12568660,837650,7115130,202204.0
86,A13410008,867340,9398560,0,0,0,20693400,3317945,23953880,1111990,14820410,202204.0
87,A13410001,1252000,3267700,0,0,0,6020000,989464,10227540,0,5235940,202204.0
88,A13410011,2672400,6190800,0,0,0,12448000,322900,25939780,0,12326900,202204.0
89,A13410003,2182870,8395600,0,0,0,7406400,1965560,16898650,207430,8743790,202204.0
90,A13410007,3836920,10655200,0,0,0,16460740,2258370,29695250,896340,15234300,202204.0
91,A13410006,5375790,8522280,0,0,0,11552970,6058260,20045340,22350,14455050,202204.0
92,A13410004,3062000,2978400,0,0,0,10241000,4368108,14505780,0,8698860,202204.0
93,A13410010,2425300,7858000,0,0,0,11481840,4154247,20539390,908220,9952850,202204.0
94,A13410009,17285570,10679200,0,0,-14819000,14819000,2613330,23434400,767750,10980280,202204.0
95,A10027638,2208350,0,939630,0,2478000,0,3354450,0,2220510,0,202204.0
96,A10024410,2384720,1059820,0,0,0,5031000,1567360,5291510,-521410,4575020,202204.0
97,A10024422,6652530,5182860,0,0,0,17849600,3774160,25649500,0,16696540,202204.0
98,A10024487,,,,,,,,,,,202204.0
99,A10024468,4084550,4880530,0,0,0,21574700,5007870,30406780,-1643840,17247970,202204.0
100,A10024440,3331890,3495970,0,0,188240,16708090,2817060,17316490,332510,11819880,202204.0
101,A10024421,3893150,3254660,0,0,0,15065500,2280110,20162560,908620,11766600,202204.0
