,kaptCode,heatC,heatP,gasC,gasP,waterHotC,waterHotP,electC,electP,waterCoolC,waterCoolP,Date
0,A13407204,83243420,0,0,0,0,13408000,12479285,28335906,1123440,11805960,202202.0
1,A13407104,117517190,0,0,0,-102447647,102447647,24312080,67100990,4075840,0,202202.0
2,A13478601,3393250,92945480,0,0,12761300,0,11300524,27003810,6171360,6099840,202202.0
3,A13407002,0,0,0,0,0,0,6505804,30597480,0,0,202202.0
4,A13482706,161017930,202558800,0,0,38376400,0,59925050,0,19743200,0,202202.0
5,A13482801,0,0,0,0,0,0,9103690,0,210180,0,202202.0
6,A13407201,0,0,0,0,0,0,588080,6278760,0,2549210,202202.0
7,A13407202,0,0,0,0,0,0,5029700,13533840,0,6806810,202202.0
8,A13482603,0,0,77963890,0,0,0,14907570,18538220,5425850,7331140,202202.0
9,A13482505,8993080,108099600,0,0,-14555900,14555900,12302281,29057740,1782340,12182580,202202.0
10,A10025415,0,0,0,0,0,0,127463181,0,29723370,0,202202.0
11,A10026002,,,,,,,,,,,202202.0
12,A13483002,0,0,0,0,0,0,11013110,26481240,348910,0,202202.0
13,A13480401,0,0,0,0,0,0,20609180,0,10002030,0,202202.0
14,A13408003,7007160,98396130,0,0,0,43656650,27721216,65945430,0,24204740,202202.0
15,A13480402,0,0,0,0,0,0,5310000,461580,13670,0,202202.0
16,A13480403,0,0,0,0,0,0,8363896,32676750,800350,16963740,202202.0
17,A10027207,49131540,161288120,0,0,0,111558180,81855599,185829230,1145140,64070180,202202.0
18,A10025263,33373550,213352310,0,23512460,0,165517290,107337111,245504140,-3430690,83495910,202202.0
19,A13483803,0,0,375900,0,0,0,1756792,13596770,126790,8242800,202202.0
20,A13472701,16020780,152539200,0,0,0,38229300,19589523,94175100,0,47660660,202202.0
21,A13409001,0,0,352090,0,0,0,2154870,6035760,303400,3379840,202202.0
22,A10026403,5518380,34006390,0,0,0,21091260,13290050,28777730,316220,13383580,202202.0
23,A10025112,17821980,86454840,0,0,0,42514500,37919540,77592320,-2282540,33608780,202202.0
24,A10025104,10882050,80957010,0,0,0,43044300,4183840,81067300,292360,29197320,202202.0
25,A10023855,,,,,,,,,,,202202.0
26,A10024420,1716560,15664600,0,0,0,0,4337670,3985680,72810,3130780,202202.0
27,A10024473,10729090,91420860,0,3513030,0,40460000,42934000,72813970,927450,34411810,202202.0
28,A10025010,21785300,159376880,0,0,0,122729220,64076510,216219640,0,67211540,202202.0
29,A10024412,24216500,21460540,0,0,16150400,16150400,16684200,12814110,8559430,8203700,202202.0
30,A13481305,0,0,525000,0,0,0,9244736,25559060,0,0,202202.0
31,A13480803,0,0,0,0,0,0,2921880,9066960,359040,5610570,202202.0
32,A13488104,0,0,0,0,0,0,15755340,25364730,120310,13241490,202202.0
33,A13470103,,,,,,,,,,,202202.0
34,A13470101,0,0,1476880,0,0,0,3144653,41442310,815990,0,202202.0
35,A13481001,0,0,0,0,0,0,1776909,5661730,970850,2275100,202202.0
36,A10024972,,,,,,,,,,,202202.0
37,A10024932,0,0,0,20251820,0,0,6946640,19356370,0,12112050,202202.0
38,A13470503,0,0,0,0,0,0,39784510,37457010,17558270,17538710,202202.0
39,A13406204,393510,0,0,0,0,0,5147180,15552710,297790,7610280,202202.0
40,A13406003,0,0,242660,0,0,0,2742990,0,118320,0,202202.0
41,A13406002,0,0,0,0,0,0,1000179,6595570,0,2915250,202202.0
42,A13470502,0,0,0,0,0,0,2182350,11656580,122350,5652610,202202.0
43,A13406005,0,0,0,0,0,0,20079821,0,5937130,0,202202.0
44,A13406205,691200,0,0,0,0,0,2326616,16977620,136500,0,202202.0
45,A13481802,0,0,278980,0,0,0,541770,9519630,119720,0,202202.0
46,A13406201,0,0,0,0,0,0,1190980,7528940,0,3631000,202202.0
47,A13470504,0,0,0,0,0,0,1878976,4763940,46070,2941850,202202.0
48,A13485401,0,0,0,0,0,0,1809130,11358460,0,4667290,202202.0
49,A13405002,0,0,0,0,0,0,6441310,16221170,-500,10522600,202202.0
50,A13405201,0,0,0,0,0,0,38727460,93722990,0,49837160,202202.0
51,A13471501,0,0,0,0,0,0,4213793,13714010,0,8939270,202202.0
52,A13405003,0,0,733870,0,0,0,20566534,61618810,-1240,33057310,202202.0
53,A13485302,-5593370,5523490,0,0,0,0,73330334,136355730,415420,68105070,202202.0
54,A13485301,0,0,0,0,0,0,1445172,34640770,564860,11967910,202202.0
55,A10025174,0,0,0,0,0,0,11118119,19707430,208270,8685970,202202.0
56,A13484501,364190,0,0,0,0,0,2684650,10079750,69120,6805850,202202.0
57,A13403001,0,0,0,0,0,0,9709380,0,3590290,0,202202.0
58,A13484102,0,0,0,0,0,0,13910920,0,4653180,0,202202.0
59,A13403002,0,0,1082230,0,0,0,2755790,13759700,-20,6644920,202202.0
60,A13403101,-1281443,196335450,0,0,0,34679400,13105733,49486300,0,21835050,202202.0
61,A13484201,0,0,0,0,0,0,13716860,0,4373560,0,202202.0
62,A13484003,0,0,0,0,0,0,2691110,8195490,63890,5308110,202202.0
63,A10027354,0,0,-802930,792060,3300,0,6481027,19102960,569310,8429830,202202.0
64,A13402103,0,0,524470,0,0,0,4664470,15088570,323380,0,202202.0
65,A13402304,0,0,86450,0,0,0,1487420,4350760,0,2491890,202202.0
66,A13402002,0,0,0,0,0,0,6824660,17244400,0,0,202202.0
67,A13486703,0,0,0,0,0,0,1557590,0,0,0,202202.0
68,A13486102,0,0,0,0,0,0,702630,0,61310,0,202202.0
69,A13486504,0,0,0,0,0,0,2942120,19979450,-312720,10547340,202202.0
70,A13486401,0,0,0,0,0,0,954390,3537040,47160,2365720,202202.0
71,A13402202,0,0,58560,0,0,0,3416586,6602860,-30,3159510,202202.0
72,A13486705,0,0,0,0,0,0,525179,8275050,0,0,202202.0
73,A13486601,0,0,0,0,0,0,1040900,7779500,0,0,202202.0
74,A13402305,0,0,0,0,0,0,6297230,14023610,0,0,202202.0
75,A13402204,0,0,0,0,0,0,3953867,11158550,0,0,202202.0
76,A13486701,0,0,0,0,0,0,754433,5549730,0,0,202202.0
77,A13472201,0,0,0,0,0,0,2207670,3869230,0,0,202202.0
78,A10026195,,,,,,,,,,,202202.0
79,A10026852,0,0,964650,0,0,0,97606960,48708410,18327560,18487100,202202.0
80,A10023670,1702800,0,0,0,2725680,0,4393180,0,3574880,0,202202.0
81,A10023695,,,,,,,,,,,202202.0
82,A10024134,,,,,,,,,,,202202.0
83,A13410012,3135730,40483800,0,0,0,9704200,3625890,27522700,1503170,11485770,202202.0
84,A13410005,3058850,47007600,0,1029430,0,18288250,1711391,20203190,4590860,10414180,202202.0
85,A13410002,2930420,24926400,0,0,0,9015600,3450572,12284820,910180,6912830,202202.0
86,A13410008,978960,48565090,0,0,0,27979000,6080475,22925330,1859670,12539460,202202.0
87,A13410001,1252000,21893720,0,0,0,6027000,1195211,10204960,0,4899940,202202.0
88,A13410011,2672400,38252500,0,0,0,13881600,1841330,28158690,210610,11323370,202202.0
89,A13410003,2182870,33869000,0,0,0,8172000,2280820,17076400,584730,9440560,202202.0
90,A13410007,3741190,52350100,0,0,0,20335400,1484700,29104780,844910,13949880,202202.0
91,A13410006,9144110,39060480,0,0,0,14083300,6432517,18993660,60800,13389110,202202.0
92,A13410004,4826960,27733860,0,0,0,11154500,5972674,14513460,0,9443600,202202.0
93,A13410010,2430270,38661480,0,0,0,11761200,4637290,20219120,966850,9290460,202202.0
94,A13410009,18283070,36573600,0,0,-15816500,15816500,2727260,23873730,786020,9811750,202202.0
95,A10027638,7560840,0,883400,0,2466000,0,3349410,0,1907010,0,202202.0
96,A10024410,2590900,6061730,0,0,0,6805800,4694200,7073260,-255920,4241200,202202.0
97,A10024422,9234900,26572150,0,0,0,19734400,15840360,24385150,0,13921750,202202.0
98,A10024487,,,,,,,,,,,202202.0
99,A10024468,4105770,30982770,0,0,0,32447520,11830920,31926340,-1205540,15938410,202202.0
100,A10024440,4456325,24665240,0,0,885325,17972880,7100150,19468560,933000,10689420,202202.0
101,A10024421,4075470,25925770,0,0,0,21093800,8840900,19416910,753740,10857960,202202.0
