,kaptCode,heatC,heatP,gasC,gasP,waterHotC,waterHotP,electC,electP,waterCoolC,waterCoolP,Date
0,A13407204,69712970,0,0,0,0,12128000,9525944,27563310,1239090,12231470,202211.0
1,A13407104,114204380,0,0,0,-98855925,98855925,30161254,77052830,-115530,0,202211.0
2,A13478601,4789920,54839440,0,0,-10870600,10870600,8608691,27063000,4885400,5868730,202211.0
3,A13407002,0,0,0,0,0,0,6168557,28653220,0,0,202211.0
4,A13482706,124103330,124329600,0,0,20231600,0,58071800,0,21729640,0,202211.0
5,A13482801,0,0,0,0,0,0,8549600,0,0,0,202211.0
6,A13407201,0,0,0,0,0,0,646560,6870500,0,2974100,202211.0
7,A13407202,0,0,0,0,0,0,4847530,10700470,286700,6264250,202211.0
8,A13482603,0,0,62568240,3710600,0,0,10554080,20593460,4329440,9228050,202211.0
9,A13482505,7757320,82272320,0,0,-12107200,12107200,10332265,27546550,1398710,11880290,202211.0
10,A10025415,0,0,0,0,0,0,117444116,0,25033630,0,202211.0
11,A10026002,,,,,,,,,,,202211.0
12,A13483002,0,0,0,0,0,0,8763430,26198340,81040,0,202211.0
13,A13480401,0,0,0,0,0,0,19565341,0,8869390,0,202211.0
14,A13408003,6990290,53592630,0,0,0,43827690,27949343,63445600,0,23896090,202211.0
15,A13480402,,,,,,,,,,,202211.0
16,A13480403,0,0,0,0,0,0,6981645,31018700,658600,16306040,202211.0
17,A10027207,38542357,73413820,0,0,0,117030360,67256551,191187870,1337430,60327140,202211.0
18,A10025263,49850560,104172720,0,0,0,151740530,107961107,253713100,-1782915,88735430,202211.0
19,A13483803,0,0,154200,0,0,0,1008792,13456510,446850,7857320,202211.0
20,A13472701,14453290,100551360,0,0,0,34862600,7618966,95838500,0,38179650,202211.0
21,A13409001,0,0,226760,0,0,0,1975560,5918990,96200,3443310,202211.0
22,A10026403,6459010,18364630,0,0,0,19356680,9914510,30548620,453440,12440400,202211.0
23,A10025112,17427320,31147200,0,11371050,0,52666100,33043936,93853050,436310,32042330,202211.0
24,A10025104,9876520,41376920,0,12687690,0,46520600,24718524,91498620,799930,30525660,202211.0
25,A10023855,3647980,9367390,0,0,0,14151000,4947400,14213020,0,7855470,202211.0
26,A10024420,2248870,10547000,0,0,0,0,2552460,6002180,-9430,3439290,202211.0
27,A10024473,16818620,45366330,0,0,0,39881400,23734870,84525730,0,32691780,202211.0
28,A10025010,21764130,56579670,0,0,0,90506250,64629800,223049660,-7530060,81181110,202211.0
29,A10024412,13159570,0,0,0,15945960,0,17000020,0,8716010,0,202211.0
30,A13481305,0,0,238500,0,0,0,7530723,26923540,3048880,0,202211.0
31,A13480803,0,0,0,0,0,0,2597704,9448420,107420,5442590,202211.0
32,A13488104,0,0,0,0,0,0,9124710,29190700,119810,11864320,202211.0
33,A13470103,,,,,,,,,,,202211.0
34,A13470101,0,0,436200,0,0,0,2666656,38985110,1850810,0,202211.0
35,A13481001,0,0,0,0,0,0,1747586,5479210,28900,3199630,202211.0
36,A10024972,,,,,,,,,,,202211.0
37,A10024932,0,0,18531160,0,0,0,2216160,0,0,0,202211.0
38,A13470503,0,0,0,0,0,0,3964670,40642000,0,17603870,202211.0
39,A13406204,0,0,0,0,0,0,3860520,15079390,272960,7253110,202211.0
40,A13406003,0,0,53770,0,0,0,2648950,0,168630,0,202211.0
41,A13406002,0,0,0,0,0,0,1341854,6265220,0,2991750,202211.0
42,A13470502,0,0,0,0,0,0,3178880,12665420,113890,5733620,202211.0
43,A13406005,0,0,-719970,719970,0,0,2443770,16094260,480390,6651940,202211.0
44,A13406205,355350,0,0,0,0,0,2016869,18651550,48400,0,202211.0
45,A13481802,0,0,106250,0,0,0,0,10306290,72540,0,202211.0
46,A13406201,0,0,0,0,0,0,52800,7443390,0,3620260,202211.0
47,A13470504,0,0,0,0,0,0,6680180,0,2987040,0,202211.0
48,A13485401,0,0,0,0,0,0,906810,10469540,0,4624520,202211.0
49,A13405002,0,0,0,0,0,0,6591010,17643730,1440,9606190,202211.0
50,A13405201,0,0,0,0,0,0,35770340,95987730,0,49856540,202211.0
51,A13471501,0,0,0,0,0,0,5099370,14369500,-184,8574304,202211.0
52,A13405003,0,0,256180,0,0,0,19615286,72620410,-370,31266180,202211.0
53,A13485302,-6894150,6792820,0,0,0,0,65278595,155131670,541490,67960110,202211.0
54,A13485301,0,0,0,0,0,0,1595222,29364370,199090,11267180,202211.0
55,A10025174,0,0,0,0,0,0,11381702,20317410,221850,8175440,202211.0
56,A13484501,227920,0,0,0,0,0,2636650,9207540,0,0,202211.0
57,A13403001,0,0,0,0,0,0,9424590,0,3791320,0,202211.0
58,A13484102,0,0,0,0,0,0,13241590,0,4951360,0,202211.0
59,A13403002,0,0,1780,0,0,0,1648360,13176990,-480,6563560,202211.0
60,A13403101,-375070,90256700,0,0,0,38262000,10670250,50245430,-1053210,24560880,202211.0
61,A13484201,0,0,0,0,0,0,12116500,0,4596470,0,202211.0
62,A13484003,0,0,0,0,0,0,2465660,8455190,0,4797480,202211.0
63,A10027354,0,0,0,0,0,0,6313049,21602880,277720,8649060,202211.0
64,A13402103,0,0,186900,0,0,0,3789050,15602520,338800,0,202211.0
65,A13402304,0,0,15900,0,0,0,1120920,4060000,60310,2305860,202211.0
66,A13402002,0,0,0,0,0,0,5227780,15141150,500,14633360,202211.0
67,A13486703,0,0,0,0,0,0,1366430,0,0,0,202211.0
68,A13486102,0,0,0,0,0,0,817820,0,80600,0,202211.0
69,A13486504,0,0,0,0,0,0,3910200,21760250,187560,9762730,202211.0
70,A13486401,0,0,0,0,0,0,330470,4092380,63550,2358800,202211.0
71,A13402202,0,0,0,0,0,0,2345876,6744900,0,2925760,202211.0
72,A13486705,0,0,0,0,0,0,759714,9418450,1450850,7344800,202211.0
73,A13486601,0,0,0,0,0,0,708450,7506400,0,0,202211.0
74,A13402305,0,0,701570,0,0,0,5039220,13611080,0,0,202211.0
75,A13402204,0,0,0,0,0,0,2734843,10546090,241880,9228980,202211.0
76,A13486701,0,0,0,0,0,0,1889025,5315470,123670,0,202211.0
77,A13472201,0,0,0,0,0,0,1368860,4256290,0,0,202211.0
78,A10026195,,,,,,,,,,,202211.0
79,A10026852,0,0,7629730,0,0,0,79786170,54149730,19699250,17310320,202211.0
80,A10023670,1355570,0,0,0,2388740,0,6409450,0,0,0,202211.0
81,A10023695,1847050,4254500,0,0,0,3879000,4633790,7583790,222910,2338530,202211.0
82,A10024134,,,,,,,,,,,202211.0
83,A13410012,2794610,22728200,0,0,0,10458000,3911950,27409740,280410,12549720,202211.0
84,A13410005,3218890,24699400,0,1267570,17531250,17484500,2908340,23876200,417190,12285760,202211.0
85,A13410002,3261530,13479000,0,0,0,9348000,4508981,14019950,379190,7204020,202211.0
86,A13410008,18015810,16897220,0,0,1774500,17249700,5990557,28973000,1307730,13731790,202211.0
87,A13410001,1252000,13518480,0,0,0,5551000,1297841,12066180,0,5041020,202211.0
88,A13410011,2672400,20140800,0,0,0,14700000,0,28259630,0,12030070,202211.0
89,A13410003,2182870,21007200,0,0,0,8322550,1222534,19407460,0,9664700,202211.0
90,A13410007,3810710,31397050,0,0,0,18683000,3294010,34000750,1120790,14836080,202211.0
91,A13410006,6779730,23566200,0,0,0,13793500,8344172,23601060,106090,14330310,202211.0
92,A13410004,4081310,16248750,0,0,0,9261000,4968838,16331690,0,8051570,202211.0
93,A13410010,14464220,11018950,0,0,829500,9611000,4278021,22009450,1160180,9947470,202211.0
94,A13410009,16239070,20980000,0,0,-13772500,13772500,3485390,27230020,861710,11469090,202211.0
95,A10027638,4812470,0,0,0,2361600,0,4639390,0,2033110,0,202211.0
96,A10024410,2669870,3458660,0,0,0,6552000,2338110,5797740,-807030,4421700,202211.0
97,A10024422,9672880,15083400,0,0,0,18424000,8480240,31166410,204320,16055210,202211.0
98,A10024487,,,,,,,,,,,202211.0
99,A10024468,29471570,16238570,-26850,0,-27599670,27448200,1096730,33390940,-1413430,16515990,202211.0
100,A10024440,3143377,10882030,0,0,5544963,20520200,8742066,21011403,318460,11891830,202211.0
101,A10024421,3870100,13110290,0,0,15600,19815900,6424819,24805140,311400,11800140,202211.0
