,kaptCode,heatC,heatP,gasC,gasP,waterHotC,waterHotP,electC,electP,waterCoolC,waterCoolP,Date
0,A13407204,3101860.0,0.0,0.0,0.0,0.0,7348000.0,7751069.0,48289730.0,-514560.0,13649970.0,202208.0
1,A13407104,53233640.0,0.0,0.0,0.0,-36741850.0,36741850.0,1524471.0,117119640.0,2726810.0,0.0,202208.0
2,A13478601,3874320.0,1704710.0,0.0,0.0,5812700.0,5812700.0,7146738.0,46377440.0,3482220.0,8148160.0,202208.0
3,A13407002,0.0,0.0,0.0,0.0,0.0,0.0,6865749.0,44724050.0,799500.0,0.0,202208.0
4,A13482706,10628670.0,10851000.0,0.0,0.0,10215700.0,0.0,79008710.0,0.0,27184130.0,0.0,202208.0
5,A13482801,0.0,0.0,0.0,0.0,0.0,0.0,11010350.0,0.0,185920.0,0.0,202208.0
6,A13407201,0.0,0.0,0.0,0.0,0.0,0.0,0.0,8365380.0,0.0,3004870.0,202208.0
7,A13407202,0.0,0.0,0.0,0.0,0.0,0.0,6536020.0,17252530.0,320250.0,6907780.0,202208.0
8,A13482603,0.0,0.0,9434970.0,0.0,0.0,0.0,9233570.0,31741660.0,3096150.0,10361580.0,202208.0
9,A13482505,6469550.0,506680.0,0.0,0.0,-9710200.0,9710200.0,7461032.0,50438480.0,945400.0,12653200.0,202208.0
10,A10025415,0.0,0.0,0.0,0.0,0.0,0.0,188822297.0,0.0,33547240.0,0.0,202208.0
11,A10026002,,,,,,,,,,,202208.0
12,A13483002,0.0,0.0,0.0,0.0,0.0,0.0,4745780.0,39760510.0,26630.0,0.0,202208.0
13,A13480401,0.0,0.0,0.0,0.0,0.0,0.0,24412866.0,0.0,9461250.0,0.0,202208.0
14,A13408003,6379120.0,0.0,0.0,0.0,0.0,15555000.0,25869199.0,124937138.0,0.0,25246120.0,202208.0
15,A13480402,,,,,,,,,,,202208.0
16,A13480403,0.0,0.0,0.0,0.0,0.0,0.0,54702184.0,0.0,18418570.0,0.0,202208.0
17,A10027207,22909926.0,0.0,0.0,0.0,0.0,45200640.0,79946041.0,317975747.0,3684100.0,63292710.0,202208.0
18,A10025263,27355420.0,0.0,0.0,22971980.0,0.0,62737470.0,148731875.0,459764450.0,-3402120.0,95342830.0,202208.0
19,A13483803,0.0,0.0,14790.0,0.0,0.0,0.0,-260578.0,20500820.0,314810.0,8480010.0,202208.0
20,A13472701,10864390.0,1083750.0,0.0,0.0,0.0,19978000.0,9885034.0,175000864.0,0.0,48660850.0,202208.0
21,A13409001,0.0,0.0,1140.0,0.0,0.0,0.0,1095610.0,8532190.0,172020.0,3773350.0,202208.0
22,A10026403,11433110.0,0.0,0.0,0.0,-7429000.0,7408600.0,12907020.0,49025120.0,421530.0,13558650.0,202208.0
23,A10025112,15798460.0,220350.0,0.0,0.0,0.0,15012100.0,50794051.0,153648638.0,4939980.0,30745590.0,202208.0
24,A10025104,9039800.0,186000.0,0.0,0.0,0.0,19955100.0,30190460.0,141761140.0,732690.0,31609540.0,202208.0
25,A10023855,193210.0,191730.0,0.0,0.0,0.0,6076200.0,9465750.0,26282890.0,1521090.0,7272140.0,202208.0
26,A10024420,1312040.0,3839550.0,0.0,0.0,0.0,0.0,1408720.0,10714420.0,234350.0,3464010.0,202208.0
27,A10024473,9965700.0,0.0,0.0,3856550.0,0.0,13345500.0,37842121.0,130512140.0,670020.0,33819740.0,202208.0
28,A10025010,21845210.0,0.0,0.0,0.0,0.0,31134000.0,88629329.0,409050890.0,-2683660.0,75743210.0,202208.0
29,A10024412,50230.0,0.0,0.0,0.0,6044770.0,0.0,26955740.0,0.0,9003120.0,0.0,202208.0
30,A13481305,0.0,0.0,7960.0,0.0,0.0,0.0,3137627.0,40412730.0,0.0,0.0,202208.0
31,A13480803,0.0,0.0,0.0,0.0,0.0,0.0,2475296.0,14847780.0,52400.0,5708200.0,202208.0
32,A13488104,0.0,0.0,0.0,0.0,0.0,0.0,11465940.0,37977520.0,119920.0,13885230.0,202208.0
33,A13470103,,,,,,,,,,,202208.0
34,A13470101,0.0,0.0,66960.0,0.0,0.0,0.0,2549149.0,60956970.0,1565050.0,0.0,202208.0
35,A13481001,0.0,0.0,0.0,0.0,0.0,0.0,1440946.0,7761150.0,285470.0,3266040.0,202208.0
36,A10024972,,,,,,,,,,,202208.0
37,A10024932,0.0,0.0,0.0,3990820.0,0.0,0.0,3618940.0,33130260.0,0.0,12765930.0,202208.0
38,A13470503,0.0,0.0,0.0,0.0,0.0,0.0,3323640.0,59727140.0,0.0,19375750.0,202208.0
39,A13406204,0.0,0.0,0.0,0.0,0.0,0.0,3927425.0,23751275.0,196230.0,7778690.0,202208.0
40,A13406003,0.0,0.0,7190.0,0.0,0.0,0.0,2248170.0,0.0,243070.0,0.0,202208.0
41,A13406002,0.0,0.0,0.0,0.0,0.0,0.0,540781.0,8917050.0,0.0,3121350.0,202208.0
42,A13470502,0.0,0.0,0.0,0.0,0.0,0.0,2464050.0,18294610.0,0.0,6534340.0,202208.0
43,A13406005,0.0,0.0,0.0,0.0,0.0,0.0,26159536.0,0.0,7959470.0,0.0,202208.0
44,A13406205,3300.0,0.0,0.0,0.0,0.0,0.0,-1880925.0,26543860.0,143780.0,0.0,202208.0
45,A13481802,0.0,0.0,1100.0,0.0,0.0,0.0,0.0,15090940.0,48180.0,0.0,202208.0
46,A13406201,0.0,0.0,0.0,0.0,0.0,0.0,52800.0,11881800.0,0.0,3855780.0,202208.0
47,A13470504,0.0,0.0,0.0,0.0,0.0,0.0,316330.0,7997550.0,150120.0,2939810.0,202208.0
48,A13485401,0.0,0.0,0.0,0.0,0.0,0.0,389350.0,16235300.0,0.0,4816080.0,202208.0
49,A13405002,0.0,0.0,0.0,0.0,0.0,0.0,3210340.0,24185260.0,-80.0,9577350.0,202208.0
50,A13405201,0.0,0.0,0.0,0.0,0.0,0.0,22899294.0,129640360.0,8072520.0,54471170.0,202208.0
51,A13471501,0.0,0.0,0.0,0.0,0.0,0.0,3876932.0,19242330.0,0.0,9142722.0,202208.0
52,A13405003,0.0,0.0,28880.0,0.0,0.0,0.0,33658932.0,92142480.0,900.0,34877220.0,202208.0
53,A13485302,-6759930.0,6669040.0,0.0,0.0,0.0,0.0,68625752.0,236397370.0,1355530.0,71888350.0,202208.0
54,A13485301,0.0,0.0,0.0,0.0,0.0,0.0,1581008.0,41766010.0,544460.0,12344930.0,202208.0
55,A10025174,0.0,0.0,0.0,0.0,0.0,0.0,13386360.0,35799380.0,221240.0,8849700.0,202208.0
56,A13484501,11380.0,0.0,0.0,0.0,0.0,0.0,2587790.0,14269230.0,110050.0,7378980.0,202208.0
57,A13403001,0.0,0.0,0.0,0.0,0.0,0.0,15352950.0,0.0,3712110.0,0.0,202208.0
58,A13484102,0.0,0.0,0.0,0.0,0.0,0.0,16010988.0,11854989.0,4807950.0,4646250.0,202208.0
59,A13403002,0.0,0.0,1780.0,0.0,0.0,0.0,-561030.0,21129260.0,-670.0,6811520.0,202208.0
60,A13403101,-6412950.0,6412950.0,0.0,0.0,0.0,18510400.0,16423110.0,80634660.0,0.0,25669950.0,202208.0
61,A13484201,0.0,0.0,0.0,0.0,0.0,0.0,2588110.0,0.0,0.0,0.0,202208.0
62,A13484003,0.0,0.0,0.0,0.0,0.0,0.0,962700.0,13336620.0,380.0,5043140.0,202208.0
63,A10027354,0.0,0.0,0.0,0.0,0.0,0.0,7836373.0,31371520.0,73730.0,9294760.0,202208.0
64,A13402103,0.0,0.0,3270.0,0.0,0.0,0.0,2086150.0,22521810.0,337490.0,0.0,202208.0
65,A13402304,0.0,0.0,1100.0,0.0,0.0,0.0,225660.0,4842910.0,0.0,2319800.0,202208.0
66,A13402002,0.0,0.0,0.0,0.0,0.0,0.0,7518660.0,22468620.0,0.0,0.0,202208.0
67,A13486703,0.0,0.0,0.0,0.0,0.0,0.0,1633160.0,0.0,0.0,0.0,202208.0
68,A13486102,0.0,0.0,0.0,0.0,0.0,0.0,809420.0,0.0,82740.0,0.0,202208.0
69,A13486504,0.0,0.0,0.0,0.0,0.0,0.0,830303.0,27801020.0,-601680.0,11048710.0,202208.0
70,A13486401,0.0,0.0,0.0,0.0,0.0,0.0,654220.0,4947290.0,96100.0,2272670.0,202208.0
71,A13402202,0.0,0.0,0.0,0.0,0.0,0.0,2906402.0,11011340.0,-10.0,3408100.0,202208.0
72,A13486705,0.0,0.0,0.0,0.0,0.0,0.0,-1002232.0,11520270.0,0.0,0.0,202208.0
73,A13486601,0.0,0.0,0.0,0.0,0.0,0.0,36230.0,9787200.0,0.0,0.0,202208.0
74,A13402305,0.0,0.0,620770.0,0.0,0.0,0.0,3232780.0,19896190.0,0.0,0.0,202208.0
75,A13402204,0.0,0.0,0.0,0.0,0.0,0.0,3891072.0,18878780.0,0.0,0.0,202208.0
76,A13486701,0.0,0.0,0.0,0.0,0.0,0.0,515206.0,6407780.0,0.0,0.0,202208.0
77,A13472201,0.0,0.0,0.0,0.0,0.0,0.0,127080.0,5744730.0,0.0,0.0,202208.0
78,A10026195,,,,,,,,,,,202208.0
79,A10026852,0.0,0.0,3095490.0,0.0,0.0,0.0,126570940.0,86344220.0,22928890.0,17872160.0,202208.0
80,A10023670,0.0,0.0,0.0,0.0,1513750.0,0.0,7246580.0,0.0,0.0,0.0,202208.0
81,A10023695,1376870.0,0.0,0.0,0.0,-394240.0,394240.0,-1190.0,3075390.0,0.0,0.0,202208.0
82,A10024134,,,,,,,,,,,202208.0
83,A13410012,2635780.0,0.0,0.0,0.0,0.0,6216000.0,1181080.0,54836490.0,117650.0,13392270.0,202208.0
84,A13410005,3107230.0,0.0,0.0,1206450.0,7164960.0,7142880.0,0.0,38655260.0,935600.0,13227500.0,202208.0
85,A13410002,2196930.0,0.0,0.0,0.0,0.0,3128400.0,2739104.0,20347090.0,543520.0,7521330.0,202208.0
86,A13410008,1052190.0,3153220.0,0.0,0.0,0.0,6581150.0,3213689.0,40756810.0,1323440.0,14656080.0,202208.0
87,A13410001,1252000.0,0.0,0.0,0.0,0.0,3538500.0,756796.0,17709480.0,0.0,5450740.0,202208.0
88,A13410011,2767370.0,0.0,0.0,0.0,0.0,7143000.0,0.0,42874900.0,0.0,13632760.0,202208.0
89,A13410003,2182870.0,0.0,0.0,0.0,0.0,4722830.0,556540.0,30467570.0,284770.0,9887250.0,202208.0
90,A13410007,3637010.0,0.0,0.0,0.0,0.0,7829510.0,874240.0,52887580.0,651020.0,15063510.0,202208.0
91,A13410006,4189980.0,479700.0,0.0,0.0,0.0,6436800.0,10085046.0,37406500.0,230080.0,15415340.0,202208.0
92,A13410004,2463020.0,0.0,0.0,0.0,0.0,3854400.0,2361902.0,24409620.0,0.0,8652020.0,202208.0
93,A13410010,2433980.0,0.0,0.0,0.0,0.0,4711200.0,1097700.0,31108557.0,2472490.0,8509010.0,202208.0
94,A13410009,11178070.0,0.0,0.0,0.0,-8711500.0,8655500.0,2252780.0,39016820.0,894880.0,12484550.0,202208.0
95,A10027638,631182.0,0.0,927570.0,0.0,1766400.0,0.0,6175340.0,0.0,2281970.0,0.0,202208.0
96,A10024410,1599550.0,0.0,0.0,0.0,0.0,2053800.0,1671610.0,9893580.0,-747350.0,4655150.0,202208.0
97,A10024422,5187420.0,0.0,0.0,0.0,0.0,11928000.0,10528035.0,48213170.0,-436690.0,18079920.0,202208.0
98,A10024487,,,,,,,,,,,202208.0
99,A10024468,14769200.0,600090.0,-125620.0,0.0,-10696140.0,10639980.0,-4970110.0,57647900.0,-1866490.0,17647960.0,202208.0
100,A10024440,3211960.0,0.0,0.0,0.0,0.0,8434360.0,6355530.0,31129620.0,477710.0,12482990.0,202208.0
101,A10024421,3640260.0,0.0,0.0,0.0,0.0,6104700.0,2774599.0,37068060.0,322580.0,13267950.0,202208.0
