,kaptCode,heatC,heatP,gasC,gasP,waterHotC,waterHotP,electC,electP,waterCoolC,waterCoolP,Date
0,A13407204,140776230,0,0,0,0,13740000,12921614,30037710,-929100,12098690,202212.0
1,A13407104,170892316,0,0,0,-147154600,147154600,49127727,91985530,1396270,0,202212.0
2,A13478601,1077020,140741250,0,0,-11976900,11976900,12249461,29379280,4542320,5322510,202212.0
3,A13407002,0,0,0,0,0,0,7773545,31534940,152600,0,202212.0
4,A13482706,276384850,277245600,0,0,20782900,0,65771250,0,25004260,0,202212.0
5,A13482801,0,0,0,0,0,0,9342490,0,609280,0,202212.0
6,A13407201,0,0,0,0,0,0,1910000,8455860,0,3050440,202212.0
7,A13407202,0,0,0,0,0,0,5120920,11155600,94550,6021250,202212.0
8,A13482603,0,0,120656710,0,0,0,20618570,25800740,5041480,7736660,202212.0
9,A13482505,7597510,180499520,0,0,-13987200,13987200,14456939,28761480,272400,12220610,202212.0
10,A10025415,0,0,0,0,0,0,138645366,96790760,25033210,34536040,202212.0
11,A10026002,,,,,,,,,,,202212.0
12,A13483002,0,0,0,0,0,0,11401140,28554700,167850,0,202212.0
13,A13480401,0,0,0,0,0,0,19784657,0,8917830,0,202212.0
14,A13408003,6990290,150082460,0,0,0,73950900,30908135,67279030,0,24141660,202212.0
15,A13480402,,,,,,,,,,,202212.0
16,A13480403,0,0,0,0,0,0,40353595,0,16315020,0,202212.0
17,A10027207,76041811,275471200,0,0,0,143157850,69203749,187232390,1723350,57642700,202212.0
18,A10025263,72819240,380889000,0,28864780,0,183327980,123018759,254479800,-2535660,89935300,202212.0
19,A13483803,0,0,222160,0,0,0,2944982,14230590,155510,8037350,202212.0
20,A13472701,22289340,255640740,0,0,0,54578700,18984060,97112790,0,40291040,202212.0
21,A13409001,0,0,363560,0,0,0,2211890,6232780,16560,3544530,202212.0
22,A10026403,9708110,57827100,0,0,0,26168750,16226368,30732560,379940,12208130,202212.0
23,A10025112,21120730,131467560,0,0,0,64108800,43916131,99614110,221830,32037650,202212.0
24,A10025104,10762790,140460850,0,0,0,54676800,30667706,100594130,728800,30227850,202212.0
25,A10023855,7513780,30443640,0,0,0,16624400,5571050,14759190,0,8258540,202212.0
26,A10024420,2992947,23328980,0,0,0,0,5260960,6372620,66540,3541520,202212.0
27,A10024473,10933390,148806510,0,4540760,-83300,53928000,37978863,93266290,279730,33277250,202212.0
28,A10025010,21764130,241552900,0,0,0,136934400,77794679,228128230,1481380,70997030,202212.0
29,A10024412,34802660,32852750,0,0,22129920,22839840,16292620,19932660,8448330,8946940,202212.0
30,A13481305,0,0,549020,0,0,0,8680154,28878800,0,0,202212.0
31,A13480803,0,0,0,0,0,0,3240103,10266970,80910,5080830,202212.0
32,A13488104,0,0,0,0,0,0,23260560,33306460,118860,11168530,202212.0
33,A13470103,,,,,,,,,,,202212.0
34,A13470101,0,0,839030,0,0,0,2553137,42818640,1210100,0,202212.0
35,A13481001,0,0,0,0,0,0,2177430,5579410,50860,3060620,202212.0
36,A10024972,,,,,,,,,,,202212.0
37,A10024932,0,0,29521110,0,0,0,7405580,0,0,0,202212.0
38,A13470503,0,0,0,0,0,0,9032070,47570350,0,18289570,202212.0
39,A13406204,0,0,0,0,0,0,5016870,15618190,277430,6949470,202212.0
40,A13406003,0,0,140320,0,0,0,3071900,0,168630,0,202212.0
41,A13406002,0,0,0,0,0,0,804899,7182490,0,2991750,202212.0
42,A13470502,0,0,0,0,0,0,5553670,14107900,0,5925340,202212.0
43,A13406005,0,0,-641220,641220,0,0,3187734,17705270,31860,6788160,202212.0
44,A13406205,587980,0,0,0,0,0,2382758,22314090,286850,0,202212.0
45,A13481802,0,0,191810,0,0,0,0,12563900,171030,0,202212.0
46,A13406201,0,0,0,0,0,0,1275000,8075480,0,3367250,202212.0
47,A13470504,0,0,0,0,0,0,1518170,5933930,139150,2846790,202212.0
48,A13485401,0,0,0,0,0,0,834530,10898240,0,4369850,202212.0
49,A13405002,0,0,0,0,0,0,8324160,21146570,160,9350760,202212.0
50,A13405201,0,0,0,0,0,0,51901980,103448890,1948360,49034890,202212.0
51,A13471501,0,0,0,0,0,0,5200835,17840450,-217,7787047,202212.0
52,A13405003,0,0,489260,0,0,0,34899369,84111970,810,30124860,202212.0
53,A13485302,-6111580,6030630,0,0,0,0,86075143,177942250,488890,63950050,202212.0
54,A13485301,0,0,0,0,0,0,1620746,29052380,764330,12069190,202212.0
55,A10025174,0,0,0,0,0,0,12706286,21190610,181600,8308240,202212.0
56,A13484501,382800,0,0,0,0,0,3236700,10098950,140770,7187400,202212.0
57,A13403001,0,0,0,0,0,0,9826560,0,3347730,0,202212.0
58,A13484102,0,0,0,0,0,0,12817990,0,4866120,0,202212.0
59,A13403002,0,0,1780,0,0,0,2253310,14338530,-430,6154520,202212.0
60,A13403101,-1259720,235337450,0,0,0,37602000,14814350,53113850,0,21129750,202212.0
61,A13484201,0,0,0,0,0,0,3235650,9627090,250570,4259980,202212.0
62,A13484003,0,0,0,0,0,0,2349210,9591430,2100,4683330,202212.0
63,A10027354,0,0,0,0,0,0,12303367,25228280,214140,8166650,202212.0
64,A13402103,0,0,116120,0,0,0,6610420,15313970,435060,0,202212.0
65,A13402304,0,0,35530,0,0,0,1676000,3955310,0,2307010,202212.0
66,A13402002,0,0,0,0,0,0,6064973,16102770,0,0,202212.0
67,A13486703,0,0,0,0,0,0,1818210,0,0,0,202212.0
68,A13486102,0,0,0,0,0,0,815900,0,82380,0,202212.0
69,A13486504,0,0,0,0,0,0,4083690,26033050,-348180,9194590,202212.0
70,A13486401,0,0,0,0,0,0,631860,4221950,80600,2368390,202212.0
71,A13402202,0,0,22020,0,0,0,2105953,7368910,0,2865470,202212.0
72,A13486705,0,0,0,0,0,0,849935,10893080,0,0,202212.0
73,A13486601,0,0,0,0,0,0,1018810,7793300,0,0,202212.0
74,A13402305,0,0,614550,0,0,0,6451040,13852480,0,0,202212.0
75,A13402204,0,0,0,0,0,0,3875780,11410710,0,0,202212.0
76,A13486701,0,0,0,0,0,0,3321408,7091030,0,0,202212.0
77,A13472201,0,0,0,0,0,0,1490640,4362250,0,0,202212.0
78,A10026195,,,,,,,,,,,202212.0
79,A10026852,0,0,10762760,0,0,0,45195770,63612980,4355420,16278970,202212.0
80,A10023670,3201360,0,0,0,3453220,0,6624500,0,0,0,202212.0
81,A10023695,1912180,14745800,0,0,0,5206500,5416590,7897010,761540,2606470,202212.0
82,A10024134,,,,,,,,,,,202212.0
83,A13410012,3093370,66062100,0,0,0,12822200,5058000,28371250,102160,11971760,202212.0
84,A13410005,3058850,79627350,0,1029850,269960,22814910,5644190,27144150,1770050,12192430,202212.0
85,A13410002,3375170,42415370,0,0,0,11453800,4946237,16290400,17760,7385190,202212.0
86,A13410008,3277870,88627000,0,0,0,27582100,10368227,30645270,1386700,12979340,202212.0
87,A13410001,1252000,35699000,0,0,0,6545000,1787634,13882180,0,5149070,202212.0
88,A13410011,2672400,63405000,0,0,1207140,18517800,2821960,28912220,0,12217130,202212.0
89,A13410003,2182870,58403220,0,0,0,10512000,1567051,22174810,273270,9346160,202212.0
90,A13410007,3848170,91096650,0,0,0,25420000,3409590,38320520,857810,14834910,202212.0
91,A13410006,11922295,68582880,0,0,0,18356910,9491408,26311340,57700,14219300,202212.0
92,A13410004,6319020,49124920,0,0,0,13635000,6541310,18566190,0,8483790,202212.0
93,A13410010,2449660,59878080,0,0,0,19965020,6235944,24851660,808310,9366760,202212.0
94,A13410009,20550870,60984680,0,0,-18084300,18084300,3383620,31785270,864060,11458740,202212.0
95,A10027638,11703600,0,974230,0,2755200,0,4988800,0,2105860,0,202212.0
96,A10024410,2637866,10764970,0,0,0,10076000,3024260,6002440,-681780,4137490,202212.0
97,A10024422,10300500,45731870,0,0,0,24823500,12819455,35047920,457530,16943330,202212.0
98,A10024487,,,,,,,,,,,202212.0
99,A10024468,34632640,54059230,-107920,0,-39496100,39270000,3204450,33312570,-1373300,17074070,202212.0
100,A10024440,7045758,41239490,0,0,3230052,24593100,10900294,23470200,270810,12024830,202212.0
101,A10024421,3585910,44619390,0,0,29400,28434700,11297380,28236990,335170,12061370,202212.0
