,kaptCode,heatC,heatP,gasC,gasP,waterHotC,waterHotP,electC,electP,waterCoolC,waterCoolP,Date
0,A13407204,5203260.0,0.0,0.0,0.0,0.0,5172000.0,7878049.0,39957167.0,1423110.0,11285230.0,202207.0
1,A13407104,42043375.0,0.0,0.0,0.0,-36741850.0,36741850.0,5437466.0,117119640.0,2095360.0,0.0,202207.0
2,A13478601,4437550.0,4536300.0,0.0,0.0,6734000.0,0.0,8237476.0,38303589.0,2635130.0,7518080.0,202207.0
3,A13407002,0.0,0.0,0.0,0.0,0.0,0.0,3888198.0,38344040.0,0.0,0.0,202207.0
4,A13482706,9697600.0,9914400.0,0.0,0.0,10848400.0,0.0,72221310.0,0.0,24380760.0,0.0,202207.0
5,A13482801,0.0,0.0,0.0,0.0,0.0,0.0,9740380.0,0.0,0.0,0.0,202207.0
6,A13407201,0.0,0.0,0.0,0.0,0.0,0.0,238180.0,10039320.0,0.0,3112940.0,202207.0
7,A13407202,0.0,0.0,0.0,0.0,0.0,0.0,5180150.0,14594650.0,61000.0,6431970.0,202207.0
8,A13482603,0.0,0.0,10540660.0,3237750.0,0.0,0.0,10991900.0,32934840.0,3255530.0,8559910.0,202207.0
9,A13482505,7910930.0,2295280.0,0.0,0.0,-11641900.0,11641900.0,8758347.0,41331640.0,1893360.0,11086270.0,202207.0
10,A10025415,0.0,0.0,0.0,0.0,0.0,0.0,166108745.0,0.0,33959960.0,0.0,202207.0
11,A10026002,,,,,,,,,,,202207.0
12,A13483002,0.0,0.0,0.0,0.0,0.0,0.0,5740880.0,34463460.0,235820.0,0.0,202207.0
13,A13480401,0.0,0.0,0.0,0.0,0.0,0.0,18975558.0,0.0,9523940.0,0.0,202207.0
14,A13408003,6389350.0,0.0,0.0,0.0,0.0,15945670.0,25747748.0,100818750.0,0.0,25613960.0,202207.0
15,A13480402,,,,,,,,,,,202207.0
16,A13480403,0.0,0.0,0.0,0.0,0.0,0.0,39728229.0,0.0,17799030.0,0.0,202207.0
17,A10027207,23927051.0,0.0,0.0,0.0,0.0,45238340.0,29322930.0,201350893.0,4784260.0,66249160.0,202207.0
18,A10025263,27399460.0,23500.0,0.0,0.0,0.0,64528840.0,143800841.0,393489310.0,-1197430.0,92824980.0,202207.0
19,A13483803,0.0,0.0,46660.0,0.0,0.0,0.0,591373.0,17292300.0,232850.0,8483170.0,202207.0
20,A13472701,13642860.0,1038800.0,0.0,0.0,0.0,31109400.0,5656329.0,145629556.0,0.0,39151300.0,202207.0
21,A13409001,0.0,0.0,12610.0,0.0,0.0,0.0,1203670.0,7410880.0,193200.0,3588150.0,202207.0
22,A10026403,4028930.0,0.0,0.0,0.0,0.0,7700120.0,11130100.0,41735170.0,338680.0,13125500.0,202207.0
23,A10025112,15725790.0,29250.0,0.0,9745520.0,0.0,13652000.0,57897940.0,167906431.0,2949340.0,30618050.0,202207.0
24,A10025104,9174460.0,325550.0,0.0,10536940.0,0.0,19926400.0,26189650.0,155467450.0,677220.0,30874270.0,202207.0
25,A10023855,127020.0,177030.0,0.0,0.0,0.0,6437000.0,9474373.0,20901680.0,0.0,6607610.0,202207.0
26,A10024420,1416470.0,3423750.0,0.0,0.0,0.0,0.0,1173860.0,11153800.0,2940.0,3502220.0,202207.0
27,A10024473,9855520.0,0.0,0.0,0.0,0.0,18092700.0,35682150.0,142843940.0,546140.0,32632740.0,202207.0
28,A10025010,21845210.0,0.0,0.0,0.0,0.0,38701800.0,81992504.0,342688840.0,1597010.0,74401710.0,202207.0
29,A10024412,27890.0,0.0,0.0,0.0,6311250.0,0.0,26250440.0,0.0,8779790.0,0.0,202207.0
30,A13481305,0.0,0.0,8710.0,0.0,0.0,0.0,5270630.0,32648280.0,2197760.0,0.0,202207.0
31,A13480803,0.0,0.0,0.0,0.0,0.0,0.0,1732436.0,12324540.0,107830.0,5449600.0,202207.0
32,A13488104,0.0,0.0,0.0,0.0,0.0,0.0,11651330.0,44322580.0,119910.0,12178730.0,202207.0
33,A13470103,,,,,,,,,,,202207.0
34,A13470101,0.0,0.0,114410.0,0.0,0.0,0.0,2985521.0,49825510.0,1565050.0,0.0,202207.0
35,A13481001,0.0,0.0,0.0,0.0,0.0,0.0,853323.0,7348070.0,189360.0,3012680.0,202207.0
36,A10024972,,,,,,,,,,,202207.0
37,A10024932,0.0,0.0,0.0,2663950.0,0.0,0.0,3098030.0,27795100.0,0.0,0.0,202207.0
38,A13470503,0.0,0.0,0.0,0.0,0.0,0.0,1996840.0,65357810.0,0.0,19026720.0,202207.0
39,A13406204,0.0,0.0,0.0,0.0,0.0,0.0,4205350.0,20142210.0,54100.0,7522070.0,202207.0
40,A13406003,0.0,0.0,7390.0,0.0,0.0,0.0,2213990.0,0.0,243080.0,0.0,202207.0
41,A13406002,0.0,0.0,0.0,0.0,0.0,0.0,-64027.0,8402330.0,0.0,3303750.0,202207.0
42,A13470502,0.0,0.0,0.0,0.0,0.0,0.0,2699230.0,19470610.0,0.0,6167280.0,202207.0
43,A13406005,0.0,0.0,0.0,0.0,0.0,0.0,20821903.0,0.0,7124620.0,0.0,202207.0
44,A13406205,6670.0,0.0,0.0,0.0,0.0,0.0,-1882753.0,28339580.0,142290.0,0.0,202207.0
45,A13481802,0.0,0.0,4720.0,0.0,0.0,0.0,0.0,15490780.0,122850.0,0.0,202207.0
46,A13406201,0.0,0.0,0.0,0.0,0.0,0.0,52800.0,10248440.0,0.0,3647370.0,202207.0
47,A13470504,0.0,0.0,0.0,0.0,0.0,0.0,483160.0,7016160.0,119890.0,2793600.0,202207.0
48,A13485401,0.0,0.0,0.0,0.0,0.0,0.0,-6520.0,11717020.0,0.0,4688100.0,202207.0
49,A13405002,0.0,0.0,0.0,0.0,0.0,0.0,4230725.0,24809960.0,-710.0,10656180.0,202207.0
50,A13405201,0.0,0.0,0.0,0.0,0.0,0.0,47856604.0,159670310.0,0.0,55637260.0,202207.0
51,A13471501,0.0,0.0,0.0,0.0,0.0,0.0,3712442.0,20624400.0,0.0,8530466.0,202207.0
52,A13405003,0.0,0.0,0.0,0.0,0.0,0.0,27077113.0,107075980.0,-3790.0,34704040.0,202207.0
53,A13485302,-7345320.0,7266380.0,0.0,0.0,0.0,0.0,68433745.0,258926160.0,1087370.0,70789450.0,202207.0
54,A13485301,0.0,0.0,0.0,0.0,0.0,0.0,1376178.0,29031860.0,694790.0,12568960.0,202207.0
55,A10025174,0.0,0.0,0.0,0.0,0.0,0.0,12399414.0,29727040.0,208240.0,8534060.0,202207.0
56,A13484501,14500.0,0.0,0.0,0.0,0.0,0.0,3349830.0,11098990.0,0.0,0.0,202207.0
57,A13403001,0.0,0.0,0.0,0.0,0.0,0.0,13240480.0,0.0,3696260.0,0.0,202207.0
58,A13484102,0.0,0.0,0.0,0.0,0.0,0.0,16323740.0,0.0,4573740.0,0.0,202207.0
59,A13403002,0.0,0.0,1780.0,0.0,0.0,0.0,-148810.0,18839020.0,-110.0,6810960.0,202207.0
60,A13403101,0.0,0.0,0.0,0.0,0.0,16872800.0,2908030.0,67315400.0,-2377810.0,22933440.0,202207.0
61,A13484201,0.0,0.0,0.0,0.0,0.0,0.0,2410400.0,13957140.0,0.0,4590950.0,202207.0
62,A13484003,0.0,0.0,0.0,0.0,0.0,0.0,1721810.0,10863210.0,60.0,5172020.0,202207.0
63,A10027354,0.0,0.0,0.0,0.0,0.0,0.0,8139553.0,34612720.0,298840.0,8832460.0,202207.0
64,A13402103,0.0,0.0,3790.0,0.0,0.0,0.0,2253590.0,19039000.0,204740.0,0.0,202207.0
65,A13402304,0.0,0.0,1100.0,0.0,0.0,0.0,334550.0,4765220.0,0.0,2382680.0,202207.0
66,A13402002,0.0,0.0,0.0,0.0,0.0,0.0,5532330.0,17558750.0,40.0,14649910.0,202207.0
67,A13486703,0.0,0.0,0.0,0.0,0.0,0.0,1422150.0,0.0,0.0,0.0,202207.0
68,A13486102,0.0,0.0,0.0,0.0,0.0,0.0,819160.0,0.0,83830.0,0.0,202207.0
69,A13486504,0.0,0.0,0.0,0.0,0.0,0.0,155686.0,30473890.0,-323070.0,10436750.0,202207.0
70,A13486401,0.0,0.0,0.0,0.0,0.0,0.0,609170.0,4947290.0,63960.0,2272670.0,202207.0
71,A13402202,0.0,0.0,0.0,0.0,0.0,0.0,2563485.0,9452290.0,0.0,2928720.0,202207.0
72,A13486705,0.0,0.0,0.0,0.0,0.0,0.0,-1154313.0,13165000.0,708410.0,7518020.0,202207.0
73,A13486601,0.0,0.0,0.0,0.0,0.0,0.0,15070.0,9110690.0,0.0,0.0,202207.0
74,A13402305,0.0,0.0,680370.0,0.0,0.0,0.0,3597910.0,17301890.0,0.0,0.0,202207.0
75,A13402204,0.0,0.0,0.0,0.0,0.0,0.0,3759428.0,15980690.0,303520.0,9401010.0,202207.0
76,A13486701,0.0,0.0,0.0,0.0,0.0,0.0,575139.0,7479360.0,123670.0,0.0,202207.0
77,A13472201,0.0,0.0,0.0,0.0,0.0,0.0,731610.0,4706530.0,0.0,0.0,202207.0
78,A10026195,,,,,,,,,,,202207.0
79,A10026852,0.0,0.0,3828100.0,0.0,0.0,0.0,135961390.0,97528900.0,18572850.0,17523430.0,202207.0
80,A10023670,0.0,0.0,0.0,0.0,1452310.0,0.0,7034680.0,0.0,0.0,0.0,202207.0
81,A10023695,,,,,,,,,,,202207.0
82,A10024134,,,,,,,,,,,202207.0
83,A13410012,2747580.0,0.0,0.0,0.0,0.0,6734550.0,3638440.0,42089930.0,9270.0,13133640.0,202207.0
84,A13410005,3107850.0,0.0,0.0,1318690.0,7647780.0,7625540.0,0.0,41405130.0,300420.0,13784220.0,202207.0
85,A13410002,2224730.0,0.0,0.0,0.0,0.0,3372600.0,6246936.0,22912580.0,644120.0,7502770.0,202207.0
86,A13410008,0.0,3153220.0,0.0,0.0,1017210.0,7130200.0,3300001.0,43340540.0,1152420.0,14820840.0,202207.0
87,A13410001,1252000.0,0.0,0.0,0.0,0.0,2959600.0,658870.0,20143410.0,0.0,5576740.0,202207.0
88,A13410011,2672400.0,0.0,0.0,0.0,0.0,7143000.0,0.0,42874900.0,0.0,13632760.0,202207.0
89,A13410003,2182870.0,146700.0,0.0,0.0,0.0,4832250.0,739161.0,33890600.0,284170.0,9932770.0,202207.0
90,A13410007,3668830.0,471100.0,0.0,0.0,0.0,7928000.0,682520.0,59102590.0,504100.0,17217420.0,202207.0
91,A13410006,4152750.0,375300.0,0.0,0.0,0.0,6760590.0,8059145.0,41330740.0,28440.0,15225270.0,202207.0
92,A13410004,2456690.0,0.0,0.0,0.0,0.0,4041000.0,2089616.0,26991690.0,0.0,9579170.0,202207.0
93,A13410010,293560.0,2134000.0,0.0,0.0,-5831840.0,10901800.0,14661175.0,19869570.0,590720.0,10235660.0,202207.0
94,A13410009,11577070.0,0.0,0.0,0.0,-9110500.0,9047500.0,1768020.0,43402900.0,894520.0,12850210.0,202207.0
95,A10027638,647120.0,0.0,0.0,0.0,1817600.0,0.0,6491000.0,0.0,2332770.0,0.0,202207.0
96,A10024410,1582070.0,0.0,0.0,0.0,0.0,2228600.0,2456490.0,7626920.0,-635490.0,4579300.0,202207.0
97,A10024422,4427190.0,12920.0,0.0,0.0,0.0,11084850.0,9472402.0,53039620.0,-556670.0,18571310.0,202207.0
98,A10024487,,,,,,,,,,,202207.0
99,A10024468,4118550.0,531100.0,0.0,0.0,0.0,11273980.0,-736360.0,44289780.0,-1522540.0,17990360.0,202207.0
100,A10024440,3130313.0,0.0,0.0,0.0,154087.0,8834560.0,5447326.0,34184700.0,580730.0,12771460.0,202207.0
101,A10024421,3447740.0,0.0,0.0,0.0,0.0,6724000.0,6685350.0,40897996.0,413500.0,13265730.0,202207.0
