,kaptCode,heatC,heatP,gasC,gasP,waterHotC,waterHotP,electC,electP,waterCoolC,waterCoolP,Date
0,A13407204,4212430,0,0,0,0,9560000,7525413,25588197,820050,12093610,202206.0
1,A13407104,55414546,0,0,0,-48576313,48576313,-569130,79761880,2492470,0,202206.0
2,A13478601,5689120,3685100,0,0,8687600,0,7306055,24534800,4711830,6808770,202206.0
3,A13407002,0,0,0,0,0,0,5288166,26238330,0,0,202206.0
4,A13482706,14671350,18324000,0,0,18507400,0,52654290,0,26397220,0,202206.0
5,A13482801,0,0,0,0,0,0,7523870,0,185920,0,202206.0
6,A13407201,0,0,0,0,0,0,126430,6543200,0,2966220,202206.0
7,A13407202,0,0,0,0,0,0,4031140,9429740,0,6489080,202206.0
8,A13482603,0,0,11688530,0,0,0,6875180,20911530,3981140,8742010,202206.0
9,A13482505,9359910,2868760,0,0,-12849800,12849800,8192544,26305290,2983060,10592040,202206.0
10,A10025415,0,0,0,0,0,0,106030273,0,31817240,0,202206.0
11,A10026002,,,,,,,,,,,202206.0
12,A13483002,0,0,0,0,0,0,7624840,24228160,235820,0,202206.0
13,A13480401,0,0,0,0,0,0,16657998,0,9118110,0,202206.0
14,A13408003,6354330,777750,0,0,0,17852120,24201208,63104550,0,24109690,202206.0
15,A13480402,,,,,,,,,,,202206.0
16,A13480403,0,0,0,0,0,0,33177968,0,17313730,0,202206.0
17,A10027207,24623454,12150,0,0,0,45902670,43300597,167193980,1614210,61740220,202206.0
18,A10025263,27674980,538500,0,23458210,0,66116370,107434002,254041170,-1518000,91247600,202206.0
19,A13483803,0,0,88840,0,0,0,-231698,11890890,318910,8104280,202206.0
20,A13472701,10970730,1858400,0,0,0,31419500,9310242,86352123,0,47073750,202206.0
21,A13409001,0,0,35090,0,0,0,1521370,5166680,368150,3589090,202206.0
22,A10026403,4116650,0,0,0,0,8202600,7583540,28395350,280520,13616810,202206.0
23,A10025112,15766710,147400,0,0,0,15994000,36067964,106139386,4103480,33818620,202206.0
24,A10025104,8921350,308100,0,0,0,22760200,24356050,101751350,1930270,30375280,202206.0
25,A10023855,340230,277320,0,0,0,6567600,3840125,9596200,1271740,5908370,202206.0
26,A10024420,1500220,3107280,0,0,0,0,1793328,6116040,3840,3334700,202206.0
27,A10024473,10079630,18850,0,3510220,0,19627500,27571901,95252670,1704200,34274520,202206.0
28,A10025010,21845210,350730,0,0,0,48406250,57966840,216241720,600500,78737240,202206.0
29,A10024412,2465670,0,0,0,6729200,0,23534870,0,8938570,0,202206.0
30,A13481305,0,0,22630,0,0,0,6362223,23409180,0,0,202206.0
31,A13480803,0,0,0,0,0,0,2020573,8466750,81530,5313290,202206.0
32,A13488104,0,0,0,0,0,0,11170550,31015070,119750,13428940,202206.0
33,A13470103,,,,,,,,,,,202206.0
34,A13470101,0,0,240090,0,0,0,2874896,33576490,1565050,0,202206.0
35,A13481001,0,0,0,0,0,0,1534942,4564580,227940,3152270,202206.0
36,A10024972,,,,,,,,,,,202206.0
37,A10024932,0,0,0,4152300,0,0,1020350,18703760,0,11828980,202206.0
38,A13470503,0,0,0,0,0,0,-749980,43740750,0,18634810,202206.0
39,A13406204,11090,0,0,0,0,0,3485230,13395210,0,7561300,202206.0
40,A13406003,0,0,12940,0,0,0,2011550,0,243600,0,202206.0
41,A13406002,0,0,0,0,0,0,1087476,5435350,0,3145810,202206.0
42,A13470502,0,0,0,0,0,0,2056640,12670610,342600,5774970,202206.0
43,A13406005,0,0,0,0,0,0,15878820,0,7574210,0,202206.0
44,A13406205,10160,0,0,0,0,0,1231489,18781400,142290,0,202206.0
45,A13481802,0,0,5350,0,0,0,0,10709910,122850,0,202206.0
46,A13406201,0,0,0,0,0,0,93050,7337060,0,3826350,202206.0
47,A13470504,0,0,0,0,0,0,1284410,4699270,189830,2954630,202206.0
48,A13485401,0,0,0,0,0,0,728310,9417070,0,4773500,202206.0
49,A13405002,0,0,0,0,0,0,5896875,17415620,910,10243860,202206.0
50,A13405201,0,0,0,0,0,0,37025280,82022100,2163520,53347120,202206.0
51,A13471501,0,0,0,0,0,0,4492162,14328250,0,8618165,202206.0
52,A13405003,0,0,43710,0,0,0,17822870,74816020,4690,33753980,202206.0
53,A13485302,-6638510,6519250,0,0,0,0,63281379,167388810,2083000,71151800,202206.0
54,A13485301,0,0,0,0,0,0,1228933,26005360,693900,11911870,202206.0
55,A10025174,0,0,0,0,0,0,5663330,18420250,19020,8301840,202206.0
56,A13484501,51720,0,0,0,0,0,1909260,8812240,111040,7865190,202206.0
57,A13403001,0,0,0,0,0,0,8976710,0,3601210,0,202206.0
58,A13484102,0,0,0,0,0,0,11716330,0,4465840,0,202206.0
59,A13403002,0,0,1780,0,0,0,1205230,12197090,-480,6774730,202206.0
60,A13403101,0,0,0,0,0,24002800,3007940,42460990,0,25075610,202206.0
61,A13484201,0,0,0,0,0,0,2610110,8654760,0,4665560,202206.0
62,A13484003,0,0,0,0,0,0,1123640,8794490,460,5122330,202206.0
63,A10027354,0,0,0,0,0,0,5063846,22735060,348250,9030160,202206.0
64,A13402103,0,0,1840,0,0,0,4108620,12768700,546590,0,202206.0
65,A13402304,0,0,1100,0,0,0,420240,3746480,0,2535880,202206.0
66,A13402002,0,0,0,0,0,0,3446050,15926260,0,0,202206.0
67,A13486703,0,0,0,0,0,0,1105100,0,0,0,202206.0
68,A13486102,0,0,0,0,0,0,829630,0,80930,0,202206.0
69,A13486504,0,0,0,0,0,0,1484104,22179730,-231130,10851150,202206.0
70,A13486401,0,0,0,0,0,0,435010,3255930,298020,2475250,202206.0
71,A13402202,0,0,0,0,0,0,2185328,5925890,-60,3082980,202206.0
72,A13486705,0,0,0,0,0,0,81449,9696820,0,0,202206.0
73,A13486601,0,0,0,0,0,0,340670,6565370,0,0,202206.0
74,A13402305,0,0,637950,0,0,0,3995670,11869880,0,0,202206.0
75,A13402204,0,0,0,0,0,0,2153350,10599410,0,0,202206.0
76,A13486701,0,0,0,0,0,0,664659,6056260,0,0,202206.0
77,A13472201,0,0,0,0,0,0,881140,3781990,0,0,202206.0
78,A10026195,,,,,,,,,,,202206.0
79,A10026852,0,0,2736000,0,0,0,84232120,59175470,19148640,17884900,202206.0
80,A10023670,0,0,0,0,1452310,0,4345530,0,3842520,0,202206.0
81,A10023695,,,,,,,,,,,202206.0
82,A10024134,,,,,,,,,,,202206.0
83,A13410012,2707330,0,0,0,0,7456800,1723530,26270340,237260,13301810,202206.0
84,A13410005,3104752,0,0,1193260,8578080,8554770,263210,24660570,654250,13086240,202206.0
85,A13410002,2023350,0,0,0,0,4076600,3033556,14617390,621670,7548360,202206.0
86,A13410008,933150,3153220,0,0,0,8261400,4257088,27858610,1397060,14179690,202206.0
87,A13410001,1252000,0,0,0,0,3257800,167440,12114900,0,5241420,202206.0
88,A13410011,2672400,1071000,0,0,0,11068800,0,23609100,0,12664410,202206.0
89,A13410003,2182870,406470,0,0,0,5765000,1169459,19370410,138860,9755510,202206.0
90,A13410007,3597070,0,0,0,0,9390720,98920,36273460,1118610,15464280,202206.0
91,A13410006,4002980,519350,0,0,0,7971200,5398648,24888100,244990,14588870,202206.0
92,A13410004,2476930,0,0,0,0,4668400,3074032,17243210,0,8941750,202206.0
93,A13410010,941830,2134000,0,0,-2505300,10901800,4969292,19869570,-71800,10235660,202206.0
94,A13410009,13316570,901600,0,0,-10850000,10850000,2241708,28193540,997200,11048900,202206.0
95,A10027638,647150,0,946580,0,1932000,0,3978920,0,2230840,0,202206.0
96,A10024410,1680350,47570,0,0,0,2677400,1157110,5080310,-631140,4573900,202206.0
97,A10024422,4343660,516240,0,0,0,12648000,8555740,33581020,-375360,17360150,202206.0
98,A10024487,,,,,,,,,,,202206.0
99,A10024468,4077330,704680,0,0,0,12814450,-446170,29691110,-1376630,17466890,202206.0
100,A10024440,3130313,4900,0,0,62747,9498850,6656549,22699000,448430,12086140,202206.0
101,A10024421,3707620,0,0,0,0,7396700,5164570,25561359,411800,12526070,202206.0
