,kaptCode,heatC,heatP,gasC,gasP,waterHotC,waterHotP,electC,electP,waterCoolC,waterCoolP,Date
0,A15380403,0,0,0,0,0,0,14170376,80435580,290400,29033760,202108.0
1,A15380101,0,0,0,0,0,0,1402850,7639340,0,4010820,202108.0
2,A10023956,,,,,,,,,,,202108.0
3,A15382301,0,0,0,0,0,0,1616960,14463870,0,0,202108.0
4,A15383601,0,0,0,0,0,0,826060,5712000,0,0,202108.0
5,A15381402,0,0,0,0,0,0,1249710,6210120,0,0,202108.0
6,A15301105,0,0,0,0,0,0,555260,44773190,0,10705000,202108.0
7,A15383308,0,0,0,0,0,6944000,740933,21787480,0,9497120,202108.0
8,A15375810,0,0,0,0,0,0,2063590,8310760,0,3863360,202108.0
9,A15370301,0,0,0,0,0,0,-587500,18424060,0,4839660,202108.0
10,A15375809,-197250,3779700,0,0,0,3279000,0,37014260,2577140,0,202108.0
11,A15381706,0,0,0,0,0,0,4438610,57221170,0,0,202108.0
12,A15383604,0,0,0,0,0,0,4247540,13733640,116840,4557800,202108.0
13,A15381303,0,0,0,0,0,0,12305694,0,0,0,202108.0
14,A15383307,5833280,0,0,0,-890,6100180,3251709,48462820,1192230,18555050,202108.0
15,A10027188,0,0,0,0,0,0,38894390,110263450,-230,36485520,202108.0
16,A10026024,,,,,,,,,,,202108.0
17,A10025946,0,0,0,0,0,0,43150330,98877290,28200,20063010,202108.0
18,A10025116,0,0,0,0,0,0,7608720,24278900,550990,6417570,202108.0
19,A10024302,0,0,0,0,0,0,18024460,43582450,448220,12142730,202108.0
20,A15383702,0,0,0,0,0,0,1888630,48330850,0,18751820,202108.0
21,A15386506,0,0,0,0,0,0,1324905,34251660,0,14574020,202108.0
22,A15303002,0,0,0,0,0,0,2915580,68466760,2191400,33711980,202108.0
23,A15386404,0,0,0,0,0,0,0,8801500,174690,0,202108.0
24,A15384501,0,0,0,0,0,0,18788150,0,5561620,0,202108.0
25,A15303401,0,0,0,0,0,0,2529424,11346556,-73710,3480590,202108.0
26,A15303203,0,0,0,0,0,0,1099200,30811560,0,15077460,202108.0
27,A15303103,0,0,0,0,0,0,1673290,10007790,44670,0,202108.0
28,A15303202,0,0,0,0,0,0,3561410,6737460,268460,4240180,202108.0
29,A15378501,0,0,0,0,0,0,16029080,0,0,0,202108.0
30,A15383905,0,958360,0,0,0,3549000,967210,18166060,0,8055410,202108.0
31,A15370103,0,0,3860,0,0,0,38253200,98789100,-2761420,39413730,202108.0
32,A15384101,0,0,0,0,0,0,79630,9003490,242480,0,202108.0
33,A15303205,58420,0,0,0,0,0,5031460,174463630,-2900,56187220,202108.0
34,A15303502,0,0,0,0,0,0,508574,15406170,0,0,202108.0
35,A15384603,0,0,0,0,0,0,-1845530,18817330,1160770,8901790,202108.0
36,A15303204,0,0,3780,0,0,0,617245,22699460,925140,10319070,202108.0
37,A15303003,,,,,,,,,,,202108.0
38,A15303102,0,0,0,0,0,0,194960,17597480,0,0,202108.0
39,A10026187,,,,,,,,,,,202108.0
40,A10025447,,,,,,,,,,,202108.0
41,A10026792,,,,,,,,,,,202108.0
