,kaptCode,heatC,heatP,gasC,gasP,waterHotC,waterHotP,electC,electP,waterCoolC,waterCoolP,Date
0,A15380403,0,0,0,0,0,0,9394017,46635740,-79560,28541840,202109.0
1,A15380101,0,0,0,0,0,0,1144340,5959090,199930,3879570,202109.0
2,A10023956,,,,,,,,,,,202109.0
3,A15382301,0,0,0,0,0,0,2210150,10892890,1100,12522800,202109.0
4,A15383601,0,0,0,0,0,0,801100,4801460,193200,0,202109.0
5,A15381402,0,0,0,0,0,0,1329380,5008690,254520,5727490,202109.0
6,A15301105,0,0,0,0,0,0,422850,36351350,0,10097990,202109.0
7,A15383308,0,0,0,0,0,8585500,1409262,11656360,0,9132280,202109.0
8,A15375810,0,0,0,0,0,0,1478490,6637690,0,4218300,202109.0
9,A15370301,0,0,0,0,0,0,-587500,10041710,0,4714800,202109.0
10,A15375809,-195770,4441350,0,0,0,4461000,0,20329940,1696380,0,202109.0
11,A15381706,0,0,0,0,0,0,4085170,38037240,0,0,202109.0
12,A15383604,0,0,0,0,0,0,1131320,8197880,113480,4660440,202109.0
13,A15381303,0,0,0,0,0,0,9043079,0,205440,0,202109.0
14,A15383307,5833280,0,0,0,-4540,8835140,6462008,33410920,1511950,17756710,202109.0
15,A10027188,0,0,0,0,0,0,38023030,78962020,-8120,36663890,202109.0
16,A10026024,,,,,,,,,,,202109.0
17,A10025946,0,0,0,0,0,0,29385300,51091940,136280,19839520,202109.0
18,A10025116,0,0,0,0,0,0,5292700,16665860,345460,6253460,202109.0
19,A10024302,-337790,337790,0,0,0,0,10925810,32058420,2148380,12512100,202109.0
20,A15383702,0,0,0,0,0,0,577660,28560670,0,19782100,202109.0
21,A15386506,0,0,0,0,0,0,3689488,20702040,0,14456180,202109.0
22,A15303002,0,0,0,0,0,0,12766134,53056330,2100780,32304850,202109.0
23,A15386404,0,0,0,0,0,0,220320,11412420,0,0,202109.0
24,A15384501,0,0,0,0,0,0,12099430,0,5352290,0,202109.0
25,A15303401,0,0,0,0,0,0,1192790,7785520,0,3566400,202109.0
26,A15303203,0,0,0,0,0,0,4974900,21987020,0,14627510,202109.0
27,A15303103,0,0,0,0,0,0,1518900,6146620,0,0,202109.0
28,A15303202,0,0,0,0,0,0,-1860260,9513230,829090,4450030,202109.0
29,A15378501,0,0,0,0,0,0,9349820,0,7747790,0,202109.0
30,A15383905,0,1760200,0,0,0,4861500,1479110,13078390,0,9233210,202109.0
31,A15370103,0,0,2440,0,0,0,28816260,72558210,-2184440,39326990,202109.0
32,A15384101,0,0,0,0,0,0,79060,6831050,0,0,202109.0
33,A15303205,113450,0,0,0,0,0,4556230,95315720,-2380,55116120,202109.0
34,A15303502,0,0,0,0,0,0,-1828096,10902880,0,8512240,202109.0
35,A15384603,0,0,0,0,0,0,1217310,14088020,0,8453340,202109.0
36,A15303204,0,0,4680,0,0,0,590090,15289560,568430,11354440,202109.0
37,A15303003,,,,,,,,,,,202109.0
38,A15303102,0,0,0,0,0,0,119170,9134610,0,8440860,202109.0
39,A10026187,,,,,,,,,,,202109.0
40,A10025447,,,,,,,,,,,202109.0
41,A10026792,,,,,,,,,,,202109.0
