,kaptCode,heatC,heatP,gasC,gasP,waterHotC,waterHotP,electC,electP,waterCoolC,waterCoolP,Date
0,A15380403,0,0,0,0,0,0,11898565,42731660,40540,26391820,202104.0
1,A15380101,0,0,0,0,0,0,2056230,5362120,0,3290300,202104.0
2,A10023956,,,,,,,,,,,202104.0
3,A15382301,0,0,0,0,0,0,2198550,9656590,0,0,202104.0
4,A15383601,0,0,33050,0,0,0,1216580,3682540,0,0,202104.0
5,A15381402,0,0,0,0,0,0,1589890,4264560,0,0,202104.0
6,A15301105,0,0,0,0,0,0,406250,23412860,0,9281830,202104.0
7,A15383308,0,6122750,0,0,0,15823500,1477733,13109180,0,7650600,202104.0
8,A15375810,0,0,0,0,0,0,1652610,5663250,0,3551110,202104.0
9,A15370301,0,0,0,0,0,0,-590000,8846490,0,4324250,202104.0
10,A15375809,-179850,21480750,0,0,0,8802000,82970,16112870,4663950,0,202104.0
11,A15381706,0,0,0,0,0,0,2525100,33463440,0,0,202104.0
12,A15383604,0,0,0,0,0,0,2676600,6688970,-584730,4527860,202104.0
13,A15381303,0,0,0,0,0,0,8197076,0,0,0,202104.0
14,A15383307,5833280,9638120,0,0,-2740,25510200,9894969,30091320,637990,17015690,202104.0
15,A10027188,0,0,0,0,0,0,20927900,66828710,3420,29886510,202104.0
16,A10026024,,,,,,,,,,,202104.0
17,A10025946,0,0,0,0,0,0,16980470,42397360,225370,18699000,202104.0
18,A10025116,0,0,0,0,0,0,5408650,13641510,520140,5903740,202104.0
19,A10024302,,,,,,,,,,,202104.0
20,A15383702,0,0,0,0,0,0,869870,30776550,0,17563450,202104.0
21,A15386506,0,0,0,0,0,0,5080395,18279740,0,13902670,202104.0
22,A15303002,0,0,0,0,0,0,9533720,56159090,1846520,30291580,202104.0
23,A15386404,0,0,0,0,0,0,429480,5883780,570900,0,202104.0
24,A15384501,2980,0,0,0,0,0,11820410,0,5184510,0,202104.0
25,A15303401,0,0,0,0,0,0,1713250,6458850,-71430,3291900,202104.0
26,A15303203,0,0,0,0,0,0,5925320,20551160,0,13221330,202104.0
27,A15303103,0,0,0,0,0,0,2444270,5901450,98000,0,202104.0
28,A15303202,0,0,0,0,0,0,1558650,5250540,-883750,4730550,202104.0
29,A15378501,0,0,4500,0,0,0,1772840,7099940,-6440540,6440540,202104.0
30,A15383905,0,15315120,0,0,0,8946000,3283900,11526920,0,7408240,202104.0
31,A15370103,0,0,2860,0,0,0,29883980,65333280,-2920780,38039970,202104.0
32,A15384101,0,0,0,0,0,0,694340,6283900,338380,0,202104.0
33,A15303205,581470,0,0,0,0,0,7797041,105061450,-510,51851930,202104.0
34,A15303502,0,0,0,0,0,0,413659,9310550,0,0,202104.0
35,A15384603,0,0,0,0,0,0,3204300,12380850,512530,7861390,202104.0
36,A15303204,0,0,2980,0,0,0,2731929,11742520,395830,8070440,202104.0
37,A15303003,,,,,,,,,,,202104.0
38,A15303102,0,0,0,0,0,0,1118100,8320310,0,0,202104.0
39,A10026187,,,,,,,,,,,202104.0
40,A10025447,,,,,,,,,,,202104.0
41,A10026792,,,,,,,,,,,202104.0
