,kaptCode,heatC,heatP,gasC,gasP,waterHotC,waterHotP,electC,electP,waterCoolC,waterCoolP,Date
0,A15380403,0,0,0,0,0,0,14070761,61724880,226080,27678080,202107.0
1,A15380101,0,0,0,0,0,0,2088300,10500180,128290,3727680,202107.0
2,A10023956,,,,,,,,,,,202107.0
3,A15382301,0,0,0,0,0,0,3305590,20025060,77010,8086270,202107.0
4,A15383601,0,0,0,0,0,0,1550420,8536590,193200,0,202107.0
5,A15381402,0,0,0,0,0,0,2083080,8807630,21200,5419660,202107.0
6,A15301105,0,0,0,0,0,0,433240,21830420,0,8959390,202107.0
7,A15383308,0,0,0,0,0,8666000,1316968,11491040,0,10175810,202107.0
8,A15375810,0,0,0,0,0,0,1969940,12834420,0,3863600,202107.0
9,A15370301,0,0,0,0,0,0,-585000,10077400,0,4852000,202107.0
10,A15375809,-194880,4553250,0,0,0,4554000,0,20710670,2577140,0,202107.0
11,A15381706,0,0,0,0,0,0,5439900,29827350,0,0,202107.0
12,A15383604,0,0,0,0,0,0,2129560,7430020,-125740,4435470,202107.0
13,A15381303,0,0,0,0,0,0,2226260,0,117700,0,202107.0
14,A15383307,5833280,0,0,0,-220,8007490,18002454,59992640,368590,19283150,202107.0
15,A10027188,0,0,0,0,0,0,38948500,152159080,-1990,30930710,202107.0
16,A10026024,,,,,,,,,,,202107.0
17,A10025946,0,0,0,0,0,0,23901370,52174050,402390,18772340,202107.0
18,A10025116,0,0,0,0,0,0,7345040,31099830,5620,6956060,202107.0
19,A10024302,0,0,0,0,0,0,17826480,48994170,4899820,6858200,202107.0
20,A15383702,0,0,0,0,0,0,783340,30542050,0,19526990,202107.0
21,A15386506,0,0,0,0,0,0,3130870,27142480,0,15172060,202107.0
22,A15303002,0,0,0,0,0,0,17792290,88693370,-4266860,38097930,202107.0
23,A15386404,0,0,0,0,0,0,0,7003390,0,0,202107.0
24,A15384501,0,0,0,0,0,0,13381260,0,5351270,0,202107.0
25,A15303401,0,0,0,0,0,0,2646680,6515520,-74100,3675960,202107.0
26,A15303203,0,0,0,0,0,0,11136350,33812250,0,13595710,202107.0
27,A15303103,0,0,0,0,0,0,1751010,8412600,0,0,202107.0
28,A15303202,0,0,0,0,0,0,717360,5930350,25040,4283590,202107.0
29,A15378501,0,0,0,0,0,0,-3555490,13954940,6916390,0,202107.0
30,A15383905,0,635100,0,0,0,5656000,4963580,20355680,0,7883650,202107.0
31,A15370103,0,0,3520,0,0,0,43946830,131041440,-1978670,38413220,202107.0
32,A15384101,0,0,0,0,0,0,74500,10344440,0,0,202107.0
33,A15303205,59670,0,0,0,0,0,4593120,133943970,-1960,54377920,202107.0
34,A15303502,0,0,0,0,0,0,1042303,9251910,0,8026430,202107.0
35,A15384603,0,0,0,0,0,0,5391360,16241290,123980,9214370,202107.0
36,A15303204,0,0,4450,0,0,0,458590,13703880,1380860,9773080,202107.0
37,A15303003,,,,,,,,,,,202107.0
38,A15303102,0,0,0,0,0,0,246790,9795800,0,8487420,202107.0
39,A10026187,,,,,,,,,,,202107.0
40,A10025447,,,,,,,,,,,202107.0
41,A10026792,,,,,,,,,,,202107.0
