,kaptCode,heatC,heatP,gasC,gasP,waterHotC,waterHotP,electC,electP,waterCoolC,waterCoolP,Date
0,A15380403,0,0,0,0,0,0,11361424,43389100,-18600,27052760,202110.0
1,A15380101,0,0,0,0,0,0,1631430,6110280,29950,4009290,202110.0
2,A10023956,,,,,,,,,,,202110.0
3,A15382301,0,0,0,0,0,0,2763640,10758690,0,0,202110.0
4,A15383601,0,0,0,0,0,0,1512870,4031180,0,0,202110.0
5,A15381402,0,0,0,0,0,0,6196740,0,0,0,202110.0
6,A15301105,0,0,0,0,0,0,460410,24424460,0,9816960,202110.0
7,A15383308,0,6880340,0,0,0,10654000,648116,10943840,0,8736060,202110.0
8,A15375810,0,0,0,0,0,0,1907730,6589330,0,3749460,202110.0
9,A15370301,0,0,0,0,0,0,-585000,9156580,0,4881750,202110.0
10,A15375809,-723410,15386700,0,0,0,5721000,0,17950180,1746370,0,202110.0
11,A15381706,0,0,0,0,0,0,2815150,33311430,0,0,202110.0
12,A15383604,0,0,0,0,0,0,2414250,6925260,331910,4465670,202110.0
13,A15381303,0,0,0,0,0,0,1611072,7588860,0,0,202110.0
14,A15383307,8008180,10738720,0,0,0,15156000,12428351,33184770,842400,18043410,202110.0
15,A10027188,0,0,0,0,0,0,40175800,75358010,-4670,36971650,202110.0
16,A10026024,,,,,,,,,,,202110.0
17,A10025946,0,0,0,0,0,0,19140330,45251070,201900,18710670,202110.0
18,A10025116,0,0,0,0,0,0,5396310,16029970,203380,6472320,202110.0
19,A10024302,-148710,148710,0,0,0,0,10877499,33257520,730290,13379870,202110.0
20,A15383702,0,0,0,0,0,0,587060,29019090,0,17272600,202110.0
21,A15386506,0,0,0,0,0,0,4339400,18868240,0,13525430,202110.0
22,A15303002,0,0,0,0,0,0,1866264,69388470,-1099580,32334130,202110.0
23,A15386404,0,0,0,0,0,0,233720,7105100,194560,0,202110.0
24,A15384501,0,0,0,0,0,0,11594670,0,5008560,0,202110.0
25,A15303401,0,0,0,0,0,0,2436440,4880450,0,3318270,202110.0
26,A15303203,0,0,0,0,0,0,5994090,22512000,0,13018330,202110.0
27,A15303103,0,0,0,0,0,0,1940920,5755750,0,0,202110.0
28,A15303202,0,0,0,0,0,0,700360,6269700,-82170,4968910,202110.0
29,A15378501,0,0,0,0,0,0,8681540,0,0,0,202110.0
30,A15383905,0,8317930,0,0,0,6954500,4145300,12217590,0,8435740,202110.0
31,A15370103,0,0,17600,0,0,0,31981530,71920470,-2525400,37240720,202110.0
32,A15384101,0,0,0,0,0,0,77160,6968860,131580,0,202110.0
33,A15303205,60250,0,0,0,0,0,7493638,103123250,-5290,51353590,202110.0
34,A15303502,0,0,0,0,0,0,2384124,6984090,0,0,202110.0
35,A15384603,0,0,0,0,0,0,2928810,13154660,-685200,10063750,202110.0
36,A15303204,0,0,4800,0,0,0,903019,13765070,1166880,10388030,202110.0
37,A15303003,,,,,,,,,,,202110.0
38,A15303102,0,0,0,0,0,0,575980,8696160,0,0,202110.0
39,A10026187,,,,,,,,,,,202110.0
40,A10025447,,,,,,,,,,,202110.0
41,A10026792,,,,,,,,,,,202110.0
