,kaptCode,heatC,heatP,gasC,gasP,waterHotC,waterHotP,electC,electP,waterCoolC,waterCoolP,Date
0,A15380403,0,0,0,0,0,0,13450895,50689410,153320,26704930,202102.0
1,A15380101,0,0,0,0,0,0,2538850,5518720,112820,3431070,202102.0
2,A10023956,,,,,,,,,,,202102.0
3,A15382301,0,0,0,0,0,0,2476300,10494100,0,0,202102.0
4,A15383601,0,0,98370,0,0,0,1533950,4150480,0,0,202102.0
5,A15381402,0,0,0,0,0,0,2061610,4199820,0,0,202102.0
6,A15301105,0,0,0,0,0,0,467080,27453300,0,9332050,202102.0
7,A15383308,0,29282400,0,0,0,18249000,3677006,17511750,0,9309750,202102.0
8,A15375810,0,0,0,0,0,0,1773270,6259470,0,3446870,202102.0
9,A15370301,0,0,0,0,0,0,-587500,10093540,0,4181590,202102.0
10,A15375809,0,64803150,0,0,0,10158000,277800,18040820,2324530,0,202102.0
11,A15381706,0,0,0,0,0,0,1822640,41857120,0,0,202102.0
12,A15383604,0,0,0,0,0,0,2427460,8190570,670500,3946340,202102.0
13,A15381303,0,0,0,0,0,0,9131225,0,0,0,202102.0
14,A15383307,5833280,61798560,0,0,-3810,36902840,11131564,31657120,614900,16296850,202102.0
15,A10027188,0,0,0,0,0,0,37030330,65636800,2090,28262340,202102.0
16,A10026024,,,,,,,,,,,202102.0
17,A10025946,0,0,0,0,0,0,29839690,47251450,155560,18889620,202102.0
18,A10025116,0,0,0,0,0,0,8357630,13989110,65780,5542320,202102.0
19,A10024302,,,,,,,,,,,202102.0
20,A15383702,50,2993640,0,0,0,826000,2287630,34916910,0,15772060,202102.0
21,A15386506,0,0,0,0,0,0,7111916,21911770,0,13377510,202102.0
22,A15303002,0,0,0,0,0,0,21453000,51884630,0,32544350,202102.0
23,A15386404,0,0,0,0,0,0,297270,8294600,140800,0,202102.0
24,A15384501,157530,0,0,0,0,0,0,0,0,0,202102.0
25,A15303401,0,0,0,0,0,0,2595180,7584050,-61530,2999410,202102.0
26,A15303203,0,0,0,0,0,0,6381930,21620670,0,12474050,202102.0
27,A15303103,0,0,0,0,0,0,2744280,7118170,0,0,202102.0
28,A15303202,0,0,0,0,0,0,-110410,8486690,65670,4502850,202102.0
29,A15378501,0,0,0,0,0,0,4354840,6462210,-6634610,6634610,202102.0
30,A15383905,0,51467440,0,0,0,8295000,6097890,13019630,0,9369320,202102.0
31,A15370103,0,0,122600,0,0,0,35366990,66991880,-2350580,37077880,202102.0
32,A15384101,0,0,0,0,0,0,738690,6716470,265200,0,202102.0
33,A15303205,1198670,0,0,0,0,0,6676104,126086570,-8900,39878740,202102.0
34,A15303502,0,0,0,0,0,0,2061052,10496310,0,0,202102.0
35,A15384603,0,0,0,0,0,0,2741890,11993700,270620,8409450,202102.0
36,A15303204,0,0,2910,0,0,0,5463449,15364280,58580,9844570,202102.0
37,A15303003,,,,,,,,,,,202102.0
38,A15303102,0,0,0,0,0,0,1367170,10129030,0,0,202102.0
39,A10026187,,,,,,,,,,,202102.0
40,A10025447,,,,,,,,,,,202102.0
41,A10026792,,,,,,,,,,,202102.0
