,kaptCode,heatC,heatP,gasC,gasP,waterHotC,waterHotP,electC,electP,waterCoolC,waterCoolP,Date
0,A15380403,0,0,0,0,0,0,10707557,40923260,-105140,25713500,202105.0
1,A15380101,0,0,0,0,0,0,2165220,5632160,122800,3577130,202105.0
2,A10023956,,,,,,,,,,,202105.0
3,A15382301,0,0,0,0,0,0,2103080,10208340,256240,13345220,202105.0
4,A15383601,0,0,0,0,0,0,1143450,4079730,193200,0,202105.0
5,A15381402,0,0,0,0,0,0,1631590,4187210,248610,5038360,202105.0
6,A15301105,0,0,0,0,0,0,418570,20406510,0,10665170,202105.0
7,A15383308,0,2009360,0,0,0,13391000,940478,10580120,0,8838470,202105.0
8,A15375810,0,0,0,0,0,0,1749510,6038980,0,3565810,202105.0
9,A15370301,0,0,0,0,0,0,-585000,8073300,0,4582990,202105.0
10,A15375809,-188960,9594000,0,0,0,7401000,0,15944260,2940110,0,202105.0
11,A15381706,0,0,0,0,0,0,-523410,32840400,0,0,202105.0
12,A15383604,0,0,0,0,0,0,2717580,5921330,-128860,4301100,202105.0
13,A15381303,0,0,0,0,0,0,1441865,7235140,237540,0,202105.0
14,A15383307,5833280,580490,0,0,-6170,16277340,8150554,32224690,551040,17658800,202105.0
15,A10027188,0,0,0,0,0,0,33661980,70486390,1850,29866470,202105.0
16,A10026024,,,,,,,,,,,202105.0
17,A10025946,0,0,0,0,0,0,15440990,39412320,401240,17947610,202105.0
18,A10025116,0,0,0,0,0,0,5416940,14938380,437760,6343790,202105.0
19,A10024302,0,0,0,0,0,0,0,0,0,0,202105.0
20,A15383702,0,0,0,0,0,0,3115690,25883450,0,15988160,202105.0
21,A15386506,0,0,0,0,0,0,3921529,17427100,0,13081730,202105.0
22,A15303002,0,0,0,0,0,0,9203100,58920820,1021210,31553210,202105.0
23,A15386404,0,0,0,0,0,0,515440,6372710,0,0,202105.0
24,A15384501,0,0,0,0,0,0,10917210,0,5148880,0,202105.0
25,A15303401,0,0,0,0,0,0,1485500,6354340,-71310,3240280,202105.0
26,A15303203,0,0,0,0,0,0,5792060,21472040,0,13043680,202105.0
27,A15303103,0,0,0,0,0,0,2214200,5577800,0,0,202105.0
28,A15303202,0,0,0,0,0,0,633480,5918960,-73750,3797320,202105.0
29,A15378501,0,0,0,0,0,0,8385370,0,6440890,0,202105.0
30,A15383905,0,7466580,0,0,0,7147000,5652200,10138660,0,7764790,202105.0
31,A15370103,0,0,3510,0,0,0,33387570,68611210,-2562650,35764090,202105.0
32,A15384101,0,0,0,0,0,0,385000,6653730,0,0,202105.0
33,A15303205,263200,0,0,0,0,0,7891409,98718540,1360,51044970,202105.0
34,A15303502,0,0,0,0,0,0,111196,9027820,0,7617040,202105.0
35,A15384603,0,0,0,0,0,0,1045180,12692990,1131660,7932460,202105.0
36,A15303204,0,0,4430,0,0,0,1693037,12303180,376950,9325230,202105.0
37,A15303003,,,,,,,,,,,202105.0
38,A15303102,0,0,0,0,0,0,905330,7831540,0,8450250,202105.0
39,A10026187,,,,,,,,,,,202105.0
40,A10025447,,,,,,,,,,,202105.0
41,A10026792,,,,,,,,,,,202105.0
