,kaptCode,heatC,heatP,gasC,gasP,waterHotC,waterHotP,electC,electP,waterCoolC,waterCoolP,Date
0,A15380403,0,0,0,0,0,0,13576103,47180540,638140,25107600,202112.0
1,A15380101,0,0,0,0,0,0,2197750,6902230,83510,3794630,202112.0
2,A10023956,0,0,0,242040,0,0,16022689,4190860,3128030,1853810,202112.0
3,A15382301,0,0,0,0,0,0,3142390,12159080,0,0,202112.0
4,A15383601,0,0,0,0,0,0,1380140,4973860,0,0,202112.0
5,A15381402,0,0,0,0,0,0,1877840,5127660,0,0,202112.0
6,A15301105,0,0,0,0,0,0,474780,23567480,0,9474090,202112.0
7,A15383308,0,35019830,0,0,0,15662500,2174775,13792610,0,8750790,202112.0
8,A15375810,0,0,0,0,0,0,1375310,8070440,0,3501370,202112.0
9,A15370301,0,0,0,0,0,0,-585000,9554760,0,4557020,202112.0
10,A15375809,-886140,64920450,0,0,0,8433000,129180,17154160,2309980,0,202112.0
11,A15381706,0,0,0,0,0,0,2901510,33323960,0,0,202112.0
12,A15383604,0,0,0,0,0,0,2589040,6999580,-40070,4530190,202112.0
13,A15381303,0,0,0,0,0,0,2424408,8546670,0,0,202112.0
14,A15383307,6444790,75800990,0,0,0,36745500,14369197,36520000,561510,17864570,202112.0
15,A10027188,0,0,0,0,0,0,39553830,81997880,-830,33745190,202112.0
16,A10026024,,,,,,,,,,,202112.0
17,A10025946,0,0,0,0,0,0,20187990,44888280,215880,18320320,202112.0
18,A10025116,0,0,0,0,0,0,8755720,17664360,623490,6262960,202112.0
19,A10024302,-819370,819370,0,0,0,0,14855670,38130760,690580,13827240,202112.0
20,A15383702,0,0,0,0,0,0,2270480,32369100,0,17394410,202112.0
21,A15386506,0,0,0,0,0,0,6271728,20682100,0,14371360,202112.0
22,A15303002,0,0,0,0,0,0,16346254,68403470,-1062630,30770770,202112.0
23,A15386404,0,0,0,0,0,0,612260,6567700,402480,0,202112.0
24,A15384501,174650,0,0,0,0,0,13930980,0,4492240,0,202112.0
25,A15303401,0,0,0,0,0,0,2092410,7032600,0,3271380,202112.0
26,A15303203,0,0,0,0,0,0,7666610,25478280,0,12763650,202112.0
27,A15303103,0,0,0,0,0,0,2575190,6400640,73170,0,202112.0
28,A15303202,0,0,0,0,0,0,2002280,6035450,520960,3805840,202112.0
29,A15378501,0,0,0,0,0,0,9877830,0,0,0,202112.0
30,A15383905,0,62479940,0,0,0,7336000,8849840,14226810,0,8129020,202112.0
31,A15370103,0,0,171800,0,0,0,41592010,81166870,-1609890,35612600,202112.0
32,A15384101,0,0,0,0,0,0,78870,7987290,87180,0,202112.0
33,A15303205,987990,0,0,0,0,0,31585614,95262960,-7740,51617780,202112.0
34,A15303502,0,0,0,0,0,0,-380365,10776420,0,0,202112.0
35,A15384603,0,0,0,0,0,0,3166070,13641830,1687320,7802270,202112.0
36,A15303204,0,0,4320,0,0,0,3203699,14366820,860250,9654490,202112.0
37,A15303003,,,,,,,,,,,202112.0
38,A15303102,0,0,0,0,0,0,10343430,0,0,0,202112.0
39,A10026187,,,,,,,,,,,202112.0
40,A10025447,,,,,,,,,,,202112.0
41,A10026792,,,,,,,,,,,202112.0
