,kaptCode,heatC,heatP,gasC,gasP,waterHotC,waterHotP,electC,electP,waterCoolC,waterCoolP,Date
0,A15380403,0,0,0,0,0,0,11162232,38819570,247520,23416430,202103.0
1,A15380101,0,0,0,0,0,0,2062360,6178910,419630,3182770,202103.0
2,A10023956,,,,,,,,,,,202103.0
3,A15382301,0,0,0,0,0,0,1317600,12131640,33610,11223750,202103.0
4,A15383601,0,0,73590,0,0,0,1589610,4244150,193200,0,202103.0
5,A15381402,0,0,0,0,0,0,2112220,4287540,0,5337820,202103.0
6,A15301105,0,0,0,0,0,0,399770,21432510,0,11675270,202103.0
7,A15383308,0,14073810,0,0,0,17122000,2023716,11442240,0,9369730,202103.0
8,A15375810,0,0,0,0,0,0,2289760,5981640,0,3734980,202103.0
9,A15370301,0,0,0,0,0,0,-587500,8091580,0,4344920,202103.0
10,A15375809,-661010,51033900,0,0,0,10461000,124190,14585820,4663950,0,202103.0
11,A15381706,0,0,0,0,0,0,3433820,31881280,0,0,202103.0
12,A15383604,0,0,0,0,0,0,2841180,5793150,520960,3866770,202103.0
13,A15381303,0,0,0,0,0,0,9102061,0,398040,0,202103.0
14,A15383307,5833280,33267760,0,0,-2520,29733490,10807554,33627950,671070,16928850,202103.0
15,A10027188,0,0,0,0,0,0,34726160,71921030,-2660,30858190,202103.0
16,A10026024,,,,,,,,,,,202103.0
17,A10025946,0,0,0,0,0,0,17116160,38107730,173390,17157790,202103.0
18,A10025116,0,0,0,0,0,0,5149210,15301770,40070,6214940,202103.0
19,A10024302,,,,,,,,,,,202103.0
20,A15383702,0,0,0,0,0,0,4425300,24766560,0,16874900,202103.0
21,A15386506,0,0,0,0,0,0,4297803,16978030,0,12005340,202103.0
22,A15303002,0,0,0,0,0,0,3701390,70996000,0,28069850,202103.0
23,A15386404,0,0,0,0,0,0,341037,6956720,0,0,202103.0
24,A15384501,30420,0,0,0,0,0,11290450,0,4603600,0,202103.0
25,A15303401,0,0,0,0,0,0,1933080,5755850,-71250,3205870,202103.0
26,A15303203,0,0,0,0,0,0,3588720,25566430,0,11430800,202103.0
27,A15303103,0,0,0,0,0,0,2300360,5474500,18900,0,202103.0
28,A15303202,0,0,0,0,0,0,-855920,7368360,294450,4492200,202103.0
29,A15378501,0,0,0,0,0,0,886450,7289900,6628390,0,202103.0
30,A15383905,0,33074430,0,0,0,13534500,4911740,13149080,0,9309890,202103.0
31,A15370103,0,0,64610,0,0,0,36081120,72656460,-906520,32305350,202103.0
32,A15384101,0,0,0,0,0,0,465070,7363920,0,0,202103.0
33,A15303205,1040370,0,0,0,0,0,8779740,95677440,70,45079090,202103.0
34,A15303502,0,0,0,0,0,0,913271,8082480,0,6966860,202103.0
35,A15384603,0,0,0,0,0,0,3450578,12341142,41510,7460320,202103.0
36,A15303204,0,0,3650,0,0,0,3078281,11215830,1797090,9287550,202103.0
37,A15303003,,,,,,,,,,,202103.0
38,A15303102,0,0,0,0,0,0,1413840,7426920,0,7622070,202103.0
39,A10026187,,,,,,,,,,,202103.0
40,A10025447,,,,,,,,,,,202103.0
41,A10026792,,,,,,,,,,,202103.0
