,kaptCode,heatC,heatP,gasC,gasP,waterHotC,waterHotP,electC,electP,waterCoolC,waterCoolP,Date
0,A15380403,0,0,0,0,0,0,13430224,55675860,-122770,26573600,202101.0
1,A15380101,0,0,0,0,0,0,2973620,6979870,-147940,3691830,202101.0
2,A10023956,,,,,,,,,,,202101.0
3,A15382301,0,0,0,0,0,0,2957180,12588300,11040,10992880,202101.0
4,A15383601,0,0,50250,0,0,0,2195010,4953360,193200,0,202101.0
5,A15381402,0,0,0,0,0,0,2575290,4993530,228400,5041150,202101.0
6,A15301105,0,0,0,0,0,0,3198170,24816030,-127520,9757890,202101.0
7,A15383308,0,45134210,0,0,0,18294500,4233071,18510880,0,9214360,202101.0
8,A15375810,0,0,0,0,0,0,3360060,7950830,0,3671370,202101.0
9,A15370301,0,0,0,0,0,0,-590000,10503240,0,4394950,202101.0
10,A15375809,-660740,79935600,0,0,0,10284000,252400,19691580,2324540,0,202101.0
11,A15381706,0,0,0,0,0,0,1746020,40950040,0,0,202101.0
12,A15383604,0,0,0,0,0,0,3099190,7836690,-279310,4231740,202101.0
13,A15381303,0,0,0,0,0,0,11520734,0,38520,0,202101.0
14,A15383307,5833280,93997460,0,0,-4790,46050000,18782692,39424000,554810,18306590,202101.0
15,A10027188,0,0,0,0,0,0,50486500,81455770,8070,31011730,202101.0
16,A10026024,,,,,,,,,,,202101.0
17,A10025946,0,0,0,0,0,0,31900670,50442060,209120,19065570,202101.0
18,A10025116,0,0,0,0,0,0,11070820,18075770,228400,6238120,202101.0
19,A10024302,,,,,,,,,,,202101.0
20,A15383702,-521000,58432490,0,0,0,6948000,6436530,42018470,0,16792820,202101.0
21,A15386506,0,0,0,0,0,0,8446674,23590200,0,13304700,202101.0
22,A15303002,0,0,0,0,0,0,23960460,78240860,0,33637870,202101.0
23,A15386404,0,0,0,0,0,0,301240,7309480,0,0,202101.0
24,A15384501,210320,0,0,0,0,0,16524240,11641390,5247290,5272760,202101.0
25,A15303401,0,0,0,0,0,0,2567300,8467450,-62100,3274690,202101.0
26,A15303203,0,0,0,0,0,0,9607710,25125530,0,11556160,202101.0
27,A15303103,0,0,0,0,0,0,3004010,7640170,0,0,202101.0
28,A15303202,0,0,0,0,0,0,3143730,6925420,-317390,4902070,202101.0
29,A15378501,0,0,0,0,0,0,2796830,8212970,-2450,6368310,202101.0
30,A15383905,0,61773360,0,0,0,8162000,7553890,20281960,0,8121350,202101.0
31,A15370103,0,0,216690,0,0,0,48505200,84125800,-2034740,36851250,202101.0
32,A15384101,0,0,0,0,0,0,450890,8634950,0,0,202101.0
33,A15303205,1278210,0,0,0,0,0,4767850,141983240,3430,39866410,202101.0
34,A15303502,0,0,0,0,0,0,1664354,11439730,0,7254250,202101.0
35,A15384603,0,0,0,0,0,0,3032480,15301490,256580,9313320,202101.0
36,A15303204,0,0,3520,0,0,0,5568663,18952030,1011060,9271440,202101.0
37,A15303003,0,0,0,0,0,0,0,0,0,0,202101.0
38,A15303102,0,0,0,0,0,0,1137520,12378620,0,8111100,202101.0
39,A10026187,,,,,,,,,,,202101.0
40,A10025447,,,,,,,,,,,202101.0
41,A10026792,,,,,,,,,,,202101.0
