,kaptCode,heatC,heatP,gasC,gasP,waterHotC,waterHotP,electC,electP,waterCoolC,waterCoolP,Date
0,A15380403,0,0,0,0,0,0,11475821,44374290,-118520,27273050,202106.0
1,A15380101,0,0,0,0,0,0,2193990,5710680,0,3680420,202106.0
2,A10023956,,,,,,,,,,,202106.0
3,A15382301,0,0,0,0,0,0,2064760,10343480,0,0,202106.0
4,A15383601,0,0,0,0,0,0,1051160,4395150,0,0,202106.0
5,A15381402,0,0,0,0,0,0,1669700,4337900,0,0,202106.0
6,A15301105,0,0,0,0,0,0,441660,22560440,0,10401370,202106.0
7,A15383308,0,0,0,0,0,10503500,708274,11043420,0,8449760,202106.0
8,A15375810,0,0,0,0,0,0,1692180,6232890,0,3851830,202106.0
9,A15370301,0,0,0,0,0,0,-587500,9153540,0,4558440,202106.0
10,A15375809,-196690,5655300,0,0,0,6042000,0,17180140,2940110,0,202106.0
11,A15381706,0,0,0,0,0,0,4321360,29230860,0,0,202106.0
12,A15383604,0,0,0,0,0,0,2508060,6758730,111230,4748340,202106.0
13,A15381303,0,0,0,0,0,0,2067220,0,0,0,202106.0
14,A15383307,5833280,0,0,0,-1890,10394990,8188973,31734790,1151440,18006040,202106.0
15,A10027188,0,0,0,0,0,0,31325520,76280900,3090,33596540,202106.0
16,A10026024,,,,,,,,,,,202106.0
17,A10025946,0,0,0,0,0,0,18129760,44479780,402360,18982020,202106.0
18,A10025116,0,0,0,0,0,0,7435740,16990790,481960,6085160,202106.0
19,A10024302,0,0,0,0,0,0,13974220,0,5736250,0,202106.0
20,A15383702,0,0,0,0,0,0,1277630,28874810,0,17299360,202106.0
21,A15386506,0,0,0,0,0,0,4345715,19128930,0,14719510,202106.0
22,A15303002,0,0,0,0,0,0,8444790,57410680,-3087060,33853800,202106.0
23,A15386404,0,0,0,0,0,0,289640,5999810,809910,0,202106.0
24,A15384501,0,0,0,0,0,0,11861700,0,5417670,0,202106.0
25,A15303401,0,0,0,0,0,0,1813930,6847780,-71610,3381340,202106.0
26,A15303203,0,0,0,0,0,0,5768700,21319760,0,13347570,202106.0
27,A15303103,0,0,0,0,0,0,2202460,5902120,35640,0,202106.0
28,A15303202,0,0,0,0,0,0,1283510,5572090,732780,3624920,202106.0
29,A15378501,0,0,0,0,0,0,8920040,0,0,0,202106.0
30,A15383905,0,1120070,0,0,0,7297500,2654540,13505380,0,9072190,202106.0
31,A15370103,0,0,2840,0,0,0,31868820,70241050,-2789590,38478840,202106.0
32,A15384101,0,0,0,0,0,0,322540,6455450,256880,0,202106.0
33,A15303205,93080,0,0,0,0,0,7741117,106915920,-1080,50526970,202106.0
34,A15303502,0,0,0,0,0,0,-99034,9591590,0,0,202106.0
35,A15384603,0,0,0,0,0,0,3342010,11123590,62570,9001550,202106.0
36,A15303204,0,0,3660,0,0,0,525478,14492290,205450,9467550,202106.0
37,A15303003,,,,,,,,,,,202106.0
38,A15303102,0,0,0,0,0,0,485030,8418000,0,0,202106.0
39,A10026187,,,,,,,,,,,202106.0
40,A10025447,,,,,,,,,,,202106.0
41,A10026792,,,,,,,,,,,202106.0
