,kaptCode,heatC,heatP,gasC,gasP,waterHotC,waterHotP,electC,electP,waterCoolC,waterCoolP,Date
0,A15380403,0,0,0,0,0,0,12621487,46020300,256900,26350820,202111.0
1,A15380101,0,0,0,0,0,0,1745470,6019170,74910,3702550,202111.0
2,A10023956,,,,,,,,,,,202111.0
3,A15382301,0,0,0,0,0,0,2331670,10775320,32720,11629530,202111.0
4,A15383601,0,0,0,0,0,0,1172630,4357130,193200,0,202111.0
5,A15381402,0,0,0,0,0,0,1677700,4506180,278540,5543540,202111.0
6,A15301105,0,0,0,0,0,0,459580,22401880,0,10024000,202111.0
7,A15383308,0,15256550,0,0,0,13835500,818725,14111490,0,8545100,202111.0
8,A15375810,0,0,0,0,0,0,1913290,6552860,0,3901480,202111.0
9,A15370301,0,0,0,0,0,0,-585000,9123520,0,4592580,202111.0
10,A15375809,-347280,45111600,0,0,0,7428000,73870,17513190,2309980,0,202111.0
11,A15381706,0,0,0,0,0,0,1725632,33802740,0,0,202111.0
12,A15383604,0,0,0,0,0,0,2213180,7247000,357570,4250820,202111.0
13,A15381303,0,0,0,0,0,0,2112399,7597260,654840,0,202111.0
14,A15383307,7244740,36196560,0,0,0,25893000,13242521,33089590,559880,17656000,202111.0
15,A10027188,0,0,0,0,0,0,34592250,73147560,-8790,31958330,202111.0
16,A10026024,,,,,,,,,,,202111.0
17,A10025946,0,0,0,0,0,0,19273350,44416210,257410,19473750,202111.0
18,A10025116,0,0,0,0,0,0,7153450,15490370,552410,6161450,202111.0
19,A10024302,-234610,234610,0,0,0,0,13435989,32553240,522410,12896790,202111.0
20,A15383702,0,0,0,0,0,0,4238430,28089260,0,16391900,202111.0
21,A15386506,0,0,0,0,0,0,5398744,19923490,0,12851400,202111.0
22,A15303002,0,0,0,0,0,0,12847548,60333340,-1686800,35811040,202111.0
23,A15386404,0,0,0,0,0,0,416210,6442060,0,0,202111.0
24,A15384501,61700,0,0,0,0,0,2372830,10368170,546990,4492260,202111.0
25,A15303401,0,0,0,0,0,0,2045570,6506910,0,2875160,202111.0
26,A15303203,0,0,0,0,0,0,6244030,22676170,0,13917930,202111.0
27,A15303103,0,0,0,0,0,0,2236640,6259850,42080,0,202111.0
28,A15303202,0,0,0,0,0,0,1162300,6291340,-1017150,4865790,202111.0
29,A15378501,0,0,0,0,0,0,9425980,0,6836860,0,202111.0
30,A15383905,0,42545160,0,0,0,7115500,5567090,12854830,0,8497090,202111.0
31,A15370103,0,0,89340,0,0,0,31210160,71428640,-1704750,36608920,202111.0
32,A15384101,0,0,0,0,0,0,80960,7081150,0,0,202111.0
33,A15303205,420730,0,0,0,0,0,28631684,92811750,-11050,52715880,202111.0
34,A15303502,0,0,0,0,0,0,389655,9561320,0,7423160,202111.0
35,A15384603,0,0,0,0,0,0,3339970,12781490,818350,7845740,202111.0
36,A15303204,0,0,4080,0,0,0,1277871,13995750,823880,8830200,202111.0
37,A15303003,,,,,,,,,,,202111.0
38,A15303102,0,0,0,0,0,0,694730,9152480,0,8426610,202111.0
39,A10026187,,,,,,,,,,,202111.0
40,A10025447,,,,,,,,,,,202111.0
41,A10026792,,,,,,,,,,,202111.0
