,kaptCode,heatC,heatP,gasC,gasP,waterHotC,waterHotP,electC,electP,waterCoolC,waterCoolP,Date
0,A13373302,0,0,0,0,0,0,4449811,5639920,932320,3818540,202212.0
1,A13373301,0,0,0,0,0,0,22623570,48184710,2359350,18328260,202212.0
2,A13302203,0,0,0,0,0,0,9074360,21794610,2362300,6185410,202212.0
3,A13302204,0,0,0,0,0,0,648980,21856560,0,8023130,202212.0
4,A13385705,0,0,0,0,0,0,22671992,0,9124120,0,202212.0
5,A13302001,0,0,0,0,0,0,1868520,34642700,1116560,15709980,202212.0
6,A13377302,0,0,0,0,0,0,1160410,5645670,280960,2683020,202212.0
7,A13385802,0,0,0,0,0,0,2084480,11219700,0,0,202212.0
8,A13377301,0,0,0,0,0,0,517174,3612660,0,1582200,202212.0
9,A13302206,0,0,0,0,0,0,11128464,33286430,0,16324750,202212.0
10,A13388001,0,0,0,0,0,0,0,0,0,0,202212.0
11,A10027969,0,0,0,0,0,0,2662440,8008170,-460570,4279520,202212.0
12,A10027920,55330,0,0,0,0,0,30399801,101536760,0,27351690,202212.0
13,A10027289,0,0,0,0,0,0,39036280,112259750,-1199810,39729050,202212.0
14,A10026900,0,0,0,0,0,0,26184210,26574580,523870,10520450,202212.0
15,A10027432,0,0,0,0,0,0,6752882,13030960,54400,4452020,202212.0
16,A10024762,,,,,,,,,,,202212.0
17,A13305006,0,0,0,0,0,0,7807500,16774890,178260,7128450,202212.0
18,A13305005,0,0,14530,0,0,0,3983020,8557400,1958990,3944750,202212.0
19,A13381601,0,0,2950,0,0,0,2363640,5330700,-190,3163670,202212.0
20,A13305002,0,0,0,0,0,0,1219120,11107990,0,5210530,202212.0
21,A13305003,0,0,0,0,0,0,1637997,13411500,300,6278430,202212.0
22,A13305007,6272580,129892760,0,0,-11936000,11936000,9404390,26333660,2599240,0,202212.0
23,A13381608,0,0,0,0,0,0,10728680,38159410,3089370,0,202212.0
24,A13381604,0,0,0,0,0,0,2090180,16964930,17820,6426570,202212.0
25,A13381701,0,0,0,0,0,0,2412420,9488670,111130,0,202212.0
26,A13307202,0,0,0,0,0,0,3217258,26038170,0,10009060,202212.0
27,A13377902,0,0,0,0,0,0,26203620,0,10598990,0,202212.0
28,A13307204,0,0,0,0,0,0,30023100,106236120,-5048280,52510150,202212.0
29,A13377903,0,0,0,0,0,0,3867938,12124050,72800,6625030,202212.0
30,A13307201,0,0,0,0,0,0,3308690,9638790,0,4372960,202212.0
31,A13307101,0,0,0,0,0,0,5233960,18739190,0,9135120,202212.0
32,A13373101,0,0,0,0,0,0,597861,2514000,1406370,0,202212.0
33,A13377703,0,0,0,0,0,0,12112972,91862208,0,35499081,202212.0
34,A13386702,0,0,210270,0,0,0,14783260,52246450,0,28168510,202212.0
35,A13307001,368600,0,0,0,0,0,2778620,9086360,0,0,202212.0
36,A13307002,0,0,0,0,0,0,8071300,22034290,0,8578400,202212.0
37,A13377901,0,0,0,0,0,0,1142150,17430340,0,6359870,202212.0
38,A10025685,,,,,,,,,,,202212.0
39,A10026207,0,0,0,0,0,0,18162310,55120340,2143170,12647960,202212.0
40,A10025686,,,,,,,,,,,202212.0
41,A13385301,0,0,0,0,0,0,4775729,14260390,117180,7502410,202212.0
42,A13385202,0,0,0,0,0,0,1839980,14185170,0,0,202212.0
43,A13308004,0,0,0,0,0,0,5387182,24312090,0,15403380,202212.0
44,A13385303,0,0,0,0,0,0,3227040,15390760,6360,7527600,202212.0
45,A13376906,0,0,0,0,0,0,11705059,43085300,0,20470290,202212.0
46,A13308005,169356340,0,0,0,-20932000,20932000,5595291,42693780,3900000,0,202212.0
47,A13380104,0,0,278630,0,0,0,15275670,91158220,0,29353850,202212.0
48,A13309103,0,0,0,0,0,0,4934247,22237300,105510,9137640,202212.0
49,A13309102,0,0,0,0,0,0,5618532,30077200,119710,10935780,202212.0
50,A13309101,0,0,0,0,0,0,1412990,9945460,110,3333840,202212.0
51,A10026418,0,0,0,0,0,0,34962640,57438420,222010,21849380,202212.0
52,A13380302,0,0,0,0,0,0,22767210,39569580,376100,14223900,202212.0
53,A13380301,0,0,0,0,0,0,7812820,20894170,-1657990,15812210,202212.0
54,A10027602,0,0,0,0,0,0,24623957,46958830,0,19370480,202212.0
55,A13380303,0,0,0,0,0,0,960190,9630500,0,4137500,202212.0
56,A13380602,0,0,0,0,0,0,3788508,11781580,944870,5158940,202212.0
57,A13380703,0,0,405960,0,0,0,10709810,41328880,1716630,0,202212.0
58,A13309301,0,0,196650,0,0,0,2594000,16194740,0,6041520,202212.0
59,A13379001,0,0,0,0,0,0,8124070,18923950,0,0,202212.0
60,A13378101,0,0,0,0,0,0,1521570,13662500,91440,4977100,202212.0
61,A13380803,0,0,0,0,0,0,53326332,40755130,16444560,15114590,202212.0
62,A13378102,0,0,0,0,0,0,11701480,37543380,-372590,10107450,202212.0
63,A13380901,24910,0,0,0,0,0,2913070,10767600,450020,7020020,202212.0
64,A13309404,0,0,0,0,0,0,8704030,51740100,48300,20033810,202212.0
65,A13309402,0,0,0,0,0,0,3666166,11072450,47590,4666210,202212.0
66,A10026470,0,0,0,0,0,0,15200151,37804450,0,9355530,202212.0
67,A13378103,0,0,0,0,0,0,396110,2778520,-72940,1174340,202212.0
68,A10023252,,,,,,,,,,,202212.0
69,A13375907,0,0,0,0,0,0,45966733,73048440,914290,26970190,202212.0
70,A13375906,0,0,0,0,0,0,5238390,13544770,72230,5496600,202212.0
71,A13375904,0,0,0,0,0,0,880310,3667940,0,0,202212.0
72,A13375901,145658980,0,0,0,-9519900,9519900,23708740,32899140,597810,10230200,202212.0
73,A13310004,7199930,189767070,0,0,-13048000,13048000,19127209,44577960,3914400,0,202212.0
74,A13384403,0,0,364090,0,0,0,7582510,21321400,9252460,0,202212.0
75,A13375905,0,0,0,0,0,0,1968650,6191400,19940,3061610,202212.0
76,A13376702,-115720920,115720920,122931310,0,-7210500,7210500,10263620,22335010,0,9034330,202212.0
77,A13375903,0,0,367040,0,0,0,3134490,10822000,-88280,10558200,202212.0
78,A13375902,80123360,122927400,0,0,6143550,26137800,18616970,47501090,-56540,18741720,202212.0
79,A13383801,0,0,0,776030,0,0,5119960,23246410,390550,0,202212.0
80,A13375908,0,0,0,0,0,0,3608000,9869220,29780,5066410,202212.0
81,A10026748,0,0,0,0,0,0,47479416,92799010,-2041080,29223980,202212.0
82,A13382502,0,0,0,0,0,0,1521010,0,0,0,202212.0
83,A13311101,0,0,0,0,0,0,1003060,8322320,0,0,202212.0
84,A13384301,0,0,0,0,0,0,2430880,7429200,0,0,202212.0
85,A13372102,0,0,515180,0,0,0,4242490,33102080,564290,0,202212.0
86,A13372101,0,0,0,0,0,0,3755154,12644560,0,0,202212.0
87,A13376405,82540,0,0,0,0,0,4286650,13283260,0,0,202212.0
88,A13384304,0,0,0,0,0,0,4966920,11974670,50230,11598430,202212.0
89,A13392307,0,0,0,0,0,0,1988424,27736380,6430,9701730,202212.0
90,A13384303,0,0,0,0,0,0,2960530,11107410,0,4894730,202212.0
91,A13381902,0,0,0,0,0,0,2295530,8063580,408790,0,202212.0
92,A13382104,0,0,0,0,0,0,5085070,14947500,0,6525390,202212.0
93,A13382106,0,0,0,0,0,0,1932520,13289700,9000,5089420,202212.0
94,A10026988,0,0,0,0,0,0,26898243,55159770,1451200,8091890,202212.0
95,A10024503,33564710,63165420,0,1092770,-5816000,5816000,32980961,36827610,1227442,4768050,202212.0
96,A13312303,0,0,0,0,0,0,2984523,37835110,286350,12618130,202212.0
97,A13312302,0,0,0,0,0,0,11295130,30672890,10600,10576270,202212.0
98,A13378001,0,0,0,0,0,0,19506671,37078830,0,8891700,202212.0
99,A13383301,0,0,0,0,0,0,2473350,9504790,0,4200000,202212.0
100,A13383003,0,0,0,0,0,0,1546000,8640050,0,0,202212.0
101,A13382802,0,0,0,0,0,0,3310850,7257960,-21000,3658000,202212.0
102,A13312101,0,0,0,0,0,0,11810128,0,3602330,0,202212.0
103,A10025101,,,,,,,,,,,202212.0
104,A13383702,0,0,0,0,0,0,5140635,17077380,0,4624750,202212.0
105,A13316001,0,0,0,0,0,0,6458657,12192030,783730,4647280,202212.0
