,kaptCode,heatC,heatP,gasC,gasP,waterHotC,waterHotP,electC,electP,waterCoolC,waterCoolP,Date
0,A13373302,0,0,0,0,0,0,1914350,4931310,0,0,202209.0
1,A13373301,0,0,0,0,0,0,23647810,65518310,0,17634100,202209.0
2,A13302203,0,0,0,0,0,0,4549740,17976170,1251160,7157330,202209.0
3,A13302204,0,0,0,0,0,0,360250,21397670,0,8551600,202209.0
4,A13385705,0,0,0,0,0,0,1710722,15310940,-250600,9525760,202209.0
5,A13302001,0,0,0,0,0,0,2371500,37914240,164000,17029000,202209.0
6,A13377302,0,0,0,0,0,0,859950,4404750,0,3101730,202209.0
7,A13385802,0,0,0,0,0,0,1018390,11415770,113160,0,202209.0
8,A13377301,0,0,0,0,0,0,0,2777980,0,1499000,202209.0
9,A13302206,0,0,0,0,0,0,7203691,27758820,0,15450080,202209.0
10,A13388001,0,0,0,0,0,0,0,5079220,0,3470900,202209.0
11,A10027969,0,0,0,0,0,0,1062969,9994660,546010,4612210,202209.0
12,A10027920,4670,0,0,0,0,0,17492228,91279290,0,28751160,202209.0
13,A10027289,0,0,0,0,0,0,53164232,180195930,514910,41578140,202209.0
14,A10026900,0,0,0,0,0,0,12430120,24839610,68910,10555180,202209.0
15,A10027432,0,0,0,0,0,0,4334371,12871700,389190,4238580,202209.0
16,A10024762,,,,,,,,,,,202209.0
17,A13305006,0,0,0,0,0,0,4974610,15229080,192650,8401050,202209.0
18,A13305005,0,0,6230,0,0,0,1805790,10928610,2578520,4227700,202209.0
19,A13381601,0,0,1100,0,0,0,1172930,5983340,-250,3270670,202209.0
20,A13305002,0,0,0,0,0,0,789190,12958070,20,5065010,202209.0
21,A13305003,0,0,0,0,0,0,629119,14221410,0,6118020,202209.0
22,A13305007,4041700,9492050,0,0,-7236000,7236000,4990870,23360570,1996500,0,202209.0
23,A13381608,0,0,0,0,0,0,5032840,53197160,0,0,202209.0
24,A13381604,0,0,0,0,0,0,1361870,24281230,6550,7862730,202209.0
25,A13381701,0,0,0,0,0,0,1593060,9132320,111130,0,202209.0
26,A13307202,0,0,0,0,0,0,3220344,19680100,0,10586150,202209.0
27,A13377902,0,0,0,0,0,0,19179000,0,10961690,0,202209.0
28,A13307204,0,0,0,0,0,0,20545880,87598660,-4133450,53136710,202209.0
29,A13377903,0,0,0,0,0,0,670720,12233600,0,7359390,202209.0
30,A13307201,0,0,0,0,0,0,2317050,7693210,0,4522270,202209.0
31,A13307101,0,0,0,0,0,0,2227160,22636320,0,10736560,202209.0
32,A13373101,0,0,0,0,0,0,0,3194770,1638690,0,202209.0
33,A13377703,0,0,0,0,0,0,113390300,0,37438190,0,202209.0
34,A13386702,0,0,0,0,0,0,10579520,61810940,0,26359120,202209.0
35,A13307001,2690,0,0,0,0,0,1348020,10407160,155620,0,202209.0
36,A13307002,0,0,0,0,0,0,7566376,28171884,0,8920250,202209.0
37,A13377901,0,0,0,0,0,0,-305600,22449010,0,6208060,202209.0
38,A10025685,,,,,,,,,,,202209.0
39,A10026207,0,0,0,0,0,0,23462523,71974770,3203890,13271110,202209.0
40,A10025686,,,,,,,,,,,202209.0
41,A13385301,0,0,0,0,0,0,2771558,15424450,21420,7912870,202209.0
42,A13385202,0,0,0,0,0,0,542490,14775890,21060,0,202209.0
43,A13308004,0,0,0,0,0,0,2405589,24076770,0,14120570,202209.0
44,A13385303,0,0,0,0,0,0,1715120,14640060,3850,8212220,202209.0
45,A13376906,0,0,0,0,0,0,7340214,52089540,502260,22539790,202209.0
46,A13308005,20314150,0,0,0,-13228000,13228000,3210256,33866320,3214040,0,202209.0
47,A13380104,0,0,21360,0,0,0,5973300,71217550,149890,32063260,202209.0
48,A13309103,0,0,0,0,0,0,1201170,17606280,121360,9313580,202209.0
49,A13309102,0,0,0,0,0,0,2259940,25664870,201580,10212940,202209.0
50,A13309101,0,0,0,0,0,0,884650,8364660,210,3430030,202209.0
51,A10026418,0,0,0,0,0,0,40107218,76199220,0,22015340,202209.0
52,A13380302,0,0,0,0,0,0,19701030,42406530,396200,13203930,202209.0
53,A13380301,0,0,0,0,0,0,5695810,30045540,0,0,202209.0
54,A10027602,0,0,0,0,0,0,14969216,42587410,0,21517510,202209.0
55,A13380303,0,0,0,0,0,0,272820,8515450,0,4461540,202209.0
56,A13380602,0,0,0,0,0,0,1451205,14518810,296670,5711800,202209.0
57,A13380703,0,0,12460,0,0,0,9577455,47599580,1328250,0,202209.0
58,A13309301,0,0,10950,0,0,0,838950,13780490,0,5626220,202209.0
59,A13379001,0,0,0,0,0,0,7832590,28631790,666000,0,202209.0
60,A13378101,0,0,0,0,0,0,1417140,9112500,91440,5377820,202209.0
61,A13380803,0,0,0,0,0,0,11086697,59389220,1014750,15895290,202209.0
62,A13378102,0,0,0,0,0,0,6536640,34984850,-649190,10814850,202209.0
63,A13380901,6820,0,0,0,0,0,1153190,10082170,0,0,202209.0
64,A13309404,0,0,0,0,0,0,6114010,75307780,57750,21873150,202209.0
65,A13309402,0,0,0,0,0,0,2762858,9403700,45920,4450320,202209.0
66,A10026470,0,0,0,0,0,0,8923307,36495480,0,10001070,202209.0
67,A13378103,0,0,0,0,0,0,296850,2058750,-84430,1371680,202209.0
68,A10023252,,,,,,,,,,,202209.0
69,A13375907,0,0,0,0,0,0,35683099,70465830,0,28437120,202209.0
70,A13375906,0,0,0,0,0,0,6565400,23577190,-128070,6257180,202209.0
71,A13375904,0,0,0,0,0,0,507900,4183530,192100,0,202209.0
72,A13375901,11395070,0,0,0,-6942000,6942000,5098600,21230590,327600,11133140,202209.0
73,A13310004,17085025,0,0,0,-10633000,10633000,4664146,34102310,6216050,0,202209.0
74,A13384403,0,0,13829530,0,-8370700,8370700,4608250,17175100,10476040,0,202209.0
75,A13375905,0,0,0,0,0,0,1360580,5620600,64750,3665700,202209.0
76,A13376702,-7970440,7970440,13142740,0,-5172700,5172700,4673280,19840200,0,11289990,202209.0
77,A13375903,0,0,0,0,0,0,615270,15850590,0,0,202209.0
78,A13375902,16923960,0,0,0,0,17842500,13483890,44559750,584320,19077160,202209.0
79,A13383801,0,0,0,756850,0,0,3299900,29023040,281400,0,202209.0
80,A13375908,0,0,0,0,0,0,1627380,8381610,327740,5062020,202209.0
81,A10026748,0,0,0,0,0,0,35777170,82803350,-876670,28602660,202209.0
82,A13382502,0,0,0,0,0,0,1334990,0,0,0,202209.0
83,A13311101,0,0,0,0,0,0,394160,9182560,0,6637570,202209.0
84,A13384301,0,0,0,0,0,0,688490,7106510,0,6003970,202209.0
85,A13372102,0,0,1100,0,0,0,1244910,30408640,320790,0,202209.0
86,A13372101,0,0,0,0,0,0,3249731,13834070,0,10755650,202209.0
87,A13376405,2330,0,0,0,0,0,2095931,14560480,0,0,202209.0
88,A13384304,0,0,0,0,0,0,2788680,11467250,0,0,202209.0
89,A13392307,0,0,0,0,0,0,2139486,27160140,0,9870700,202209.0
90,A13384303,0,0,0,0,0,0,2674950,12866810,0,4853090,202209.0
91,A13381902,0,0,0,0,0,0,222710,9234660,0,0,202209.0
92,A13382104,0,0,0,0,0,0,4477360,14884320,0,6855830,202209.0
93,A13382106,0,0,0,0,0,0,648920,12327850,0,5374590,202209.0
94,A10026988,0,0,0,0,0,0,24255840,116216170,1451200,8652270,202209.0
95,A10024503,19941750,463150,0,1040100,-3704000,3704000,33852710,56422460,1947906,4777500,202209.0
96,A13312303,0,0,0,0,0,0,1106026,33779460,520590,13839500,202209.0
97,A13312302,0,0,0,0,0,0,5539470,26938060,13010,11296160,202209.0
98,A13378001,0,0,0,0,0,0,11374651,39657280,-3571620,9857190,202209.0
99,A13383301,0,0,0,0,0,0,2563690,10058520,0,4420540,202209.0
100,A13383003,0,0,0,0,0,0,1615508,11460110,0,0,202209.0
101,A13382802,0,0,0,0,0,0,2364970,7945330,-21040,3887020,202209.0
102,A13312101,0,0,0,0,0,0,12143210,8495700,3617530,3827640,202209.0
103,A10025101,,,,,,,,,,,202209.0
104,A13383702,0,0,0,0,0,0,4038308,16991110,541290,4956250,202209.0
105,A13316001,0,0,0,0,0,0,4901075,13490850,0,4959590,202209.0
