,kaptCode,heatC,heatP,gasC,gasP,waterHotC,waterHotP,electC,electP,waterCoolC,waterCoolP,Date
0,A13373302,0,0,0,0,0,0,1825191,8137180,0,0,202207.0
1,A13373301,0,0,0,0,0,0,23778190,72207640,0,18785740,202207.0
2,A13302203,0,0,0,0,0,0,6250370,28109940,1318370,7582100,202207.0
3,A13302204,0,0,0,0,0,0,607090,21666300,0,8935930,202207.0
4,A13385705,0,0,0,0,0,0,2047739,21537860,-319110,9705450,202207.0
5,A13302001,0,0,0,0,0,0,3779360,41230930,43800,18299730,202207.0
6,A13377302,0,0,0,0,0,0,521090,5590790,88960,2702860,202207.0
7,A13385802,0,0,0,0,0,0,925820,13572240,171120,0,202207.0
8,A13377301,0,0,0,0,0,0,503613,3766640,0,1716730,202207.0
9,A13302206,0,0,0,0,0,0,12547584,44879246,0,16411580,202207.0
10,A13388001,0,0,0,0,0,0,0,5121930,0,3764560,202207.0
11,A10027969,0,0,0,0,0,0,851595,10526790,700790,4550860,202207.0
12,A10027920,12340,0,0,0,0,0,29079494,162391430,0,30388540,202207.0
13,A10027289,0,0,0,0,0,0,43466137,121731065,350930,40848680,202207.0
14,A10026900,0,0,0,0,0,0,18950290,41089040,581210,11396190,202207.0
15,A10027432,0,0,0,0,0,0,6394879,22771270,0,4508350,202207.0
16,A10024762,,,,,,,,,,,202207.0
17,A13305006,0,0,0,0,0,0,5623540,20439620,183750,8879850,202207.0
18,A13305005,0,0,9530,0,0,0,679580,11776640,2078190,4096680,202207.0
19,A13381601,0,0,1850,0,0,0,1002070,6914500,-170,3334560,202207.0
20,A13305002,0,0,0,0,0,0,855310,14664710,0,5366740,202207.0
21,A13305003,0,0,0,0,0,0,698592,15878710,0,6657710,202207.0
22,A13305007,1561040,8055320,0,0,-3112000,3112000,3577880,33697100,3841550,0,202207.0
23,A13381608,0,0,0,0,0,0,8186970,38749070,0,0,202207.0
24,A13381604,0,0,0,0,0,0,1294830,17567660,284150,8040230,202207.0
25,A13381701,0,0,0,0,0,0,1466430,12136770,141250,0,202207.0
26,A13307202,0,0,0,0,0,0,1746248,29220150,0,11720360,202207.0
27,A13377902,0,0,0,0,0,0,21664450,0,12350000,0,202207.0
28,A13307204,0,0,0,0,0,0,35060920,132246330,-5367320,54915410,202207.0
29,A13377903,0,0,0,0,0,0,778400,10747170,0,6686020,202207.0
30,A13307201,0,0,0,0,0,0,3605540,13210100,0,4581030,202207.0
31,A13307101,0,0,0,0,0,0,5043000,21645920,0,9835520,202207.0
32,A13373101,0,0,0,0,0,0,373418,2752320,1509240,0,202207.0
33,A13377703,0,0,0,0,0,0,5969398,103000840,0,37321301,202207.0
34,A13386702,0,0,1140,0,0,0,10895670,61901060,0,25661790,202207.0
35,A13307001,8020,0,0,0,0,0,1734510,11524110,50200,0,202207.0
36,A13307002,0,0,0,0,0,0,7720957,28852253,0,8785760,202207.0
37,A13377901,0,0,0,0,0,0,280200,22306250,0,6612070,202207.0
38,A10025685,,,,,,,,,,,202207.0
39,A10026207,0,0,0,0,0,0,20779610,79148400,3426230,12736610,202207.0
40,A10025686,,,,,,,,,,,202207.0
41,A13385301,0,0,0,0,0,0,3865002,19413640,191910,7870890,202207.0
42,A13385202,0,0,0,0,0,0,613700,20036660,22110,0,202207.0
43,A13308004,0,0,0,0,0,0,3294517,31472660,0,16034670,202207.0
44,A13385303,0,0,0,0,0,0,1345670,19804900,3570,8223000,202207.0
45,A13376906,0,0,0,0,0,0,6840778,54030410,2087620,20800810,202207.0
46,A13308005,8536940,0,0,0,-7652000,7652000,3158326,46505580,4610790,0,202207.0
47,A13380104,0,0,52060,0,0,0,3488650,115449150,895740,33994210,202207.0
48,A13309103,0,0,0,0,0,0,915595,19366960,75410,10454100,202207.0
49,A13309102,0,0,0,0,0,0,2388841,42617630,159370,11405280,202207.0
50,A13309101,0,0,0,0,0,0,858261,13549020,-100,3625150,202207.0
51,A10026418,0,0,0,0,0,0,32704047,73969555,48280,22953010,202207.0
52,A13380302,0,0,0,0,0,0,26509710,64156970,331160,15368280,202207.0
53,A13380301,0,0,0,0,0,0,6485920,28975890,0,0,202207.0
54,A10027602,0,0,0,0,0,0,23424047,74157040,0,21212440,202207.0
55,A13380303,0,0,0,0,0,0,76460,13317760,0,4777420,202207.0
56,A13380602,0,0,0,0,0,0,2552284,13958440,799050,5431600,202207.0
57,A13380703,0,0,13830,0,0,0,10446020,46775800,2116870,0,202207.0
58,A13309301,0,0,9110,0,0,0,1342300,21823100,0,6631110,202207.0
59,A13379001,0,0,0,0,0,0,8300630,27482850,46340,0,202207.0
60,A13378101,0,0,0,0,0,0,1906190,10850830,91440,5141570,202207.0
61,A13380803,0,0,0,0,0,0,14663545,53232270,1555530,15646520,202207.0
62,A13378102,0,0,0,0,0,0,9955560,73337160,-854760,10771950,202207.0
63,A13380901,9580,0,0,0,0,0,3936370,14666410,0,0,202207.0
64,A13309404,0,0,0,0,0,0,5626320,54965820,50400,21963960,202207.0
65,A13309402,0,0,0,0,0,0,4085833,15532110,47170,4710400,202207.0
66,A10026470,0,0,0,0,0,0,11429373,62422060,0,10128990,202207.0
67,A13378103,0,0,0,0,0,0,163250,3117920,-120630,1331650,202207.0
68,A10023252,,,,,,,,,,,202207.0
69,A13375907,0,0,0,0,0,0,45978881,129322790,1128320,27473280,202207.0
70,A13375906,0,0,0,0,0,0,6478590,15579920,40400,5746320,202207.0
71,A13375904,0,0,0,0,0,0,584030,4258500,254260,0,202207.0
72,A13375901,12085980,0,0,0,-5740800,5740800,6835080,37365850,1311820,9801590,202207.0
73,A13310004,13086760,0,0,0,-6863500,6863500,6881407,43232830,7667990,0,202207.0
74,A13384403,0,0,25530880,0,-6829100,6829100,-4016940,28685750,10608910,0,202207.0
75,A13375905,0,0,0,0,0,0,1046550,7368560,8540,3697760,202207.0
76,A13376702,0,0,4153800,0,-4153800,4153800,8051670,29376020,0,10145500,202207.0
77,A13375903,0,0,0,0,0,0,2299230,14421590,0,0,202207.0
78,A13375902,7000000,0,0,0,0,12685500,14045420,75444170,110,20108150,202207.0
79,A13383801,0,0,0,743860,0,0,6166420,28155080,391280,0,202207.0
80,A13375908,0,0,0,0,0,0,440100,12423960,69130,5962010,202207.0
81,A10026748,0,0,0,0,0,0,41560148,142071560,-1167250,30815660,202207.0
82,A13382502,0,0,0,0,0,0,1282170,0,0,0,202207.0
83,A13311101,0,0,0,0,0,0,1750550,10583460,0,6466220,202207.0
84,A13384301,0,0,0,0,0,0,2665380,9587410,251870,5769160,202207.0
85,A13372102,0,0,1100,0,0,0,-346470,39639980,0,0,202207.0
86,A13372101,0,0,0,0,0,0,4072280,16680060,0,10719150,202207.0
87,A13376405,0,0,0,0,0,0,3001319,16757750,0,0,202207.0
88,A13384304,0,0,0,0,0,0,3120750,15565310,0,0,202207.0
89,A13392307,0,0,0,0,0,0,1761726,34410080,0,11207500,202207.0
90,A13384303,0,0,0,0,0,0,3872110,16585320,0,5443930,202207.0
91,A13381902,0,0,0,0,0,0,1514110,10016360,0,0,202207.0
92,A13382104,0,0,0,0,0,0,5516230,18596860,0,6905370,202207.0
93,A13382106,0,0,0,0,0,0,-1267310,16967240,0,5576970,202207.0
94,A10026988,0,0,0,0,0,0,30526976,130741290,1451200,8866590,202207.0
95,A10024503,12975540,213370,0,1111060,-3764000,3764000,38368569,63017560,2201520,4835250,202207.0
96,A13312303,0,0,0,0,0,0,1706120,54123090,1462830,13113660,202207.0
97,A13312302,0,0,0,0,0,0,11026120,41416370,18380,11734550,202207.0
98,A13378001,0,0,0,0,0,0,1853219,96593250,-3001200,9895300,202207.0
99,A13383301,0,0,0,0,0,0,2905186,12762664,0,4233470,202207.0
100,A13383003,0,0,0,0,0,0,1666709,8503890,0,0,202207.0
101,A13382802,0,0,0,0,0,0,2171690,9267750,-21080,3887060,202207.0
102,A13312101,0,0,0,0,0,0,14014124,13547080,3815710,3672950,202207.0
103,A10025101,,,,,,,,,,,202207.0
104,A13383702,0,0,0,0,0,0,5347576,20649540,744930,4900350,202207.0
105,A13316001,0,0,0,0,0,0,5761764,15985300,0,4918520,202207.0
