,kaptCode,heatC,heatP,gasC,gasP,waterHotC,waterHotP,electC,electP,waterCoolC,waterCoolP,Date
0,A13373302,0,0,0,0,0,0,1917020,4944600,810390,4033590,202210.0
1,A13373301,0,0,0,0,0,0,22897170,49646300,337360,19197330,202210.0
2,A13302203,0,0,0,0,0,0,5215790,18936560,1579920,7277140,202210.0
3,A13302204,0,0,0,0,0,0,425470,19309140,0,7879020,202210.0
4,A13385705,0,0,0,0,0,0,3120535,14867830,-426930,8946810,202210.0
5,A13302001,0,0,0,0,0,0,4360370,31906480,13800,16874150,202210.0
6,A13377302,0,0,0,0,0,0,872590,4731750,0,2790640,202210.0
7,A13385802,0,0,0,0,0,0,1439180,10011170,0,0,202210.0
8,A13377301,0,0,0,0,0,0,19960,2920590,0,1586850,202210.0
9,A13302206,0,0,0,0,0,0,7915266,28768340,0,15116420,202210.0
10,A13388001,0,0,0,0,0,0,0,5085780,0,3444640,202210.0
11,A10027969,0,0,0,0,0,0,1454990,8093330,530830,4435130,202210.0
12,A10027920,5440,0,0,0,0,0,20974613,88024150,0,23535070,202210.0
13,A10027289,0,0,0,0,0,0,39735775,119749860,196230,40268620,202210.0
14,A10026900,0,0,0,0,0,0,12808910,23950710,71440,10951670,202210.0
15,A10027432,0,0,0,0,0,0,4754344,11183800,0,4316130,202210.0
16,A10024762,,,,,,,,,,,202210.0
17,A13305006,0,0,0,0,0,0,5556380,14519800,159300,7711200,202210.0
18,A13305005,0,0,9590,0,0,0,2590990,8954390,960700,4241060,202210.0
19,A13381601,0,0,1100,0,0,0,1393540,5286450,40,2753430,202210.0
20,A13305002,0,0,0,0,0,0,801440,10838120,70,5455200,202210.0
21,A13305003,0,0,0,0,0,0,751962,12799530,0,6357890,202210.0
22,A13305007,3686010,39513340,0,0,-8032000,8032000,5858730,21660610,2016500,0,202210.0
23,A13381608,0,0,0,0,0,0,9336930,36562320,5222330,0,202210.0
24,A13381604,0,0,0,0,0,0,1761200,16518140,19930,6809570,202210.0
25,A13381701,0,0,0,0,0,0,2709380,7391440,167250,0,202210.0
26,A13307202,0,0,0,0,0,0,4270781,20076750,0,10387790,202210.0
27,A13377902,0,0,0,0,0,0,19648800,0,12131440,0,202210.0
28,A13307204,0,0,0,0,0,0,24572000,88818590,-4356600,53359420,202210.0
29,A13377903,0,0,0,0,0,0,866730,12118170,163370,6814450,202210.0
30,A13307201,0,0,0,0,0,0,3016080,7676830,0,4334320,202210.0
31,A13307101,0,0,0,0,0,0,5097420,17294930,0,8809570,202210.0
32,A13373101,0,0,0,0,0,0,0,2518040,1489050,0,202210.0
33,A13377703,0,0,0,0,0,0,87560110,87381670,35436651,35097278,202210.0
34,A13386702,0,0,18220,0,0,0,10301570,48979530,0,26554200,202210.0
35,A13307001,11360,0,0,0,0,0,2366430,8402140,0,0,202210.0
36,A13307002,0,0,0,0,0,0,5722730,21068580,0,8391750,202210.0
37,A13377901,0,0,0,0,0,0,433400,17406930,0,6427390,202210.0
38,A10025685,,,,,,,,,,,202210.0
39,A10026207,0,0,0,0,0,0,17756502,53113840,2107710,13528500,202210.0
40,A10025686,,,,,,,,,,,202210.0
41,A13385301,0,0,0,0,0,0,3818785,12994330,3210,7498380,202210.0
42,A13385202,0,0,0,0,0,0,1360480,12596150,0,0,202210.0
43,A13308004,0,0,0,0,0,0,3697787,21430050,0,13310480,202210.0
44,A13385303,0,0,0,0,0,0,2330600,13401560,4330,7620540,202210.0
45,A13376906,0,0,0,0,0,0,9182947,42270450,0,22127110,202210.0
46,A13308005,63195250,0,0,0,-17324000,17324000,3190426,32639860,4750000,0,202210.0
47,A13380104,0,0,14950,0,0,0,8641180,74751480,440,30407610,202210.0
48,A13309103,0,0,0,0,0,0,1583804,18480230,290110,10233940,202210.0
49,A13309102,0,0,0,0,0,0,3381861,24586830,176310,10421460,202210.0
50,A13309101,0,0,0,0,0,0,1273500,8162150,-210,3448170,202210.0
51,A10026418,0,0,0,0,0,0,36731085,55837130,52840,22339590,202210.0
52,A13380302,0,0,0,0,0,0,13516150,36601630,-4704760,19090020,202210.0
53,A13380301,0,0,0,0,0,0,6984120,20607410,1705680,12472100,202210.0
54,A10027602,0,0,0,0,0,0,16754091,41794850,0,19957490,202210.0
55,A13380303,0,0,0,0,0,0,440760,8605710,0,4504190,202210.0
56,A13380602,0,0,0,0,0,0,2943101,11273640,701660,5366870,202210.0
57,A13380703,0,0,20730,0,0,0,12102680,37156287,2913730,0,202210.0
58,A13309301,0,0,28920,0,0,0,2046370,13616760,0,6255600,202210.0
59,A13379001,0,0,0,0,0,0,6117610,20240640,0,0,202210.0
60,A13378101,0,0,0,0,0,0,1178800,10265000,91440,5150560,202210.0
61,A13380803,0,0,0,0,0,0,9190402,41728610,1037280,15407280,202210.0
62,A13378102,0,0,0,0,0,0,7857800,31770350,-162590,10202750,202210.0
63,A13380901,9310,0,0,0,0,0,4109160,7470200,238900,7358070,202210.0
64,A13309404,0,0,0,0,0,0,5915010,52183300,77700,21499920,202210.0
65,A13309402,0,0,0,0,0,0,3253575,9556160,47720,4631450,202210.0
66,A10026470,0,0,0,0,0,0,10063174,33237580,0,9235790,202210.0
67,A13378103,0,0,0,0,0,0,352120,2105380,-34770,1212400,202210.0
68,A10023252,,,,,,,,,,,202210.0
69,A13375907,0,0,0,0,0,0,27145653,66048250,1604770,28936860,202210.0
70,A13375906,0,0,0,0,0,0,6334000,15099580,35750,5750970,202210.0
71,A13375904,0,0,0,0,0,0,568850,3652580,0,0,202210.0
72,A13375901,42878600,0,0,0,-8451300,8451300,8167110,21869450,772960,10888780,202210.0
73,A13310004,11273640,36057210,0,0,-12152000,12152000,5021580,33610430,3645600,0,202210.0
74,A13384403,0,0,17002240,0,-9362400,9362400,4854550,18087540,11343050,0,202210.0
75,A13375905,0,0,0,0,0,0,1179600,5364350,46800,3425400,202210.0
76,A13376702,-27072500,27072500,33059230,0,-5986900,5986900,5650630,19847310,0,9139360,202210.0
77,A13375903,0,0,0,0,0,0,2345080,10236700,-88400,10840650,202210.0
78,A13375902,16515110,36231740,0,0,0,25819650,16104190,44492600,0,19545310,202210.0
79,A13383801,0,0,0,742120,0,0,4024310,22399880,281400,0,202210.0
80,A13375908,0,0,0,0,0,0,2023650,8381610,65320,5062020,202210.0
81,A10026748,0,0,0,0,0,0,9190084,81248830,-3171030,29306180,202210.0
82,A13382502,0,0,0,0,0,0,1176600,0,0,0,202210.0
83,A13311101,0,0,0,0,0,0,1568330,6866880,0,0,202210.0
84,A13384301,0,0,0,0,0,0,1994320,5001550,0,0,202210.0
85,A13372102,0,0,1100,0,0,0,2511130,28166280,320800,0,202210.0
86,A13372101,0,0,0,0,0,0,2647701,11784610,0,0,202210.0
87,A13376405,0,0,0,0,0,0,3438835,12153230,0,0,202210.0
88,A13384304,0,0,0,0,0,0,3363090,10462060,54600,10774680,202210.0
89,A13392307,0,0,0,0,0,0,26024151,0,11529460,0,202210.0
90,A13384303,0,0,0,0,0,0,2652740,10695140,0,5175370,202210.0
91,A13381902,0,0,0,0,0,0,1861360,7111600,272500,0,202210.0
92,A13382104,0,0,0,0,0,0,3888730,12938990,0,6621540,202210.0
93,A13382106,0,0,0,0,0,0,671400,11101070,0,5296090,202210.0
94,A10026988,0,0,0,0,0,0,18702410,74188750,1451200,8152640,202210.0
95,A10024503,24955600,8570210,0,938000,-3920000,3920000,23957317,39824490,2033044,4500300,202210.0
96,A13312303,0,0,0,0,0,0,1651019,34220500,265970,13131760,202210.0
97,A13312302,0,0,0,0,0,0,7206270,26520290,12550,11043020,202210.0
98,A13378001,0,0,0,0,0,0,12362928,31377510,0,9210560,202210.0
99,A13383301,0,0,0,0,0,0,2347380,8571020,0,4473050,202210.0
100,A13383003,0,0,0,0,0,0,1497094,8350880,0,0,202210.0
101,A13382802,0,0,0,0,0,0,2661340,6853380,-21010,3806470,202210.0
102,A13312101,0,0,0,0,0,0,10820200,7981180,3827640,3297990,202210.0
103,A10025101,,,,,,,,,,,202210.0
104,A13383702,0,0,0,0,0,0,4835238,14644040,441770,4761250,202210.0
105,A13316001,0,0,0,0,0,0,4869815,11548530,219360,4804960,202210.0
