,kaptCode,heatC,heatP,gasC,gasP,waterHotC,waterHotP,electC,electP,waterCoolC,waterCoolP,Date
0,A13373302,0,0,0,0,0,0,1636434,4630800,0,0,202203.0
1,A13373301,0,0,0,0,0,0,19137250,40971630,0,18669930,202203.0
2,A13302203,0,0,0,0,0,0,4890610,18233100,871990,7457610,202203.0
3,A13302204,0,0,0,0,0,0,1105620,18240560,0,8666980,202203.0
4,A13385705,0,0,0,0,0,0,3827821,13420860,595450,8432150,202203.0
5,A13302001,0,0,0,0,0,0,5643970,28989260,-16020,16856470,202203.0
6,A13377302,0,0,0,0,0,0,1272570,4502220,54920,1938600,202203.0
7,A13385802,0,0,0,0,0,0,1658230,9266670,229910,0,202203.0
8,A13377301,0,0,0,0,0,0,1466100,2657160,0,1874960,202203.0
9,A13302206,0,0,0,0,0,0,7746735,27168790,90,16395400,202203.0
10,A13388001,0,0,0,0,0,0,0,3419490,0,3567540,202203.0
11,A10027969,0,0,0,0,0,0,2324520,5376660,999100,3974970,202203.0
12,A10027920,248390,0,0,0,0,0,18387633,88522520,0,28063960,202203.0
13,A10027289,0,0,0,0,0,0,45379615,100486190,0,39012600,202203.0
14,A10026900,0,0,0,0,0,0,11916650,21717010,240100,11174450,202203.0
15,A10027432,0,0,0,0,0,0,5828062,11065560,131330,4420830,202203.0
16,A10024762,,,,,,,,,,,202203.0
17,A13305006,-150,34966980,0,0,0,11575000,1961020,11882420,517250,5917800,202203.0
18,A13305005,0,0,13330,0,0,0,2347100,6874710,1565030,3371920,202203.0
19,A13381601,0,0,2440,0,0,0,1766930,4617480,10,2474540,202203.0
20,A13305002,0,0,0,0,0,0,870420,10761500,30,4804840,202203.0
21,A13305003,0,0,0,0,0,0,919355,11501010,0,5710250,202203.0
22,A13305007,8103820,55668710,0,0,-14444000,14444000,6150620,18293660,4505680,0,202203.0
23,A13381608,0,0,0,0,0,0,4173480,41105010,0,0,202203.0
24,A13381604,0,0,0,0,0,0,1358240,15512800,383370,6733130,202203.0
25,A13381701,0,0,0,0,0,0,2439750,7065280,52425,0,202203.0
26,A13307202,0,0,0,0,0,0,4510075,19156810,0,11685230,202203.0
27,A13377902,0,0,0,0,0,0,19436830,0,11113460,0,202203.0
28,A13307204,0,0,0,0,0,0,21944310,85707510,-3658430,48048790,202203.0
29,A13377903,0,0,0,0,0,0,1481328,10340910,72800,6897150,202203.0
30,A13307201,0,0,0,0,0,0,2475170,7779400,0,4239250,202203.0
31,A13307101,0,0,0,0,0,0,4826120,16481150,0,8755360,202203.0
32,A13373101,0,0,0,0,0,0,798440,2085630,1098690,0,202203.0
33,A13377703,0,0,0,0,0,0,11058478,82755920,0,39061349,202203.0
34,A13386702,0,0,385690,0,0,0,16431250,45731200,0,29153790,202203.0
35,A13307001,311670,0,0,0,0,0,1921270,7998120,208330,0,202203.0
36,A13307002,0,0,0,0,0,0,8324900,18421060,-620580,8643200,202203.0
37,A13377901,0,0,0,0,0,0,746730,15164630,0,6739000,202203.0
38,A10025685,,,,,,,,,,,202203.0
39,A10026207,0,0,0,0,0,0,21682799,42843100,2506020,12410090,202203.0
40,A10025686,,,,,,,,,,,202203.0
41,A13385301,0,0,0,0,0,0,3956170,11976600,108450,7010220,202203.0
42,A13385202,0,0,0,0,0,0,1431340,11210500,24000,0,202203.0
43,A13308004,0,0,0,0,0,0,3801484,19054280,0,13086910,202203.0
44,A13385303,0,0,0,0,0,0,2374380,11767750,18450,7204100,202203.0
45,A13376906,0,0,0,0,0,0,11940264,38044940,499950,20332650,202203.0
46,A13308005,76287960,0,0,0,-19744000,19744000,4025078,30082080,5372590,0,202203.0
47,A13380104,0,0,546600,0,0,0,5826590,72918830,1457640,33036490,202203.0
48,A13309103,0,0,0,0,0,0,1679121,16055160,17800,9447010,202203.0
49,A13309102,0,0,0,0,0,0,2134684,24405150,139090,10951160,202203.0
50,A13309101,0,0,0,0,0,0,874810,8356360,300,3659440,202203.0
51,A10026418,0,0,0,0,0,0,20124917,47710280,2746580,20875020,202203.0
52,A13380302,0,0,0,0,0,0,17238020,31533660,305960,12346280,202203.0
53,A13380301,0,0,0,0,0,0,7995450,18546470,0,0,202203.0
54,A10027602,0,0,0,0,0,0,15949624,39802370,0,19152660,202203.0
55,A13380303,0,0,0,0,0,0,158780,7816170,0,4389860,202203.0
56,A13380602,0,0,0,0,0,0,4258425,9968480,564390,5278180,202203.0
57,A13380703,0,0,776160,0,0,0,8369790,35608160,3114280,0,202203.0
58,A13309301,0,0,251600,0,0,0,1109210,13464000,0,6288970,202203.0
59,A13379001,0,0,0,0,0,0,8219330,16337290,13990,0,202203.0
60,A13378101,0,0,0,0,0,0,946920,9942500,99060,5567350,202203.0
61,A13380803,0,0,0,0,0,0,10762390,36250920,747900,15908650,202203.0
62,A13378102,0,0,0,0,0,0,6909610,32141700,734730,9969130,202203.0
63,A13380901,113610,0,0,0,0,0,3197990,8091330,0,0,202203.0
64,A13309404,0,0,0,0,0,0,7991940,48515200,38250,21175680,202203.0
65,A13309402,0,0,0,0,0,0,3086155,9143260,49630,4943340,202203.0
66,A10026470,0,0,0,0,0,0,9446731,33218600,0,9794850,202203.0
67,A13378103,0,0,0,0,0,0,170190,2182910,36590,1112480,202203.0
68,A10023252,,,,,,,,,,,202203.0
69,A13375907,0,0,0,0,0,0,35668194,62976010,0,27238840,202203.0
70,A13375906,0,0,0,0,0,0,4396430,11689830,608410,5515630,202203.0
71,A13375904,0,0,0,0,0,0,845410,2843380,107330,0,202203.0
72,A13375901,66260150,0,0,0,-11551800,11551800,15225520,21270680,2366080,9371260,202203.0
73,A13310004,17272130,78204030,0,0,-19652500,19652500,8717956,29337730,4611810,0,202203.0
74,A13384403,-81892590,81892590,100286470,0,-9296100,9296100,1744560,7672170,10652670,0,202203.0
75,A13375905,0,0,0,0,0,0,2091470,4436890,127510,2421140,202203.0
76,A13376702,-46213460,46213460,53310630,0,-7100100,7100100,7649060,19011430,1122470,8128670,202203.0
77,A13375903,0,0,282170,0,0,0,2130800,9741930,0,0,202203.0
78,A13375902,17592243,62841920,0,0,0,23591100,15126777,42641640,0,20129410,202203.0
79,A13383801,0,0,0,822530,0,0,5349520,19986950,675360,0,202203.0
80,A13375908,0,0,0,0,0,0,2824600,7026950,-643060,5700140,202203.0
81,A10026748,0,0,0,0,0,0,29369592,78042730,1218110,30405870,202203.0
82,A13382502,0,0,0,0,0,0,1442950,0,0,0,202203.0
83,A13311101,0,0,0,0,0,0,800260,6986880,0,6412960,202203.0
84,A13384301,0,0,0,0,0,0,2036100,5685570,292560,5438670,202203.0
85,A13372102,0,0,224220,0,0,0,2466440,25601580,0,0,202203.0
86,A13372101,0,0,0,0,0,0,3394740,10917500,0,10589010,202203.0
87,A13376405,109190,0,0,0,0,0,3787510,10885770,0,0,202203.0
88,A13384304,0,0,0,0,0,0,3347270,9487760,0,0,202203.0
89,A13392307,0,0,0,0,0,0,1504101,22790440,0,9193130,202203.0
90,A13384303,0,0,0,0,0,0,2772030,9337260,0,5296640,202203.0
91,A13381902,0,0,0,0,0,0,1996460,6476810,0,0,202203.0
92,A13382104,0,0,0,0,0,0,3983320,12523000,0,6703510,202203.0
93,A13382106,0,0,0,0,0,0,499920,10007120,237540,5075350,202203.0
94,A10026988,0,0,0,0,0,0,19433727,48568920,1451200,7945730,202203.0
95,A10024503,22231800,22237410,0,1035570,-6292000,6292000,27488975,30156190,2071896,4570650,202203.0
96,A13312303,0,0,0,0,0,0,721412,33026040,540,12014340,202203.0
97,A13312302,0,0,0,0,0,0,5806050,26079380,14880,11652420,202203.0
98,A13378001,0,0,0,0,0,0,13127310,28543070,-2044780,8192880,202203.0
99,A13383301,0,0,0,0,0,0,2092650,8539720,0,3589990,202203.0
100,A13383003,0,0,0,0,0,0,2256032,7884800,0,0,202203.0
101,A13382802,0,0,0,0,0,0,2962950,5873040,-10500,3759870,202203.0
102,A13312101,0,0,0,0,0,0,2613580,7068460,0,3642130,202203.0
103,A10025101,,,,,,,,,,,202203.0
104,A13383702,0,0,0,0,0,0,3880622,13508740,1676190,4696250,202203.0
105,A13316001,0,0,0,0,0,0,4902705,10656490,0,4488770,202203.0
