,kaptCode,heatC,heatP,gasC,gasP,waterHotC,waterHotP,electC,electP,waterCoolC,waterCoolP,Date
0,A13373302,0,0,0,0,0,0,968129,7143640,1104040,4126130,202206.0
1,A13373301,0,0,0,0,0,0,21560070,44114250,596820,20084670,202206.0
2,A13302203,0,0,0,0,0,0,6046610,22417970,1297000,7353570,202206.0
3,A13302204,0,0,0,0,0,0,509190,17735750,0,8599650,202206.0
4,A13385705,0,0,0,0,0,0,3611365,14145360,-653450,9588710,202206.0
5,A13302001,0,0,0,0,0,0,4248740,29366920,134000,16960990,202206.0
6,A13377302,0,0,0,0,0,0,798118,4931450,229510,3009090,202206.0
7,A13385802,0,0,0,0,0,0,1449820,9219620,0,0,202206.0
8,A13377301,0,0,0,0,0,0,0,3254540,0,1444550,202206.0
9,A13302206,0,0,0,0,0,0,8398301,34236860,0,15841400,202206.0
10,A13388001,0,0,0,0,0,0,0,3797960,0,3466430,202206.0
11,A10027969,0,0,0,0,0,0,-513930,7260150,-368670,4601440,202206.0
12,A10027920,31300,0,0,0,0,0,27564234,98270350,0,28691880,202206.0
13,A10027289,0,0,0,0,0,0,24315308,101381130,689730,43112200,202206.0
14,A10026900,0,0,0,0,0,0,11724120,26964820,279430,10984760,202206.0
15,A10027432,0,0,0,0,0,0,5623269,12579000,0,4203680,202206.0
16,A10024762,,,,,,,,,,,202206.0
17,A13305006,-340,2546730,0,0,0,6000000,3882300,13731080,641250,6917400,202206.0
18,A13305005,0,0,11620,0,0,0,1768480,7844910,1301470,4065620,202206.0
19,A13381601,0,0,1840,0,0,0,1528680,4542260,160,2852920,202206.0
20,A13305002,0,0,0,0,0,0,847240,11365490,-50,4820440,202206.0
21,A13305003,0,0,0,0,0,0,953398,11685360,0,5818200,202206.0
22,A13305007,4847420,8455860,0,0,-8144000,8144000,4936210,21603170,4631780,0,202206.0
23,A13381608,0,0,0,0,0,0,9462890,33298010,5636790,0,202206.0
24,A13381604,0,0,0,0,0,0,1673170,15221030,398450,7386790,202206.0
25,A13381701,0,0,0,0,0,0,2496840,7460440,141250,0,202206.0
26,A13307202,0,0,0,0,0,0,3723625,20328130,0,11586950,202206.0
27,A13377902,0,0,0,0,0,0,19619700,0,10205280,0,202206.0
28,A13307204,0,0,0,0,0,0,26663600,86771320,-4719730,53269560,202206.0
29,A13377903,0,0,0,0,0,0,685040,10044360,0,6911840,202206.0
30,A13307201,0,0,0,0,0,0,2800880,10585690,0,4654510,202206.0
31,A13307101,0,0,0,0,0,0,4135580,16148160,0,9891980,202206.0
32,A13373101,0,0,0,0,0,0,171070,2311120,1573500,0,202206.0
33,A13377703,0,0,0,0,0,0,7572539,79720340,0,38272759,202206.0
34,A13386702,0,0,8520,0,0,0,14047740,43121200,0,27442710,202206.0
35,A13307001,13750,0,0,0,0,0,1936620,8274360,0,0,202206.0
36,A13307002,0,0,0,0,0,0,26357190,0,8819300,0,202206.0
37,A13377901,0,0,0,0,0,0,539950,16080400,0,6446340,202206.0
38,A10025685,,,,,,,,,,,202206.0
39,A10026207,0,0,0,0,0,0,13344523,47776380,3400920,13311960,202206.0
40,A10025686,,,,,,,,,,,202206.0
41,A13385301,0,0,0,0,0,0,3885433,12248930,313950,7709530,202206.0
42,A13385202,0,0,0,0,0,0,1210260,13710690,0,0,202206.0
43,A13308004,0,0,0,0,0,0,3574570,21198020,0,14889400,202206.0
44,A13385303,0,0,0,0,0,0,1706260,13681970,98670,8309780,202206.0
45,A13376906,0,0,0,0,0,0,9169403,38352160,0,22833840,202206.0
46,A13308005,16950970,0,0,0,-11808000,11808000,2686826,31811300,5000000,0,202206.0
47,A13380104,0,0,99760,0,0,0,2583130,88886330,1087550,33104570,202206.0
48,A13309103,0,0,0,0,0,0,745356,13692600,16220,9397560,202206.0
49,A13309102,0,0,0,0,0,0,2714783,29115780,138110,11009450,202206.0
50,A13309101,0,0,0,0,0,0,1027010,10696740,220,3624830,202206.0
51,A10026418,0,0,0,0,0,0,19035573,49298970,2369160,21895300,202206.0
52,A13380302,0,0,0,0,0,0,19297910,39621320,364960,14268860,202206.0
53,A13380301,0,0,0,0,0,0,6391340,19600360,756520,13965500,202206.0
54,A10027602,0,0,0,0,0,0,14195655,46631790,0,21443180,202206.0
55,A13380303,0,0,0,0,0,0,-322270,10370070,0,4525510,202206.0
56,A13380602,0,0,0,0,0,0,2955919,10176190,872380,5121820,202206.0
57,A13380703,0,0,20330,0,0,0,7598022,36848970,2116880,0,202206.0
58,A13309301,0,0,13350,0,0,0,964690,14508990,0,6333260,202206.0
59,A13379001,0,0,0,0,0,0,6708480,17268360,0,0,202206.0
60,A13378101,0,0,0,0,0,0,1301630,10245230,99060,5476040,202206.0
61,A13380803,0,0,0,0,0,0,9841910,37519390,1374760,14803080,202206.0
62,A13378102,0,0,0,0,0,0,9677540,49939670,-1331950,11248490,202206.0
63,A13380901,15560,0,0,0,0,0,2821560,9468520,776370,7027340,202206.0
64,A13309404,0,0,0,0,0,0,5976710,46152330,40950,22715790,202206.0
65,A13309402,0,0,0,0,0,0,2818296,11608850,44100,4452140,202206.0
66,A10026470,0,0,0,0,0,0,10797319,38546210,0,10079560,202206.0
67,A13378103,0,0,0,0,0,0,134610,2547520,-79120,1341590,202206.0
68,A10023252,,,,,,,,,,,202206.0
69,A13375907,0,0,0,0,0,0,37857025,77260500,883210,28886100,202206.0
70,A13375906,0,0,0,0,0,0,4458280,12118640,86610,5855740,202206.0
71,A13375904,0,0,0,0,0,0,767890,3256660,0,0,202206.0
72,A13375901,12883880,0,0,0,-7577700,7577700,4842080,21722920,1042900,9861210,202206.0
73,A13310004,18769480,0,0,0,-11434500,11434500,7378599,28900810,3430350,0,202206.0
74,A13384403,-15462010,15462010,34851540,0,-8798400,8798400,-6710900,16208640,11475920,0,202206.0
75,A13375905,0,0,0,0,0,0,1584600,5262790,0,3756560,202206.0
76,A13376702,0,0,5471700,0,-5471700,5471700,6601380,19127570,291710,9462390,202206.0
77,A13375903,0,0,0,0,0,0,1593120,10182470,-88470,11010110,202206.0
78,A13375902,7000000,0,0,0,0,16573500,20855470,58031820,535990,19880330,202206.0
79,A13383801,0,0,0,821170,0,0,4531370,20581820,503840,0,202206.0
80,A13375908,0,0,0,0,0,0,743550,10403470,65370,5787270,202206.0
81,A10026748,0,0,0,0,0,0,30397012,90448640,-256330,29215610,202206.0
82,A13382502,0,0,0,0,0,0,1135700,0,0,0,202206.0
83,A13311101,0,0,0,0,0,0,188010,7860170,0,0,202206.0
84,A13384301,0,0,0,0,0,0,1870990,5786080,0,0,202206.0
85,A13372102,0,0,1100,0,0,0,2413410,27552930,0,0,202206.0
86,A13372101,0,0,0,0,0,0,3402770,11027300,0,0,202206.0
87,A13376405,5720,0,0,0,0,0,3361546,11329600,0,0,202206.0
88,A13384304,0,0,0,0,0,0,3006520,10866110,62130,12073410,202206.0
89,A13392307,0,0,0,0,0,0,1718017,23842680,0,10430080,202206.0
90,A13384303,0,0,0,0,0,0,2796670,10207900,0,5202240,202206.0
91,A13381902,0,0,0,0,0,0,1763760,6852390,88970,0,202206.0
92,A13382104,0,0,0,0,0,0,4750970,11875980,0,6496870,202206.0
93,A13382106,0,0,0,0,0,0,465810,10854360,0,5632730,202206.0
94,A10026988,0,0,0,0,0,0,21111375,70471190,1451200,8944090,202206.0
95,A10024503,13267750,284770,0,1005010,-4532000,4532000,27435919,35944520,2590393,4848900,202206.0
96,A13312303,0,0,0,0,0,0,1575350,33856510,349020,13344870,202206.0
97,A13312302,0,0,0,0,0,0,5992520,27055970,16060,11610090,202206.0
98,A13378001,0,0,0,0,0,0,10623263,41402330,0,9807570,202206.0
99,A13383301,0,0,0,0,0,0,2782630,7993970,0,4819910,202206.0
100,A13383003,0,0,0,0,0,0,390887,8503890,0,0,202206.0
101,A13382802,0,0,0,0,0,0,2414410,6337780,-21070,3675190,202206.0
102,A13312101,0,0,0,0,0,0,10235780,10912200,3606650,3815710,202206.0
103,A10025101,,,,,,,,,,,202206.0
104,A13383702,0,0,0,0,0,0,4580459,13794900,525500,4704700,202206.0
105,A13316001,0,0,0,0,0,0,4176616,11126040,318970,4922120,202206.0
