,kaptCode,heatC,heatP,gasC,gasP,waterHotC,waterHotP,electC,electP,waterCoolC,waterCoolP,Date
0,A13373302,0,0,0,0,0,0,2562218,4000430,230220,3443640,202202.0
1,A13373301,0,0,0,0,0,0,24907170,48789470,262180,21690650,202202.0
2,A13302203,0,0,0,0,0,0,5990230,16525770,1792100,6667700,202202.0
3,A13302204,0,0,0,0,0,0,1473700,21795130,0,8282620,202202.0
4,A13385705,0,0,0,0,0,0,4895950,16876830,-928750,9503080,202202.0
5,A13302001,0,0,0,0,0,0,6624580,35711100,73980,17320420,202202.0
6,A13377302,0,0,0,0,0,0,1362340,4209320,163330,2599090,202202.0
7,A13385802,0,0,0,0,0,0,1985420,11283330,0,0,202202.0
8,A13377301,0,0,0,0,0,0,1281000,2574000,0,1713990,202202.0
9,A13302206,0,0,0,0,0,0,7518680,24651140,570,14407270,202202.0
10,A13388001,0,0,0,0,0,0,0,4951340,0,3069110,202202.0
11,A10027969,0,0,0,0,0,0,1464310,7788340,-418500,4644340,202202.0
12,A10027920,239230,0,0,0,0,0,23959787,79629710,0,26782240,202202.0
13,A10027289,0,0,0,0,0,0,63214588,117611830,161983,42643650,202202.0
14,A10026900,0,0,0,0,0,0,15663130,19523610,344040,10019980,202202.0
15,A10027432,0,0,0,0,0,0,4058778,9985550,454080,3949390,202202.0
16,A10024762,,,,,,,,,,,202202.0
17,A13305006,-80,47293360,0,0,0,13655000,5505390,14503700,31200,5152350,202202.0
18,A13305005,0,0,17330,0,0,0,3422440,8604160,2046730,4191110,202202.0
19,A13381601,0,0,1770,0,0,0,2278520,5596290,-130,3169890,202202.0
20,A13305002,0,0,0,0,0,0,868850,12024290,-10,4749920,202202.0
21,A13305003,0,0,0,0,0,0,984378,13508270,0,5632280,202202.0
22,A13305007,5490900,85451290,0,0,-11760000,11760000,8781260,22980320,3165840,0,202202.0
23,A13381608,0,0,0,0,0,0,16501440,35179570,6202130,0,202202.0
24,A13381604,0,0,0,0,0,0,1818440,17490800,407170,7364000,202202.0
25,A13381701,0,0,0,0,0,0,2570770,8419150,52425,0,202202.0
26,A13307202,0,0,0,0,0,0,4455102,18339540,0,11295300,202202.0
27,A13377902,0,0,0,0,0,0,17873800,0,9294610,0,202202.0
28,A13307204,0,0,0,0,0,0,20773480,81651360,-4012600,52477680,202202.0
29,A13377903,0,0,0,0,0,0,3876459,12292660,72800,6068340,202202.0
30,A13307201,0,0,0,0,0,0,2409040,7115230,0,3970770,202202.0
31,A13307101,0,0,0,0,0,0,4880930,20399820,203280,9531280,202202.0
32,A13373101,0,0,0,0,0,0,1252910,2589460,1612740,0,202202.0
33,A13377703,0,0,0,0,0,0,10572390,100508470,0,41102335,202202.0
34,A13386702,0,0,638020,0,0,0,18988170,54849280,0,27250330,202202.0
35,A13307001,428590,0,0,0,0,0,3026920,8505820,0,0,202202.0
36,A13307002,0,0,0,0,0,0,8902320,23654810,0,9343460,202202.0
37,A13377901,0,0,0,0,0,0,496080,18317670,0,6062950,202202.0
38,A10025685,,,,,,,,,,,202202.0
39,A10026207,0,0,0,0,0,0,26808650,51438220,845670,15373840,202202.0
40,A10025686,,,,,,,,,,,202202.0
41,A13385301,0,0,0,0,0,0,4771488,14021420,13760,7773680,202202.0
42,A13385202,0,0,0,0,0,0,1518350,13447940,0,0,202202.0
43,A13308004,0,0,0,0,0,0,4887634,22962320,0,12063370,202202.0
44,A13385303,0,0,0,0,0,0,3057410,14435460,840840,7473060,202202.0
45,A13376906,0,0,0,0,0,0,14350272,43725660,-208040,21262340,202202.0
46,A13308005,112132700,0,0,0,-21796000,21796000,4437857,38632580,5300000,0,202202.0
47,A13380104,0,0,679370,0,0,0,8161730,66821630,822480,29387510,202202.0
48,A13309103,0,0,0,0,0,0,2934668,14871360,66030,7681750,202202.0
49,A13309102,0,0,0,0,0,0,2642122,22684520,132880,10121200,202202.0
50,A13309101,0,0,0,0,0,0,1166460,7516770,-100,3252520,202202.0
51,A10026418,0,0,0,0,0,0,41914952,48368000,1783420,18951430,202202.0
52,A13380302,0,0,0,0,0,0,26419400,34891710,398840,15252930,202202.0
53,A13380301,0,0,0,0,0,0,9742860,21920740,1551360,13220660,202202.0
54,A10027602,0,0,0,0,0,0,16175575,35613780,0,21263680,202202.0
55,A13380303,0,0,0,0,0,0,367380,6972450,0,3722170,202202.0
56,A13380602,0,0,0,0,0,0,4776808,12015210,212490,5287330,202202.0
57,A13380703,0,0,1113680,0,0,0,9509313,43607680,3114290,0,202202.0
58,A13309301,0,0,324860,0,0,0,1727050,11913730,0,5887520,202202.0
59,A13379001,0,0,0,0,0,0,9999880,19746170,0,0,202202.0
60,A13378101,0,0,0,0,0,0,1256630,9098800,91440,5669760,202202.0
61,A13380803,0,0,0,0,0,0,12882770,43364750,365510,15576500,202202.0
62,A13378102,0,0,0,0,0,0,8532010,28648950,382960,10366070,202202.0
63,A13380901,135320,0,0,0,0,0,3364000,7314150,37200,7478780,202202.0
64,A13309404,0,0,0,0,0,0,7581270,57640300,38700,21410610,202202.0
65,A13309402,0,0,0,0,0,0,3075137,8207990,45520,4477060,202202.0
66,A10026470,0,0,0,0,0,0,12749022,29643960,0,9411810,202202.0
67,A13378103,0,0,0,0,0,0,226960,1968240,-113340,1212850,202202.0
68,A10023252,,,,,,,,,,,202202.0
69,A13375907,0,0,0,0,0,0,34492222,55687740,239670,29303120,202202.0
70,A13375906,0,0,0,0,0,0,6832660,13891900,664490,5429040,202202.0
71,A13375904,0,0,0,0,0,0,1208980,3706710,0,0,202202.0
72,A13375901,91295060,0,0,0,-11653200,11653200,18996320,23439190,2008730,9972160,202202.0
73,A13310004,10378350,106750950,0,0,-14693000,14693000,17965653,41091350,3148500,0,202202.0
74,A13384403,-62984660,62984660,117756239,0,-8309400,8309400,8283933,15987410,12195980,0,202202.0
75,A13375905,0,0,0,0,0,0,1988580,6715770,87180,2919700,202202.0
76,A13376702,-64563880,64563880,73112710,0,-8544500,8544500,8299010,17141710,1231190,8970060,202202.0
77,A13375903,0,0,301780,0,0,0,2037440,11817610,0,11053710,202202.0
78,A13375902,9619810,106726900,0,0,0,22963200,15213970,37750640,3486530,16000860,202202.0
79,A13383801,0,0,-697560,697560,0,0,8669680,24474720,410040,0,202202.0
80,A13375908,0,0,0,0,0,0,2243990,6997240,50920,5660520,202202.0
81,A10026748,0,0,0,0,0,0,29111241,72254240,530810,27584190,202202.0
82,A13382502,0,0,0,0,0,0,1654210,0,0,0,202202.0
83,A13311101,0,0,0,0,0,0,1704130,8415730,0,0,202202.0
84,A13384301,0,0,0,0,0,0,2713920,4565700,0,0,202202.0
85,A13372102,0,0,491670,0,0,0,4253150,30626850,0,0,202202.0
86,A13372101,0,0,0,0,0,0,4204000,13344080,0,0,202202.0
87,A13376405,155280,0,0,0,0,0,4554542,13134500,0,0,202202.0
88,A13384304,0,0,0,0,0,0,3863060,12055980,12511690,0,202202.0
89,A13392307,0,0,0,0,0,0,1604551,27171230,0,10167030,202202.0
90,A13384303,0,0,0,0,0,0,3249400,10953300,0,4786370,202202.0
91,A13381902,0,0,0,0,0,0,2258550,7799550,792780,0,202202.0
92,A13382104,0,0,0,0,0,0,4758690,16252200,0,6628240,202202.0
93,A13382106,0,0,0,0,0,0,1227350,12751930,0,5398640,202202.0
94,A10026988,0,0,0,0,0,0,25045710,58843820,1451200,8927750,202202.0
95,A10024503,30701670,37222500,0,983620,-7176000,7176000,34799433,38080470,2025112,5017950,202202.0
96,A13312303,0,0,0,0,0,0,2239448,29458870,70,15463960,202202.0
97,A13312302,0,0,0,0,0,0,5751550,23704170,10580,10642370,202202.0
98,A13378001,0,0,0,0,0,0,16112465,34833790,0,8990720,202202.0
99,A13383301,0,0,0,0,0,0,3196800,8609190,0,4477680,202202.0
100,A13383003,0,0,0,0,0,0,2648810,9086200,0,0,202202.0
101,A13382802,0,0,0,0,0,0,3373450,6964250,-10790,3675230,202202.0
102,A13312101,0,0,0,0,0,0,3780530,8310550,-50,3500700,202202.0
103,A10025101,,,,,,,,,,,202202.0
104,A13383702,0,0,0,0,0,0,5540827,15179410,661520,4520590,202202.0
105,A13316001,0,0,0,0,0,0,6440552,12953380,0,5008720,202202.0
