,kaptCode,heatC,heatP,gasC,gasP,waterHotC,waterHotP,electC,electP,waterCoolC,waterCoolP,Date
0,A13373302,0,0,0,0,0,0,2387306,5008470,0,0,202211.0
1,A13373301,0,0,0,0,0,0,23104070,47369270,0,17734660,202211.0
2,A13302203,0,0,0,0,0,0,6932630,18926560,480030,7815120,202211.0
3,A13302204,0,0,0,0,0,0,531260,21187420,0,9032020,202211.0
4,A13385705,0,0,0,0,0,0,2625434,16524740,59970,9618030,202211.0
5,A13302001,0,0,0,0,0,0,4479660,33461390,43890,16120750,202211.0
6,A13377302,0,0,0,0,0,0,978030,4918390,136660,2791700,202211.0
7,A13385802,0,0,0,0,0,0,1516230,10869030,113570,0,202211.0
8,A13377301,0,0,0,0,0,0,27050,2991270,0,1581270,202211.0
9,A13302206,0,0,0,0,0,0,8874069,28891540,0,15431060,202211.0
10,A13388001,0,0,0,0,0,0,0,5111570,0,3373280,202211.0
11,A10027969,0,0,0,0,0,0,2105130,7678240,-1686510,4393530,202211.0
12,A10027920,15180,0,0,0,0,0,26330683,87346530,0,23335930,202211.0
13,A10027289,0,0,0,0,0,0,30666044,115264890,-507930,41233370,202211.0
14,A10026900,0,0,0,0,0,0,13302490,23423680,114250,10436480,202211.0
15,A10027432,0,0,0,0,0,0,4653426,11199520,87850,4382510,202211.0
16,A10024762,,,,,,,,,,,202211.0
17,A13305006,0,0,0,0,0,0,5496080,16029550,156950,7398300,202211.0
18,A13305005,0,0,10880,0,0,0,2569290,8327220,1657060,3910880,202211.0
19,A13381601,0,0,2020,0,0,0,1853700,5121450,-80,2949640,202211.0
20,A13305002,0,0,0,0,0,0,910360,9484510,80,5184530,202211.0
21,A13305003,0,0,0,0,0,0,1514794,12812110,0,5858680,202211.0
22,A13305007,8054480,56964920,0,0,-11812000,11812000,7059420,23656130,2599260,0,202211.0
23,A13381608,0,0,0,0,0,0,10397870,37968170,0,0,202211.0
24,A13381604,0,0,0,0,0,0,2217310,16860970,25490,6264850,202211.0
25,A13381701,0,0,0,0,0,0,2470500,8546110,168000,0,202211.0
26,A13307202,0,0,0,0,0,0,4538539,19739600,0,9587030,202211.0
27,A13377902,0,0,0,0,0,0,21134580,0,10669850,0,202211.0
28,A13307204,0,0,0,0,0,0,27056840,88361940,-5084580,52546050,202211.0
29,A13377903,0,0,0,0,0,0,2587144,12118170,29120,6814450,202211.0
30,A13307201,0,0,0,0,0,0,3031350,7977180,0,4508030,202211.0
31,A13307101,0,0,0,0,0,0,4830410,18298080,0,9629710,202211.0
32,A13373101,0,0,0,0,0,0,483520,2474840,1532820,0,202211.0
33,A13377703,0,0,0,0,0,0,4229353,90378101,0,40216985,202211.0
34,A13386702,0,0,63110,0,0,0,12147930,51236720,0,26968800,202211.0
35,A13307001,179430,0,0,0,0,0,2286870,8771960,263550,0,202211.0
36,A13307002,0,0,0,0,0,0,6509640,21253730,0,8754550,202211.0
37,A13377901,0,0,0,0,0,0,932290,17228680,0,6055470,202211.0
38,A10025685,,,,,,,,,,,202211.0
39,A10026207,0,0,0,0,0,0,19092219,48459880,2883300,12485280,202211.0
40,A10025686,,,,,,,,,,,202211.0
41,A13385301,0,0,0,0,0,0,3949993,13665820,13010,7763930,202211.0
42,A13385202,0,0,0,0,0,0,1380920,13403870,189390,0,202211.0
43,A13308004,0,0,0,0,0,0,4003450,22899930,0,13668750,202211.0
44,A13385303,0,0,0,0,0,0,2423710,14533380,6070,7891650,202211.0
45,A13376906,0,0,0,0,0,0,10471273,42248830,480520,20435370,202211.0
46,A13308005,119396960,0,0,0,-18408000,18408000,3787018,36144500,4860790,0,202211.0
47,A13380104,0,0,134570,0,0,0,10188000,76075810,406530,31255130,202211.0
48,A13309103,0,0,0,0,0,0,2162733,18422750,128720,8925130,202211.0
49,A13309102,0,0,0,0,0,0,29394016,0,10475620,0,202211.0
50,A13309101,0,0,0,0,0,0,1131270,8342780,-190,3331410,202211.0
51,A10026418,0,0,0,0,0,0,35283970,53858670,106730,21533890,202211.0
52,A13380302,0,0,0,0,0,0,17988440,40438070,381290,13847900,202211.0
53,A13380301,0,0,0,0,0,0,7187980,20663840,0,0,202211.0
54,A10027602,0,0,0,0,0,0,13602724,44774370,0,20952620,202211.0
55,A13380303,0,0,0,0,0,0,353850,8626560,0,4085260,202211.0
56,A13380602,0,0,0,0,0,0,3195988,11259070,551570,5164160,202211.0
57,A13380703,0,0,323950,0,0,0,10336077,39690000,2913720,0,202211.0
58,A13309301,0,0,72400,0,0,0,1983020,13907160,0,6504540,202211.0
59,A13379001,0,0,0,0,0,0,7283960,18881960,315680,0,202211.0
60,A13378101,0,0,0,0,0,0,1303400,10784600,91440,5074330,202211.0
61,A13380803,0,0,0,0,0,0,10500192,39999680,1080650,14526060,202211.0
62,A13378102,0,0,0,0,0,0,8837650,32453990,-46600,10023160,202211.0
63,A13380901,14880,0,0,0,0,0,2895640,8661960,0,0,202211.0
64,A13309404,0,0,0,0,0,0,7794030,51898600,51450,21615940,202211.0
65,A13309402,0,0,0,0,0,0,3123576,9468550,42410,4140230,202211.0
66,A10026470,0,0,0,0,0,0,12798775,32766130,0,9566650,202211.0
67,A13378103,0,0,0,0,0,0,344620,2209820,-105480,1229780,202211.0
68,A10023252,,,,,,,,,,,202211.0
69,A13375907,0,0,0,0,0,0,26193892,64884290,0,24881740,202211.0
70,A13375906,0,0,0,0,0,0,4695550,13838170,-83610,5714710,202211.0
71,A13375904,0,0,0,0,0,0,699510,3847530,108460,0,202211.0
72,A13375901,75079890,0,0,0,-8853000,8853000,10301570,21134530,359030,10390000,202211.0
73,A13310004,11130710,68534160,0,0,-13069000,13069000,11225951,32206820,6328610,0,202211.0
74,A13384403,0,0,10439060,0,-6692800,6692800,3767410,18278360,11170020,0,202211.0
75,A13375905,0,0,0,0,0,0,1718200,5881640,172670,3408680,202211.0
76,A13376702,-45517150,45517150,52177410,0,-6660800,6660800,7180180,19627180,0,9125520,202211.0
77,A13375903,0,0,23550,0,0,0,2566060,10551200,0,0,202211.0
78,A13375902,17892960,87638110,0,0,0,27801600,17759290,44495980,0,18764290,202211.0
79,A13383801,0,0,0,832370,0,0,4695860,22598010,390550,0,202211.0
80,A13375908,0,0,0,0,0,0,2715960,8728560,-35190,5476060,202211.0
81,A10026748,0,0,0,0,0,0,35758624,80321160,-1169130,27987860,202211.0
82,A13382502,0,0,0,0,0,0,1296620,0,0,0,202211.0
83,A13311101,0,0,0,0,0,0,1166320,7938000,0,6337270,202211.0
84,A13384301,0,0,0,0,0,0,1848320,6278640,436770,5770740,202211.0
85,A13372102,0,0,8490,0,0,0,3505740,29761950,564290,0,202211.0
86,A13372101,0,0,0,0,0,0,3486936,12104500,0,10636960,202211.0
87,A13376405,47170,0,0,0,0,0,3318612,12742590,0,0,202211.0
88,A13384304,0,0,0,0,0,0,3723910,11312940,0,0,202211.0
89,A13392307,0,0,0,0,0,0,1759988,26606400,-2240,10359740,202211.0
90,A13384303,0,0,0,0,0,0,2995220,10987480,0,4788900,202211.0
91,A13381902,0,0,0,0,0,0,1730690,7683550,0,0,202211.0
92,A13382104,0,0,0,0,0,0,3923110,14646060,0,6348210,202211.0
93,A13382106,0,0,0,0,0,0,1036170,12085750,322040,5453960,202211.0
94,A10026988,0,0,0,0,0,0,20939446,55032700,1451200,8224050,202211.0
95,A10024503,24143220,21604880,0,1012560,-5120000,5120000,22686616,36257000,2093793,4880400,202211.0
96,A13312303,0,0,0,0,0,0,2789129,32432210,401780,13534640,202211.0
97,A13312302,0,0,0,0,0,0,6879510,26241330,13560,10534860,202211.0
98,A13378001,0,0,0,0,0,0,43405678,0,6062620,0,202211.0
99,A13383301,0,0,0,0,0,0,2028520,9694020,0,4277220,202211.0
100,A13383003,0,0,0,0,0,0,1613645,8598780,0,0,202211.0
101,A13382802,0,0,0,0,0,0,2885480,6994700,-21040,3573190,202211.0
102,A13312101,0,0,0,0,0,0,11046020,0,3297990,0,202211.0
103,A10025101,,,,,,,,,,,202211.0
104,A13383702,0,0,0,0,0,0,5123395,16016730,230000,4564300,202211.0
105,A13316001,0,0,0,0,0,0,5506561,11770170,0,4950610,202211.0
