,kaptCode,heatC,heatP,gasC,gasP,waterHotC,waterHotP,electC,electP,waterCoolC,waterCoolP,Date
0,A13373302,0,0,0,0,0,0,1712970,4675780,0,0,202205.0
1,A13373301,0,0,0,0,0,0,18500800,41698340,0,18079760,202205.0
2,A13302203,0,0,0,0,0,0,4698590,16662000,1645370,7306540,202205.0
3,A13302204,0,0,0,0,0,0,739790,17365740,0,8466010,202205.0
4,A13385705,0,0,0,0,0,0,3444435,12827880,284020,8600870,202205.0
5,A13302001,0,0,0,0,0,0,4451490,28601990,43890,17030430,202205.0
6,A13377302,0,0,0,0,0,0,884710,4071680,245020,2584680,202205.0
7,A13385802,0,0,0,0,0,0,1489230,8903100,229080,0,202205.0
8,A13377301,0,0,0,0,0,0,449470,2617120,0,1555910,202205.0
9,A13302206,0,0,0,0,0,0,7181833,26270950,-60,15322030,202205.0
10,A13388001,0,0,0,0,0,0,0,3716020,0,3405880,202205.0
11,A10027969,0,0,0,0,0,0,-408650,6774590,-543170,4408770,202205.0
12,A10027920,156250,0,0,0,0,0,19169226,79290230,0,29655880,202205.0
13,A10027289,0,0,0,0,0,0,24154158,99211239,0,40035110,202205.0
14,A10026900,0,0,0,0,0,0,12577500,19909680,530320,11024040,202205.0
15,A10027432,0,0,0,0,0,0,4274267,9817840,490850,4339290,202205.0
16,A10024762,,,,,,,,,,,202205.0
17,A13305006,-310,6091820,0,0,0,9160000,3550540,12438750,775400,6617100,202205.0
18,A13305005,0,0,12050,0,0,0,1542320,7455420,1473710,3893380,202205.0
19,A13381601,0,0,1100,0,0,0,1638400,4208870,150,2922290,202205.0
20,A13305002,0,0,0,0,0,0,833820,10715380,-10,5002520,202205.0
21,A13305003,0,0,0,0,0,0,870516,11453730,0,6278430,202205.0
22,A13305007,6469480,12651970,0,0,-9952000,9952000,4468900,18998340,3817210,0,202205.0
23,A13381608,0,0,0,0,0,0,9210410,33366020,0,0,202205.0
24,A13381604,0,0,0,0,0,0,1704390,15310780,834310,7230990,202205.0
25,A13381701,0,0,0,0,0,0,2326800,7008350,123700,0,202205.0
26,A13307202,0,0,0,0,0,0,3408964,18020360,0,11509720,202205.0
27,A13377902,0,0,0,0,0,0,17110440,0,11291620,0,202205.0
28,A13307204,0,0,0,0,0,0,19879040,77793840,-3835250,52384930,202205.0
29,A13377903,0,0,0,0,0,0,414052,10279880,29120,6738420,202205.0
30,A13307201,0,0,0,0,0,0,2484790,7327120,0,4504260,202205.0
31,A13307101,0,0,0,0,0,0,5106680,15062630,0,9221630,202205.0
32,A13373101,0,0,0,0,0,0,190890,2291140,1571430,0,202205.0
33,A13377703,0,0,0,0,0,0,8794910,78068100,0,39855680,202205.0
34,A13386702,0,0,8840,0,0,0,9830110,46072430,0,29153080,202205.0
35,A13307001,37300,0,0,0,0,0,2172760,7470590,263550,0,202205.0
36,A13307002,0,0,0,0,0,0,4995860,18421060,0,8643200,202205.0
37,A13377901,0,0,0,0,0,0,729530,14935000,0,6517430,202205.0
38,A10025685,,,,,,,,,,,202205.0
39,A10026207,0,0,0,0,0,0,9031768,47776380,2581400,13311960,202205.0
40,A10025686,,,,,,,,,,,202205.0
41,A13385301,0,0,0,0,0,0,3957583,11374850,36910,7317800,202205.0
42,A13385202,0,0,0,0,0,0,1263810,11363970,10560,0,202205.0
43,A13308004,0,0,0,0,0,0,4114653,18219340,0,15767350,202205.0
44,A13385303,0,0,0,0,0,0,1889770,11688160,94830,7914790,202205.0
45,A13376906,0,0,0,0,0,0,9427821,36412780,629820,21438350,202205.0
46,A13308005,19892850,0,0,0,-14936000,14936000,2570790,28093190,5991780,0,202205.0
47,A13380104,0,0,166740,0,0,0,6276410,66143560,861460,32972600,202205.0
48,A13309103,0,0,0,0,0,0,1552035,15566000,32420,10210650,202205.0
49,A13309102,0,0,0,0,0,0,2433134,22076700,166170,11164640,202205.0
50,A13309101,0,0,0,0,0,0,1316930,7493720,-280,3579420,202205.0
51,A10026418,0,0,0,0,0,0,18298358,46685210,146080,22152060,202205.0
52,A13380302,0,0,0,0,0,0,11767280,33354850,389740,14995420,202205.0
53,A13380301,0,0,0,0,0,0,6125660,18510510,0,0,202205.0
54,A10027602,0,0,0,0,0,0,15299588,37110590,0,20099870,202205.0
55,A13380303,0,0,0,0,0,0,299340,7622750,0,4540440,202205.0
56,A13380602,0,0,0,0,0,0,3619409,9799480,765220,5453650,202205.0
57,A13380703,0,0,164490,0,0,0,8285611,34632730,2384520,0,202205.0
58,A13309301,0,0,29090,0,0,0,1396760,12064230,0,6353270,202205.0
59,A13379001,0,0,0,0,0,0,5910460,16235210,23660,0,202205.0
60,A13378101,0,0,0,0,0,0,1228450,8786110,96520,5492230,202205.0
61,A13380803,0,0,0,0,0,0,8633842,35069800,942110,15743160,202205.0
62,A13378102,0,0,0,0,0,0,7192890,31193500,-502020,9777410,202205.0
63,A13380901,70520,0,0,0,0,0,2574970,7900750,0,0,202205.0
64,A13309404,0,0,0,0,0,0,6417260,46155770,39900,21378890,202205.0
65,A13309402,0,0,0,0,0,0,2885855,8710480,45820,4554950,202205.0
66,A10026470,0,0,0,0,0,0,9138154,30052970,0,10003160,202205.0
67,A13378103,0,0,0,0,0,0,235190,1961480,-40930,1227180,202205.0
68,A10023252,,,,,,,,,,,202205.0
69,A13375907,0,0,0,0,0,0,22130815,59663770,0,28415240,202205.0
70,A13375906,0,0,0,0,0,0,4432820,11986620,125430,5707680,202205.0
71,A13375904,0,0,0,0,0,0,760520,3021780,845490,0,202205.0
72,A13375901,16868310,0,0,0,-9020700,9020700,5755570,18435050,1330890,10434220,202205.0
73,A13310004,11759860,11843130,0,0,-12316500,12316500,5154798,27892240,10564790,0,202205.0
74,A13384403,-34590100,34590100,45578100,0,-7144500,7144500,1729650,7532920,11007470,0,202205.0
75,A13375905,0,0,0,0,0,0,879080,4595740,4160,3477440,202205.0
76,A13376702,-665890,665890,6898610,0,-6233000,6233000,6386310,16757500,399800,9176130,202205.0
77,A13375903,0,0,30010,0,0,0,2255370,9077920,0,0,202205.0
78,A13375902,7000000,0,0,0,0,20619000,14379581,40746280,0,20195720,202205.0
79,A13383801,0,0,0,811370,0,0,4910650,19440190,503840,0,202205.0
80,A13375908,0,0,0,0,0,0,1696090,7026950,-141200,5700140,202205.0
81,A10026748,0,0,0,0,0,0,19076094,72161140,685360,29765710,202205.0
82,A13382502,0,0,0,0,0,0,1111860,0,0,0,202205.0
83,A13311101,0,0,0,0,0,0,1018640,6645980,0,6708200,202205.0
84,A13384301,0,0,0,0,0,0,1958840,5191250,371280,5600190,202205.0
85,A13372102,0,0,1100,0,0,0,1981200,25358770,0,0,202205.0
86,A13372101,0,0,0,0,0,0,2453890,10242350,0,10878660,202205.0
87,A13376405,37200,0,0,0,0,0,3182458,10629910,0,0,202205.0
88,A13384304,0,0,0,0,0,0,3379750,9180120,0,0,202205.0
89,A13392307,0,0,0,0,0,0,1658338,22575200,0,9854880,202205.0
90,A13384303,0,0,0,0,0,0,2722440,9598390,-719850,6002640,202205.0
91,A13381902,0,0,0,0,0,0,1764580,6472080,0,0,202205.0
92,A13382104,0,0,0,0,0,0,3121770,12303020,0,6757680,202205.0
93,A13382106,0,0,0,0,0,0,366020,9548720,353220,5266160,202205.0
94,A10026988,0,0,0,0,0,0,16677187,50084480,1451200,8398290,202205.0
95,A10024503,16576040,1785490,0,992710,-5032000,5032000,19395639,30671780,2155893,4579050,202205.0
96,A13312303,0,0,0,0,0,0,1067869,31433320,30,12712640,202205.0
97,A13312302,0,0,0,0,0,0,6105810,24494470,14240,11622390,202205.0
98,A13378001,0,0,0,0,0,0,16315092,38930270,-2596340,8981560,202205.0
99,A13383301,0,0,0,0,0,0,2028700,8208310,0,3796090,202205.0
100,A13383003,0,0,0,0,0,0,1446055,7292780,0,0,202205.0
101,A13382802,0,0,0,0,0,0,2617450,5729510,-21350,3781400,202205.0
102,A13312101,0,0,0,0,0,0,8796775,7538880,3617860,3606650,202205.0
103,A10025101,,,,,,,,,,,202205.0
104,A13383702,0,0,0,0,0,0,4147928,13064350,963370,4691700,202205.0
105,A13316001,0,0,0,0,0,0,2875780,10323630,0,4742820,202205.0
