,kaptCode,heatC,heatP,gasC,gasP,waterHotC,waterHotP,electC,electP,waterCoolC,waterCoolP,Date
0,A13373302,0,0,0,0,0,0,2285985,5804590,1093230,4264620,202208.0
1,A13373301,0,0,0,0,0,0,23851810,91114800,192500,19776990,202208.0
2,A13302203,0,0,0,0,0,0,4930140,23201090,1349400,7604930,202208.0
3,A13302204,0,0,0,0,0,0,574160,25967090,0,8791810,202208.0
4,A13385705,0,0,0,0,0,0,981973,24339450,-467370,9742530,202208.0
5,A13302001,0,0,0,0,0,0,6324620,51420820,43800,18005140,202208.0
6,A13377302,0,0,0,0,0,0,718970,4900740,64590,3391180,202208.0
7,A13385802,0,0,0,0,0,0,2135470,16131130,0,0,202208.0
8,A13377301,0,0,0,0,0,0,0,3290230,0,1680690,202208.0
9,A13302206,0,0,0,0,0,0,3723105,38695850,30,16006470,202208.0
10,A13388001,0,0,0,0,0,0,0,6223670,0,3677560,202208.0
11,A10027969,0,0,0,0,0,0,495280,13305860,50150,4681560,202208.0
12,A10027920,13060,0,0,0,0,0,28909874,144395100,0,30119140,202208.0
13,A10027289,0,0,0,0,0,0,50202565,200534056,363860,45346620,202208.0
14,A10026900,0,0,0,0,0,0,18334660,36382110,0,11285700,202208.0
15,A10027432,0,0,0,0,0,0,6278240,21228240,228880,4506980,202208.0
16,A10024762,,,,,,,,,,,202208.0
17,A13305006,0,0,0,0,0,0,5895900,25401560,177150,8235150,202208.0
18,A13305005,0,0,7020,0,0,0,394350,15024380,1579820,4133470,202208.0
19,A13381601,0,0,3490,0,0,0,1495000,7577880,210,3013320,202208.0
20,A13305002,0,0,0,0,0,0,848890,14520420,210,5012780,202208.0
21,A13305003,0,0,0,0,0,0,695130,19535020,0,6207980,202208.0
22,A13305007,4326230,7947530,0,0,-6188000,6188000,3741990,40693890,3841570,0,202208.0
23,A13381608,0,0,0,0,0,0,11725420,57094230,5422380,0,202208.0
24,A13381604,0,0,0,0,0,0,2692030,25257680,251750,7754060,202208.0
25,A13381701,0,0,0,0,0,0,1748820,13491270,111140,0,202208.0
26,A13307202,0,0,0,0,0,0,1979769,26516910,0,11053160,202208.0
27,A13377902,0,0,0,0,0,0,19968600,0,12193570,0,202208.0
28,A13307204,0,0,0,0,0,0,7726730,132709550,-5311460,54859490,202208.0
29,A13377903,0,0,0,0,0,0,576880,12776290,0,7629880,202208.0
30,A13307201,0,0,0,0,0,0,2486660,9796790,0,4662960,202208.0
31,A13307101,0,0,0,0,0,0,5215180,28485430,0,10101950,202208.0
32,A13373101,0,0,0,0,0,0,0,3380210,1615020,0,202208.0
33,A13377703,0,0,0,0,0,0,197700,134497210,0,43669346,202208.0
34,A13386702,0,0,0,0,0,0,11140760,86417660,0,25718450,202208.0
35,A13307001,6690,0,0,0,0,0,1750970,13078440,0,0,202208.0
36,A13307002,0,0,0,0,0,0,8289088,37195882,0,9150900,202208.0
37,A13377901,0,0,0,0,0,0,138010,29170250,0,6511730,202208.0
38,A10025685,,,,,,,,,,,202208.0
39,A10026207,0,0,0,0,0,0,23077367,99234730,3040130,13926910,202208.0
40,A10025686,,,,,,,,,,,202208.0
41,A13385301,0,0,0,0,0,0,6412566,21443420,4610,7940180,202208.0
42,A13385202,0,0,0,0,0,0,531900,22432010,0,0,202208.0
43,A13308004,0,0,0,0,0,0,4867845,37807090,0,14728260,202208.0
44,A13385303,0,0,0,0,0,0,1017860,23024860,10180,8433260,202208.0
45,A13376906,0,0,0,0,0,0,12243369,68639350,0,21935440,202208.0
46,A13308005,14204720,0,0,0,-10472000,10472000,3212642,59078730,3000000,0,202208.0
47,A13380104,0,0,25820,0,0,0,538970,88846540,814270,33907410,202208.0
48,A13309103,0,0,0,0,0,0,814494,21310960,65330,8976560,202208.0
49,A13309102,0,0,0,0,0,0,1747641,32138190,141000,10945480,202208.0
50,A13309101,0,0,0,0,0,0,492210,10354660,110,3624940,202208.0
51,A10026418,0,0,0,0,0,0,41676860,99722625,39310,22183220,202208.0
52,A13380302,0,0,0,0,0,0,16931640,83221740,367940,14792310,202208.0
53,A13380301,0,0,0,0,0,0,4235410,41218230,2964330,13373850,202208.0
54,A10027602,0,0,0,0,0,0,22182521,66517070,0,21622340,202208.0
55,A13380303,0,0,0,0,0,0,190110,10836120,0,4530170,202208.0
56,A13380602,0,0,0,0,0,0,1681809,17498380,757180,5272290,202208.0
57,A13380703,0,0,13260,0,0,0,6690481,62876260,1328250,0,202208.0
58,A13309301,0,0,7780,0,0,0,936800,18113380,0,6543990,202208.0
59,A13379001,0,0,0,0,0,0,8437860,39424220,0,0,202208.0
60,A13378101,0,0,0,0,0,0,1325100,10290380,91440,6119330,202208.0
61,A13380803,0,0,0,0,0,0,13868099,75954510,1142070,15488720,202208.0
62,A13378102,0,0,0,0,0,0,8773710,51978240,-841140,10760780,202208.0
63,A13380901,7990,0,0,0,0,0,3098070,13186040,344840,7722470,202208.0
64,A13309404,0,0,0,0,0,0,6245370,83370650,73500,22851750,202208.0
65,A13309402,0,0,0,0,0,0,2128803,12187150,47060,4710510,202208.0
66,A10026470,0,0,0,0,0,0,11461269,57654400,0,9885480,202208.0
67,A13378103,0,0,0,0,0,0,79970,2567600,-110840,1383810,202208.0
68,A10023252,,,,,,,,,,,202208.0
69,A13375907,0,0,0,0,0,0,41039864,122219490,1571710,28059150,202208.0
70,A13375906,0,0,0,0,0,0,6604040,26435660,99360,6029750,202208.0
71,A13375904,0,0,0,0,0,0,570500,4282420,0,0,202208.0
72,A13375901,8339810,0,0,0,-4804800,4804800,6562220,33165930,1230080,10001040,202208.0
73,A13310004,15336077,0,0,0,-8109500,8109500,8121902,53420400,2432850,0,202208.0
74,A13384403,0,0,11878540,0,-6829100,6829100,1202030,28685750,11577290,0,202208.0
75,A13375905,0,0,0,0,0,0,1472500,8239240,54180,3679420,202208.0
76,A13376702,-73490,73490,4285910,0,-4213600,4213600,6541070,28542120,1469680,8189940,202208.0
77,A13375903,0,0,0,0,0,0,5206130,15877340,-88540,11179580,202208.0
78,A13375902,7000000,0,0,0,0,16249500,13559820,57850080,0,20213700,202208.0
79,A13383801,0,0,0,972820,0,0,6704240,37728750,391280,0,202208.0
80,A13375908,0,0,0,0,0,0,704670,9663610,22550,5778820,202208.0
81,A10026748,0,0,0,0,0,0,43578542,127998070,-1116450,30093550,202208.0
82,A13382502,0,0,0,0,0,0,1397920,0,0,0,202208.0
83,A13311101,0,0,0,0,0,0,827820,12987670,0,0,202208.0
84,A13384301,0,0,0,0,0,0,1877290,8050310,0,0,202208.0
85,A13372102,0,0,1100,0,0,0,-3920830,48422150,222840,0,202208.0
86,A13372101,0,0,0,0,0,0,3976660,19535880,0,0,202208.0
87,A13376405,770,0,0,0,0,0,3133059,18868200,0,0,202208.0
88,A13384304,0,0,0,0,0,0,6566000,15565310,13124950,0,202208.0
89,A13392307,0,0,0,0,0,0,1553487,41454790,0,10174640,202208.0
90,A13384303,0,0,0,0,0,0,3544470,20099300,0,5282790,202208.0
91,A13381902,0,0,0,0,0,0,3179680,10773130,227850,0,202208.0
92,A13382104,0,0,0,0,0,0,4513460,22644380,0,6738690,202208.0
93,A13382106,0,0,0,0,0,0,-1092410,19265350,0,5817110,202208.0
94,A10026988,0,0,0,0,0,0,30811596,194184730,1451200,9025740,202208.0
95,A10024503,18916960,252050,0,1061910,-3440000,3440000,41730198,91319030,1893688,4893000,202208.0
96,A13312303,0,0,0,0,0,0,1204969,49072950,481460,14163850,202208.0
97,A13312302,0,0,0,0,0,0,8091870,39515360,15560,12181150,202208.0
98,A13378001,0,0,0,0,0,0,859885,87711190,0,10054150,202208.0
99,A13383301,0,0,0,0,0,0,2074203,15933627,0,4660280,202208.0
100,A13383003,0,0,0,0,0,0,2580688,11460110,0,0,202208.0
101,A13382802,0,0,0,0,0,0,3447800,10705000,-21150,3802390,202208.0
102,A13312101,0,0,0,0,0,0,16979930,9207460,3672950,3617530,202208.0
103,A10025101,,,,,,,,,,,202208.0
104,A13383702,0,0,0,0,0,0,4193556,25864810,897950,4943900,202208.0
105,A13316001,0,0,0,0,0,0,5672337,19407830,224970,4991940,202208.0
