,kaptCode,heatC,heatP,gasC,gasP,waterHotC,waterHotP,electC,electP,waterCoolC,waterCoolP,Date
0,A13373302,0,0,0,0,0,0,3765556,4804220,0,0,202201.0
1,A13373301,0,0,0,0,0,0,23236090,49098110,0,16707040,202201.0
2,A13302203,0,0,0,0,0,0,7274600,20118150,1565130,7415260,202201.0
3,A13302204,0,0,0,0,0,0,22898920,0,8283660,0,202201.0
4,A13385705,0,0,0,0,0,0,4752600,17379940,-108190,9032820,202201.0
5,A13302001,0,0,0,0,0,0,6628630,35768140,43980,15924740,202201.0
6,A13377302,0,0,0,0,0,0,1116210,5095150,0,2565270,202201.0
7,A13385802,0,0,0,0,0,0,1998210,11299330,0,0,202201.0
8,A13377301,0,0,0,0,0,0,1787630,3251930,0,1247460,202201.0
9,A13302206,0,0,0,0,0,0,8458763,29840230,610,16152130,202201.0
10,A13388001,0,0,0,0,0,0,0,4787390,0,4022230,202201.0
11,A10027969,0,0,0,0,0,0,1769570,7702210,-1242480,4473790,202201.0
12,A10027920,162100,0,0,0,0,0,26326791,94269200,0,26594030,202201.0
13,A10027289,0,0,0,0,0,0,48551351,114959150,375032,41724890,202201.0
14,A10026900,0,0,0,0,0,0,22468310,22700060,0,11268050,202201.0
15,A10027432,0,0,0,0,0,0,6540402,11800260,286210,4421140,202201.0
16,A10024762,,,,,,,,,,,202201.0
17,A13305006,-1480,63224900,0,0,0,11475000,5980610,14767650,1424550,5435850,202201.0
18,A13305005,0,0,11300,0,0,0,3496080,8905960,1028550,3950380,202201.0
19,A13381601,0,0,1770,0,0,0,2205980,5531020,-260,2650440,202201.0
20,A13305002,0,0,0,0,0,0,871810,11962230,50,4861220,202201.0
21,A13305003,0,0,0,0,0,0,933120,13477050,0,5757490,202201.0
22,A13305007,5400610,99644180,0,0,-11540000,11540000,9246720,24072190,3165840,0,202201.0
23,A13381608,0,0,0,0,0,0,10706320,39194000,0,0,202201.0
24,A13381604,0,0,0,0,0,0,1378250,17410950,607510,6967550,202201.0
25,A13381701,0,0,0,0,0,0,2541880,8856440,129100,0,202201.0
26,A13307202,0,0,0,0,0,0,6042831,20302600,0,10505150,202201.0
27,A13377902,0,0,0,0,0,0,22308340,0,9640080,0,202201.0
28,A13307204,0,0,0,0,0,0,23762520,94454500,-4323000,52788570,202201.0
29,A13377903,0,0,0,0,0,0,3666574,11889180,72800,6252270,202201.0
30,A13307201,0,0,0,0,0,0,2444290,8607520,0,3948100,202201.0
31,A13307101,0,0,0,0,0,0,5590810,19669470,0,8832110,202201.0
32,A13373101,0,0,0,0,0,0,1099460,2625650,1612740,0,202201.0
33,A13377703,0,0,0,0,0,0,11984812,96547190,0,36773932,202201.0
34,A13386702,0,0,527050,0,0,0,16531270,53443050,0,28231340,202201.0
35,A13307001,388420,0,0,0,0,0,2174040,9063840,92870,0,202201.0
36,A13307002,0,0,0,0,0,0,8657710,23419710,0,8508590,202201.0
37,A13377901,0,0,0,0,0,0,804040,18009310,0,6942740,202201.0
38,A10025685,,,,,,,,,,,202201.0
39,A10026207,0,0,0,0,0,0,25991390,50501090,1098380,13893100,202201.0
40,A10025686,,,,,,,,,,,202201.0
41,A13385301,0,0,0,0,0,0,4800067,14229520,329350,7293980,202201.0
42,A13385202,0,0,0,0,0,0,1455260,13456090,7820,0,202201.0
43,A13308004,0,0,0,0,0,0,5102344,23249290,0,11939160,202201.0
44,A13385303,0,0,0,0,0,0,2923350,14629400,13660,8227670,202201.0
45,A13376906,0,0,0,0,0,0,13107647,43725660,960560,21262340,202201.0
46,A13308005,138299550,0,0,0,-21512000,21512000,4295503,46807400,4058990,0,202201.0
47,A13380104,0,0,462750,0,0,0,6441950,82156590,798770,33348900,202201.0
48,A13309103,0,0,0,0,0,0,4593902,19196990,68380,11786870,202201.0
49,A13309102,0,0,0,0,0,0,2761299,27282170,262630,11884760,202201.0
50,A13309101,0,0,0,0,0,0,1604020,9530730,-40,3588930,202201.0
51,A10026418,0,0,0,0,0,0,32150606,55936820,1799050,20286210,202201.0
52,A13380302,0,0,0,0,0,0,21117670,41542480,336030,15847890,202201.0
53,A13380301,0,0,0,0,0,0,8725700,21541150,0,0,202201.0
54,A10027602,0,0,0,0,0,0,18139060,41686350,0,21071780,202201.0
55,A13380303,0,0,0,0,0,0,518460,8557360,0,4540000,202201.0
56,A13380602,0,0,0,0,0,0,4887595,11551240,86670,5227140,202201.0
57,A13380703,0,0,621240,0,0,0,11435280,41570100,2791530,0,202201.0
58,A13309301,0,0,298710,0,0,0,1714170,14124160,0,6225380,202201.0
59,A13379001,0,0,0,0,0,0,9742580,19737210,30530,0,202201.0
60,A13378101,0,0,0,0,0,0,1360440,12014800,91440,5818300,202201.0
61,A13380803,0,0,0,0,0,0,12620020,42235600,872800,14197320,202201.0
62,A13378102,0,0,0,0,0,0,9588270,35366610,-127950,10684740,202201.0
63,A13380901,112990,0,0,0,0,0,4545700,9014160,0,0,202201.0
64,A13309404,0,0,0,0,0,0,6216900,55311040,66000,23362680,202201.0
65,A13309402,0,0,0,0,0,0,3253643,9690830,47820,4840630,202201.0
66,A10026470,0,0,0,0,0,0,13934907,34627900,0,9358620,202201.0
67,A13378103,0,0,0,0,0,0,197230,2535610,-231980,1293700,202201.0
68,A10023252,,,,,,,,,,,202201.0
69,A13375907,0,0,0,0,0,0,42538724,65422230,538500,28795970,202201.0
70,A13375906,0,0,0,0,0,0,6590650,13678930,516170,5526440,202201.0
71,A13375904,0,0,0,0,0,0,1089780,3677730,106960,0,202201.0
72,A13375901,105859990,0,0,0,-12402000,12402000,23160860,29190380,726030,10001620,202201.0
73,A13310004,9134910,135206910,0,0,-14836500,14836500,18594383,48063050,7288800,0,202201.0
74,A13384403,-28407870,28407870,41064650,0,-9500700,9500700,1923330,14754640,8420440,0,202201.0
75,A13375905,0,0,0,0,0,0,1853410,7338890,140820,3562780,202201.0
76,A13376702,-81763130,81763130,89852820,0,-8089100,8089100,10146840,19922220,942910,9195230,202201.0
77,A13375903,0,0,319350,0,0,0,2414620,11411860,0,0,202201.0
78,A13375902,31550492,115946500,0,0,725400,24632400,18745293,40433490,2431460,17670150,202201.0
79,A13383801,0,0,-806710,806710,0,0,8544700,24357100,410040,0,202201.0
80,A13375908,0,0,0,0,0,0,2989740,8411900,51230,5409180,202201.0
81,A10026748,0,0,0,0,0,0,43389990,83146280,-1897590,30483190,202201.0
82,A13382502,0,0,0,0,0,0,1619520,0,0,0,202201.0
83,A13311101,0,0,0,0,0,0,1984020,7797890,0,5865310,202201.0
84,A13384301,0,0,0,0,0,0,1341000,7070980,-899930,5663790,202201.0
85,A13372102,0,0,555880,0,0,0,3174820,32749530,0,0,202201.0
86,A13372101,0,0,0,0,0,0,4160960,13191250,0,9901490,202201.0
87,A13376405,119680,0,0,0,0,0,4789484,13130110,0,0,202201.0
88,A13384304,0,0,0,0,0,0,4090580,12055980,0,0,202201.0
89,A13392307,0,0,0,0,0,0,1728693,26969670,0,10299810,202201.0
90,A13384303,0,0,0,0,0,0,4450340,11526460,0,5404070,202201.0
91,A13381902,0,0,0,0,0,0,2295740,7743300,0,0,202201.0
92,A13382104,0,0,0,0,0,0,5635410,14503960,0,6038240,202201.0
93,A13382106,0,0,0,0,0,0,1037490,13183350,31920,5379400,202201.0
94,A10026988,0,0,0,0,0,0,25655086,58825890,1451200,9284440,202201.0
95,A10024503,19768790,43630820,0,1128920,-7048000,7048000,37226188,38949720,2007559,4952340,202201.0
96,A13312303,0,0,0,0,0,0,5851193,34525480,-640,13148820,202201.0
97,A13312302,0,0,0,0,0,0,10275330,27558750,15890,11968390,202201.0
98,A13378001,0,0,0,0,0,0,14156445,36045550,-2367280,9261120,202201.0
99,A13383301,0,0,0,0,0,0,1926000,10714340,0,3734510,202201.0
100,A13383003,0,0,0,0,0,0,2207177,8759490,0,0,202201.0
101,A13382802,0,0,0,0,0,0,3497040,6903910,-9650,3364290,202201.0
102,A13312101,0,0,0,0,0,0,2726510,9206880,0,3224970,202201.0
103,A10025101,,,,,,,,,,,202201.0
104,A13383702,0,0,0,0,0,0,3450014,17513980,0,4122160,202201.0
105,A13316001,0,0,0,0,0,0,6263727,13111670,0,4985720,202201.0
