,kaptCode,heatC,heatP,gasC,gasP,waterHotC,waterHotP,electC,electP,waterCoolC,waterCoolP,Date
0,A13373302,0,0,0,0,0,0,1245380,4368090,759480,4050480,202204.0
1,A13373301,0,0,0,0,0,0,19628050,45757150,258150,17527250,202204.0
2,A13302203,0,0,0,0,0,0,4585210,15783840,1839210,7067890,202204.0
3,A13302204,0,0,0,0,0,0,562740,19494770,0,8236300,202204.0
4,A13385705,0,0,0,0,0,0,2677517,14989050,-827480,9269600,202204.0
5,A13302001,0,0,0,0,0,0,4917530,32075810,43890,16778160,202204.0
6,A13377302,0,0,0,0,0,0,697730,4148330,115850,2806670,202204.0
7,A13385802,0,0,0,0,0,0,1696030,9969600,0,0,202204.0
8,A13377301,0,0,0,0,0,0,427820,2528030,0,1668730,202204.0
9,A13302206,0,0,0,0,0,0,7230704,24866000,340,15776280,202204.0
10,A13388001,0,0,0,0,0,0,0,4018580,0,3299790,202204.0
11,A10027969,0,0,0,0,0,0,-300430,8660130,24390,4554560,202204.0
12,A10027920,36580,0,0,0,0,0,18571560,78667750,0,26469930,202204.0
13,A10027289,0,0,0,0,0,0,38455939,110869760,1,42413579,202204.0
14,A10026900,0,0,0,0,0,0,11086530,20092980,142110,10102960,202204.0
15,A10027432,0,0,0,0,0,0,4009900,9737320,870070,4235250,202204.0
16,A10024762,,,,,,,,,,,202204.0
17,A13305006,420,10574640,0,0,0,10170000,3594410,13085590,1278600,6036450,202204.0
18,A13305005,0,0,14590,0,0,0,2449430,7927040,1426820,4160560,202204.0
19,A13381601,0,0,1760,0,0,0,1302420,5185370,-150,3152080,202204.0
20,A13305002,0,0,0,0,0,0,867610,11943660,70,4856830,202204.0
21,A13305003,0,0,0,0,0,0,933565,12676040,0,5890140,202204.0
22,A13305007,7523370,22144020,0,0,-11768000,11768000,6301750,20526510,4075650,0,202204.0
23,A13381608,0,0,0,0,0,0,9033370,37636020,7528280,0,202204.0
24,A13381604,0,0,0,0,0,0,1009230,17261660,321160,8181730,202204.0
25,A13381701,0,0,0,0,0,0,2364360,7643130,123700,0,202204.0
26,A13307202,0,0,0,0,0,0,4169842,17105690,0,12299880,202204.0
27,A13377902,0,0,0,0,0,0,16596020,0,11775240,0,202204.0
28,A13307204,0,0,0,0,0,0,20269260,77766410,-3832780,48223300,202204.0
29,A13377903,0,0,0,0,0,0,1178106,10864980,29120,7357650,202204.0
30,A13307201,0,0,0,0,0,0,1559450,7779400,350660,4239250,202204.0
31,A13307101,0,0,0,0,0,0,4150680,18410210,0,9973020,202204.0
32,A13373101,0,0,0,0,0,0,261270,2412700,1547970,0,202204.0
33,A13377703,0,0,0,0,0,0,8950876,86970470,0,38540293,202204.0
34,A13386702,0,0,96250,0,0,0,13096160,50418450,0,29268770,202204.0
35,A13307001,204380,0,0,0,0,0,2371970,8163240,0,0,202204.0
36,A13307002,0,0,0,0,0,0,8236560,18421060,656220,8643200,202204.0
37,A13377901,0,0,0,0,0,0,266230,16759750,0,6380590,202204.0
38,A10025685,,,,,,,,,,,202204.0
39,A10026207,0,0,0,0,0,0,14989900,47776380,2677870,13311960,202204.0
40,A10025686,,,,,,,,,,,202204.0
41,A13385301,0,0,0,0,0,0,3890830,13345040,53130,7852320,202204.0
42,A13385202,0,0,0,0,0,0,1276170,12516550,0,0,202204.0
43,A13308004,0,0,0,0,0,0,2494169,21955910,0,13065910,202204.0
44,A13385303,0,0,0,0,0,0,2255010,12982670,101060,8419290,202204.0
45,A13376906,0,0,0,0,0,0,10118076,40466890,0,19814520,202204.0
46,A13308005,23721800,0,0,0,-18828000,18828000,2608777,32249000,6000000,0,202204.0
47,A13380104,0,0,289690,0,0,0,6894410,63845920,957980,31651810,202204.0
48,A13309103,0,0,0,0,0,0,1344976,15717640,24280,9974350,202204.0
49,A13309102,0,0,0,0,0,0,2077499,21392620,170930,10549020,202204.0
50,A13309101,0,0,0,0,0,0,833310,7702770,280,3500790,202204.0
51,A10026418,0,0,0,0,0,0,24982810,53131990,129900,22104120,202204.0
52,A13380302,0,0,0,0,0,0,18661290,35452260,348820,13659310,202204.0
53,A13380301,0,0,0,0,0,0,7111290,20758490,875590,13197930,202204.0
54,A10027602,0,0,0,0,0,0,14978969,36236490,0,21327350,202204.0
55,A13380303,0,0,0,0,0,0,445780,7258170,-202770,4363090,202204.0
56,A13380602,0,0,0,0,0,0,4155198,10772010,498440,5203010,202204.0
57,A13380703,0,0,375750,0,0,0,9102010,38871920,2384530,0,202204.0
58,A13309301,0,0,145940,0,0,0,1453110,11937910,0,6208840,202204.0
59,A13379001,0,0,0,0,0,0,6134430,18550810,0,0,202204.0
60,A13378101,0,0,0,0,0,0,1139940,8672000,99060,5329680,202204.0
61,A13380803,0,0,0,0,0,0,8615350,39966170,852410,14572630,202204.0
62,A13378102,0,0,0,0,0,0,7024400,27684890,121440,10467560,202204.0
63,A13380901,118790,0,0,0,0,0,2268530,8026710,389970,7318800,202204.0
64,A13309404,0,0,0,0,0,0,5000920,52152800,58800,22594150,202204.0
65,A13309402,0,0,0,0,0,0,2986675,8275520,44850,4582050,202204.0
66,A10026470,0,0,0,0,0,0,8970295,29043630,0,9603630,202204.0
67,A13378103,0,0,0,0,0,0,253290,1909440,-106750,1293000,202204.0
68,A10023252,,,,,,,,,,,202204.0
69,A13375907,0,0,0,0,0,0,21539709,57938300,1513630,29094940,202204.0
70,A13375906,0,0,0,0,0,0,7953510,11689830,151040,5515630,202204.0
71,A13375904,0,0,0,0,0,0,719330,3198160,0,0,202204.0
72,A13375901,26497760,0,0,0,-11181300,11181300,5956590,19885760,1800039,9584811,202204.0
73,A13310004,14659790,26398410,0,0,-15715000,15715000,7773991,30093350,3367500,0,202204.0
74,A13384403,-67010580,67010580,83099330,0,-8642700,8642700,2226600,7132050,10509330,0,202204.0
75,A13375905,0,0,0,0,0,0,1367830,5068440,17860,3498390,202204.0
76,A13376702,-16621280,16621280,24476370,0,-7856800,7856800,6642960,16621730,1634650,8664380,202204.0
77,A13375903,0,0,80680,0,0,0,2066510,10534770,-86340,10556260,202204.0
78,A13375902,10592439,10563600,0,0,0,23152500,12962580,38764940,644220,19343870,202204.0
79,A13383801,0,0,0,740660,0,0,4484440,22016590,675360,0,202204.0
80,A13375908,0,0,0,0,0,0,1534370,7026950,76990,5700140,202204.0
81,A10026748,0,0,0,0,0,0,19493406,70880350,690150,29288150,202204.0
82,A13382502,0,0,0,0,0,0,1160680,0,0,0,202204.0
83,A13311101,0,0,0,0,0,0,807670,7578570,0,0,202204.0
84,A13384301,0,0,0,0,0,0,1404090,5636140,0,0,202204.0
85,A13372102,0,0,1100,0,0,0,2792990,27549910,0,0,202204.0
86,A13372101,0,0,0,0,0,0,2780160,11738690,0,0,202204.0
87,A13376405,47950,0,0,0,0,0,3596719,11762260,0,0,202204.0
88,A13384304,0,0,0,0,0,0,3122100,10635330,67740,12875700,202204.0
89,A13392307,0,0,0,0,0,0,1598222,25205490,0,10304060,202204.0
90,A13384303,0,0,0,0,0,0,2613400,10351160,0,5121650,202204.0
91,A13381902,0,0,0,0,0,0,1874540,7144430,89790,0,202204.0
92,A13382104,0,0,0,0,0,0,3708870,13169850,0,6078950,202204.0
93,A13382106,0,0,0,0,0,0,688810,10706580,0,5501500,202204.0
94,A10026988,0,0,0,0,0,0,15730850,51254240,1451200,8738360,202204.0
95,A10024503,19052540,7239100,0,982510,-6524000,6524000,23003102,33398120,1871984,5148150,202204.0
96,A13312303,0,0,0,0,0,0,1881970,30262850,430,15109740,202204.0
97,A13312302,0,0,0,0,0,0,6108640,23757460,11870,11064700,202204.0
98,A13378001,0,0,0,0,0,0,13052125,29556800,0,9322910,202204.0
99,A13383301,0,0,0,0,0,0,2480330,8259130,0,4718320,202204.0
100,A13383003,0,0,0,0,0,0,2080369,7884800,0,0,202204.0
101,A13382802,0,0,0,0,0,0,2732050,6436100,-10510,3357340,202204.0
102,A13312101,0,0,0,0,0,0,10516880,0,3507770,0,202204.0
103,A10025101,,,,,,,,,,,202204.0
104,A13383702,0,0,0,0,0,0,4444936,14523540,0,4710550,202204.0
105,A13316001,0,0,0,0,0,0,4818370,11613610,422530,5043040,202204.0
