,kaptCode,heatC,heatP,gasC,gasP,waterHotC,waterHotP,electC,electP,waterCoolC,waterCoolP,Date
0,A14280502,0,0,0,0,0,0,1643554,16761080,62380,8177240,202105.0
1,A14272304,0,0,0,0,0,0,39378544,116800740,0,62347320,202105.0
2,A14272303,0,0,0,0,0,0,2465193,13313570,94830,7514020,202105.0
3,A14282301,0,0,0,0,0,0,2216380,7167610,218920,3547740,202105.0
4,A14210001,0,0,0,0,0,0,6194170,0,4651440,0,202105.0
5,A14272311,0,0,38440,0,0,0,2631000,16395330,0,11055140,202105.0
6,A14272306,0,0,0,0,0,0,2214911,31949200,1065670,16543290,202105.0
7,A14272308,0,0,0,0,0,0,51084590,0,21341840,0,202105.0
8,A14272305,0,0,26730,0,0,0,13689487,47473700,-300,28020360,202105.0
9,A14272313,0,0,0,0,0,0,3206720,12334950,460600,5392890,202105.0
10,A14272310,0,0,0,0,0,0,1224310,6087470,0,4155940,202105.0
11,A14272307,0,0,0,0,0,0,1225460,5440,0,0,202105.0
12,A14210002,0,0,0,0,0,0,14753210,43856690,3216770,26576810,202105.0
13,A14277601,0,0,0,0,0,0,2970144,12227620,0,5431040,202105.0
14,A14272309,0,0,0,0,0,0,14734723,44335860,-517780,22487760,202105.0
15,A14272314,0,0,0,0,0,0,5694755,55930510,1138550,22559100,202105.0
16,A10026947,0,0,0,0,0,0,4370250,20062300,214650,11302000,202105.0
17,A10023829,,,,,,,,,,,202105.0
18,A10025241,0,0,0,0,0,0,7243200,47301570,2390440,15027280,202105.0
19,A14206303,0,0,0,0,0,0,2201160,7275970,0,4678140,202105.0
20,A14206307,0,0,21360,0,0,0,1777230,11689740,1055580,5493240,202105.0
21,A14206202,0,0,118820,0,0,0,4908141,18615820,1405790,14074830,202105.0
22,A14206306,0,0,0,0,0,0,618570,9708490,251790,4579160,202105.0
23,A14270301,0,0,0,0,0,0,3048330,11918190,0,5963700,202105.0
24,A14206302,0,0,0,0,0,0,1516926,6895600,224440,3475020,202105.0
25,A14206001,0,0,0,0,0,0,669350,6658280,342880,3428900,202105.0
26,A14286104,0,0,0,0,0,0,452440,8623530,71550,0,202105.0
27,A14206002,0,0,0,0,0,0,2728890,7435480,177250,4653300,202105.0
28,A14206003,-440740,28147000,0,0,3735000,9960000,3669580,25039390,2418920,0,202105.0
29,A14206305,0,0,0,0,0,0,2284010,7121460,,,202105.0
30,A14206310,12908291,0,0,0,0,15999000,2476760,16744180,4185000,0,202105.0
31,A14286203,8162275,0,0,0,0,11328000,2061655,12326800,3751335,0,202105.0
32,A14286108,0,0,0,0,0,0,-808721,17116820,-442770,8518450,202105.0
33,A14206301,0,0,0,0,0,0,2916650,4959100,83000,3074110,202105.0
34,A14276311,15855054,0,0,0,0,11682000,3932630,13468030,2619490,0,202105.0
35,A14206201,0,0,0,0,0,0,793498,10243980,0,8892980,202105.0
36,A14206004,,,,,,,,,,,202105.0
37,A14278101,0,0,0,0,0,0,3646561,17092140,0,10785910,202105.0
38,A14207203,0,0,0,0,0,0,57373462,0,27911900,0,202105.0
39,A14207201,0,0,0,0,0,0,689800,1910700,0,1639320,202105.0
40,A14207202,0,0,0,0,0,0,4177261,15530450,0,0,202105.0
41,A10023955,,,,,,,,,,,202105.0
42,A10023268,,,,,,,,,,,202105.0
43,A14209001,0,0,0,0,0,0,2061240,8014640,0,4425560,202105.0
44,A14287102,0,0,20360,0,0,0,1444070,7940860,167680,4585840,202105.0
