,kaptCode,heatC,heatP,gasC,gasP,waterHotC,waterHotP,electC,electP,waterCoolC,waterCoolP,Date
0,A14280502,0,0,0,0,0,0,1584372,22599040,7950,8437770,202101.0
1,A14272304,0,0,0,0,0,0,76848999,159059020,0,61980660,202101.0
2,A14272303,0,0,0,0,0,0,5253688,18222660,0,7116070,202101.0
3,A14282301,0,0,0,0,0,0,4338150,9273450,244480,3522180,202101.0
4,A14210001,0,0,0,0,0,0,10366860,0,4213500,0,202101.0
5,A14272311,0,0,476180,0,0,0,9242780,21001730,0,10598480,202101.0
6,A14272306,0,0,0,0,0,0,5938044,44978560,570680,15436460,202101.0
7,A14272308,0,0,0,0,0,0,72379740,0,23581140,0,202101.0
8,A14272305,0,0,483510,0,0,0,19069834,62878380,-40,28046410,202101.0
9,A14272313,0,0,0,0,0,0,6693887,15957100,414480,5688270,202101.0
10,A14272310,0,0,0,0,0,0,4279520,8659750,0,4261950,202101.0
11,A14272307,0,0,0,0,0,0,1639780,0,0,0,202101.0
12,A14210002,0,0,0,0,0,0,19577790,59465220,480120,27102330,202101.0
13,A14277601,0,0,0,0,0,0,4318731,15115500,0,5576580,202101.0
14,A14272309,0,0,0,0,0,0,24496213,59695960,-858280,23878530,202101.0
15,A14272314,0,0,0,0,0,0,16973466,79692980,-247890,23014870,202101.0
16,A10026947,0,0,0,0,0,0,1133980,30659540,162690,10958120,202101.0
17,A10023829,,,,,,,,,,,202101.0
18,A10025241,0,0,0,0,0,0,15399310,58266830,2423430,14527370,202101.0
19,A14206303,0,0,0,0,0,0,4201010,10018530,0,4284500,202101.0
20,A14206307,0,0,58580,0,0,0,2097750,16317420,1128560,5526100,202101.0
21,A14206202,0,0,375350,0,0,0,7345880,26142880,0,14213170,202101.0
22,A14206306,0,0,0,0,0,0,459670,13239700,63770,4838180,202101.0
23,A14270301,0,0,0,0,0,0,6202540,15202160,0,5969990,202101.0
24,A14206302,0,0,0,0,0,0,2264546,0,264670,0,202101.0
25,A14206001,0,0,0,0,0,0,524900,9982770,231680,3591310,202101.0
26,A14286104,0,0,0,0,0,0,12854550,12983330,144300,0,202101.0
27,A14206002,0,0,0,0,0,0,3811190,10606730,280590,4403100,202101.0
28,A14206003,-1632340,175577140,0,0,3823500,10196000,7958530,31298800,843180,0,202101.0
29,A14206305,0,0,0,0,0,0,3050400,8900530,0,5705160,202101.0
30,A14206310,100254207,0,0,0,0,16950000,8955370,22816770,3065745,0,202101.0
31,A14286203,68405487,0,0,0,0,17364000,2419890,20274820,2061030,0,202101.0
32,A14286108,18440,0,0,0,0,0,5529330,17116820,-642480,8518450,202101.0
33,A14206301,0,0,0,0,0,0,3862650,6074530,57910,3105280,202101.0
34,A14276311,80328773,0,0,0,0,14064000,8549200,17943530,7661955,0,202101.0
35,A14206201,0,0,0,0,0,0,2229806,14650550,0,9166440,202101.0
36,A14206004,,,,,,,,,,,202101.0
37,A14278101,0,0,0,0,0,0,4697543,24149960,0,10857800,202101.0
38,A14207203,0,0,0,0,0,0,13051464,67464700,0,29954110,202101.0
39,A14207201,0,0,0,0,0,0,1072530,2759270,0,1539940,202101.0
40,A14207202,0,0,0,0,0,0,6877493,18753690,0,0,202101.0
41,A10023955,,,,,,,,,,,202101.0
42,A10023268,,,,,,,,,,,202101.0
43,A14209001,0,0,0,0,0,0,3223580,11442350,0,4522940,202101.0
44,A14287102,0,0,66400,0,0,0,1697268,11178960,143000,4374260,202101.0
