,kaptCode,heatC,heatP,gasC,gasP,waterHotC,waterHotP,electC,electP,waterCoolC,waterCoolP,Date
0,A14280502,0,0,0,0,0,0,1789088,18401190,40120,8421980,202104.0
1,A14272304,0,0,0,0,0,0,42696644,109170220,0,53018360,202104.0
2,A14272303,0,0,0,0,0,0,2408632,15016770,0,7252720,202104.0
3,A14282301,0,0,0,0,0,0,2036860,7907260,363140,3461240,202104.0
4,A14210001,0,0,0,0,0,0,6046490,0,3882070,0,202104.0
5,A14272311,0,0,110980,0,0,0,2123420,17791720,0,10898110,202104.0
6,A14272306,0,0,0,0,0,0,1016639,36450660,0,15457600,202104.0
7,A14272308,0,0,0,0,0,0,54552980,0,24137620,0,202104.0
8,A14272305,0,0,305640,0,0,0,13374764,45156850,-30,26781630,202104.0
9,A14272313,0,0,0,0,0,0,3437400,13159980,291010,5874210,202104.0
10,A14272310,0,0,0,0,0,0,591800,6603950,0,4140990,202104.0
11,A14272307,0,0,0,0,0,0,1303070,5440,0,0,202104.0
12,A14210002,0,0,0,0,0,0,8801400,47121160,339000,25222370,202104.0
13,A14277601,0,0,0,0,0,0,1905133,11565100,0,5622100,202104.0
14,A14272309,0,0,0,0,0,0,21802427,47837860,-100640,23240490,202104.0
15,A14272314,0,0,0,0,0,0,6269295,61142640,-18020,23316000,202104.0
16,A10026947,0,0,0,0,0,0,-1260800,24371400,186550,10810970,202104.0
17,A10023829,,,,,,,,,,,202104.0
18,A10025241,0,0,0,0,0,0,12203940,43793150,2105980,14264690,202104.0
19,A14206303,0,0,0,0,0,0,2384770,7713110,0,4365520,202104.0
20,A14206307,0,0,25610,0,0,0,1429190,13002330,1090520,5634640,202104.0
21,A14206202,0,0,220870,0,0,0,5681740,20004560,712350,14370540,202104.0
22,A14206306,0,0,0,0,0,0,912070,10842540,34730,4928260,202104.0
23,A14270301,0,0,0,0,0,0,3125760,11281780,0,5337730,202104.0
24,A14206302,0,0,0,0,0,0,1569944,6630510,171510,3434200,202104.0
25,A14206001,0,0,0,0,0,0,1063100,7063320,164460,3519600,202104.0
26,A14286104,0,0,0,0,0,0,-117790,10059760,337990,0,202104.0
27,A14206002,0,0,0,0,0,0,3056250,8363540,0,4486970,202104.0
28,A14206003,-438720,45249700,0,0,4084500,10892000,3858040,26996150,0,0,202104.0
29,A14206305,0,0,0,0,0,0,2299300,6823780,0,5608150,202104.0
30,A14206310,29383980,0,0,0,0,17121000,1063280,21078550,7414840,0,202104.0
31,A14286203,13721345,0,0,0,0,12579000,2820115,12910870,5103940,0,202104.0
32,A14286108,740,0,0,0,0,0,633777,17116820,-682430,8518450,202104.0
33,A14206301,0,0,0,0,0,0,2400210,5338660,40,2934290,202104.0
34,A14276311,27454996,0,0,0,0,13197000,4571530,13969810,5394030,0,202104.0
35,A14206201,0,0,0,0,0,0,636045,11289210,0,0,202104.0
36,A14206004,,,,,,,,,,,202104.0
37,A14278101,0,0,0,0,0,0,3328905,19157380,0,10403380,202104.0
38,A14207203,0,0,0,0,0,0,8928445,51642170,0,28918480,202104.0
39,A14207201,0,0,0,0,0,0,543010,1984110,0,1474210,202104.0
40,A14207202,0,0,0,0,0,0,4230402,14839390,0,16888760,202104.0
41,A10023955,,,,,,,,,,,202104.0
42,A10023268,,,,,,,,,,,202104.0
43,A14209001,0,0,0,0,0,0,2218780,8915490,0,4387220,202104.0
44,A14287102,0,0,33960,0,0,0,1651623,8634590,363250,4558460,202104.0
