,kaptCode,heatC,heatP,gasC,gasP,waterHotC,waterHotP,electC,electP,waterCoolC,waterCoolP,Date
0,A14280502,0,0,0,0,0,0,2242467,21879680,84700,8494500,202102.0
1,A14272304,0,0,0,0,0,0,49849393,117097430,0,68047290,202102.0
2,A14272303,0,0,0,0,0,0,5541183,17729780,528500,6540020,202102.0
3,A14282301,0,0,0,0,0,0,4295320,8567490,260520,3198150,202102.0
4,A14210001,0,0,0,0,0,0,7850060,0,3882070,0,202102.0
5,A14272311,0,0,410690,0,0,0,5801610,21367180,0,11810910,202102.0
6,A14272306,0,0,0,0,0,0,1829062,43993510,376130,14357410,202102.0
7,A14272308,0,0,0,0,0,0,67529580,0,22996930,0,202102.0
8,A14272305,0,0,719220,0,0,0,16532697,49171460,-300,24939520,202102.0
9,A14272313,0,0,0,0,0,0,3914960,15151760,473250,5870410,202102.0
10,A14272310,0,0,0,0,0,0,2980830,6348840,0,4257450,202102.0
11,A14272307,0,0,0,0,0,0,1886640,0,0,0,202102.0
12,A14210002,0,0,0,0,0,0,10516890,46958370,18380,24684260,202102.0
13,A14277601,0,0,0,0,0,0,3557405,11761340,0,5524280,202102.0
14,A14272309,0,0,0,0,0,0,25369055,53454400,-669970,23116030,202102.0
15,A14272314,0,0,0,0,0,0,21360485,71813500,886130,23625210,202102.0
16,A10026947,0,0,0,0,0,0,1533620,24767990,190940,10542680,202102.0
17,A10023829,,,,,,,,,,,202102.0
18,A10025241,0,0,0,0,0,0,16224680,45008230,1453850,13125750,202102.0
19,A14206303,0,0,0,0,0,0,2725470,9102760,0,4377150,202102.0
20,A14206307,0,0,78040,0,0,0,2718880,14476910,1484700,5346300,202102.0
21,A14206202,0,0,351640,0,0,0,7652130,23792880,628910,14214950,202102.0
22,A14206306,0,0,0,0,0,0,926970,13369000,10910,4925740,202102.0
23,A14270301,0,0,0,0,0,0,3941580,11948550,0,5465650,202102.0
24,A14206302,0,0,0,0,0,0,1935660,7079670,282760,3408050,202102.0
25,A14206001,0,0,0,0,0,0,289700,9714210,168850,3693700,202102.0
26,A14286104,0,0,0,0,0,0,12012620,11758840,144300,0,202102.0
27,A14206002,0,0,0,0,0,0,4175080,10329950,240260,4286830,202102.0
28,A14206003,-1647450,117857520,0,0,7410750,19762000,7712820,28427500,0,0,202102.0
29,A14206305,0,0,0,0,0,0,2578430,6937570,0,5534980,202102.0
30,A14206310,71102445,0,0,0,0,21768000,8700780,19932740,3065745,0,202102.0
31,A14286203,53289304,0,0,0,0,14640000,6877600,14376360,2058330,0,202102.0
32,A14286108,24550,0,0,0,0,0,3741430,17116820,-682430,8518450,202102.0
33,A14206301,0,0,0,0,0,0,2838130,5294310,-10,2856690,202102.0
34,A14276311,57564605,0,0,0,0,19275000,6427930,17394460,3521330,0,202102.0
35,A14206201,0,0,0,0,0,0,2463395,13248820,0,0,202102.0
36,A14206004,,,,,,,,,,,202102.0
37,A14278101,0,0,0,0,0,0,4653944,22338460,0,11391020,202102.0
38,A14207203,0,0,0,0,0,0,16174679,56258850,0,33937050,202102.0
39,A14207201,0,0,0,0,0,0,738590,1849540,0,1409570,202102.0
40,A14207202,0,0,0,0,0,0,3570005,17117990,0,16598350,202102.0
41,A10023955,,,,,,,,,,,202102.0
42,A10023268,,,,,,,,,,,202102.0
43,A14209001,0,0,0,0,0,0,3235080,11224100,0,4387220,202102.0
44,A14287102,0,0,94380,0,0,0,1875431,10291430,120060,4543960,202102.0
