,kaptCode,heatC,heatP,gasC,gasP,waterHotC,waterHotP,electC,electP,waterCoolC,waterCoolP,Date
0,A14280502,0,0,0,0,0,0,2633213,16907790,87330,7564470,202103.0
1,A14272304,0,0,0,0,0,0,45583535,122231490,0,55123780,202103.0
2,A14272303,0,0,0,0,0,0,2808189,14098230,0,7382130,202103.0
3,A14282301,0,0,0,0,0,0,2411420,6903630,374440,3276710,202103.0
4,A14210001,0,0,0,0,0,0,6983170,0,4179090,0,202103.0
5,A14272311,0,0,297020,0,0,0,2362350,16072920,0,9897270,202103.0
6,A14272306,0,0,0,0,0,0,2768873,34202440,40200,15971120,202103.0
7,A14272308,0,0,0,0,0,0,51897940,0,20757200,0,202103.0
8,A14272305,0,0,540240,0,0,0,12167114,53460130,-90,26901630,202103.0
9,A14272313,0,0,0,0,0,0,3452860,11938260,319800,5256000,202103.0
10,A14272310,0,0,0,0,0,0,2219460,6852380,0,4864480,202103.0
11,A14272307,0,0,0,0,0,0,1423190,5440,0,0,202103.0
12,A14210002,0,0,0,0,0,0,12365810,48781490,808610,27738200,202103.0
13,A14277601,0,0,0,0,0,0,2808231,12725380,0,4945380,202103.0
14,A14272309,0,0,0,0,0,0,15051123,42697450,-346160,20897030,202103.0
15,A14272314,0,0,0,0,0,0,10693031,55068070,-1071390,21996690,202103.0
16,A10026947,0,0,0,0,0,0,-616760,26858530,197210,10306420,202103.0
17,A10023829,,,,,,,,,,,202103.0
18,A10025241,0,0,0,0,0,0,12472010,48655230,1576890,14690210,202103.0
19,A14206303,0,0,0,0,0,0,2435920,7032990,0,4032120,202103.0
20,A14206307,0,0,65310,0,0,0,1396720,11985970,823460,5196340,202103.0
21,A14206202,0,0,390300,0,0,0,5418426,18076670,831420,12652460,202103.0
22,A14206306,0,0,0,0,0,0,1241810,10346880,31340,4509170,202103.0
23,A14270301,0,0,0,0,0,0,3812040,12763320,0,5816890,202103.0
24,A14206302,0,0,0,0,0,0,1476673,0,178910,0,202103.0
25,A14206001,0,0,0,0,0,0,844190,6930440,207180,3180670,202103.0
26,A14286104,0,0,0,0,0,0,346340,8871850,338000,0,202103.0
27,A14206002,0,0,0,0,0,0,3578460,7933840,49820,4883900,202103.0
28,A14206003,-86816320,175577140,0,0,6229750,10196000,-3466310,31298800,6273840,0,202103.0
29,A14206305,0,0,0,0,0,0,2404230,7476750,0,5071400,202103.0
30,A14206310,46672582,0,0,0,0,31935000,2145030,15741760,7417730,0,202103.0
31,A14286203,39962185,0,0,0,0,12219000,4943765,9386240,5103480,0,202103.0
32,A14286108,11120,0,0,0,0,0,-636540,17116820,-1361460,8518450,202103.0
33,A14206301,0,0,0,0,0,0,2852060,5580240,66800,2965430,202103.0
34,A14276311,44142246,0,0,0,0,14736000,3330370,12120320,5391910,0,202103.0
35,A14206201,0,0,0,0,0,0,1074355,10120140,0,8986930,202103.0
36,A14206004,,,,,,,,,,,202103.0
37,A14278101,0,0,0,0,0,0,3805501,17383370,10200,9674540,202103.0
38,A14207203,0,0,0,0,0,0,8215640,47753920,0,24862590,202103.0
39,A14207201,0,0,0,0,0,0,770520,2124520,0,1439080,202103.0
40,A14207202,0,0,0,0,0,0,21167873,0,0,0,202103.0
41,A10023955,,,,,,,,,,,202103.0
42,A10023268,,,,,,,,,,,202103.0
43,A14209001,0,0,0,0,0,0,2719590,8509230,0,4483900,202103.0
44,A14287102,0,0,96950,0,0,0,1593957,7955720,93600,4073980,202103.0
