,kaptCode,heatC,heatP,gasC,gasP,waterHotC,waterHotP,electC,electP,waterCoolC,waterCoolP,Date
0,A14280502,0,0,0,0,0,0,2066407,18704170,200090,7978270,202112.0
1,A14272304,0,0,0,0,0,0,58751405,142411520,0,61777160,202112.0
2,A14272303,0,0,0,0,0,0,3314298,14952080,635790,7147000,202112.0
3,A14282301,0,0,0,0,0,0,2732010,7780380,267780,3825460,202112.0
4,A14210001,0,0,0,0,0,0,8916650,0,3838180,0,202112.0
5,A14272311,0,0,665330,0,0,0,5057890,19614600,0,9553220,202112.0
6,A14272306,0,0,0,0,0,0,0,36695010,0,15908800,202112.0
7,A14272308,0,0,0,0,0,0,58191770,0,22424220,0,202112.0
8,A14272305,0,0,779200,0,0,0,20349937,58475710,-330,27547560,202112.0
9,A14272313,0,0,0,0,0,0,5741040,14260580,351490,5490920,202112.0
10,A14272310,0,0,0,0,0,0,2890810,8294160,0,2255060,202112.0
11,A14272307,0,0,0,0,0,0,1826950,5440,0,0,202112.0
12,A14210002,0,0,0,0,0,0,71016600,62120500,26695440,26468260,202112.0
13,A14277601,0,0,0,0,0,0,4607424,14776590,0,5522030,202112.0
14,A14272309,0,0,0,0,0,0,24745667,49219830,465720,21903630,202112.0
15,A14272314,0,0,0,0,0,0,23194650,53200320,1754840,22280750,202112.0
16,A10026947,0,0,0,0,0,0,2863020,29809350,190940,10265360,202112.0
17,A10023829,,,,,,,,,,,202112.0
18,A10025241,0,0,0,0,0,0,11951190,54914300,1471700,14669100,202112.0
19,A14206303,0,0,0,0,0,0,2619050,8274220,0,4318960,202112.0
20,A14206307,0,0,40910,0,0,0,14149470,0,6418990,0,202112.0
21,A14206202,0,0,396340,0,0,0,1419601,21917920,71520,14059740,202112.0
22,A14206306,0,0,0,0,0,0,895630,10722500,448160,4703340,202112.0
23,A14270301,0,0,0,0,0,0,5423370,14490500,0,5749310,202112.0
24,A14206302,0,0,0,0,0,0,2796430,8975570,383320,3453540,202112.0
25,A14206001,0,0,0,0,0,0,962040,7423290,201540,3366160,202112.0
26,A14286104,0,0,0,0,0,0,-105650,11137050,98360,0,202112.0
27,A14206002,0,0,0,0,0,0,3053650,8424680,81560,4744740,202112.0
28,A14206003,-1671920,137237840,0,0,4967250,13246000,5881950,28477170,0,0,202112.0
29,A14206305,0,0,0,0,0,0,2965330,8426510,0,4475480,202112.0
30,A14206310,81175165,0,0,0,0,17979000,3104590,21531680,4569555,0,202112.0
31,A14286203,63768929,0,0,0,0,12975000,1928345,16411200,2573010,0,202112.0
32,A14286108,0,0,0,0,0,0,2743935,17116820,-692650,8518450,202112.0
33,A14206301,0,0,0,0,0,0,2647610,6577750,20,2958700,202112.0
34,A14276311,59095071,0,0,0,0,14532000,5020480,15396200,3346460,0,202112.0
35,A14206201,0,0,0,0,0,0,460629,12293900,0,0,202112.0
36,A14206004,,,,,,,,,,,202112.0
37,A14278101,0,0,0,0,0,0,4553438,20060430,0,10428880,202112.0
38,A14207203,0,0,0,0,0,0,69960101,0,55010280,0,202112.0
39,A14207201,0,0,0,0,0,0,1409130,2778040,0,1630760,202112.0
40,A14207202,0,0,0,0,0,0,4274394,20536980,0,17170030,202112.0
41,A10023955,,,,,,,,,,,202112.0
42,A10023268,,,,,,,,,,,202112.0
43,A14209001,0,0,0,0,0,0,2721140,66074,0,4150,202112.0
44,A14287102,0,0,70340,0,0,0,1787413,9546090,197560,4345200,202112.0
