,kaptCode,heatC,heatP,gasC,gasP,waterHotC,waterHotP,electC,electP,waterCoolC,waterCoolP,Date
0,A14280502,0,0,0,0,0,0,1190923,18147870,18960,8754540,202106.0
1,A14272304,0,0,0,0,0,0,40431277,114772310,0,63843020,202106.0
2,A14272303,0,0,0,0,0,0,3120009,13146760,0,7747830,202106.0
3,A14282301,0,0,0,0,0,0,1778060,8425450,25170,3591180,202106.0
4,A14210001,0,0,0,0,0,0,5362230,0,4097780,0,202106.0
5,A14272311,0,0,12670,0,0,0,2419880,15308970,0,11148430,202106.0
6,A14272306,0,0,0,0,0,0,1862426,33514650,0,16585370,202106.0
7,A14272308,0,0,0,0,0,0,55195100,0,25516960,0,202106.0
8,A14272305,0,0,0,0,0,0,15009699,46075950,-140,27547180,202106.0
9,A14272313,0,0,0,0,0,0,3112800,13607960,538850,5802950,202106.0
10,A14272310,0,0,0,0,0,0,-97768,6352940,0,4023330,202106.0
11,A14272307,0,0,0,0,0,0,1307410,5440,0,0,202106.0
12,A14210002,0,0,0,0,0,0,12030230,46268030,465350,26603430,202106.0
13,A14277601,0,0,0,0,0,0,3729581,12405640,0,5750170,202106.0
14,A14272309,0,0,0,0,0,0,22293441,47514430,361240,23330090,202106.0
15,A14272314,0,0,0,0,0,0,5306876,60188990,-1113320,23940210,202106.0
16,A10026947,0,0,0,0,0,0,-1595000,28919060,151200,10589200,202106.0
17,A10023829,,,,,,,,,,,202106.0
18,A10025241,0,0,0,0,0,0,12684310,52164970,3182690,15032620,202106.0
19,A14206303,0,0,0,0,0,0,2301030,7742570,0,4365520,202106.0
20,A14206307,0,0,15540,0,0,0,1609220,12705540,1393290,5870190,202106.0
21,A14206202,0,0,82760,0,0,0,4667821,20336420,71440,14902350,202106.0
22,A14206306,0,0,0,0,0,0,494650,9990620,331670,4667050,202106.0
23,A14270301,0,0,0,0,0,0,3394780,12400130,0,5768290,202106.0
24,A14206302,0,0,0,0,0,0,2035647,6876270,134230,3584870,202106.0
25,A14206001,0,0,0,0,0,0,557110,7215370,67240,3853320,202106.0
26,A14286104,0,0,0,0,0,0,42100,9316050,72000,0,202106.0
27,A14206002,0,0,0,0,0,0,2794290,7830630,177250,4735130,202106.0
28,A14206003,-448490,12758760,0,0,3450750,9202000,3673090,29167630,0,0,202106.0
29,A14206305,0,0,0,0,0,0,2361620,7215370,0,5842890,202106.0
30,A14206310,398265,0,0,0,0,14790000,1429590,19600500,4185000,0,202106.0
31,A14286203,2053729,0,0,0,0,10485000,3822495,11389740,3756020,0,202106.0
32,A14286108,0,0,0,0,0,0,602389,17116820,-522670,8518450,202106.0
33,A14206301,0,0,0,0,0,0,2503580,5117830,50,3011940,202106.0
34,A14276311,3911774,0,0,0,0,9927000,3542800,15351060,2618350,0,202106.0
35,A14206201,0,0,0,0,0,0,657517,11127200,0,0,202106.0
36,A14206004,,,,,,,,,,,202106.0
37,A14278101,0,0,0,0,0,0,3220439,18026690,0,11177730,202106.0
38,A14207203,0,0,0,0,0,0,61371089,50049404,32698970,32698970,202106.0
39,A14207201,0,0,0,0,0,0,336370,1886240,0,1551370,202106.0
40,A14207202,0,0,0,0,0,0,3938398,15709600,0,17247860,202106.0
41,A10023955,,,,,,,,,,,202106.0
42,A10023268,,,,,,,,,,,202106.0
43,A14209001,0,0,0,0,0,0,2150170,8717330,0,4894750,202106.0
44,A14287102,0,0,17540,0,0,0,1402712,8128030,119600,4802530,202106.0
