,kaptCode,heatC,heatP,gasC,gasP,waterHotC,waterHotP,electC,electP,waterCoolC,waterCoolP,Date
0,A14280502,0,0,0,0,0,0,0,20744480,87660,9193140,202109.0
1,A14272304,0,0,0,0,0,0,41216825,116356330,0,69954090,202109.0
2,A14272303,0,0,0,0,0,0,1270628,15712200,1260190,7683050,202109.0
3,A14282301,0,0,0,0,0,0,1252360,8666400,271410,3650730,202109.0
4,A14210001,0,0,0,0,0,0,6488670,0,4382460,0,202109.0
5,A14272311,0,0,134140,0,0,0,2662180,18299860,0,12057680,202109.0
6,A14272306,0,0,0,0,0,0,0,40592180,363330,17088000,202109.0
7,A14272308,0,0,0,0,0,0,59978120,0,25907250,0,202109.0
8,A14272305,0,0,0,0,0,0,13819909,48207190,-350,28970300,202109.0
9,A14272313,0,0,0,0,0,0,2790950,13757860,424380,5892670,202109.0
10,A14272310,0,0,0,0,0,0,641560,6597200,0,4111360,202109.0
11,A14272307,0,0,0,0,0,0,1543020,0,0,0,202109.0
12,A14210002,0,0,0,0,0,0,12034490,46344570,375730,29112270,202109.0
13,A14277601,0,0,0,0,0,0,2605750,12473550,0,5818460,202109.0
14,A14272309,0,0,0,0,0,0,19160342,47742220,-1655400,25424260,202109.0
15,A14272314,0,0,0,0,0,0,19099576,49707900,486930,23497210,202109.0
16,A10026947,0,0,0,0,0,0,-1563000,26719820,141880,11292230,202109.0
17,A10023829,,,,,,,,,,,202109.0
18,A10025241,0,0,0,0,0,0,9778260,53462520,1884130,15798750,202109.0
19,A14206303,0,0,0,0,0,0,1921860,7891410,0,5253660,202109.0
20,A14206307,0,0,13500,0,0,0,683200,12592560,1235500,5921490,202109.0
21,A14206202,0,0,5090,0,0,0,3668911,21152990,421120,15553630,202109.0
22,A14206306,0,0,0,0,0,0,93060,11333700,570710,5024390,202109.0
23,A14270301,0,0,0,0,0,0,2762070,12799410,0,6052550,202109.0
24,A14206302,0,0,0,0,0,0,1709618,6866100,129870,3590680,202109.0
25,A14206001,0,0,0,0,0,0,135260,7349590,176730,3808380,202109.0
26,A14286104,0,0,0,0,0,0,73500,8967350,48570,0,202109.0
27,A14206002,0,0,0,0,0,0,1338290,9004050,106540,4910520,202109.0
28,A14206003,-468040,11234820,0,0,2609250,6958000,1999670,32371410,0,0,202109.0
29,A14206305,0,0,0,0,0,0,2353390,7248700,0,5962280,202109.0
30,A14206310,744745,0,0,0,0,11583000,4123950,18181580,4061800,0,202109.0
31,A14286203,2464819,0,0,0,0,6381000,3170675,12823280,2428245,0,202109.0
32,A14286108,0,0,0,0,0,0,465359,17116820,760070,8518450,202109.0
33,A14206301,0,0,0,0,0,0,2624600,5152190,66670,3157520,202109.0
34,A14276311,752116,0,0,0,0,8514000,3181650,15858400,1730460,0,202109.0
35,A14206201,0,0,0,0,0,0,-6310,11308640,0,9959180,202109.0
36,A14206004,,,,,,,,,,,202109.0
37,A14278101,0,0,0,0,0,0,2656320,18017450,0,11804980,202109.0
38,A14207203,0,0,0,0,0,0,64719793,0,32153990,0,202109.0
39,A14207201,0,0,0,0,0,0,468720,2262680,0,1795870,202109.0
40,A14207202,0,0,0,0,0,0,4896455,15623440,0,0,202109.0
41,A10023955,,,,,,,,,,,202109.0
42,A10023268,,,,,,,,,,,202109.0
43,A14209001,0,0,0,0,0,0,2366120,9534790,0,5105920,202109.0
44,A14287102,0,0,9870,0,0,0,1123612,8052670,96180,5092620,202109.0
