,kaptCode,heatC,heatP,gasC,gasP,waterHotC,waterHotP,electC,electP,waterCoolC,waterCoolP,Date
0,A14280502,0,0,0,0,0,0,0,18466670,240270,8626440,202111.0
1,A14272304,0,0,0,0,0,0,50003956,122844330,0,64519470,202111.0
2,A14272303,0,0,0,0,0,0,2997557,14234670,280050,7374260,202111.0
3,A14282301,0,0,0,0,0,0,2055950,8210640,177010,3603920,202111.0
4,A14210001,0,0,0,0,0,0,7545750,0,3909800,0,202111.0
5,A14272311,0,0,381540,0,0,0,2565350,18999770,0,9933090,202111.0
6,A14272306,0,0,0,0,0,0,0,34396000,0,16164510,202111.0
7,A14272308,0,0,0,0,0,0,57228060,0,24853500,0,202111.0
8,A14272305,0,0,527750,0,0,0,14482835,52885550,0,27790760,202111.0
9,A14272313,0,0,0,0,0,0,5080450,13877300,389830,5704020,202111.0
10,A14272310,0,0,0,0,0,0,1734490,6952760,0,3754700,202111.0
11,A14272307,0,0,0,0,0,0,1406920,5440,0,0,202111.0
12,A14210002,0,0,0,0,0,0,13563270,49110840,355490,26283820,202111.0
13,A14277601,0,0,0,0,0,0,4051495,12854610,0,5750650,202111.0
14,A14272309,0,0,0,0,0,0,23596387,48064560,114360,22783200,202111.0
15,A14272314,0,0,0,0,0,0,19488705,51173190,296550,23291210,202111.0
16,A10026947,0,0,0,0,0,0,-1595000,26713070,196620,10533870,202111.0
17,A10023829,,,,,,,,,,,202111.0
18,A10025241,0,0,0,0,0,0,14736330,46864210,1963200,14609700,202111.0
19,A14206303,0,0,0,0,0,0,2597780,8007530,0,4684700,202111.0
20,A14206307,0,0,17440,0,0,0,437790,13677250,222880,6569910,202111.0
21,A14206202,0,0,114530,0,0,0,1468617,21258140,0,14273950,202111.0
22,A14206306,0,0,0,0,0,0,212700,10693990,471290,4787010,202111.0
23,A14270301,0,0,0,0,0,0,3627520,12869400,0,5697440,202111.0
24,A14206302,0,0,0,0,0,0,2460797,7513840,165020,3468510,202111.0
25,A14206001,0,0,0,0,0,0,263430,7744840,389560,3461110,202111.0
26,A14286104,0,0,0,0,0,0,-119730,10357420,100000,0,202111.0
27,A14206002,0,0,0,0,0,0,2294110,8695900,196580,4699150,202111.0
28,A14206003,-1364200,79626640,0,0,4459500,11892000,5143210,28398210,1871130,0,202111.0
29,A14206305,0,0,0,0,0,0,2633520,7395450,0,5281860,202111.0
30,A14206310,45486030,0,0,0,0,16992000,4227700,18575620,4569555,0,202111.0
31,A14286203,36334166,0,0,0,0,11529000,3936795,13266320,2570250,0,202111.0
32,A14286108,0,0,0,0,0,0,2019268,17116820,-486490,8518450,202111.0
33,A14206301,0,0,0,0,0,0,2720240,5400080,53790,2949090,202111.0
34,A14276311,35524259,0,0,0,0,14568000,3186500,16293730,3344390,0,202111.0
35,A14206201,0,0,0,0,0,0,625159,11668750,0,9586150,202111.0
36,A14206004,,,,,,,,,,,202111.0
37,A14278101,0,0,0,0,0,0,3908218,19845570,0,11034380,202111.0
38,A14207203,0,0,0,0,0,0,68349081,0,0,0,202111.0
39,A14207201,0,0,0,0,0,0,900200,2534620,0,1583610,202111.0
40,A14207202,0,0,0,0,0,0,6254881,15494120,0,0,202111.0
41,A10023955,,,,,,,,,,,202111.0
42,A10023268,,,,,,,,,,,202111.0
43,A14209001,0,0,0,0,0,0,2203350,9095930,0,4554980,202111.0
44,A14287102,0,0,15990,0,0,0,1757173,9066800,197560,4517740,202111.0
