,kaptCode,heatC,heatP,gasC,gasP,waterHotC,waterHotP,electC,electP,waterCoolC,waterCoolP,Date
0,A14280502,0,0,0,0,0,0,0,17842050,105950,8439850,202110.0
1,A14272304,0,0,0,0,0,0,44061721,123687740,0,71275230,202110.0
2,A14272303,0,0,0,0,0,0,2988060,13582480,0,7287850,202110.0
3,A14282301,0,0,0,0,0,0,2416340,7172340,225000,3694890,202110.0
4,A14210001,0,0,0,0,0,0,6916540,0,4586600,0,202110.0
5,A14272311,0,0,219090,0,0,0,1830960,18416760,0,12162620,202110.0
6,A14272306,0,0,0,0,0,0,0,34639130,605990,16836220,202110.0
7,A14272308,0,0,0,0,0,0,55741260,0,24649250,0,202110.0
8,A14272305,0,0,208650,0,0,0,16252489,48396930,-260,28542040,202110.0
9,A14272313,0,0,0,0,0,0,3200680,13014910,539820,5591050,202110.0
10,A14272310,0,0,0,0,0,0,636350,6990340,0,4366390,202110.0
11,A14272307,0,0,0,0,0,0,1345190,0,0,0,202110.0
12,A14210002,0,0,0,0,0,0,12746010,49164180,165560,29448220,202110.0
13,A14277601,0,0,0,0,0,0,2941429,12552170,0,5667400,202110.0
14,A14272309,0,0,0,0,0,0,21267416,46951460,-1654140,24628890,202110.0
15,A14272314,0,0,0,0,0,0,18273377,48001720,-38030,22787880,202110.0
16,A10026947,0,0,0,0,0,0,-1512644,27035210,294000,11852650,202110.0
17,A10023829,,,,,,,,,,,202110.0
18,A10025241,0,0,0,0,0,0,12453380,45451910,2267900,15004450,202110.0
19,A14206303,0,0,0,0,0,0,2223720,7647400,0,4964440,202110.0
20,A14206307,0,0,11580,0,0,0,657420,12536290,830000,5889980,202110.0
21,A14206202,0,0,36440,0,0,0,3372959,19613420,331890,14554360,202110.0
22,A14206306,0,0,0,0,0,0,242060,10202320,510830,4841150,202110.0
23,A14270301,0,0,0,0,0,0,3415820,12803140,0,6045060,202110.0
24,A14206302,0,0,0,0,0,0,1817444,7375800,150890,3705170,202110.0
25,A14206001,0,0,0,0,0,0,444260,7336680,347870,3450390,202110.0
26,A14286104,0,0,0,0,0,0,-644340,9878560,48000,0,202110.0
27,A14206002,0,0,0,0,0,0,2064900,8134340,232930,4932730,202110.0
28,A14206003,-1335320,48271360,0,0,2897250,7726000,4339320,27127930,0,0,202110.0
29,A14206305,0,0,0,0,0,0,2353530,7562100,0,5659850,202110.0
30,A14206310,14217683,0,0,0,0,16029000,1173930,19783900,2320240,0,202110.0
31,A14286203,14153283,0,0,0,0,11364000,704615,13385060,2426170,0,202110.0
32,A14286108,0,0,0,0,0,0,454164,17116820,481030,8518450,202110.0
33,A14206301,0,0,0,0,0,0,2573140,5679220,-80,3077460,202110.0
34,A14276311,15795159,0,0,0,0,10017000,5370190,12205090,1008680,0,202110.0
35,A14206201,0,0,0,0,0,0,255685,10909650,0,0,202110.0
36,A14206004,,,,,,,,,,,202110.0
37,A14278101,0,0,0,0,0,0,3098928,18232350,0,11034380,202110.0
38,A14207203,0,0,0,0,0,0,59734509,0,30976770,0,202110.0
39,A14207201,0,0,0,0,0,0,866770,2314530,0,1552840,202110.0
40,A14207202,0,0,0,0,0,0,3984109,16993340,0,18148420,202110.0
41,A10023955,,,,,,,,,,,202110.0
42,A10023268,,,,,,,,,,,202110.0
43,A14209001,0,0,0,0,0,0,1890180,8641390,0,4357480,202110.0
44,A14287102,0,0,11990,0,0,0,1393577,8310110,223550,4632420,202110.0
