,kaptCode,heatC,heatP,gasC,gasP,waterHotC,waterHotP,electC,electP,waterCoolC,waterCoolP,Date
0,A14280502,0,0,0,0,0,0,0,44892930,140270,9094570,202108.0
1,A14272304,0,0,0,0,0,0,34444318,144206000,0,76356510,202108.0
2,A14272303,0,0,0,0,0,0,6607231,27605270,499040,8076160,202108.0
3,A14282301,0,0,0,0,0,0,3869710,14099850,287570,3495520,202108.0
4,A14210001,0,0,0,0,0,0,8138200,0,4425920,0,202108.0
5,A14272311,0,0,4970,0,0,0,3168910,24814210,0,13125200,202108.0
6,A14272306,0,0,0,0,0,0,0,70063130,0,17923050,202108.0
7,A14272308,0,0,0,0,0,0,108760800,0,23679290,0,202108.0
8,A14272305,0,0,11590,0,0,0,5220246,63141980,-160,29512860,202108.0
9,A14272313,0,0,0,0,0,0,4462620,25215780,437150,5911190,202108.0
10,A14272310,0,0,0,0,0,0,960680,7315540,0,4404340,202108.0
11,A14272307,0,0,0,0,0,0,1640790,5440,0,0,202108.0
12,A14210002,0,0,0,0,0,0,8270120,58824520,1473210,30060690,202108.0
13,A14277601,0,0,0,0,0,0,3062887,14248340,0,5887380,202108.0
14,A14272309,0,0,0,0,0,0,24335723,94448510,-1334840,26177960,202108.0
15,A14272314,0,0,0,0,0,0,27552993,102209140,658330,23773700,202108.0
16,A10026947,0,0,0,0,0,0,-1595000,34799380,1276740,11525170,202108.0
17,A10023829,,,,,,,,,,,202108.0
18,A10025241,0,0,0,0,0,0,14869130,69491550,2257360,15805460,202108.0
19,A14206303,0,0,0,0,0,0,3226400,14199240,0,4801870,202108.0
20,A14206307,0,0,10970,0,0,0,0,21911790,1094300,6317650,202108.0
21,A14206202,0,0,23740,0,0,0,2885759,35203950,71680,15543750,202108.0
22,A14206306,0,0,0,0,0,0,95620,16979210,467090,5065360,202108.0
23,A14270301,0,0,0,0,0,0,4110740,17089420,0,6313100,202108.0
24,A14206302,0,0,0,0,0,0,1915998,8294290,206470,3785070,202108.0
25,A14206001,0,0,0,0,0,0,162910,14755480,82760,3948180,202108.0
26,A14286104,0,0,0,0,0,0,-1109810,16173450,73000,0,202108.0
27,A14206002,0,0,0,0,0,0,2657420,15443870,65700,5315230,202108.0
28,A14206003,-467000,8491640,0,0,1591500,4244000,3351720,51525430,0,0,202108.0
29,A14206305,0,0,0,0,0,0,1725350,9016770,0,6100670,202108.0
30,A14206310,-1063260,0,0,0,0,8379000,1317460,33840160,2964590,0,202108.0
31,A14286203,-832336,0,0,0,0,7554000,2126075,21124470,2776060,0,202108.0
32,A14286108,0,0,0,0,0,0,9527233,17116820,-229490,8518450,202108.0
33,A14206301,0,0,0,0,0,0,2120950,6343620,-80,3414130,202108.0
34,A14276311,0,0,0,0,0,6762000,736520,29992810,3452100,0,202108.0
35,A14206201,0,0,0,0,0,0,-695270,20672180,0,0,202108.0
36,A14206004,,,,,,,,,,,202108.0
37,A14278101,0,0,0,0,0,0,3569819,32556470,0,12025160,202108.0
38,A14207203,0,0,0,0,0,0,108727114,0,33113430,0,202108.0
39,A14207201,0,0,0,0,0,0,520210,2608970,0,1749140,202108.0
40,A14207202,0,0,0,0,0,0,1734093,20858060,0,19154600,202108.0
41,A10023955,,,,,,,,,,,202108.0
42,A10023268,,,,,,,,,,,202108.0
43,A14209001,0,0,0,0,0,0,2741930,16327230,0,4906340,202108.0
44,A14287102,0,0,7130,0,0,0,164944,12132470,171560,5127870,202108.0
