,kaptCode,heatC,heatP,gasC,gasP,waterHotC,waterHotP,electC,electP,waterCoolC,waterCoolP,Date
0,A14280502,0,0,0,0,0,0,657227,18679500,40440,9038040,202107.0
1,A14272304,0,0,0,0,0,0,65002628,213813810,0,67805670,202107.0
2,A14272303,0,0,0,0,0,0,1659814,14095730,298730,8398060,202107.0
3,A14282301,0,0,0,0,0,0,2569470,10908740,450670,3809330,202107.0
4,A14210001,0,0,0,0,0,0,9291490,0,4809180,0,202107.0
5,A14272311,0,0,4800,0,0,0,2483520,23031730,0,11862410,202107.0
6,A14272306,0,0,0,0,0,0,655280,34101080,0,18244930,202107.0
7,A14272308,0,0,0,0,0,0,59927600,0,20282100,0,202107.0
8,A14272305,0,0,0,0,0,0,26576428,77703820,-630,30828480,202107.0
9,A14272313,0,0,0,0,0,0,2653420,17911730,412920,5925560,202107.0
10,A14272310,0,0,0,0,0,0,655980,9238130,0,4362340,202107.0
11,A14272307,0,0,0,0,0,0,1498960,5440,0,0,202107.0
12,A14210002,0,0,0,0,0,0,20469370,91244270,412930,28142500,202107.0
13,A14277601,0,0,0,0,0,0,4003477,25767710,0,5816320,202107.0
14,A14272309,0,0,0,0,0,0,22285448,55707930,-1608180,23357010,202107.0
15,A14272314,0,0,0,0,0,0,5505821,73587460,466810,23736310,202107.0
16,A10026947,0,0,0,0,0,0,-1595000,58359210,187580,11055530,202107.0
17,A10023829,,,,,,,,,,,202107.0
18,A10025241,0,0,0,0,0,0,12490600,96106860,1697700,16374040,202107.0
19,A14206303,0,0,0,0,0,0,2539890,9563200,0,4544080,202107.0
20,A14206307,0,0,14180,0,0,0,378640,14551930,938260,5999700,202107.0
21,A14206202,0,0,21480,0,0,0,3108829,25047530,71680,15193620,202107.0
22,A14206306,0,0,0,0,0,0,253420,9853820,356030,4669380,202107.0
23,A14270301,0,0,0,0,0,0,4951860,24585210,0,6092570,202107.0
24,A14206302,0,0,0,0,0,0,2002934,12755690,199040,3811850,202107.0
25,A14206001,0,0,0,0,0,0,199850,7564620,171010,3832370,202107.0
26,A14286104,0,0,0,0,0,0,-1255350,11568080,73160,0,202107.0
27,A14206002,0,0,0,0,0,0,1696010,8223050,185890,5372070,202107.0
28,A14206003,-457960,7458620,0,0,2397000,6392000,1470320,38762470,476440,0,202107.0
29,A14206305,0,0,0,0,0,0,3141510,13383910,0,5963960,202107.0
30,A14206310,225944,0,0,0,0,10974000,1687130,23683910,2964590,0,202107.0
31,A14286203,2140750,0,0,0,0,6756000,1310085,16242200,2779425,0,202107.0
32,A14286108,0,0,0,0,0,0,4535879,17116820,-504110,8518450,202107.0
33,A14206301,0,0,0,0,0,0,3583830,9419100,63820,3555250,202107.0
34,A14276311,947467,0,0,0,0,7263000,728530,20538650,3452655,0,202107.0
35,A14206201,0,0,0,0,0,0,60914,13397680,0,9075300,202107.0
36,A14206004,,,,,,,,,,,202107.0
37,A14278101,0,0,0,0,0,0,3584006,20045370,0,11326840,202107.0
38,A14207203,0,0,0,0,0,0,86739138,70789028,30945650,30945650,202107.0
39,A14207201,0,0,0,0,0,0,68060,3737720,0,1666630,202107.0
40,A14207202,0,0,0,0,0,0,8213802,27245570,0,0,202107.0
41,A10023955,,,,,,,,,,,202107.0
42,A10023268,,,,,,,,,,,202107.0
43,A14209001,0,0,0,0,0,0,2436080,8431430,,,202107.0
44,A14287102,0,0,12730,0,0,0,922043,8769020,122180,4944710,202107.0
