,kaptCode,heatC,heatP,gasC,gasP,waterHotC,waterHotP,electC,electP,waterCoolC,waterCoolP,Date
0,A14280502,0.0,0.0,0.0,0.0,0.0,0.0,2940369.0,21111740.0,47600.0,9384100.0,202202.0
1,A14272304,0.0,0.0,0.0,0.0,0.0,0.0,43775504.0,134939180.0,0.0,77564640.0,202202.0
2,A14272303,0.0,0.0,0.0,0.0,0.0,0.0,6932521.0,16942690.0,0.0,7876150.0,202202.0
3,A14282301,0.0,0.0,0.0,0.0,0.0,0.0,5778380.0,8675230.0,234680.0,3362700.0,202202.0
4,A14210001,0.0,0.0,0.0,0.0,0.0,0.0,7647540.0,0.0,3931380.0,0.0,202202.0
5,A14272311,0.0,0.0,808990.0,0.0,0.0,0.0,3571990.0,21494350.0,0.0,11919580.0,202202.0
6,A14272306,0.0,0.0,0.0,0.0,0.0,0.0,1570830.0,43395290.0,0.0,15784950.0,202202.0
7,A14272308,0.0,0.0,0.0,0.0,0.0,0.0,66510780.0,0.0,27243450.0,0.0,202202.0
8,A14272305,0.0,0.0,647340.0,0.0,0.0,0.0,14826703.0,54676470.0,-330.0,24873410.0,202202.0
9,A14272313,0.0,0.0,0.0,0.0,0.0,0.0,9073030.0,15423420.0,452450.0,6140850.0,202202.0
10,A14272310,0.0,0.0,0.0,0.0,0.0,0.0,2146340.0,7232130.0,0.0,3725750.0,202202.0
11,A14272307,0.0,0.0,0.0,0.0,0.0,0.0,1961000.0,5440.0,0.0,0.0,202202.0
12,A14210002,0.0,0.0,0.0,0.0,0.0,0.0,16124180.0,45751800.0,288660.0,26852600.0,202202.0
13,A14277601,0.0,0.0,0.0,0.0,0.0,0.0,3870434.0,12166320.0,0.0,6075040.0,202202.0
14,A14272309,0.0,0.0,0.0,0.0,0.0,0.0,26224224.0,55079100.0,-110950.0,24274500.0,202202.0
15,A14272314,0.0,0.0,0.0,0.0,0.0,0.0,40713036.0,59184660.0,2698110.0,21316920.0,202202.0
16,A10026947,0.0,0.0,0.0,0.0,0.0,0.0,1308350.0,25126010.0,190280.0,12065250.0,202202.0
17,A10023829,,,,,,,,,,,202202.0
18,A10025241,0.0,0.0,0.0,0.0,0.0,0.0,15968190.0,48091720.0,1359910.0,14522380.0,202202.0
19,A14206303,0.0,0.0,0.0,0.0,0.0,0.0,2968970.0,9212620.0,0.0,5392410.0,202202.0
20,A14206307,0.0,0.0,0.0,0.0,0.0,0.0,533490.0,14275980.0,711860.0,6530640.0,202202.0
21,A14206202,0.0,0.0,638620.0,0.0,0.0,0.0,6608068.0,24455240.0,366540.0,15524500.0,202202.0
22,A14206306,0.0,0.0,0.0,0.0,0.0,0.0,992630.0,12826110.0,53260.0,5597110.0,202202.0
23,A14270301,0.0,0.0,0.0,0.0,0.0,0.0,3456390.0,12521650.0,0.0,5675730.0,202202.0
24,A14206302,0.0,0.0,0.0,0.0,0.0,0.0,2737170.0,7525790.0,533670.0,3129120.0,202202.0
25,A14206001,0.0,0.0,0.0,0.0,0.0,0.0,1052450.0,8843800.0,176850.0,3957640.0,202202.0
26,A14286104,0.0,0.0,0.0,0.0,0.0,0.0,166250.0,12213990.0,182000.0,0.0,202202.0
27,A14206002,0.0,0.0,0.0,0.0,0.0,0.0,3674280.0,10249090.0,150000.0,4307300.0,202202.0
28,A14206003,-1800000.0,124879960.0,0.0,0.0,4417500.0,11780000.0,7457070.0,30359870.0,0.0,0.0,202202.0
29,A14206305,0.0,0.0,0.0,0.0,0.0,0.0,2523570.0,7227910.0,0.0,4860430.0,202202.0
30,A14206310,77729952.0,0.0,0.0,0.0,0.0,20016000.0,5674000.0,23496140.0,3016555.0,0.0,202202.0
31,A14286203,54887202.0,0.0,0.0,0.0,0.0,14931000.0,8370300.0,13008900.0,1231880.0,0.0,202202.0
32,A14286108,3590.0,0.0,0.0,0.0,0.0,0.0,1763990.0,20060820.0,1831460.0,7522420.0,202202.0
33,A14206301,0.0,0.0,0.0,0.0,0.0,0.0,3302010.0,5243910.0,20.0,2701690.0,202202.0
34,A14276311,54401800.0,0.0,0.0,0.0,0.0,14556000.0,5278650.0,18715140.0,4094170.0,0.0,202202.0
35,A14206201,0.0,0.0,0.0,0.0,0.0,0.0,2558723.0,13729540.0,0.0,0.0,202202.0
36,A14206004,,,,,,,,,,,202202.0
37,A14278101,0.0,0.0,0.0,0.0,0.0,0.0,5277393.0,22818990.0,0.0,12394750.0,202202.0
38,A14207203,0.0,0.0,0.0,0.0,0.0,0.0,74029322.0,0.0,50858190.0,0.0,202202.0
39,A14207201,0.0,0.0,0.0,0.0,0.0,0.0,1126290.0,2177210.0,0.0,1265000.0,202202.0
40,A14207202,0.0,0.0,0.0,0.0,0.0,0.0,6954817.0,15058630.0,0.0,17788390.0,202202.0
41,A10023955,0.0,0.0,6354620.0,0.0,0.0,0.0,3057820.0,0.0,0.0,0.0,202202.0
42,A10023268,,,,,,,,,,,202202.0
43,A14209001,0.0,0.0,0.0,0.0,0.0,0.0,3277300.0,11111490.0,0.0,4456860.0,202202.0
44,A14287102,0.0,0.0,89950.0,0.0,0.0,0.0,2097693.0,10422350.0,51970.0,4929650.0,202202.0
