,kaptCode,heatC,heatP,gasC,gasP,waterHotC,waterHotP,electC,electP,waterCoolC,waterCoolP,Date
0,A14280502,0,0,0,0,0,0,46834,33157990,315960,9299790,202208.0
1,A14272304,0,0,0,0,0,0,33995878,175405780,0,70308960,202208.0
2,A14272303,0,0,0,0,0,0,5122076,23308220,0,8551850,202208.0
3,A14282301,0,0,0,0,0,0,4877860,13980990,240460,3988810,202208.0
4,A14210001,0,0,0,0,0,0,7755920,0,4740040,0,202208.0
5,A14272311,0,0,17450,0,0,0,3311990,23364760,0,10249840,202208.0
6,A14272306,0,0,0,0,0,0,0,53244980,124680,18292700,202208.0
7,A14272308,0,0,0,0,0,0,98552380,0,24503170,0,202208.0
8,A14272305,0,0,55220,0,0,0,4544173,75091950,-220,30662630,202208.0
9,A14272313,0,0,0,0,0,0,7944870,24384300,580970,6051710,202208.0
10,A14272310,0,0,0,0,0,0,713650,8799630,255000,4445700,202208.0
11,A14272307,0,0,0,0,0,0,1778110,5440,0,0,202208.0
12,A14210002,0,0,0,0,0,0,18018160,70639910,0,31588010,202208.0
13,A14277601,0,0,0,0,0,0,3443714,17305330,0,6170530,202208.0
14,A14272309,0,0,0,0,0,0,27088233,82566640,-66030,24571740,202208.0
15,A14272314,0,0,0,0,0,0,28804545,90474860,0,26189930,202208.0
16,A10026947,0,0,0,0,0,0,7134399,40957870,260530,11344750,202208.0
17,A10023829,0,0,0,0,0,0,18521260,0,3101470,0,202208.0
18,A10025241,0,0,0,0,0,0,22842380,74071750,3682840,16407900,202208.0
19,A14206303,0,0,0,0,0,0,3729989,13444340,0,5057430,202208.0
20,A14206307,0,0,0,0,0,0,439720,19340060,286450,6851190,202208.0
21,A14206202,0,0,34000,0,0,0,3348044,34448630,740360,15852590,202208.0
22,A14206306,0,0,0,0,0,0,160210,14977960,0,5903920,202208.0
23,A14270301,0,0,0,0,0,0,4656850,19007770,0,6058830,202208.0
24,A14206302,0,0,0,0,0,0,2692767,9499738,671170,3479240,202208.0
25,A14206001,0,0,0,0,0,0,276100,11522240,104300,4261250,202208.0
26,A14286104,0,0,0,0,0,0,-1916590,15774710,53300,0,202208.0
27,A14206002,0,0,0,0,0,0,2401460,14289590,120000,5519270,202208.0
28,A14206003,-468130,13642760,0,0,2153250,5742000,4240630,49662270,0,0,202208.0
29,A14206305,0,0,0,0,0,0,1893080,10326870,0,4972290,202208.0
30,A14206310,1961561,0,0,0,0,12633000,1352900,27108630,3012020,0,202208.0
31,A14286203,3376616,0,0,0,0,6912000,4831792,16394540,2808110,0,202208.0
32,A14286108,0,0,0,0,0,0,944109,28153430,276500,8990310,202208.0
33,A14206301,0,0,0,0,0,0,3429390,7988320,60,3473290,202208.0
34,A14276311,0,0,0,0,0,8397000,0,22643520,0,0,202208.0
35,A14206201,0,0,0,0,0,0,1377150,18762010,0,0,202208.0
36,A14206004,,,,,,,,,,,202208.0
37,A14278101,0,0,0,0,0,0,2187424,29979940,0,12284400,202208.0
38,A14207203,0,0,0,0,0,0,95275520,0,57314000,0,202208.0
39,A14207201,0,0,0,0,0,0,709720,3181940,0,1757500,202208.0
40,A14207202,0,0,0,0,0,0,27319369,25055100,19096670,19004770,202208.0
41,A10023955,54920,0,1656350,0,1467170,0,12344690,0,0,0,202208.0
42,A10023268,,,,,,,,,,,202208.0
43,A14209001,0,0,0,0,0,0,2853630,13672150,0,5060620,202208.0
44,A14287102,0,0,14550,0,0,0,754700,12177670,51970,5155290,202208.0
