,kaptCode,heatC,heatP,gasC,gasP,waterHotC,waterHotP,electC,electP,waterCoolC,waterCoolP,Date
0,A14280502,0.0,0.0,0.0,0.0,0.0,0.0,2432494.0,20148270.0,241500.0,9223570.0,202211.0
1,A14272304,0.0,0.0,0.0,0.0,0.0,0.0,50555293.0,139375100.0,0.0,66177070.0,202211.0
2,A14272303,0.0,0.0,0.0,0.0,0.0,0.0,3698449.0,15897330.0,0.0,7705020.0,202211.0
3,A14282301,0.0,0.0,0.0,0.0,0.0,0.0,3409330.0,9207570.0,451190.0,3966900.0,202211.0
4,A14210001,0.0,0.0,0.0,0.0,0.0,0.0,9045850.0,0.0,4348570.0,0.0,202211.0
5,A14272311,0.0,0.0,819080.0,0.0,0.0,0.0,2760750.0,21901130.0,0.0,10053120.0,202211.0
6,A14272306,0.0,0.0,0.0,0.0,0.0,0.0,318164.0,37636750.0,0.0,16309920.0,202211.0
7,A14272308,0.0,0.0,0.0,0.0,0.0,0.0,64268790.0,0.0,21636070.0,0.0,202211.0
8,A14272305,0.0,0.0,1301290.0,0.0,0.0,0.0,18916276.0,56573950.0,-140.0,28229280.0,202211.0
9,A14272313,0.0,0.0,0.0,0.0,0.0,0.0,6201810.0,15243420.0,394450.0,5853950.0,202211.0
10,A14272310,0.0,0.0,0.0,0.0,0.0,0.0,1274480.0,7972520.0,0.0,3946910.0,202211.0
11,A14272307,0.0,0.0,0.0,0.0,0.0,0.0,2002900.0,0.0,0.0,0.0,202211.0
12,A14210002,0.0,0.0,0.0,0.0,0.0,0.0,16975780.0,54243780.0,0.0,28888610.0,202211.0
13,A14277601,0.0,0.0,0.0,0.0,0.0,0.0,4787954.0,14376960.0,0.0,6057090.0,202211.0
14,A14272309,0.0,0.0,0.0,0.0,0.0,0.0,25557867.0,53532830.0,53060.0,23446110.0,202211.0
15,A14272314,0.0,0.0,0.0,0.0,0.0,0.0,24880260.0,53420980.0,0.0,23168210.0,202211.0
16,A10026947,0.0,0.0,0.0,0.0,0.0,0.0,3529540.0,29128720.0,234550.0,10921570.0,202211.0
17,A10023829,0.0,0.0,0.0,0.0,0.0,0.0,12089550.0,0.0,2950440.0,0.0,202211.0
18,A10025241,0.0,0.0,0.0,0.0,0.0,0.0,18498400.0,52625690.0,2885060.0,15889010.0,202211.0
19,A14206303,0.0,0.0,0.0,0.0,0.0,0.0,3148967.0,8799390.0,0.0,4999860.0,202211.0
20,A14206307,0.0,0.0,0.0,0.0,0.0,0.0,1370670.0,14336820.0,640660.0,6346040.0,202211.0
21,A14206202,0.0,0.0,415690.0,0.0,0.0,0.0,5204530.0,24716150.0,637920.0,14870760.0,202211.0
22,A14206306,0.0,0.0,0.0,0.0,0.0,0.0,1024900.0,11268180.0,0.0,5577300.0,202211.0
23,A14270301,0.0,0.0,0.0,0.0,0.0,0.0,3555510.0,13672670.0,0.0,5895270.0,202211.0
24,A14206302,0.0,0.0,0.0,0.0,0.0,0.0,2627610.0,8633840.0,579290.0,3274690.0,202211.0
25,A14206001,0.0,0.0,0.0,0.0,0.0,0.0,898530.0,8465740.0,176830.0,4018110.0,202211.0
26,A14286104,0.0,0.0,0.0,0.0,0.0,0.0,11562170.0,0.0,107490.0,0.0,202211.0
27,A14206002,0.0,0.0,0.0,0.0,0.0,0.0,2509560.0,9572380.0,250000.0,4620520.0,202211.0
28,A14206003,-984300.0,106286920.0,0.0,0.0,3795000.0,10120000.0,7678150.0,32381580.0,2167800.0,0.0,202211.0
29,A14206305,0.0,0.0,0.0,0.0,0.0,0.0,2565130.0,8151250.0,0.0,4768810.0,202211.0
30,A14206310,60757263.0,0.0,0.0,0.0,0.0,14154000.0,1502420.0,23737170.0,3308705.0,0.0,202211.0
31,A14286203,51856958.0,0.0,0.0,0.0,0.0,10785000.0,4036768.0,14626860.0,2632295.0,0.0,202211.0
32,A14286108,6690.0,0.0,0.0,0.0,0.0,0.0,2663616.0,19183760.0,691230.0,8404680.0,202211.0
33,A14206301,0.0,0.0,0.0,0.0,0.0,0.0,3409840.0,6477850.0,47680.0,3045450.0,202211.0
34,A14276311,0.0,0.0,0.0,0.0,0.0,11733000.0,0.0,15462430.0,0.0,0.0,202211.0
35,A14206201,0.0,0.0,0.0,0.0,0.0,0.0,1322800.0,12644760.0,0.0,9736070.0,202211.0
36,A14206004,,,,,,,,,,,202211.0
37,A14278101,0.0,0.0,0.0,0.0,0.0,0.0,4864988.0,21728960.0,0.0,11813230.0,202211.0
38,A14207203,0.0,0.0,0.0,0.0,0.0,0.0,65131416.0,0.0,0.0,0.0,202211.0
39,A14207201,0.0,0.0,0.0,0.0,0.0,0.0,797490.0,2418710.0,0.0,1646200.0,202211.0
40,A14207202,0.0,0.0,0.0,0.0,0.0,0.0,6727788.0,18303270.0,0.0,0.0,202211.0
41,A10023955,2276110.0,0.0,5851710.0,0.0,3007400.0,0.0,7763920.0,0.0,6220650.0,0.0,202211.0
42,A10023268,,,,,,,,,,,202211.0
43,A14209001,0.0,0.0,0.0,0.0,0.0,0.0,2520300.0,10245020.0,0.0,4678760.0,202211.0
44,A14287102,0.0,0.0,44270.0,0.0,0.0,0.0,1840840.0,10126210.0,134580.0,4603700.0,202211.0
