,kaptCode,heatC,heatP,gasC,gasP,waterHotC,waterHotP,electC,electP,waterCoolC,waterCoolP,Date
0,A14280502,0,0,0,0,0,0,2220146,17404860,260850,8651510,202205.0
1,A14272304,0,0,0,0,0,0,42811463,117290490,0,73251980,202205.0
2,A14272303,0,0,0,0,0,0,3175399,13868260,0,8675080,202205.0
3,A14282301,0,0,0,0,0,0,3060250,7292310,198170,4008510,202205.0
4,A14210001,0,0,0,0,0,0,6480840,0,4349260,0,202205.0
5,A14272311,0,0,42510,0,0,0,1571630,16323460,0,10914340,202205.0
6,A14272306,0,0,0,0,0,0,2514456,32977050,0,17269310,202205.0
7,A14272308,0,0,0,0,0,0,55172430,0,22715480,0,202205.0
8,A14272305,0,0,97330,0,0,0,14132788,48652720,-300,29509010,202205.0
9,A14272313,0,0,0,0,0,0,5663560,12720340,558020,5840370,202205.0
10,A14272310,0,0,0,0,0,0,579910,6846650,0,3899930,202205.0
11,A14272307,0,0,0,0,0,0,1395010,0,0,0,202205.0
12,A14210002,0,0,0,0,0,0,13249510,46910620,427370,30334930,202205.0
13,A14277601,0,0,0,0,0,0,3516015,12668360,0,6125140,202205.0
14,A14272309,0,0,0,0,0,0,16317450,44936040,164870,23344560,202205.0
15,A14272314,0,0,0,0,0,0,18207733,46673030,97720,24875160,202205.0
16,A10026947,0,0,0,0,0,0,-1595000,26126980,334260,11770620,202205.0
17,A10023829,0,0,0,0,0,0,5524390,0,1758980,0,202205.0
18,A10025241,0,0,0,0,0,0,12711890,49917840,2860200,16903350,202205.0
19,A14206303,0,0,0,0,0,0,2391494,7321070,0,5316520,202205.0
20,A14206307,0,0,0,0,0,0,655720,11630630,416320,6314440,202205.0
21,A14206202,0,0,167160,0,0,0,4143440,19539700,551800,15078660,202205.0
22,A14206306,0,0,0,0,0,0,615840,10322740,0,5541410,202205.0
23,A14270301,0,0,0,0,0,0,3268060,12121480,0,6058260,202205.0
24,A14206302,0,0,0,0,0,0,1961420,7128130,509770,3566420,202205.0
25,A14206001,0,0,0,0,0,0,988780,6529970,98900,3818030,202205.0
26,A14286104,0,0,0,0,0,0,178520,8992330,108630,0,202205.0
27,A14206002,0,0,0,0,0,0,1855790,8622310,230000,5091500,202205.0
28,A14206003,-452000,19106840,0,0,3501750,9338000,3502970,26836610,4012950,0,202205.0
29,A14206305,0,0,0,0,0,0,2379900,7180000,0,4734670,202205.0
30,A14206310,12973418,0,0,0,0,16932000,1186360,17823150,6943525,0,202205.0
31,A14286203,8125719,0,0,0,0,11082000,2057370,11638320,4524125,0,202205.0
32,A14286108,3700,0,0,0,0,0,1864386,15346330,1038500,8047910,202205.0
33,A14206301,0,0,0,0,0,0,2787180,5463840,46030,3333060,202205.0
34,A14276311,0,0,0,0,0,11907000,0,14777350,0,0,202205.0
35,A14206201,0,0,0,0,0,0,781303,10477800,0,9530620,202205.0
36,A14206004,,,,,,,,,,,202205.0
37,A14278101,0,0,0,0,0,0,3535105,18077830,0,11572350,202205.0
38,A14207203,0,0,0,0,0,0,53475498,0,0,0,202205.0
39,A14207201,0,0,0,0,0,0,729470,2151600,0,1684000,202205.0
40,A14207202,0,0,0,0,0,0,5354230,16082810,0,0,202205.0
41,A10023955,0,0,2132950,0,1949020,0,6100260,0,3954780,0,202205.0
42,A10023268,,,,,,,,,,,202205.0
43,A14209001,0,0,0,0,0,0,2099620,8638060,0,4706040,202205.0
44,A14287102,0,0,56910,0,0,0,1474810,7906490,243400,4601160,202205.0
