,kaptCode,heatC,heatP,gasC,gasP,waterHotC,waterHotP,electC,electP,waterCoolC,waterCoolP,Date
0,A14280502,0.0,0.0,0.0,0.0,0.0,0.0,109088.0,23933720.0,43660.0,9371140.0,202209.0
1,A14272304,0.0,0.0,0.0,0.0,0.0,0.0,47734808.0,123036760.0,-10800.0,68545610.0,202209.0
2,A14272303,0.0,0.0,0.0,0.0,0.0,0.0,1644822.0,18483020.0,0.0,8140900.0,202209.0
3,A14282301,0.0,0.0,0.0,0.0,0.0,0.0,3543530.0,9392880.0,212660.0,3801390.0,202209.0
4,A14210001,0.0,0.0,0.0,0.0,0.0,0.0,7709150.0,0.0,4367470.0,0.0,202209.0
5,A14272311,0.0,0.0,19250.0,0.0,0.0,0.0,2379310.0,20051470.0,0.0,10482640.0,202209.0
6,A14272306,0.0,0.0,0.0,0.0,0.0,0.0,0.0,44808540.0,0.0,17526580.0,202209.0
7,A14272308,0.0,0.0,0.0,0.0,0.0,0.0,67392450.0,0.0,25638980.0,0.0,202209.0
8,A14272305,0.0,0.0,95070.0,0.0,0.0,0.0,15120334.0,52290520.0,-350.0,29036480.0,202209.0
9,A14272313,0.0,0.0,0.0,0.0,0.0,0.0,7239810.0,15596020.0,571950.0,6008700.0,202209.0
10,A14272310,0.0,0.0,0.0,0.0,0.0,0.0,266830.0,7956180.0,276930.0,4477620.0,202209.0
11,A14272307,0.0,0.0,0.0,0.0,0.0,0.0,2005980.0,5440.0,0.0,0.0,202209.0
12,A14210002,0.0,0.0,0.0,0.0,0.0,0.0,6283110.0,58311270.0,0.0,29190330.0,202209.0
13,A14277601,0.0,0.0,0.0,0.0,0.0,0.0,3148526.0,13352700.0,0.0,6300630.0,202209.0
14,A14272309,0.0,0.0,0.0,0.0,0.0,0.0,24190705.0,55862470.0,316250.0,24138180.0,202209.0
15,A14272314,0.0,0.0,0.0,0.0,0.0,0.0,20470805.0,58409730.0,0.0,24363510.0,202209.0
16,A10026947,0.0,0.0,0.0,0.0,0.0,0.0,2051050.0,28904530.0,247120.0,10623890.0,202209.0
17,A10023829,0.0,0.0,0.0,0.0,0.0,0.0,12288670.0,0.0,2971760.0,0.0,202209.0
18,A10025241,0.0,0.0,0.0,0.0,0.0,0.0,14241060.0,55437210.0,3208370.0,16225010.0,202209.0
19,A14206303,0.0,0.0,0.0,0.0,0.0,0.0,1885010.0,9095360.0,0.0,4821900.0,202209.0
20,A14206307,0.0,0.0,0.0,0.0,0.0,0.0,471930.0,13809130.0,114340.0,7033800.0,202209.0
21,A14206202,0.0,0.0,27250.0,0.0,0.0,0.0,4148869.0,23903440.0,0.0,15645340.0,202209.0
22,A14206306,0.0,0.0,0.0,0.0,0.0,0.0,134870.0,13511920.0,0.0,5557380.0,202209.0
23,A14270301,0.0,0.0,0.0,0.0,0.0,0.0,2943870.0,13160550.0,0.0,5652360.0,202209.0
24,A14206302,0.0,0.0,0.0,0.0,0.0,0.0,1787012.0,7727790.0,0.0,3555010.0,202209.0
25,A14206001,0.0,0.0,0.0,0.0,0.0,0.0,150490.0,9150380.0,175660.0,4163480.0,202209.0
26,A14286104,0.0,0.0,0.0,0.0,0.0,0.0,-305250.0,10463900.0,107900.0,0.0,202209.0
27,A14206002,0.0,0.0,0.0,0.0,0.0,0.0,2494450.0,10130370.0,121000.0,4903390.0,202209.0
28,A14206003,-469090.0,14849220.0,0.0,0.0,2868000.0,7648000.0,2423250.0,37134410.0,3502860.0,0.0,202209.0
29,A14206305,0.0,0.0,0.0,0.0,0.0,0.0,2489180.0,7882320.0,0.0,4934220.0,202209.0
30,A14206310,6147021.0,0.0,0.0,0.0,0.0,11277000.0,1289050.0,22228270.0,2620105.0,0.0,202209.0
31,A14286203,4952521.0,0.0,0.0,0.0,0.0,7893000.0,829208.0,14965510.0,2776625.0,0.0,202209.0
32,A14286108,0.0,0.0,0.0,0.0,0.0,0.0,1462704.0,18200710.0,-159570.0,8760350.0,202209.0
33,A14206301,0.0,0.0,0.0,0.0,0.0,0.0,2049810.0,6735170.0,62230.0,3255880.0,202209.0
34,A14276311,0.0,0.0,0.0,0.0,0.0,9243000.0,0.0,16508740.0,0.0,0.0,202209.0
35,A14206201,0.0,0.0,0.0,0.0,0.0,0.0,141809.0,12639910.0,0.0,10301680.0,202209.0
36,A14206004,,,,,,,,,,,202209.0
37,A14278101,0.0,0.0,0.0,0.0,0.0,0.0,1875040.0,21578590.0,0.0,11873400.0,202209.0
38,A14207203,0.0,0.0,0.0,0.0,0.0,0.0,60638478.0,0.0,0.0,0.0,202209.0
39,A14207201,0.0,0.0,0.0,0.0,0.0,0.0,679790.0,2339650.0,0.0,1677700.0,202209.0
40,A14207202,0.0,0.0,0.0,0.0,0.0,0.0,4876489.0,17922130.0,0.0,0.0,202209.0
41,A10023955,90980.0,0.0,1975090.0,0.0,1671080.0,0.0,11558040.0,0.0,5336830.0,0.0,202209.0
42,A10023268,,,,,,,,,,,202209.0
43,A14209001,0.0,0.0,0.0,0.0,0.0,0.0,2853530.0,10739880.0,0.0,5115180.0,202209.0
44,A14287102,0.0,0.0,13010.0,0.0,0.0,0.0,986560.0,9035530.0,135100.0,4865050.0,202209.0
