,kaptCode,heatC,heatP,gasC,gasP,waterHotC,waterHotP,electC,electP,waterCoolC,waterCoolP,Date
0,A14280502,0,0,0,0,0,0,3291972,20086630,137930,8422800,202212.0
1,A14272304,0,0,0,0,0,0,62515298,170279540,-38800,65036550,202212.0
2,A14272303,0,0,0,0,0,0,3904117,16859670,350000,7564200,202212.0
3,A14282301,0,0,0,0,0,0,5714030,9092460,344500,3700050,202212.0
4,A14210001,0,0,0,0,0,0,11880140,0,4224120,0,202212.0
5,A14272311,0,0,1837500,0,0,0,6961800,23026430,0,9845860,202212.0
6,A14272306,0,0,0,0,0,0,4548086,39114120,-849450,16114960,202212.0
7,A14272308,0,0,0,0,0,0,67104110,0,22947500,0,202212.0
8,A14272305,0,0,2969960,0,0,0,24353269,68860660,-10,29157940,202212.0
9,A14272313,0,0,0,0,0,0,5583848,15861480,637040,5578260,202212.0
10,A14272310,0,0,0,0,0,0,3878060,10040030,449750,3988880,202212.0
11,A14272307,0,0,0,0,0,0,2155540,5440,0,0,202212.0
12,A14210002,0,0,0,0,0,0,16148750,66765630,0,30015750,202212.0
13,A14277601,0,0,0,0,0,0,5794820,16780620,0,5895330,202212.0
14,A14272309,0,0,0,0,0,0,26998853,55670260,-370630,22717710,202212.0
15,A14272314,0,0,0,0,0,0,28085770,59070550,710870,21844720,202212.0
16,A10026947,0,0,0,0,0,0,4740320,37918490,215640,11896220,202212.0
17,A10023829,0,0,0,0,0,0,16181830,0,3147830,0,202212.0
18,A10025241,0,0,0,0,0,0,19668490,63808740,1605920,16023790,202212.0
19,A14206303,0,0,0,0,0,0,2758573,9962020,0,4505230,202212.0
20,A14206307,0,0,0,0,0,0,1722890,15446790,355660,6152940,202212.0
21,A14206202,0,0,583440,0,0,0,6385082,26356800,363260,14480120,202212.0
22,A14206306,0,0,0,0,0,0,1006230,11701770,0,5397030,202212.0
23,A14270301,0,0,0,0,0,0,5727270,16290200,0,6043710,202212.0
24,A14206302,0,0,0,0,0,0,3533930,8400310,517150,3262220,202212.0
25,A14206001,0,0,0,0,0,0,1053540,8816310,126150,3703840,202212.0
26,A14286104,0,0,0,0,0,0,12826800,0,107480,0,202212.0
27,A14206002,0,0,0,0,0,0,3058660,9771840,297010,4440090,202212.0
28,A14206003,-1904680,258193220,0,0,4264500,11372000,6998030,35285900,0,0,202212.0
29,A14206305,0,0,0,0,0,0,3267660,9810630,0,4300200,202212.0
30,A14206310,153866615,0,0,0,0,15819000,7335310,20792850,3304060,0,202212.0
31,A14286203,106374756,0,0,0,0,12600000,7219400,14018460,2631670,0,202212.0
32,A14286108,0,0,0,0,0,0,2739876,20802730,211830,7971540,202212.0
33,A14206301,0,0,0,0,0,0,4710110,8290280,20,3098060,202212.0
34,A14276311,0,0,0,0,0,11745000,0,16896040,0,0,202212.0
35,A14206201,0,0,0,0,0,0,1472808,13713770,0,0,202212.0
36,A14206004,,,,,,,,,,,202212.0
37,A14278101,0,0,0,0,0,0,5243173,23615600,0,11090700,202212.0
38,A14207203,0,0,0,0,0,0,69241040,0,52382870,0,202212.0
39,A14207201,0,0,0,0,0,0,1146490,3302350,0,1570600,202212.0
40,A14207202,0,0,0,0,0,0,8182716,21500070,0,17349800,202212.0
41,A10023955,6761780,0,11621590,0,1671150,0,8027580,0,0,0,202212.0
42,A10023268,,,,,,,,,,,202212.0
43,A14209001,0,0,0,0,0,0,3042140,10453830,0,4378720,202212.0
44,A14287102,0,0,94530,0,0,0,2177590,10736800,23200,4369240,202212.0
