,kaptCode,heatC,heatP,gasC,gasP,waterHotC,waterHotP,electC,electP,waterCoolC,waterCoolP,Date
0,A14280502,0,0,0,0,0,0,1976333,18251910,196140,9017710,202206.0
1,A14272304,0,0,0,0,0,0,48439615,134168530,0,71130310,202206.0
2,A14272303,0,0,0,0,0,0,3220564,13928200,0,8826460,202206.0
3,A14282301,0,0,0,0,0,0,2873240,8121790,310900,4417330,202206.0
4,A14210001,0,0,0,0,0,0,6352000,0,4295870,0,202206.0
5,A14272311,0,0,20970,0,0,0,2621610,14025990,0,10144020,202206.0
6,A14272306,0,0,0,0,0,0,2102322,33972170,0,16955430,202206.0
7,A14272308,0,0,0,0,0,0,57995000,0,26635720,0,202206.0
8,A14272305,0,0,40110,0,0,0,16812651,54213570,-510,29543030,202206.0
9,A14272313,0,0,0,0,0,0,5622490,13932130,504010,6076000,202206.0
10,A14272310,0,0,0,0,0,0,774380,6311600,0,4122430,202206.0
11,A14272307,0,0,0,0,0,0,1423570,5440,0,0,202206.0
12,A14210002,0,0,0,0,0,0,18154240,51398860,336950,28609440,202206.0
13,A14277601,0,0,0,0,0,0,4134139,17149373,0,6147860,202206.0
14,A14272309,0,0,0,0,0,0,16938626,47212320,692240,23955450,202206.0
15,A14272314,0,0,0,0,0,0,18698289,48891800,0,25142320,202206.0
16,A10026947,0,0,0,0,0,0,918380,32182330,237760,11986060,202206.0
17,A10023829,0,0,0,0,0,0,14297730,0,2269680,0,202206.0
18,A10025241,0,0,0,0,0,0,21666080,59789690,3155520,16385680,202206.0
19,A14206303,0,0,0,0,0,0,2407022,7969410,0,4680570,202206.0
20,A14206307,0,0,0,0,0,0,706570,12703640,470380,6786840,202206.0
21,A14206202,0,0,120950,0,0,0,4548686,21000340,0,15512720,202206.0
22,A14206306,0,0,0,0,0,0,518960,10314100,0,5527720,202206.0
23,A14270301,0,0,0,0,0,0,2393970,14143550,0,6120640,202206.0
24,A14206302,0,0,0,0,0,0,2520798,8383730,468090,3565770,202206.0
25,A14206001,0,0,0,0,0,0,425030,7453770,316400,3788660,202206.0
26,A14286104,0,0,0,0,0,0,10860,9455610,108000,0,202206.0
27,A14206002,0,0,0,0,0,0,2703720,7769890,300000,5016400,202206.0
28,A14206003,-452680,13178560,0,0,3300750,8802000,3661110,30034610,0,0,202206.0
29,A14206305,0,0,0,0,0,0,2734550,8277260,0,5010340,202206.0
30,A14206310,3848118,0,0,0,0,12684000,1745130,19031320,0,0,202206.0
31,A14286203,4517243,0,0,0,0,9009000,2203450,12966500,4525660,0,202206.0
32,A14286108,17150,0,0,0,0,0,1944047,17116820,71830,8518450,202206.0
33,A14206301,0,0,0,0,0,0,3335980,5874150,110,3262820,202206.0
34,A14276311,0,0,0,0,0,10833000,0,13796730,0,0,202206.0
35,A14206201,0,0,0,0,0,0,1406359,10429340,0,0,202206.0
36,A14206004,,,,,,,,,,,202206.0
37,A14278101,0,0,0,0,0,0,4036949,18196710,0,11753010,202206.0
38,A14207203,0,0,0,0,0,0,58254420,0,54543810,0,202206.0
39,A14207201,0,0,0,0,0,0,452880,2446250,0,1570600,202206.0
40,A14207202,0,0,0,0,0,0,6263940,17310160,0,18742340,202206.0
41,A10023955,63070,0,1657910,0,1256220,0,8887770,0,0,0,202206.0
42,A10023268,,,,,,,,,,,202206.0
43,A14209001,0,0,0,0,0,0,2223410,8723100,0,4951520,202206.0
44,A14287102,0,0,38390,0,0,0,1428840,8123860,295490,4696300,202206.0
