,kaptCode,heatC,heatP,gasC,gasP,waterHotC,waterHotP,electC,electP,waterCoolC,waterCoolP,Date
0,A14280502,0.0,0.0,0.0,0.0,0.0,0.0,1661855.0,19884100.0,68690.0,8994480.0,202204.0
1,A14272304,0.0,0.0,0.0,0.0,0.0,0.0,41337110.0,120353190.0,0.0,69087640.0,202204.0
2,A14272303,0.0,0.0,0.0,0.0,0.0,0.0,2975989.0,16214520.0,0.0,8378394.0,202204.0
3,A14282301,0.0,0.0,0.0,0.0,0.0,0.0,3438830.0,7766550.0,191660.0,3938520.0,202204.0
4,A14210001,0.0,0.0,0.0,0.0,0.0,0.0,6693100.0,0.0,4208020.0,0.0,202204.0
5,A14272311,0.0,0.0,132630.0,0.0,0.0,0.0,1622600.0,18042830.0,0.0,9902200.0,202204.0
6,A14272306,0.0,0.0,0.0,0.0,0.0,0.0,1820257.0,37468780.0,1247590.0,16770550.0,202204.0
7,A14272308,0.0,0.0,0.0,0.0,0.0,0.0,59948490.0,0.0,25118390.0,0.0,202204.0
8,A14272305,0.0,0.0,208940.0,0.0,0.0,0.0,15878766.0,47802940.0,-240.0,29160900.0,202204.0
9,A14272313,0.0,0.0,0.0,0.0,0.0,0.0,5929130.0,13774410.0,554930.0,6000180.0,202204.0
10,A14272310,0.0,0.0,0.0,0.0,0.0,0.0,755310.0,6854780.0,0.0,4443560.0,202204.0
11,A14272307,0.0,0.0,0.0,0.0,0.0,0.0,1449700.0,0.0,0.0,0.0,202204.0
12,A14210002,0.0,0.0,0.0,0.0,0.0,0.0,12638360.0,48049880.0,-1371820.0,30141440.0,202204.0
13,A14277601,0.0,0.0,0.0,0.0,0.0,0.0,3203077.0,12229210.0,0.0,6242340.0,202204.0
14,A14272309,0.0,0.0,0.0,0.0,0.0,0.0,22409413.0,50108680.0,38030.0,24631470.0,202204.0
15,A14272314,0.0,0.0,0.0,0.0,0.0,0.0,20946953.0,53082920.0,0.0,24436820.0,202204.0
16,A10026947,0.0,0.0,0.0,0.0,0.0,0.0,-1595000.0,25805750.0,323300.0,12273030.0,202204.0
17,A10023829,,,,,,,,,,,202204.0
18,A10025241,0.0,0.0,0.0,0.0,0.0,0.0,13261960.0,46841850.0,2046030.0,15639370.0,202204.0
19,A14206303,0.0,0.0,0.0,0.0,0.0,0.0,2383936.0,8221990.0,0.0,4628250.0,202204.0
20,A14206307,0.0,0.0,0.0,0.0,0.0,0.0,724840.0,14886330.0,75290.0,6982710.0,202204.0
21,A14206202,0.0,0.0,353230.0,0.0,0.0,0.0,5461010.0,21572180.0,932400.0,15143750.0,202204.0
22,A14206306,0.0,0.0,0.0,0.0,0.0,0.0,1003100.0,11523660.0,123750.0,5547620.0,202204.0
23,A14270301,0.0,0.0,0.0,0.0,0.0,0.0,3322510.0,12006690.0,0.0,6120730.0,202204.0
24,A14206302,0.0,0.0,0.0,0.0,0.0,0.0,2108360.0,7129700.0,570530.0,3431480.0,202204.0
25,A14206001,0.0,0.0,0.0,0.0,0.0,0.0,745490.0,7794460.0,247410.0,3796800.0,202204.0
26,A14286104,0.0,0.0,0.0,0.0,0.0,0.0,93800.0,10298950.0,300000.0,0.0,202204.0
27,A14206002,0.0,0.0,0.0,0.0,0.0,0.0,2826190.0,9022420.0,213560.0,4827910.0,202204.0
28,A14206003,-451350.0,30935400.0,0.0,0.0,4244250.0,11318000.0,4746000.0,29294690.0,0.0,0.0,202204.0
29,A14206305,0.0,0.0,0.0,0.0,0.0,0.0,2225480.0,7246310.0,0.0,4938100.0,202204.0
30,A14206310,31549887.0,0.0,0.0,0.0,0.0,16854000.0,4391280.0,18214500.0,7230305.0,0.0,202204.0
31,A14286203,19867742.0,0.0,0.0,0.0,0.0,11697000.0,1769790.0,14640800.0,5017250.0,0.0,202204.0
32,A14286108,0.0,0.0,0.0,0.0,0.0,0.0,1804518.0,17556700.0,-158040.0,8394870.0,202204.0
33,A14206301,0.0,0.0,0.0,0.0,0.0,0.0,2483090.0,5797560.0,-60.0,3192860.0,202204.0
34,A14276311,29781685.0,0.0,0.0,0.0,0.0,11856000.0,0.0,14472900.0,0.0,0.0,202204.0
35,A14206201,0.0,0.0,0.0,0.0,0.0,0.0,638387.0,11858080.0,0.0,0.0,202204.0
36,A14206004,,,,,,,,,,,202204.0
37,A14278101,0.0,0.0,0.0,0.0,0.0,0.0,2549839.0,21524980.0,0.0,11522630.0,202204.0
38,A14207203,0.0,0.0,0.0,0.0,0.0,0.0,62516946.0,0.0,52174760.0,0.0,202204.0
39,A14207201,0.0,0.0,0.0,0.0,0.0,0.0,799390.0,2319760.0,0.0,1608400.0,202204.0
40,A14207202,0.0,0.0,0.0,0.0,0.0,0.0,4444762.0,16942260.0,0.0,18237330.0,202204.0
41,A10023955,1030010.0,0.0,2481280.0,0.0,1499480.0,0.0,4902020.0,0.0,0.0,0.0,202204.0
42,A10023268,,,,,,,,,,,202204.0
43,A14209001,0.0,0.0,0.0,0.0,0.0,0.0,2286580.0,9982460.0,0.0,4760600.0,202204.0
44,A14287102,0.0,0.0,39370.0,0.0,0.0,0.0,1827940.0,8852040.0,80240.0,4910990.0,202204.0
