,kaptCode,heatC,heatP,gasC,gasP,waterHotC,waterHotP,electC,electP,waterCoolC,waterCoolP,Date
0,A14280502,0,0,0,0,0,0,129449,24532580,145550,9068300,202207.0
1,A14272304,0,0,0,0,0,0,63117303,187666810,0,77557710,202207.0
2,A14272303,0,0,0,0,0,0,3349065,17441560,0,9085160,202207.0
3,A14282301,0,0,0,0,0,0,3821550,12342120,242810,3725640,202207.0
4,A14210001,0,0,0,0,0,0,7919770,0,4351210,0,202207.0
5,A14272311,0,0,16980,0,0,0,3139240,18419640,0,11556570,202207.0
6,A14272306,0,0,0,0,0,0,1899115,40720660,173440,18221800,202207.0
7,A14272308,0,0,0,0,0,0,85345440,0,24249940,0,202207.0
8,A14272305,0,0,31890,0,0,0,17043417,70632150,-300,31331640,202207.0
9,A14272313,0,0,0,0,0,0,7188450,20632060,503480,6015080,202207.0
10,A14272310,0,0,0,0,0,0,777030,7956180,0,4477620,202207.0
11,A14272307,0,0,0,0,0,0,1680490,0,0,0,202207.0
12,A14210002,0,0,0,0,0,0,12662330,87041550,187540,29848690,202207.0
13,A14277601,0,0,0,0,0,0,5500836,19598087,0,6100840,202207.0
14,A14272309,0,0,0,0,0,0,25980986,70375340,-54700,23703210,202207.0
15,A14272314,0,0,0,0,0,0,23138002,76884080,32390,24069090,202207.0
16,A10026947,0,0,0,0,0,0,6591827,46872080,263910,12093360,202207.0
17,A10023829,0,0,0,0,0,0,19230910,0,3014050,0,202207.0
18,A10025241,0,0,0,0,0,0,21942130,88192200,2028140,17187590,202207.0
19,A14206303,0,0,0,0,0,0,2470588,11628440,0,4751200,202207.0
20,A14206307,0,0,0,0,0,0,425770,16996040,273370,6824450,202207.0
21,A14206202,0,0,59140,0,0,0,3820703,29777030,178400,15538950,202207.0
22,A14206306,0,0,0,0,0,0,270720,12012800,76830,5474160,202207.0
23,A14270301,0,0,0,0,0,0,4906510,21525570,0,6215950,202207.0
24,A14206302,0,0,0,0,0,0,2651800,11620560,580630,3612150,202207.0
25,A14206001,0,0,0,0,0,0,175180,10005930,83400,4043470,202207.0
26,A14286104,0,0,0,0,0,0,-1171780,13221690,53300,0,202207.0
27,A14206002,0,0,0,0,0,0,2411080,10644450,200000,5117290,202207.0
28,A14206003,-463340,7974620,0,0,4824750,4064000,2130770,45201510,468710,0,202207.0
29,A14206305,0,0,0,0,0,0,1978070,12020460,0,4927600,202207.0
30,A14206310,3286443,0,0,0,0,8958000,1619070,26932510,3011180,0,202207.0
31,A14286203,4972360,0,0,0,0,7182000,3744728,16124660,2808395,0,202207.0
32,A14286108,4260,0,0,0,0,0,500737,23591870,-30260,8530360,202207.0
33,A14206301,0,0,0,0,0,0,4227520,8610770,73250,3578450,202207.0
34,A14276311,0,0,0,0,0,6150000,0,19673800,0,0,202207.0
35,A14206201,0,0,0,0,0,0,194366,15811000,0,9838880,202207.0
36,A14206004,,,,,,,,,,,202207.0
37,A14278101,0,0,0,0,0,0,2302624,25668920,0,12064560,202207.0
38,A14207203,0,0,0,0,0,0,76411452,0,0,0,202207.0
39,A14207201,0,0,0,0,0,0,-24630,3574230,0,1740700,202207.0
40,A14207202,0,0,0,0,0,0,5353879,24426830,0,0,202207.0
41,A10023955,43880,0,1654670,0,1245440,0,13653480,0,4162110,0,202207.0
42,A10023268,,,,,,,,,,,202207.0
43,A14209001,0,0,0,0,0,0,2223410,69803,0,5091,202207.0
44,A14287102,0,0,25440,0,0,0,843260,10368000,135100,4966140,202207.0
