,kaptCode,heatC,heatP,gasC,gasP,waterHotC,waterHotP,electC,electP,waterCoolC,waterCoolP,Date
0,A14280502,0.0,0.0,0.0,0.0,0.0,0.0,2524873.0,21164580.0,63130.0,9037100.0,202201.0
1,A14272304,0.0,0.0,0.0,0.0,0.0,0.0,85296819.0,142553410.0,0.0,66800470.0,202201.0
2,A14272303,0.0,0.0,0.0,0.0,0.0,0.0,5709712.0,17275810.0,342200.0,8587550.0,202201.0
3,A14282301,0.0,0.0,0.0,0.0,0.0,0.0,5886680.0,8904710.0,265570.0,4157590.0,202201.0
4,A14210001,0.0,0.0,0.0,0.0,0.0,0.0,9450462.0,0.0,4726230.0,0.0,202201.0
5,A14272311,0.0,0.0,762740.0,0.0,0.0,0.0,5213150.0,21886060.0,0.0,10028850.0,202201.0
6,A14272306,0.0,0.0,0.0,0.0,0.0,0.0,0.0,41626760.0,1028420.0,15499740.0,202201.0
7,A14272308,0.0,0.0,0.0,0.0,0.0,0.0,68678270.0,0.0,22723580.0,0.0,202201.0
8,A14272305,0.0,0.0,1043620.0,0.0,0.0,0.0,22149411.0,58924090.0,-50.0,32477970.0,202201.0
9,A14272313,0.0,0.0,0.0,0.0,0.0,0.0,9551670.0,15783200.0,501500.0,6094590.0,202201.0
10,A14272310,0.0,0.0,0.0,0.0,0.0,0.0,3384640.0,8719280.0,0.0,4241950.0,202201.0
11,A14272307,0.0,0.0,0.0,0.0,0.0,0.0,1973590.0,5440.0,0.0,0.0,202201.0
12,A14210002,0.0,0.0,0.0,0.0,0.0,0.0,14669450.0,57365530.0,1324480.0,30996970.0,202201.0
13,A14277601,0.0,0.0,0.0,0.0,0.0,0.0,4599500.0,14922610.0,0.0,5812960.0,202201.0
14,A14272309,0.0,0.0,0.0,0.0,0.0,0.0,27638890.0,55196730.0,-1651330.0,24419310.0,202201.0
15,A14272314,0.0,0.0,0.0,0.0,0.0,0.0,39809873.0,61094030.0,2875280.0,22953390.0,202201.0
16,A10026947,0.0,0.0,0.0,0.0,0.0,0.0,1941982.0,30201550.0,181120.0,10891570.0,202201.0
17,A10023829,,,,,,,,,,,202201.0
18,A10025241,0.0,0.0,0.0,0.0,0.0,0.0,17878000.0,56981670.0,1626630.0,15957460.0,202201.0
19,A14206303,0.0,0.0,0.0,0.0,0.0,0.0,2864440.0,9449760.0,0.0,4376520.0,202201.0
20,A14206307,0.0,0.0,0.0,0.0,0.0,0.0,570340.0,16064970.0,587880.0,6374090.0,202201.0
21,A14206202,0.0,0.0,529100.0,0.0,0.0,0.0,7099404.0,24486220.0,598700.0,15037580.0,202201.0
22,A14206306,0.0,0.0,0.0,0.0,0.0,0.0,1046010.0,12430510.0,571090.0,4714290.0,202201.0
23,A14270301,0.0,0.0,0.0,0.0,0.0,0.0,5881100.0,14743650.0,0.0,6470620.0,202201.0
24,A14206302,0.0,0.0,0.0,0.0,0.0,0.0,2876161.0,9342700.0,546610.0,3593110.0,202201.0
25,A14206001,0.0,0.0,0.0,0.0,0.0,0.0,1106060.0,8907370.0,534320.0,3232830.0,202201.0
26,A14286104,0.0,0.0,0.0,0.0,0.0,0.0,48080.0,12563750.0,182000.0,0.0,202201.0
27,A14206002,0.0,0.0,0.0,0.0,0.0,0.0,3707570.0,9460180.0,150000.0,5197490.0,202201.0
28,A14206003,-1872130.0,167036180.0,0.0,0.0,4920000.0,13120000.0,7695330.0,30697370.0,0.0,0.0,202201.0
29,A14206305,0.0,0.0,0.0,0.0,0.0,0.0,2887190.0,8671980.0,0.0,4803170.0,202201.0
30,A14206310,93136637.0,0.0,0.0,0.0,0.0,17994000.0,6844360.0,22577670.0,3012315.0,0.0,202201.0
31,A14286203,75695154.0,0.0,0.0,0.0,0.0,12270000.0,8293970.0,14239230.0,1232640.0,0.0,202201.0
32,A14286108,4430.0,0.0,0.0,0.0,0.0,0.0,1794679.0,20689220.0,-204230.0,7611730.0,202201.0
33,A14206301,0.0,0.0,0.0,0.0,0.0,0.0,4356040.0,6787560.0,52410.0,3490770.0,202201.0
34,A14276311,80131660.0,0.0,0.0,0.0,0.0,14523000.0,8705310.0,16417610.0,4101435.0,0.0,202201.0
35,A14206201,0.0,0.0,0.0,0.0,0.0,0.0,2846881.0,13680220.0,0.0,9021860.0,202201.0
36,A14206004,,,,,,,,,,,202201.0
37,A14278101,0.0,0.0,0.0,0.0,0.0,0.0,4866154.0,23397650.0,0.0,11401580.0,202201.0
38,A14207203,0.0,0.0,0.0,0.0,0.0,0.0,79032351.0,0.0,0.0,0.0,202201.0
39,A14207201,0.0,0.0,0.0,0.0,0.0,0.0,1469780.0,2806850.0,500950.0,1509550.0,202201.0
40,A14207202,0.0,0.0,0.0,0.0,0.0,0.0,6033777.0,19150380.0,0.0,0.0,202201.0
41,A10023955,0.0,0.0,0.0,0.0,0.0,0.0,0.0,0.0,0.0,0.0,202201.0
42,A10023268,,,,,,,,,,,202201.0
43,A14209001,0.0,0.0,0.0,0.0,0.0,0.0,3036220.0,11303900.0,0.0,4670110.0,202201.0
44,A14287102,0.0,0.0,105550.0,0.0,0.0,0.0,2064340.0,10705640.0,93600.0,4808830.0,202201.0
