,kaptCode,heatC,heatP,gasC,gasP,waterHotC,waterHotP,electC,electP,waterCoolC,waterCoolP,Date
0,A14280502,0.0,0.0,0.0,0.0,0.0,0.0,2820397.0,17645360.0,328220.0,8347620.0,202203.0
1,A14272304,0.0,0.0,0.0,0.0,0.0,0.0,48165512.0,132230300.0,0.0,66405250.0,202203.0
2,A14272303,0.0,0.0,0.0,0.0,0.0,0.0,1855476.0,16228150.0,0.0,8763400.0,202203.0
3,A14282301,0.0,0.0,0.0,0.0,0.0,0.0,3203440.0,7482930.0,245140.0,3917200.0,202203.0
4,A14210001,0.0,0.0,0.0,0.0,0.0,0.0,7485300.0,0.0,4044740.0,0.0,202203.0
5,A14272311,0.0,0.0,340310.0,0.0,0.0,0.0,2008390.0,16758900.0,0.0,9819960.0,202203.0
6,A14272306,0.0,0.0,0.0,0.0,0.0,0.0,2840628.0,35245600.0,566410.0,16537440.0,202203.0
7,A14272308,0.0,0.0,0.0,0.0,0.0,0.0,53960510.0,0.0,22903320.0,0.0,202203.0
8,A14272305,0.0,0.0,311620.0,0.0,0.0,0.0,15611716.0,55792060.0,0.0,30071950.0,202203.0
9,A14272313,0.0,0.0,0.0,0.0,0.0,0.0,5465110.0,12680050.0,514610.0,5570130.0,202203.0
10,A14272310,0.0,0.0,0.0,0.0,0.0,0.0,2139040.0,7389930.0,0.0,4261660.0,202203.0
11,A14272307,0.0,0.0,0.0,0.0,0.0,0.0,1636930.0,5440.0,0.0,0.0,202203.0
12,A14210002,0.0,0.0,0.0,0.0,0.0,0.0,14057830.0,52419900.0,344430.0,29317760.0,202203.0
13,A14277601,0.0,0.0,0.0,0.0,0.0,0.0,3317006.0,13654810.0,0.0,5409750.0,202203.0
14,A14272309,0.0,0.0,0.0,0.0,0.0,0.0,21045189.0,45431500.0,162800.0,21749220.0,202203.0
15,A14272314,0.0,0.0,0.0,0.0,0.0,0.0,24643452.0,48407800.0,347980.0,24378420.0,202203.0
16,A10026947,0.0,0.0,0.0,0.0,0.0,0.0,-905375.0,29266350.0,249070.0,12512020.0,202203.0
17,A10023829,,,,,,,,,,,202203.0
18,A10025241,0.0,0.0,0.0,0.0,0.0,0.0,13385070.0,53217500.0,3495540.0,16163210.0,202203.0
19,A14206303,0.0,0.0,0.0,0.0,0.0,0.0,2302260.0,7682490.0,0.0,4214760.0,202203.0
20,A14206307,0.0,0.0,0.0,0.0,0.0,0.0,747700.0,12271930.0,473330.0,6041570.0,202203.0
21,A14206202,0.0,0.0,754850.0,0.0,0.0,0.0,4951741.0,19736770.0,737870.0,13433970.0,202203.0
22,A14206306,0.0,0.0,0.0,0.0,0.0,0.0,1275150.0,10577000.0,284380.0,4739390.0,202203.0
23,A14270301,0.0,0.0,0.0,0.0,0.0,0.0,4946740.0,13507710.0,0.0,6287360.0,202203.0
24,A14206302,0.0,0.0,0.0,0.0,0.0,0.0,2135430.0,8121540.0,661700.0,3488090.0,202203.0
25,A14206001,0.0,0.0,0.0,0.0,0.0,0.0,903480.0,7241050.0,286430.0,3417270.0,202203.0
26,A14286104,0.0,0.0,0.0,0.0,0.0,0.0,148530.0,9580690.0,300300.0,0.0,202203.0
27,A14206002,0.0,0.0,0.0,0.0,0.0,0.0,3309960.0,8215980.0,150000.0,4963000.0,202203.0
28,A14206003,-1746000.0,77714940.0,0.0,0.0,4092750.0,10914000.0,5103320.0,25705450.0,7186080.0,0.0,202203.0
29,A14206305,0.0,0.0,0.0,0.0,0.0,0.0,2514650.0,7649230.0,0.0,4502060.0,202203.0
30,A14206310,62393087.0,0.0,0.0,0.0,0.0,25821000.0,2823270.0,16601630.0,7228250.0,0.0,202203.0
31,A14286203,42538007.0,0.0,0.0,0.0,0.0,11748000.0,3892390.0,10478700.0,5017390.0,0.0,202203.0
32,A14286108,7040.0,0.0,0.0,0.0,0.0,0.0,1740794.0,16062440.0,821830.0,6637750.0,202203.0
33,A14206301,0.0,0.0,0.0,0.0,0.0,0.0,3455340.0,5651210.0,10070.0,3210150.0,202203.0
34,A14276311,45194730.0,0.0,0.0,0.0,0.0,17532000.0,0.0,12379910.0,0.0,0.0,202203.0
35,A14206201,0.0,0.0,0.0,0.0,0.0,0.0,885249.0,10807640.0,0.0,9680680.0,202203.0
36,A14206004,,,,,,,,,,,202203.0
37,A14278101,0.0,0.0,0.0,0.0,0.0,0.0,4970192.0,17753150.0,0.0,10839780.0,202203.0
38,A14207203,0.0,0.0,0.0,0.0,0.0,0.0,53267240.0,0.0,0.0,0.0,202203.0
39,A14207201,0.0,0.0,0.0,0.0,0.0,0.0,1155300.0,2453040.0,0.0,1728100.0,202203.0
40,A14207202,0.0,0.0,0.0,0.0,0.0,0.0,6521074.0,17019940.0,0.0,0.0,202203.0
41,A10023955,2004700.0,0.0,5099940.0,0.0,1689520.0,0.0,4054480.0,0.0,21951700.0,0.0,202203.0
42,A10023268,,,,,,,,,,,202203.0
43,A14209001,0.0,0.0,0.0,0.0,0.0,0.0,2651830.0,9287380.0,0.0,4554980.0,202203.0
44,A14287102,0.0,0.0,45510.0,0.0,0.0,0.0,1720855.0,8349020.0,106520.0,4358010.0,202203.0
