,kaptCode,heatC,heatP,gasC,gasP,waterHotC,waterHotP,electC,electP,waterCoolC,waterCoolP,Date
0,A14280502,0.0,0.0,0.0,0.0,0.0,0.0,2064406.0,18963360.0,346130.0,8566230.0,202210.0
1,A14272304,0.0,0.0,0.0,0.0,0.0,0.0,45071283.0,139513100.0,0.0,74122890.0,202210.0
2,A14272303,0.0,0.0,0.0,0.0,0.0,0.0,2862295.0,14861620.0,0.0,7994200.0,202210.0
3,A14282301,0.0,0.0,0.0,0.0,0.0,0.0,2675940.0,8741400.0,521850.0,4091920.0,202210.0
4,A14210001,0.0,0.0,0.0,0.0,0.0,0.0,8529450.0,0.0,4225580.0,0.0,202210.0
5,A14272311,0.0,0.0,358570.0,0.0,0.0,0.0,2335550.0,20104890.0,0.0,11630680.0,202210.0
6,A14272306,0.0,0.0,0.0,0.0,0.0,0.0,0.0,36096640.0,0.0,17008830.0,202210.0
7,A14272308,0.0,0.0,0.0,0.0,0.0,0.0,58987290.0,0.0,23598540.0,0.0,202210.0
8,A14272305,0.0,0.0,812720.0,0.0,0.0,0.0,17667398.0,55376180.0,-120.0,29482990.0,202210.0
9,A14272313,0.0,0.0,0.0,0.0,0.0,0.0,6253050.0,13828470.0,547950.0,5718300.0,202210.0
10,A14272310,0.0,0.0,0.0,0.0,0.0,0.0,829730.0,8260290.0,0.0,4161660.0,202210.0
11,A14272307,0.0,0.0,0.0,0.0,0.0,0.0,2457440.0,5440.0,0.0,0.0,202210.0
12,A14210002,0.0,0.0,0.0,0.0,0.0,0.0,23460100.0,46989170.0,0.0,28327690.0,202210.0
13,A14277601,0.0,0.0,0.0,0.0,0.0,0.0,4049687.0,13702140.0,0.0,5779160.0,202210.0
14,A14272309,0.0,0.0,0.0,0.0,0.0,0.0,18441373.0,48770340.0,-202670.0,23294880.0,202210.0
15,A14272314,0.0,0.0,0.0,0.0,0.0,0.0,19601589.0,51314530.0,0.0,23545200.0,202210.0
16,A10026947,0.0,0.0,0.0,0.0,0.0,0.0,2124070.0,29085690.0,239280.0,12617450.0,202210.0
17,A10023829,0.0,0.0,0.0,0.0,0.0,0.0,11720840.0,0.0,3206090.0,0.0,202210.0
18,A10025241,0.0,0.0,0.0,0.0,0.0,0.0,15100100.0,52495340.0,2171300.0,16496980.0,202210.0
19,A14206303,0.0,0.0,0.0,0.0,0.0,0.0,2564342.0,8169890.0,0.0,4481670.0,202210.0
20,A14206307,0.0,0.0,0.0,0.0,0.0,0.0,459580.0,13196240.0,219220.0,6329230.0,202210.0
21,A14206202,0.0,0.0,98810.0,0.0,0.0,0.0,4146151.0,22238700.0,362440.0,14666120.0,202210.0
22,A14206306,0.0,0.0,0.0,0.0,0.0,0.0,662120.0,10986070.0,26810.0,5337530.0,202210.0
23,A14270301,0.0,0.0,0.0,0.0,0.0,0.0,3415600.0,13508700.0,0.0,6150200.0,202210.0
24,A14206302,0.0,0.0,0.0,0.0,0.0,0.0,2108754.0,8230246.0,590740.0,3422150.0,202210.0
25,A14206001,0.0,0.0,0.0,0.0,0.0,0.0,792490.0,7713640.0,630180.0,3641840.0,202210.0
26,A14286104,0.0,0.0,0.0,0.0,0.0,0.0,328050.0,9683350.0,107900.0,0.0,202210.0
27,A14206002,0.0,0.0,0.0,0.0,0.0,0.0,2345540.0,8915810.0,150000.0,5080440.0,202210.0
28,A14206003,-1874560.0,65317240.0,0.0,0.0,3120750.0,8322000.0,4377290.0,31119590.0,0.0,0.0,202210.0
29,A14206305,0.0,0.0,0.0,0.0,0.0,0.0,2665150.0,8258550.0,0.0,4520720.0,202210.0
30,A14206310,27210913.0,0.0,0.0,0.0,0.0,14931000.0,1262320.0,18301010.0,2615930.0,0.0,202210.0
31,A14286203,31546213.0,0.0,0.0,0.0,0.0,8937000.0,3244772.0,11887110.0,2779930.0,0.0,202210.0
32,A14286108,6350.0,0.0,0.0,0.0,0.0,0.0,2383019.0,17280140.0,-368830.0,8338190.0,202210.0
33,A14206301,0.0,0.0,0.0,0.0,0.0,0.0,4216480.0,5470810.0,-20.0,3220840.0,202210.0
34,A14276311,0.0,0.0,0.0,0.0,0.0,11316000.0,0.0,13499450.0,0.0,0.0,202210.0
35,A14206201,0.0,0.0,0.0,0.0,0.0,0.0,1246752.0,11158610.0,0.0,0.0,202210.0
36,A14206004,,,,,,,,,,,202210.0
37,A14278101,0.0,0.0,0.0,0.0,0.0,0.0,4207850.0,19239900.0,0.0,10970250.0,202210.0
38,A14207203,0.0,0.0,0.0,0.0,0.0,0.0,59270552.0,0.0,52944040.0,0.0,202210.0
39,A14207201,0.0,0.0,0.0,0.0,0.0,0.0,748200.0,2441460.0,0.0,1658800.0,202210.0
40,A14207202,0.0,0.0,0.0,0.0,0.0,0.0,5690663.0,18817060.0,0.0,17954200.0,202210.0
41,A10023955,1002820.0,0.0,3578350.0,0.0,2669800.0,0.0,8726040.0,0.0,0.0,0.0,202210.0
42,A10023268,,,,,,,,,,,202210.0
43,A14209001,0.0,0.0,0.0,0.0,0.0,0.0,2164660.0,9416600.0,0.0,4760600.0,202210.0
44,A14287102,0.0,0.0,13020.0,0.0,0.0,0.0,1598450.0,8621790.0,186350.0,4553580.0,202210.0
