,kaptCode,heatC,heatP,gasC,gasP,waterHotC,waterHotP,electC,electP,waterCoolC,waterCoolP
0,A13120701,0,0,0,0,0,0,2188619,10287380,0,3599740
1,A13184401,0,0,0,0,0,0,1444555,8726170,0,0
2,A13183202,0,0,0,0,0,0,608110,0,0,0
3,A13184301,0,0,0,0,0,0,1238750,12787860,0,0
4,A13183504,0,0,0,0,0,0,1317170,36121030,542030,10591110
5,A13183701,0,0,0,0,0,0,390111,12531930,0,0
6,A13181203,0,0,0,0,0,0,4161767,26094763,231000,0
7,A13120403,0,0,0,0,0,0,5466974,22435040,634240,7786950
8,A13184107,0,0,-785060,777040,0,0,8371788,36824790,0,11372440
9,A13183405,0,0,0,0,0,0,1845306,18149770,-96460,11317840
10,A13120704,1100,0,0,0,0,0,10621764,0,7513730,0
11,A13184502,0,0,0,0,0,0,7571490,7541090,0,0
12,A13183303,0,0,0,0,0,0,1242360,8503300,-312190,3656690
13,A13120001,1740000,0,0,0,0,0,880200,12936600,0,0
14,A13188406,0,0,9280,0,0,0,5651398,21621210,361200,0
15,A13177701,0,0,0,0,0,0,14916890,0,0,0
16,A13183204,0,0,0,0,0,0,2499760,23846003,0,0
17,A13184208,9030,0,0,0,0,0,3968454,28549140,1375000,0
18,A13183502,0,0,20400,0,0,0,1742700,14366420,0,0
19,A13181201,0,0,8580,0,0,0,0,10753710,380,3226700
20,A13175103,0,0,0,0,0,0,2706202,48332620,0,0
21,A13175102,,,,,,,,,,
22,A10028033,0,0,0,0,0,0,5091380,22963580,-182440,9863140
23,A10025159,0,0,0,0,0,0,9229890,31059280,-21920,8357890
24,A13120003,,,,,,,,,,
25,A10024703,0,0,0,0,0,0,9103715,29162720,87230,7849790
26,A10023384,,,,,,,,,,
27,A10024443,0,0,0,0,0,0,6170822,18989600,0,4202830
28,A10024741,0,0,3900,0,0,0,42081440,108242560,105710,27389170
29,A10024366,,,,,,,,,,
30,A10023606,,,,,,,,,,
31,A13185602,0,0,0,0,0,0,4437949,21178730,396650,8146270
32,A13185603,0,0,0,0,0,0,2703180,20653470,592760,0
33,A13170401,0,0,0,0,0,0,5575733,34146873,0,10464620
34,A13186306,479040,0,0,0,6072525,0,3407540,0,438375,0
35,A13186401,0,0,0,0,0,0,3815824,15861310,0,8006870
36,A13122104,0,0,0,0,0,0,34517489,0,13400890,0
37,A13186305,4219530,0,0,0,0,4112010,-3335310,42248620,2230890,16234130
38,A13185607,0,0,0,0,0,0,591270,65862210,1163400,0
39,A13122001,0,0,0,0,0,0,1833300,37615360,0,10771080
40,A13187501,0,0,0,0,0,0,361490,8596670,0,0
41,A13187702,0,0,39650,0,0,0,2702250,77407740,2358020,30713290
42,A10026046,,,,,,,,,,
43,A13176801,0,0,0,0,0,0,2371259,9764940,0,0
44,A13114103,0,0,0,0,0,0,7341940,8335730,720440,3203730
45,A13184804,0,0,0,0,0,0,698860,12742830,0,4296440
46,A13184609,2398910,0,0,0,0,5286000,362740,37130910,0,15774770
47,A13184610,6430740,0,0,0,-1350,11061190,13650718,75910190,410950,30073260
48,A13114106,0,0,6990,0,0,0,7387525,9637390,9775950,0
49,A13185508,0,0,0,0,0,0,47917860,0,13216060,0
50,A13185501,0,0,0,0,0,0,705590,8752280,0,6513290
51,A13185507,0,0,0,0,0,0,2383500,14300340,0,0
52,A13185502,0,0,0,0,0,0,1188630,9425680,-710,6080020
53,A13114002,0,0,0,0,0,1083270,1584702,37713450,520250,15345280
54,A13185402,0,0,5090,0,0,0,-283369,13916210,0,0
55,A13114201,0,0,0,0,0,0,708354,10672850,0,3291110
56,A10025855,0,0,0,0,0,0,13973460,41944490,0,28722150
57,A10025187,,,,,,,,,,
58,A10026469,0,0,0,0,0,0,0,62828980,0,5986260
59,A13123102,0,0,0,0,0,0,8944045,39502260,-1360,14374600
60,A13176102,0,0,0,0,0,0,3799710,6830800,-6689300,6689300
61,A13123002,0,0,0,0,0,0,6420810,29757540,0,8246420
62,A13123001,0,0,0,0,0,0,10796918,0,8376820,0
63,A13123101,0,0,0,0,0,0,1565790,8682540,0,3443090
64,A13176101,,,,,,,,,,
65,A10027498,,,,,,,,,,
66,A10023816,0,0,0,0,0,5002570,6835300,26567500,207470,7477600
67,A10024008,2729360,0,-352200,352200,-1788000,1788000,6162470,20650260,-198885,4120410
68,A10024018,1344830,0,0,0,2585530,0,18409289,0,4879180,0
69,A10024214,2292470,0,0,0,0,2893950,8680410,36867690,342160,9760490
70,A10023952,4436220,0,0,0,0,0,39210076,0,7116180,0
71,A13186801,0,0,0,0,0,0,117552,7325720,0,2915660
72,A13186503,0,0,0,0,0,0,1663486,14287720,0,0
73,A13176902,6900,62130,0,0,0,2079370,1127660,0,148450,0
74,A13113002,0,0,0,0,0,0,540305,18660560,138060,5468350
75,A13113006,-423530,420480,0,0,0,0,871000,14284700,0,4147710
76,A13186905,0,0,5090,0,0,350450,2298670,0,0,0
77,A13113001,0,0,0,0,0,0,1924560,11097940,211690,4102020
78,A13186502,0,0,0,0,0,0,2510820,9563240,28190,3786360
79,A13178101,2816420,0,0,0,0,16797980,4223459,91305640,4426610,23043100
80,A13176901,4326120,0,0,0,0,8034400,1571317,55477400,0,22603180
81,A13113003,5258650,0,0,0,-3104000,3104000,2578210,24953060,768000,10259570
82,A13187306,-140,213810,0,0,-1020,7262410,4323440,0,36850,0
83,A13186504,0,0,0,0,0,0,2952706,16765650,23350,5972150
84,A13187406,0,0,16890,0,0,0,7748958,28620840,0,12186280
85,A13113004,3576290,0,0,0,0,5978000,4034961,38171589,-1104690,18002590
86,A13187302,2183180,0,0,0,-353280,2023820,2934730,0,264760,11691230
87,A13187305,2484660,0,0,0,470,3516000,1208058,36681230,-1513720,17268060
88,A13186907,0,0,0,0,0,0,1789630,39329980,802700,0
89,A13187004,0,0,0,0,0,0,58220490,0,1459580,0
90,A13186708,4016557,0,0,0,0,9977043,4467770,46864820,3188145,0
91,A13187201,2873030,0,0,0,0,3901500,5214319,35770070,791910,15359400
92,A13187203,4195145,0,0,0,-155,4503590,1802219,55493213,87480,19085480
93,A13113008,0,0,0,0,0,0,19853131,67084860,-263240,24450460
94,A13113007,0,0,0,0,0,0,9831099,90827470,1013380,29723350
95,A10025397,0,0,0,0,0,0,2456110,5705310,103110,2110540
96,A10027297,,,,,,,,,,
97,A10027775,0,0,0,0,0,0,1560220,2645360,91460,780270
98,A10025137,7190,0,0,0,1178740,0,9449810,0,0,0
