,kaptCode,heatC,heatP,gasC,gasP,waterHotC,waterHotP,electC,electP,waterCoolC,waterCoolP
0,A13120701,0,0,0,0,0,0,3455660,7676170,0,3694860
1,A13184401,0,0,0,0,0,0,2031520,7119100,0,0
2,A13183202,0,0,0,0,0,0,430290,7132470,0,0
3,A13184301,0,0,0,0,0,0,2676880,10283860,-271320,9239500
4,A13183504,0,0,0,0,0,0,1309140,24779560,628490,10807910
5,A13183701,0,0,0,0,0,0,976120,7916360,442820,6770400
6,A13181203,0,0,0,0,0,0,4862960,22110080,250230,0
7,A13120403,0,0,0,0,0,0,5517825,14968180,0,7718650
8,A13184107,0,0,-855900,850760,0,0,10386748,24676910,-738190,10747130
9,A13183405,0,0,0,0,0,0,2747922,14172770,0,0
10,A13120704,55470,0,0,0,0,0,4366898,7288910,0,0
11,A13184502,0,0,0,0,0,0,2099260,0,0,0
12,A13183303,0,0,0,0,0,0,1961340,6668940,462000,3436020
13,A13120001,1650000,0,0,0,0,0,702530,9863390,485230,6809870
14,A13188406,0,0,133940,0,0,0,9065220,16032350,0,0
15,A13177701,0,0,0,0,0,0,17318500,0,200440,0
16,A13183204,0,0,0,0,0,0,2969960,17542190,0,0
17,A13184208,119500,0,0,0,0,0,5547760,22351570,956250,0
18,A13183502,0,0,189360,0,0,0,3084310,10033480,84320,0
19,A13181201,0,0,144590,0,0,0,437650,7397260,1350,2919110
20,A13175103,0,0,0,0,0,0,6615260,32480550,0,0
21,A13175102,,,,,,,,,,
22,A10028033,0,0,0,0,0,0,4103700,14740460,0,0
23,A10025159,0,0,0,0,0,0,11985190,20130800,581130,7738830
24,A13120003,,,,,,,,,,
25,A10024703,0,0,0,0,0,0,10641970,19005570,332980,7743710
26,A10023384,,,,,,,,,,
27,A10024443,0,0,0,0,0,0,3963640,11503700,0,4096290
28,A10024741,0,0,102620,0,0,0,37686850,70880050,94910,26903020
29,A10024366,,,,,,,,,,
30,A10023606,,,,,,,,,,
31,A13185602,0,0,0,0,0,0,3543800,15261740,527630,6575060
32,A13185603,0,0,0,0,0,0,2600310,17197720,0,0
33,A13170401,0,0,0,0,0,0,6909483,24677380,0,9437370
34,A13186306,32954900,0,0,0,18230950,0,5085830,0,700000,0
35,A13186401,0,0,0,0,0,0,4651309,12947940,0,7090150
36,A13122104,0,0,0,0,0,0,31397864,0,11600830,0
37,A13186305,10930640,51683840,0,0,0,21779360,7295219,30457060,1332960,16635330
38,A13185607,0,0,0,0,0,0,2239860,50331760,0,0
39,A13122001,0,0,0,0,0,0,4350670,24317570,0,10245450
40,A13187501,0,0,0,0,0,0,1462130,6465200,0,0
41,A13187702,0,0,962590,0,0,0,15900670,52140870,-77210,28394120
42,A10026046,,,,,,,,,,
43,A13176801,0,0,0,0,0,0,3642840,7501360,6013110,0
44,A13114103,0,0,0,0,0,0,2559770,10057860,534270,3107280
45,A13184804,0,0,0,0,0,0,1908040,10145520,0,3131850
46,A13184609,6955580,58884110,0,0,0,21189460,1546930,26530760,-130,15390550
47,A13184610,24094300,158970260,0,0,-14000,41125500,24408110,55891570,358280,27852610
48,A13114106,0,0,175750,0,0,0,5331224,9196370,0,0
49,A13185508,0,0,0,0,0,0,4312930,24472330,0,11707440
50,A13185501,0,0,0,0,0,0,996910,7498210,0,0
51,A13185507,0,0,0,0,0,0,3003470,13324950,0,10200610
52,A13185502,0,0,0,0,0,0,2018290,6316570,0,0
53,A13114002,0,0,0,0,0,1144310,950802,30285770,485800,13770190
54,A13185402,0,0,182200,0,0,0,1276146,10532880,7602440,0
55,A13114201,0,0,0,0,0,0,8069190,7599450,3305670,3788230
56,A10025855,0,0,0,0,0,0,15600030,30682600,0,0
57,A10025187,,,,,,,,,,
58,A10026469,0,0,0,0,0,0,10132625,22746440,273630,5594470
59,A13123102,0,0,0,0,0,0,3948540,32187860,0,12773870
60,A13176102,0,0,53240,0,0,0,1096710,6092080,0,6063180
61,A13123002,0,0,0,0,0,0,7102220,18708510,0,7959040
62,A13123001,0,0,0,0,0,0,11605020,0,0,0
63,A13123101,0,0,0,0,0,0,1920040,6602450,-43470,2994040
64,A13176101,,,,,,,,,,
65,A10027498,,,,,,,,,,
66,A10023816,,,,,,,,,,
67,A10024008,11355560,10732720,-315110,315110,-4732000,4732000,6539370,9336140,-1310510,3644620
68,A10024018,1616200,14846190,0,0,0,7834900,4099244,8778140,17160,4101260
69,A10024214,30950520,0,0,0,0,19419480,8266200,23028960,160300,8483850
70,A10023952,,,,,,,,,,
71,A13186801,0,0,0,0,0,0,2640154,4705360,0,2598370
72,A13186503,0,0,0,0,0,0,2567453,10962060,0,0
73,A13176902,1567400,14106460,0,0,0,3927920,1661340,0,148900,0
74,A13113002,0,0,0,0,0,0,1330091,12288330,346830,5331300
75,A13113006,-409000,407690,0,0,0,0,3373840,10719310,0,3722520
76,A13186905,0,0,313960,0,0,341210,2343520,0,0,0
77,A13113001,0,0,0,0,0,0,2691257,7331500,-80,3694460
78,A13186502,0,0,0,0,0,0,2574020,7373590,21110,4173760
79,A13178101,2816420,93710750,0,0,0,41129960,20048916,64404590,3094130,18205110
80,A13176901,6191550,105591250,0,0,0,17753800,5822947,46499680,3453650,22143870
81,A13113003,24598130,31538370,0,0,-14925000,14925000,4575690,17555820,1587900,8918000
82,A13187306,-220,53821870,0,0,-1710,20288590,6694640,0,32640,0
83,A13186504,0,0,0,0,0,0,3843504,12811530,462700,6346160
84,A13187406,0,0,288790,0,0,0,7924371,20076770,0,11788130
85,A13113004,8169330,83580910,0,0,0,10349600,10113610,29687480,-625770,17796270
86,A13187302,1829020,44234980,0,0,0,15447300,2917700,0,943340,10406420
87,A13187305,2484090,77387900,0,0,0,14148400,6764812,24942660,-156990,15471370
88,A13186907,0,0,0,0,0,0,2157010,28652100,736050,0
89,A13187004,0,0,0,0,0,0,41503353,0,0,0
90,A13186708,6070744,96356800,0,0,0,19650400,10268902,34384070,3079590,0
91,A13187201,14978301,41608429,0,0,0,26114400,8842517,24939980,-2021530,15584340
92,A13187203,14711360,94638600,0,0,0,22175460,16872320,43026730,293940,18567220
93,A13113008,0,0,0,0,0,0,18346274,52899120,-622060,23170780
94,A13113007,0,0,0,0,0,0,52676740,70306910,1272490,28512960
95,A10025397,0,0,0,0,0,0,3925050,3613950,23410,2091420
96,A10027297,,,,,,,,,,
97,A10027775,0,0,0,0,0,0,3372870,0,805310,0
98,A10025137,4421310,0,0,0,6819280,0,7674100,0,4635370,0
