,kaptCode,heatC,heatP,gasC,gasP,waterHotC,waterHotP,electC,electP,waterCoolC,waterCoolP
0,A13120701,0,0,0,0,0,0,1867596,6294560,0,3700720
1,A13184401,0,0,0,0,0,0,1824365,6228760,0,0
2,A13183202,0,0,0,0,0,0,706470,0,0,0
3,A13184301,0,0,0,0,0,0,2104470,8136390,0,0
4,A13183504,0,0,0,0,0,0,1603340,22161600,678880,10230750
5,A13183701,0,0,0,0,0,0,666560,7418800,0,0
6,A13181203,0,0,0,0,0,0,3390870,17284250,349000,0
7,A13120403,0,0,0,0,0,0,3103527,13933840,634240,7472360
8,A13184107,0,0,-758980,754490,0,0,6485383,21658760,0,11185600
9,A13183405,0,0,0,0,0,0,1300501,12529780,-305270,10448620
10,A13120704,35340,0,0,0,0,0,1376195,6632120,-477560,7051480
11,A13184502,0,0,0,0,0,0,5526050,5497550,0,0
12,A13183303,0,0,0,0,0,0,2173890,5483350,271470,3403560
13,A13120001,1650000,0,0,0,0,0,638980,8413940,0,0
14,A13188406,0,0,140520,0,0,0,5347630,12867010,573430,0
15,A13177701,0,0,0,0,0,0,9661850,0,1049710,0
16,A13183204,0,0,0,0,0,0,1968900,15123790,0,0
17,A13184208,55530,0,0,0,0,0,5382312,21449330,1177080,0
18,A13183502,0,0,29120,0,0,0,9829950,7960840,0,0
19,A13181201,0,0,57740,0,0,0,665390,6986460,-290,3123780
20,A13175103,0,0,0,0,0,0,4748060,29884600,836450,0
21,A13175102,,,,,,,,,,
22,A10028033,0,0,0,0,0,0,3403090,13079710,80240,9375130
23,A10025159,0,0,0,0,0,0,4893830,17936510,-513850,8433330
24,A13120003,,,,,,,,,,
25,A10024703,0,0,0,0,0,0,5368841,16118920,219080,7337950
26,A10023384,,,,,,,,,,
27,A10024443,0,0,0,0,0,0,2689201,0,0,0
28,A10024741,0,0,22570,0,0,0,17215180,62125170,116130,27559120
29,A10024366,,,,,,,,,,
30,A10023606,,,,,,,,,,
31,A13185602,0,0,0,0,0,0,3684560,12845500,167060,7544990
32,A13185603,0,0,0,0,0,0,2645360,13116600,0,0
33,A13170401,0,0,0,0,0,0,4377644,21148680,0,9488740
34,A13186306,10564050,0,0,0,10221930,0,3190390,0,630000,0
35,A13186401,0,0,0,0,0,0,3701783,10913540,0,7372230
36,A13122104,0,0,0,0,0,0,26215962,0,12366860,0
37,A13186305,5028370,7296840,0,0,0,13329360,4274180,26567200,1614480,15253080
38,A13185607,0,0,0,0,0,0,2204510,43887590,921300,0
39,A13122001,0,0,0,0,0,0,976360,22209930,0,10614870
40,A13187501,0,0,0,0,0,0,943420,5868590,0,0
41,A13187702,0,0,621290,0,0,0,5963980,50686270,4790540,27883790
42,A10026046,,,,,,,,,,
43,A13176801,0,0,0,0,0,0,1608736,5968340,0,0
44,A13114103,0,0,0,0,0,0,1716597,9161100,695360,3147750
45,A13184804,0,0,0,0,0,0,1994970,7912990,0,3858350
46,A13184609,3156830,6824480,0,0,0,16446500,1227650,25722740,761970,14220850
47,A13184610,8306240,16873760,0,0,0,36008400,11947640,46843050,480320,28454170
48,A13114106,0,0,123650,0,0,0,3257219,8162630,9256200,0
49,A13185508,0,0,0,0,0,0,6857040,21172410,0,11682380
50,A13185501,0,0,0,0,0,0,595850,6870010,0,6421310
51,A13185507,0,0,0,0,0,0,1900570,10172230,0,0
52,A13185502,0,0,0,0,0,0,1275330,5501250,-710,5664280
53,A13114002,0,0,0,0,0,933430,1545080,24301340,569230,13531730
54,A13185402,0,0,170430,0,0,0,1715656,8702120,0,0
55,A13114201,0,0,0,0,0,0,1580,7455150,-270,3443480
56,A10025855,0,0,0,0,0,0,7328600,26705600,0,27763850
57,A10025187,,,,,,,,,,
58,A10026469,0,0,0,0,0,0,6184084,18637190,0,5587120
59,A13123102,0,0,0,0,0,0,3934080,31002310,0,13058120
60,A13176102,0,0,29210,0,0,0,2349230,6043540,0,0
61,A13123002,0,0,0,0,0,0,1325210,17040500,0,8205700
62,A13123001,0,0,0,0,0,0,8821770,0,7973270,0
63,A13123101,0,0,0,0,0,0,862910,6309600,0,2987710
64,A13176101,,,,,,,,,,
65,A10027498,,,,,,,,,,
66,A10023816,785530,2729480,0,0,11782800,11768400,5525080,12212130,749930,6295290
67,A10024008,5522250,1280310,-298350,298350,-4550000,4550000,3618400,10233570,-86850,4018850
68,A10024018,1355610,1410820,0,0,0,5576000,1183233,9036650,500,4218800
69,A10024214,4797650,0,0,0,0,10818350,5391000,22680790,781100,7716980
70,A10023952,11529050,0,0,0,0,0,20194440,0,13665840,0
71,A13186801,0,0,0,0,0,0,1538875,4313150,0,2853880
72,A13186503,0,0,0,0,0,0,1622228,9041930,0,0
73,A13176902,428830,3859670,0,0,0,3307590,874150,0,149850,0
74,A13113002,0,0,0,0,0,0,1139152,11198160,117500,5329490
75,A13113006,-355790,354730,0,0,0,0,1507490,9053790,0,4146290
76,A13186905,0,0,157980,0,0,308000,1943040,0,0,0
77,A13113001,0,0,0,0,0,0,2417040,6804310,-800,3839300
78,A13186502,0,0,0,0,0,0,2162610,5665840,37250,3552880
79,A13178101,2816420,17764140,0,0,0,30487650,3721962,53634020,1624880,18821460
80,A13176901,4809010,15117750,0,0,0,19996200,4040899,39590300,3900238,22310120
81,A13113003,13064120,2991400,0,0,-8214000,8214000,4391030,15867040,1739620,8579870
82,A13187306,0,12074310,0,0,-1310,17067130,3634140,0,34840,0
83,A13186504,0,0,0,0,0,0,2409960,11120280,150010,5692470
84,A13187406,0,0,243260,0,0,0,4801353,18349360,0,12060020
85,A13113004,4350550,17034490,0,0,0,8312500,7255680,25502620,-1184790,17547270
86,A13187302,1828360,7959810,0,0,0,9515410,2211920,0,2952780,8337090
87,A13187305,2474530,13545050,0,0,0,11044000,5062337,22596640,-2263990,17576010
88,A13186907,0,0,0,0,0,0,1391940,26515780,806150,0
89,A13187004,0,0,0,0,0,0,38778515,0,1833930,0
90,A13186708,4394899,15442670,0,0,0,18520760,6722140,30159480,4000000,0
91,A13187201,4392592,9507978,0,0,0,11230000,8824547,23854990,-346280,14616890
92,A13187203,4914530,13684690,0,0,0,14183550,8164957,37500170,333820,19023360
93,A13113008,0,0,0,0,0,0,12933921,44225380,-682670,24599450
94,A13113007,0,0,0,0,0,0,11315800,60780150,1767810,35564690
95,A10025397,0,0,0,0,0,0,1027310,3486870,0,2148640
96,A10027297,,,,,,,,,,
97,A10027775,0,0,0,0,0,0,1891030,1275670,45920,879040
98,A10025137,701280,0,0,0,6400080,0,5487390,0,0,0
