,kaptCode,heatC,heatP,gasC,gasP,waterHotC,waterHotP,electC,electP,waterCoolC,waterCoolP
0,A13120701,0,0,0,0,0,0,2247902,6580460,0,3772750
1,A13184401,0,0,0,0,0,0,1236602,6900690,0,0
2,A13183202,0,0,0,0,0,0,459400,0,0,0
3,A13184301,0,0,0,0,0,0,2001160,9136490,28110,10128580
4,A13183504,0,0,0,0,0,0,1275300,25962800,695670,10452520
5,A13183701,0,0,0,0,0,0,547761,8097010,7000290,7001000
6,A13181203,0,0,0,0,0,0,3279000,18685080,44000,0
7,A13120403,0,0,0,0,0,0,2148933,16575680,634240,7235400
8,A13184107,0,0,-823770,817050,0,0,8480273,23910150,-1474670,11606870
9,A13183405,0,0,0,0,0,0,832236,13410310,0,0
10,A13120704,1100,0,0,0,0,0,8433396,0,0,0
11,A13184502,0,0,0,0,0,0,5471880,5869390,0,0
12,A13183303,0,0,0,0,0,0,1338300,6026380,260140,3286360
13,A13120001,1770000,0,0,0,0,0,626760,9074000,0,8047760
14,A13188406,0,0,8640,0,0,0,6286665,12845120,0,0
15,A13177701,0,0,0,0,0,0,11150540,0,0,0
16,A13183204,0,0,0,0,0,0,2177990,16602170,0,0
17,A13184208,6680,0,0,0,0,0,2423553,28042920,1375000,0
18,A13183502,0,0,24200,0,0,0,1662420,8760250,146990,0
19,A13181201,0,0,14780,0,0,0,0,7864830,-890,3234380
20,A13175103,0,0,0,0,0,0,3815963,36924610,273270,0
21,A13175102,,,,,,,,,,
22,A10028033,0,0,0,0,0,0,4147220,14629090,0,0
23,A10025159,0,0,0,0,0,0,5746180,20684770,-3200,7922680
24,A13120003,,,,,,,,,,
25,A10024703,0,0,0,0,0,0,5340367,19349970,348660,7309890
26,A10023384,,,,,,,,,,
27,A10024443,0,0,0,0,0,0,3063078,13013530,0,4380830
28,A10024741,0,0,3110,0,0,0,28113430,73869040,100250,26604600
29,A10024366,,,,,,,,,,
30,A10023606,,,,,,,,,,
31,A13185602,0,0,0,0,0,0,3343708,14336620,339480,7810290
32,A13185603,0,0,0,0,0,0,3519190,14467460,0,0
33,A13170401,0,0,0,0,0,0,5851291,24509183,0,10185380
34,A13186306,909340,0,0,0,8196844,0,3097110,0,524261,0
35,A13186401,0,0,0,0,0,532170,1685811,11871340,0,7545580
36,A13122104,0,0,0,0,0,0,26978718,0,12813090,0
37,A13186305,4908050,320580,0,0,0,5325300,-1012020,33051090,1364310,15922740
38,A13185607,0,0,0,0,0,0,617690,48871230,0,0
39,A13122001,0,0,0,0,0,0,581690,25017500,0,10650920
40,A13187501,0,0,0,0,0,0,1019850,5864980,0,0
41,A13187702,0,0,37940,0,0,0,2518770,59681600,2851860,29733890
42,A10026046,,,,,,,,,,
43,A13176801,0,0,0,0,0,0,2165733,6796220,-650,6493450
44,A13114103,0,0,0,0,0,0,3463700,8335730,740700,3203730
45,A13184804,0,0,0,0,0,0,663020,11302710,0,3855830
46,A13184609,2398910,0,0,0,0,6498000,362810,30957080,0,15586950
47,A13184610,6430740,0,0,0,150,16524200,9321032,50398670,343560,28980710
48,A13114106,0,0,6180,0,0,0,2500768,9521760,0,0
49,A13185508,0,0,0,0,0,0,26569660,0,13339240,0
50,A13185501,0,0,0,0,0,0,267760,7139030,0,0
51,A13185507,0,0,0,0,0,0,1848610,11238050,0,11016500
52,A13185502,0,0,0,0,0,0,1118150,6286160,0,0
53,A13114002,0,0,0,0,0,1058710,1406874,26201310,603220,14701910
54,A13185402,0,0,3490,0,0,0,1145362,9639560,8304170,0
55,A13114201,0,0,0,0,0,0,368193,7224550,0,3767540
56,A10025855,0,0,0,0,0,0,8261500,28656660,0,0
57,A10025187,,,,,,,,,,
58,A10026469,0,0,0,0,0,0,5088869,24964740,0,6043340
59,A13123102,0,0,0,0,0,0,5577103,36346830,0,14263980
60,A13176102,0,0,0,0,0,0,2438850,6830800,0,6689300
61,A13123002,0,0,0,0,0,0,3895890,19271570,0,8009160
62,A13123001,0,0,0,0,0,0,9082470,0,0,0
63,A13123101,0,0,0,0,0,0,735010,7341770,0,3636850
64,A13176101,,,,,,,,,,
65,A10027498,,,,,,,,,,
66,A10023816,0,311470,0,0,0,6562200,-1102960,20084550,46270,7313250
67,A10024008,3022320,49200,-318390,318390,-2078400,2078400,5896550,14315430,-287075,4208600
68,A10024018,1458920,0,0,0,3143880,0,12367466,0,4705520,0
69,A10024214,3771810,0,0,0,0,4322250,5760910,24015840,290730,9095360
70,A10023952,4990170,0,0,0,0,0,26923834,0,6778820,0
71,A13186801,0,0,0,0,0,0,1215672,4954190,0,2841960
72,A13186503,0,0,0,0,0,0,1422584,9729350,0,0
73,A13176902,47450,426720,0,0,0,2100660,810220,0,151050,0
74,A13113002,0,0,0,0,0,0,611870,12733560,304170,5272440
75,A13113006,-378710,375880,0,0,0,0,1537940,9541340,553060,4015090
76,A13186905,0,0,5080,0,0,359430,2058100,0,0,0
77,A13113001,0,0,0,0,0,0,1002900,8454480,112340,4275710
78,A13186502,0,0,0,0,0,0,1840540,6198380,29290,3336420
79,A13178101,2816420,0,0,0,0,20654740,2898292,61928540,3330410,21468390
80,A13176901,-3902000,7682400,0,0,7682400,4425000,826047,45654670,114290,22562450
81,A13113003,6073800,0,0,0,-3668000,3668000,1592020,20214620,1042470,9373850
82,A13187306,-130,2206380,0,0,3260,8700210,3818570,0,30820,0
83,A13186504,0,0,0,0,0,0,2285735,11822330,77840,5972180
84,A13187406,0,0,9720,0,0,0,4010088,21008120,0,12224570
85,A13113004,3582520,0,0,0,0,7592000,4043760,29348070,-1013630,17706040
86,A13187302,1828760,77280,0,0,0,3892720,2510840,0,476030,11374600
87,A13187305,2484660,0,0,0,3870,4949180,1786362,28691060,-1644440,18284150
88,A13186907,0,0,0,0,0,0,1068590,29743600,802700,0
89,A13187004,0,0,0,0,0,0,49710140,0,0,0
90,A13186708,4067730,0,0,0,0,10548390,6791750,32643560,1926100,0
91,A13187201,3031090,0,0,0,0,4971200,4629308,31189620,-260250,14885260
92,A13187203,4195145,0,0,0,-135,6435770,1500352,37695007,0,18678340
93,A13113008,0,0,0,0,0,0,14638008,48314750,-587940,24354420
94,A13113007,0,0,0,0,0,0,12827350,65760350,1142880,28042850
95,A10025397,0,0,0,0,0,0,1316990,5705310,0,2110540
96,A10027297,,,,,,,,,,
97,A10027775,0,0,0,0,0,0,926790,1585070,93830,722700
98,A10025137,8410,0,0,0,1415930,0,6948040,0,4506660,0
