,kaptCode,heatC,heatP,gasC,gasP,waterHotC,waterHotP,electC,electP,waterCoolC,waterCoolP
0,A13120701,0,0,0,0,0,0,2457395,6992370,0,3501190
1,A13184401,0,0,0,0,0,0,9223669,0,0,0
2,A13183202,0,0,0,0,0,0,1086690,0,0,0
3,A13184301,0,0,0,0,0,0,3292810,11404170,0,0
4,A13183504,0,0,0,0,0,0,951250,24307550,641420,10111710
5,A13183701,0,0,0,0,0,0,1162835,8022490,0,0
6,A13181203,0,0,0,0,0,0,5707490,24016600,181770,0
7,A13120403,0,0,0,0,0,0,4761823,14854270,0,7535260
8,A13184107,0,0,-756210,749350,0,0,11367690,19011310,0,10698560
9,A13183405,0,0,0,0,0,0,2180927,13140870,10630040,0
10,A13120704,7570,0,0,0,0,0,3216530,7876860,195670,6639110
11,A13184502,0,0,0,0,0,0,7089920,7058850,0,0
12,A13183303,0,0,0,0,0,0,1985180,6767960,469970,3187150
13,A13120001,1710000,0,0,0,0,0,1250210,11060170,0,0
14,A13188406,0,0,148040,0,0,0,5331999,20843150,863440,0
15,A13177701,0,0,0,0,0,0,11658610,0,0,0
16,A13183204,0,0,0,0,0,0,2717477,19010903,0,0
17,A13184208,47630,0,0,0,0,0,6058196,22309730,1043730,0
18,A13183502,0,0,161270,0,0,0,3678940,10838110,0,0
19,A13181201,0,0,104980,0,0,0,758470,7603800,-10,2963390
20,A13175103,0,0,0,0,0,0,5530039,34313850,835000,0
21,A13175102,,,,,,,,,,
22,A10028033,0,0,0,0,0,0,4957520,14057810,328740,9172160
23,A10025159,0,0,0,0,0,0,11026580,24232590,-164520,8304940
24,A13120003,,,,,,,,,,
25,A10024703,0,0,0,0,0,0,11265366,21163780,452430,7447570
26,A10023384,,,,,,,,,,
27,A10024443,0,0,0,0,0,0,6728971,15105870,0,4450700
28,A10024741,0,0,190080,0,0,0,44933590,81198840,256400,25480720
29,A10024366,,,,,,,,,,
30,A10023606,,,,,,,,,,
31,A13185602,0,0,0,0,0,0,4522245,14194940,302070,7179330
32,A13185603,0,0,0,0,0,0,5684940,18445840,336980,0
33,A13170401,0,0,0,0,0,0,7525656,24010750,0,9274920
34,A13186306,43819090,0,0,0,19208549,0,5364630,0,594126,0
35,A13186401,0,0,0,0,0,0,5341585,14644350,0,7001470
36,A13122104,0,0,0,0,0,0,35602207,0,10841200,0
37,A13186305,12366200,77042970,0,0,0,25715200,7972423,35173650,1267300,15978060
38,A13185607,0,0,0,0,0,0,2705570,48461070,1849310,0
39,A13122001,0,0,0,0,0,0,2528700,23702050,0,9758340
40,A13187501,0,0,0,0,0,0,1091800,6674360,0,0
41,A13187702,0,0,957650,0,0,0,10682478,66823810,3306340,26710290
42,A10026046,,,,,,,,,,
43,A13176801,0,0,0,0,0,0,3499459,8342780,0,0
44,A13114103,0,0,0,0,0,0,564346,9755800,908470,2894100
45,A13184804,0,0,0,0,0,0,657260,0,0,0
46,A13184609,11144000,87080770,0,0,0,20306240,1085650,29614850,373930,13868530
47,A13184610,33035530,239443110,0,0,0,38073000,25720582,64290800,318250,26976060
48,A13114106,0,0,152980,0,0,0,4384399,8812250,8831450,0
49,A13185508,0,0,0,0,0,0,4325360,0,12476860,0
50,A13185501,0,0,0,0,0,0,1868640,6842100,0,7156080
51,A13185507,0,0,0,0,0,0,3076330,14616410,0,0
52,A13185502,0,0,0,0,0,0,1161400,7244280,-580,5680330
53,A13114002,0,0,0,0,0,924480,1593801,33186630,719910,12945850
54,A13185402,0,0,227800,0,0,0,12039146,0,0,0
55,A13114201,0,0,0,0,0,0,737368,7362230,0,3246990
56,A10025855,0,0,0,0,0,0,17361380,34208160,0,26280820
57,A10025187,,,,,,,,,,
58,A10026469,0,0,0,0,0,0,9742227,24350750,-2214950,6023440
59,A13123102,0,0,0,0,0,0,4892594,31711860,0,12933820
60,A13176102,0,0,0,0,0,0,0,5417770,0,0
61,A13123002,0,0,0,0,0,0,3973400,18712520,0,7518780
62,A13123001,0,0,0,0,0,0,11512760,0,7568610,0
63,A13123101,0,0,0,0,0,0,1290790,7469740,0,3284910
64,A13176101,,,,,,,,,,
65,A10027498,,,,,,,,,,
66,A10023816,5259720,21902060,0,0,0,19661400,1281210,17211820,510990,7231900
67,A10024008,8622700,18942090,-315230,315230,-7650000,7650000,5654740,10995350,-267325,4140060
68,A10024018,2012876,19761520,0,0,-46800,8756800,5127112,12521200,-20,4801450
69,A10024214,8138280,40449730,0,0,0,18395000,10004780,26570120,214390,9460390
70,A10023952,4055590,21485610,0,0,0,14095330,5893857,17693470,-787,7095788
71,A13186801,0,0,0,0,0,0,2297513,5794460,748941,3056379
72,A13186503,0,0,0,0,0,0,2747445,12356040,0,0
73,A13176902,2078240,18704090,0,0,0,0,1868230,0,149050,0
74,A13113002,0,0,0,0,0,0,2103601,12503940,157380,5166180
75,A13113006,-276250,271950,0,0,0,0,4491290,11617200,0,3715740
76,A13186905,0,0,226090,0,0,300870,2395310,0,0,0
77,A13113001,0,0,0,0,0,0,2496085,8134150,31640,3974210
78,A13186502,0,0,0,0,0,0,2608820,6601930,30670,3685220
79,A13178101,2816420,134384500,0,0,0,50386160,19947389,72787140,3654740,16568950
80,A13176901,16541071,118783800,0,0,0,33133500,6176733,47579760,4116260,21138450
81,A13113003,33652780,42081270,0,0,-13705000,13705000,4972960,17220040,1026900,9147010
82,A13187306,-240,73899590,0,0,340,25060350,6825020,0,33920,0
83,A13186504,0,0,0,0,0,0,4402865,13613030,317260,5413840
84,A13187406,0,0,220530,0,0,0,6779386,20783680,0,11227050
85,A13113004,10237300,114607220,0,0,0,12878400,7195908,38631032,-1487690,17527020
86,A13187302,1830590,63779480,0,0,0,16459520,3150560,0,150700,10613430
87,A13187305,2451370,112433940,0,0,0,15114000,6524849,27363030,248720,16437960
88,A13186907,0,0,0,0,0,0,2278090,29379910,805000,0
89,A13187004,0,0,0,0,0,0,39304990,33417110,2003500,0
90,A13186708,133164750,124632350,0,0,34017500,34017500,51497594,39024860,2000000,0
91,A13187201,10336747,63170953,0,0,0,38332300,7374263,27436480,373990,13855900
92,A13187203,19210170,135117760,0,0,0,27444120,21276605,43015810,709640,16932790
93,A13113008,0,0,0,0,0,0,22157067,58467170,-522390,22013680
94,A13113007,0,0,0,0,0,0,41055872,68269120,2059840,26794830
95,A10025397,0,0,0,0,0,0,1578640,4314740,0,1960090
96,A10027297,,,,,,,,,,
97,A10027775,0,0,0,0,0,0,2296960,1598430,82150,600780
98,A10025137,5988340,0,0,0,5950210,0,8818830,0,0,0
