,kaptCode,heatC,heatP,gasC,gasP,waterHotC,waterHotP,electC,electP,waterCoolC,waterCoolP
0,A13120701,0,0,0,0,0,0,5151679,6164680,0,3182220
1,A13184401,0,0,0,0,0,0,2076654,6934120,0,0
2,A13183202,0,0,0,0,0,0,1131900,0,0,0
3,A13184301,0,0,0,0,0,0,2354810,8574530,0,0
4,A13183504,0,0,0,0,0,0,1294820,24916810,598030,9760560
5,A13183701,0,0,0,0,0,0,799130,8118870,0,0
6,A13181203,0,0,0,0,0,0,4445060,18131310,250230,0
7,A13120403,0,0,0,0,0,0,4374977,15094700,0,6949110
8,A13184107,0,0,-741380,737500,0,0,10885335,24722280,0,10574590
9,A13183405,0,0,0,0,0,0,3287553,14014350,308560,10680250
10,A13120704,62280,0,0,0,0,0,2713263,6036540,918250,6695000
11,A13184502,0,0,0,0,0,0,1939930,5326190,0,0
12,A13183303,0,0,0,0,0,0,2049510,6539270,311720,3219040
13,A13120001,1680000,0,0,0,0,0,898110,8215700,0,0
14,A13188406,0,0,353610,0,0,0,7493470,13443170,598560,0
15,A13177701,0,0,0,0,0,0,16928120,0,197800,0
16,A13183204,0,0,0,0,0,0,2766940,17120920,0,0
17,A13184208,103040,0,0,0,0,0,6160608,22818070,1218750,0
18,A13183502,0,0,66300,0,0,0,2022720,9334660,0,0
19,A13181201,0,0,160520,0,0,0,696970,7448420,90,3190930
20,A13175103,0,0,0,0,0,0,6377850,32458910,0,0
21,A13175102,,,,,,,,,,
22,A10028033,0,0,0,0,0,0,5101940,14664380,90490,9474760
23,A10025159,0,0,0,0,0,0,6272590,18151640,-30500,7460950
24,A13120003,,,,,,,,,,
25,A10024703,0,0,0,0,0,0,6468070,16445030,182010,7031480
26,A10023384,,,,,,,,,,
27,A10024443,0,0,0,0,0,0,3567110,0,0,0
28,A10024741,0,0,197140,0,0,0,29375640,60493990,82350,27128380
29,A10024366,,,,,,,,,,
30,A10023606,,,,,,,,,,
31,A13185602,0,0,0,0,0,0,5314560,13435810,1091700,7249400
32,A13185603,0,0,0,0,0,0,3021380,12851690,577940,0
33,A13170401,0,0,0,0,0,0,6869778,24466520,0,9202850
34,A13186306,27513010,0,0,0,16272000,0,4812490,0,700000,0
35,A13186401,0,0,0,0,0,0,4374214,10770760,0,7343090
36,A13122104,0,0,0,0,0,0,27081188,0,12602430,0
37,A13186305,7527550,34692500,0,0,0,30717280,5168834,27167750,2420220,12310800
38,A13185607,0,0,0,0,0,0,2234710,49806860,1367760,0
39,A13122001,0,0,0,0,0,0,5169360,23900210,0,10736430
40,A13187501,0,0,0,0,0,0,571900,7123760,0,0
41,A13187702,0,0,1068320,0,0,0,2330830,60769600,3883690,27585180
42,A10026046,,,,,,,,,,
43,A13176801,0,0,0,0,0,0,1599598,6965050,0,5724250
44,A13114103,0,0,0,0,0,0,2647612,10269560,487520,3388550
45,A13184804,0,0,0,0,0,0,2336180,9373290,0,3377810
46,A13184609,5543370,39779920,0,0,0,29122230,2448690,26426610,-90,13593010
47,A13184610,20742810,128809530,0,0,0,41317900,11277100,49922140,386530,28208530
48,A13114106,0,0,214000,0,0,0,5444765,9359780,9400050,8707110
49,A13185508,0,0,0,0,0,0,3911640,26893270,0,12119210
50,A13185501,0,0,0,0,0,0,1055380,7126020,0,6130040
51,A13185507,0,0,0,0,0,0,2635790,10922620,0,0
52,A13185502,0,0,0,0,0,0,1470760,6000410,23,5685527
53,A13114002,0,0,0,0,0,974780,907226,25966610,500560,12111740
54,A13185402,0,0,185980,0,0,0,2387478,9199900,0,0
55,A13114201,0,0,0,0,0,0,7256950,7599450,3792430,3788230
56,A10025855,0,0,0,0,0,0,9049010,25941090,0,25991090
57,A10025187,,,,,,,,,,
58,A10026469,0,0,0,0,0,0,27709618,0,5679790,0
59,A13123102,0,0,0,0,0,0,4448900,33154100,0,13266990
60,A13176102,0,0,167380,0,0,0,2034370,7195110,0,0
61,A13123002,0,0,0,0,0,0,6521060,18457120,0,8167700
62,A13123001,0,0,0,0,0,0,9126880,0,7715710,0
63,A13123101,0,0,0,0,0,0,9003230,0,3182390,0
64,A13176101,,,,,,,,,,
65,A10027498,,,,,,,,,,
66,A10023816,3889775,5383100,0,0,0,3264970,610070,319440,316981,1966079
67,A10024008,4980290,13673300,-286170,286170,-4007500,4007500,7454430,10563550,419960,3176290
68,A10024018,1694940,9706960,0,0,0,7355500,2526844,8155930,120,3499420
69,A10024214,25757250,0,0,0,0,17404590,8211100,22617850,867610,7774530
70,A10023952,31307313,0,0,0,0,0,11588540,0,4487360,0
71,A13186801,0,0,0,0,0,0,945368,5504960,-40,2678800
72,A13186503,0,0,0,0,0,0,1971983,9613280,0,0
73,A13176902,1362530,12263000,0,0,0,4297880,1510760,0,149750,0
74,A13113002,0,0,0,0,0,0,1613631,12103770,-160,4973950
75,A13113006,-344390,342780,0,0,0,0,2091560,9173120,0,3780150
76,A13186905,0,0,320650,0,0,311540,2267210,0,0,0
77,A13113001,0,0,0,0,0,0,3266521,7230590,-750,4332370
78,A13186502,0,0,0,0,0,0,3192320,6680040,18380,3479870
79,A13178101,2816420,76480920,0,0,0,38381920,16442986,45677680,2428850,15862110
80,A13176901,5687400,85938200,0,0,0,19510400,1959890,47713830,1914360,21636180
81,A13113003,20282680,28844440,0,0,-18190000,18190000,5112420,17455570,1921150,8298110
82,A13187306,40,42943940,0,0,-940,21570660,6333860,0,29440,0
83,A13186504,0,0,0,0,0,0,3144957,11558250,830,5309170
84,A13187406,0,0,337110,0,0,0,5876725,20771950,0,11978190
85,A13113004,7078920,71228700,0,0,0,10393600,8858180,25723480,-973300,16584940
86,A13187302,1829020,36451540,0,0,0,14948820,2839080,0,1520260,10052950
87,A13187305,2448170,58077900,0,0,0,20428800,6717033,24677400,-1734830,16077480
88,A13186907,0,0,0,0,0,0,1788830,28972780,627395,0
89,A13187004,0,0,0,0,0,0,43133409,0,1787040,0
90,A13186708,5732630,80104970,0,0,0,19122600,9298900,29209490,2819500,0
91,A13187201,3106492,39778338,0,0,0,28085000,9827438,25143300,1214210,13100200
92,A13187203,12672770,76283470,0,0,0,22227810,12760526,40696590,253550,18743550
93,A13113008,0,0,0,0,0,0,16358917,44654750,-681470,24439680
94,A13113007,0,0,0,0,0,0,31013720,61085630,1333650,30849900
95,A10025397,0,0,0,0,0,0,4823730,3646530,0,2106640
96,A10027297,,,,,,,,,,
97,A10027775,0,0,0,0,0,0,3284120,1084570,826710,630540
98,A10025137,3574760,0,0,0,7490370,0,6642850,0,0,0
