,kaptCode,heatC,heatP,gasC,gasP,waterHotC,waterHotP,electC,electP,waterCoolC,waterCoolP,Date
0,A12003001,0,0,0,0,0,0,3703379,9023440,200,2677170,202202.0
1,A12005001,0,0,0,0,0,0,3749600,10350560,0,3443010,202202.0
2,A12070101,0,0,0,0,0,0,9602500,31018970,533180,9700900,202202.0
3,A12004001,0,0,0,0,0,0,15627060,27290260,1580310,14424480,202202.0
4,A12007001,0,0,0,0,0,0,8649068,34341250,2290820,15664560,202202.0
5,A12008001,0,0,0,0,0,0,4620490,6187350,724730,3484870,202202.0
6,A12008003,0,0,0,0,0,44672330,11915050,46119900,11450,21864870,202202.0
7,A12079601,0,0,0,0,0,0,364370,5889330,252750,0,202202.0
8,A12079501,0,0,0,0,0,1043780,30122943,25517330,14521730,15546340,202202.0
9,A10027851,0,0,0,0,0,0,76832250,0,17550020,0,202202.0
10,A10026370,0,0,0,2191570,0,0,27931586,60300210,3820350,26105480,202202.0
11,A10024719,0,0,0,0,0,0,25530890,55226390,0,18571060,202202.0
12,A12009303,0,0,0,0,0,0,2109750,8929490,0,4308350,202202.0
13,A12009202,0,0,0,0,0,0,8202570,16735660,0,6529140,202202.0
14,A12009001,0,0,215470,0,0,0,527280,2206520,27830,1004990,202202.0
15,A12078704,0,0,0,0,0,0,9469666,30234430,389490,19031890,202202.0
16,A12078707,0,0,305600,0,0,0,1979924,5913010,54020,4651310,202202.0
17,A12009201,0,0,0,0,0,0,1158030,9077070,0,3701860,202202.0
18,A12009304,0,0,0,0,0,0,5938960,20240580,2392870,9105500,202202.0
19,A12009305,0,0,0,0,0,0,3501640,30735390,-1770,13951790,202202.0
20,A12009102,0,0,-905650,905650,0,0,5300484,24308960,0,13377350,202202.0
21,A12086001,0,0,0,0,0,0,2010426,6412030,60,3292990,202202.0
22,A12009101,0,0,169830,0,0,0,4532450,8159740,-4760,3314000,202202.0
23,A12078706,0,0,0,0,0,0,3520889,8261500,543640,3430090,202202.0
24,A12085303,0,0,0,0,0,0,5057958,27313450,0,18127050,202202.0
25,A12009302,0,0,263920,0,0,0,3487960,8635290,911930,3971560,202202.0
26,A12009203,0,0,0,0,0,0,7328850,32827280,0,0,202202.0
27,A12078705,0,0,0,0,0,0,5408770,24504660,0,12431190,202202.0
28,A12078201,0,0,332180,0,0,0,956050,3060470,195960,2046130,202202.0
29,A10025767,0,0,0,0,0,0,19938980,34539290,471550,15009010,202202.0
30,A10027681,0,0,0,0,0,0,3861740,10759090,50000,4900680,202202.0
31,A10023959,0,0,0,0,0,0,32978820,27816760,0,10908680,202202.0
32,A10023560,,,,,,,,,,,202202.0
33,A10023330,,,,,,,,,,,202202.0
34,A12076401,,,,,,,,,,,202202.0
35,A12017001,0,0,0,0,0,0,9330300,25269790,100000,0,202202.0
36,A12071101,0,0,0,0,0,0,7586311,23306540,0,10912030,202202.0
37,A12071103,0,0,0,0,0,0,445580,9739160,0,4222450,202202.0
38,A12011002,0,0,0,0,0,0,5813899,22023550,-2630,10022730,202202.0
39,A12071102,0,0,0,0,0,0,3535110,6702090,51770,3470090,202202.0
40,A10025822,0,0,0,0,0,0,8003811,17237800,217490,6037680,202202.0
41,A12010103,-415550,415550,0,0,0,0,2532931,8754650,0,0,202202.0
42,A12071001,0,0,0,0,0,0,3412340,12434770,91140,4803490,202202.0
43,A12010104,0,0,0,0,0,0,11533599,62412600,1155490,0,202202.0
44,A12010202,0,0,0,0,0,0,6259342,15780450,0,6551390,202202.0
45,A12010001,0,0,0,0,0,0,3624570,8755700,273490,4003180,202202.0
46,A12084504,0,0,0,0,0,0,5685136,16682100,207420,9934130,202202.0
47,A12071003,0,0,116620,0,0,0,1375630,10327940,60000,5813860,202202.0
48,A12010203,0,0,0,0,0,0,953455,19908730,418820,0,202202.0
49,A12071002,0,0,0,0,0,0,4610502,9159400,244750,3581580,202202.0
50,A12084302,0,0,0,0,0,0,3692600,8157830,85910,4998060,202202.0
51,A10026604,0,0,0,0,0,0,8460890,24307510,476850,8368170,202202.0
52,A10025166,0,0,146560,0,0,0,8377230,23317980,0,8245380,202202.0
53,A12010101,0,0,0,0,0,0,1667870,3877090,250,2638310,202202.0
54,A12071004,,,,,,,,,,,202202.0
55,A10023562,,,,,,,,,,,202202.0
56,A10024692,,,,,,,,,,,202202.0
57,A10023449,,,,,,,,,,,202202.0
58,A10023482,,,,,,,,,,,202202.0
59,A10024532,0,0,0,0,0,0,2762790,12227710,269260,4169920,202202.0
60,A12081703,6150377,49347040,0,0,0,14910250,4007930,20356000,282270,11740520,202202.0
61,A12081602,0,0,0,0,0,0,1540113,10125080,0,4206420,202202.0
62,A12013001,0,0,0,0,0,0,1829749,10200900,625710,7834650,202202.0
63,A12013201,0,0,0,0,0,0,5600410,8378490,97660,4260990,202202.0
64,A12013003,16814960,197201350,0,0,0,108079410,52626440,118184420,-130770,60492220,202202.0
65,A12076601,0,0,0,0,0,0,2558930,0,0,1989310,202202.0
66,A12013202,7532180,43189410,0,0,0,15092600,8408353,20796560,0,13100140,202202.0
67,A12013002,0,22591380,0,0,1739510,11092500,5196440,11974380,190760,6080550,202202.0
68,A12013101,0,0,0,0,0,0,2860220,0,0,0,202202.0
69,A12012201,0,0,381630,0,0,0,2367230,5494370,122540,3158030,202202.0
70,A12072801,0,27266070,0,0,2133800,15461050,6420240,15027220,139340,8936520,202202.0
71,A12012202,0,0,-1666430,1628750,0,0,9728696,44570650,160,22102110,202202.0
72,A12012101,0,0,0,0,0,0,6892072,20017900,121000,8513180,202202.0
73,A12012203,0,0,0,0,0,0,44156544,0,20893660,0,202202.0
74,A12072802,0,0,0,0,0,0,2040540,3823250,115750,2532150,202202.0
75,A10027817,23889060,236033830,0,0,0,118242420,71080075,229665060,0,72388820,202202.0
76,A10025976,0,0,4387000,0,0,0,26009980,45139770,-486890,19380920,202202.0
77,A12012001,,,,,,,,,,,202202.0
78,A10024938,4705730,42842700,0,0,0,22432890,11375880,40681280,408360,15502390,202202.0
79,A10025130,10469660,39567300,0,0,0,25533200,13873614,36999290,1580550,17204810,202202.0
