,kaptCode,heatC,heatP,gasC,gasP,waterHotC,waterHotP,electC,electP,waterCoolC,waterCoolP,Date
0,A12003001,0,0,0,0,0,0,3589248,11609090,-100,3894800,202209.0
1,A12005001,0,0,0,0,0,0,2950110,9855170,0,3751320,202209.0
2,A12070101,0,0,0,0,0,0,5101479,37315960,552010,10386040,202209.0
3,A12004001,0,0,0,0,0,0,4107158,29923670,-446960,17830000,202209.0
4,A12007001,0,0,0,0,0,0,6051296,32370420,146980,17333190,202209.0
5,A12008001,0,0,0,0,0,0,1212930,8213740,193090,3853760,202209.0
6,A12008003,0,0,0,0,0,30888450,9782300,50068880,63120,23183260,202209.0
7,A12079601,0,0,0,0,0,0,2017960,5119210,715575,0,202209.0
8,A12079501,0,0,0,0,0,1032590,5181752,26244430,1162250,15156900,202209.0
9,A10027851,0,0,0,0,0,0,5711100,0,567040,0,202209.0
10,A10026370,0,0,0,0,0,0,26881828,74824080,0,32941050,202209.0
11,A10024719,0,0,0,0,0,0,14008690,53920500,875940,19283530,202209.0
12,A12009303,0,0,0,0,0,0,1509574,8496130,0,4730190,202209.0
13,A12009202,0,0,0,0,0,0,6983680,16627300,866380,6010570,202209.0
14,A12009001,0,0,0,0,0,0,-440850,2334990,-153240,1045480,202209.0
15,A12078704,0,0,0,0,0,0,7468244,32130490,352810,19825220,202209.0
16,A12078707,0,0,23560,0,0,0,1321100,6575630,850,4773950,202209.0
17,A12009201,0,0,0,0,0,0,7238510,7758510,3726430,3726430,202209.0
18,A12009304,0,0,0,0,0,0,2415220,21107540,1439230,10632900,202209.0
19,A12009305,0,0,0,0,0,0,1356350,32543430,240,14707290,202209.0
20,A12009102,0,0,-947650,947650,0,0,5687827,23132290,0,14540310,202209.0
21,A12086001,0,0,0,0,0,0,1481168,5331120,20,3351150,202209.0
22,A12009101,0,0,13180,0,0,0,2446440,8873790,-467880,3944910,202209.0
23,A12078706,0,0,0,0,0,0,1549026,8389350,184460,3922270,202209.0
24,A12085303,0,0,0,0,0,0,2381796,29717170,0,17706140,202209.0
25,A12009302,0,0,9860,0,0,0,2160130,9389290,930990,3960060,202209.0
26,A12009203,0,0,0,0,0,0,5216701,30589710,2344640,0,202209.0
27,A12078705,0,0,0,0,0,0,7760510,22989930,0,13385700,202209.0
28,A12078201,0,0,1160,0,0,0,447370,3243620,223320,2083370,202209.0
29,A10025767,0,0,0,0,0,0,12317650,38494260,62480,15607950,202209.0
30,A10027681,0,0,0,0,0,0,4207170,11591320,365470,5808030,202209.0
31,A10023959,0,0,0,0,0,0,18161810,48796040,-849690,18064380,202209.0
32,A10023560,,,,,,,,,,,202209.0
33,A10023330,,,,,,,,,,,202209.0
34,A12076401,,,,,,,,,,,202209.0
35,A12017001,0,0,0,0,0,0,6065190,25263250,0,0,202209.0
36,A12071101,0,0,0,0,0,0,5885343,21000340,0,11236770,202209.0
37,A12071103,0,0,0,0,0,0,281280,9517350,0,4423440,202209.0
38,A12011002,0,0,0,0,0,0,6614551,17677260,-4340,9616480,202209.0
39,A12071102,0,0,0,0,0,0,1781150,7389870,16690,3590640,202209.0
40,A10025822,0,0,0,0,0,0,5045808,20402310,76610,6353310,202209.0
41,A12010103,-428150,428150,0,0,0,0,2478827,9969860,0,0,202209.0
42,A12071001,0,0,0,0,0,0,2459950,11416710,211680,5367170,202209.0
43,A12010104,0,0,0,0,0,0,7442091,59211840,1548225,0,202209.0
44,A12010202,0,0,0,0,0,0,3781036,13967600,0,7454190,202209.0
45,A12010001,0,0,0,0,0,0,2159760,7731790,227870,3905590,202209.0
46,A12084504,0,0,0,0,0,0,3715439,18164420,176280,10918180,202209.0
47,A12071003,0,0,61000,0,0,0,2468210,9396060,0,6024170,202209.0
48,A12010203,0,0,0,0,0,0,0,19264090,918000,0,202209.0
49,A12071002,0,0,0,0,0,0,3352081,9621990,619720,3782200,202209.0
50,A12084302,0,0,0,0,0,0,1574280,8491630,117170,5165490,202209.0
51,A10026604,0,0,0,0,0,0,6730739,29102570,1109490,8561820,202209.0
52,A10025166,0,0,770,0,0,0,6314380,23628580,232760,7386650,202209.0
53,A12010101,0,0,0,0,0,0,1222380,4563260,70,2834150,202209.0
54,A12071004,,,,,,,,,,,202209.0
55,A10023562,,,,,,,,,,,202209.0
56,A10024692,,,,,,,,,,,202209.0
57,A10023449,,,,,,,,,,,202209.0
58,A10023482,,,,,,,,,,,202209.0
59,A10024532,0,0,0,0,0,0,2440640,12716190,275750,4367730,202209.0
60,A12081703,3799752,0,0,0,0,6897740,3618540,22146540,320,12137830,202209.0
61,A12081602,0,0,0,0,0,0,733576,11757960,0,5173980,202209.0
62,A12013001,0,0,0,0,0,0,721737,9304700,0,0,202209.0
63,A12013201,0,0,0,0,0,0,2592640,9508850,41150,4632100,202209.0
64,A12013003,16635330,1415120,0,0,0,48091350,53627710,148038850,-133380,64106990,202209.0
65,A12076601,0,0,0,0,0,0,1920080,0,0,2070650,202209.0
66,A12013202,4110620,0,0,0,0,7326000,5000106,23523160,0,12268860,202209.0
67,A12013002,0,279650,0,0,1739510,4637100,3256650,13328280,235250,6637900,202209.0
68,A12013101,0,0,0,0,0,0,2608360,0,0,0,202209.0
69,A12012201,0,0,8980,0,0,0,-1085150,6407060,129330,2831830,202209.0
70,A12072801,0,298840,0,0,2133990,5256860,9217240,21075170,191370,9355860,202209.0
71,A12012202,0,0,-1746910,1711100,0,0,8915589,46255710,330,23284400,202209.0
72,A12012101,0,0,0,0,0,0,5329653,22062900,121000,9687610,202209.0
73,A12012203,0,0,0,0,0,0,45089450,0,20859480,0,202209.0
74,A12072802,0,0,0,0,0,0,-875410,5868510,111380,2496620,202209.0
75,A10027817,23889060,423200,0,0,0,56570980,35552993,244539470,0,79700190,202209.0
76,A10025976,0,0,2049910,0,0,0,11402090,51381380,1076080,19682960,202209.0
77,A12012001,,,,,,,,,,,202209.0
78,A10024938,4705730,229240,0,0,0,9856660,14932960,52937620,759260,15962360,202209.0
79,A10025130,4972130,409400,0,0,420,13759230,11527584,46413450,3027885,17880240,202209.0
