,kaptCode,heatC,heatP,gasC,gasP,waterHotC,waterHotP,electC,electP,waterCoolC,waterCoolP,Date
0,A12003001,0,0,0,0,0,0,3654412,8964760,280,3754780,202201.0
1,A12005001,0,0,0,0,0,0,3762680,10779550,0,3740310,202201.0
2,A12070101,0,0,0,0,0,0,9673630,30882530,384930,10367070,202201.0
3,A12004001,0,0,0,0,0,0,20760220,30503760,150690,15400800,202201.0
4,A12007001,0,0,0,0,0,0,8182833,35630180,1899880,17815250,202201.0
5,A12008001,0,0,0,0,0,0,4387770,6187350,22360,3484870,202201.0
6,A12008003,0,0,0,0,0,51938510,12179320,54883180,74260,24120160,202201.0
7,A12079601,0,0,0,0,0,0,1623400,5685910,554910,0,202201.0
8,A12079501,0,0,0,0,0,963750,34893647,23373440,16125910,14038500,202201.0
9,A10027851,0,0,0,0,0,0,19219760,0,918770,0,202201.0
10,A10026370,0,0,0,2446320,0,0,35270718,71229750,3790860,29716720,202201.0
11,A10024719,0,0,0,0,0,0,25532360,55490220,0,20178160,202201.0
12,A12009303,0,0,0,0,0,0,2167810,8944120,0,4710700,202201.0
13,A12009202,0,0,0,0,0,0,7256360,16975950,250050,6230000,202201.0
14,A12009001,0,0,178630,0,0,0,1063340,1670320,-20000,1024990,202201.0
15,A12078704,0,0,0,0,0,0,10422011,35557450,397130,21388200,202201.0
16,A12078707,0,0,262060,0,0,0,4634256,6686270,0,4660700,202201.0
17,A12009201,0,0,0,0,0,0,1049790,9286130,0,3679680,202201.0
18,A12009304,0,0,0,0,0,0,6082320,20867820,1952810,9234900,202201.0
19,A12009305,0,0,0,0,0,0,3033470,30314520,-940,13742850,202201.0
20,A12009102,0,0,-1063040,1063040,0,0,5353083,28867910,0,13161420,202201.0
21,A12086001,0,0,0,0,0,0,1936306,6588020,-50,2776440,202201.0
22,A12009101,0,0,188110,0,0,0,4424630,8083660,-324040,3335120,202201.0
23,A12078706,0,0,0,0,0,0,3466880,8029050,218310,3529420,202201.0
24,A12085303,0,0,0,0,0,0,5930082,31699740,0,17038790,202201.0
25,A12009302,0,0,191320,0,0,0,3190193,11176080,758190,3830960,202201.0
26,A12009203,0,0,0,0,0,0,6933933,33708640,2525660,0,202201.0
27,A12078705,0,0,0,0,0,0,10307630,23432630,0,13825300,202201.0
28,A12078201,0,0,176150,0,0,0,1853990,2991200,194280,1858370,202201.0
29,A10025767,0,0,0,0,0,0,24177950,40734010,1235350,13632160,202201.0
30,A10027681,0,0,0,0,0,0,6160600,12543790,466490,5463220,202201.0
31,A10023959,0,0,0,0,0,0,42320268,19916680,3003290,6327070,202201.0
32,A10023560,,,,,,,,,,,202201.0
33,A10023330,,,,,,,,,,,202201.0
34,A12076401,,,,,,,,,,,202201.0
35,A12017001,0,0,0,0,0,0,9543360,26877140,200000,0,202201.0
36,A12071101,0,0,0,0,0,0,11128063,24137870,0,11451080,202201.0
37,A12071103,0,0,0,0,0,0,280340,11583540,0,3921690,202201.0
38,A12011002,0,0,0,0,0,0,5858505,22941130,-680,10631800,202201.0
39,A12071102,0,0,0,0,0,0,4260450,6390180,121550,3101650,202201.0
40,A10025822,0,0,0,0,0,0,8911882,20253990,87500,6914850,202201.0
41,A12010103,-492940,492940,0,0,0,0,2139557,11139640,0,0,202201.0
42,A12071001,0,0,0,0,0,0,4102790,11928660,0,5596020,202201.0
43,A12010104,0,0,0,0,0,0,11735963,63751510,1155490,0,202201.0
44,A12010202,0,0,0,0,0,0,7811801,14323880,0,6550280,202201.0
45,A12010001,0,0,0,0,0,0,3927630,8814740,135110,3901210,202201.0
46,A12084504,0,0,0,0,0,0,6462159,19797280,402730,10863380,202201.0
47,A12071003,0,0,0,0,0,0,3933620,9971570,288000,5094000,202201.0
48,A12010203,0,0,0,0,0,0,780877,23446690,418820,0,202201.0
49,A12071002,0,0,0,0,0,0,5040262,11001840,214010,3343240,202201.0
50,A12084302,0,0,0,0,0,0,3989000,8347060,24770,4798560,202201.0
51,A10026604,0,0,0,0,0,0,10973960,29162600,464280,8962940,202201.0
52,A10025166,0,0,70210,0,0,0,8646180,24004070,244650,7244790,202201.0
53,A12010101,0,0,0,0,0,0,1464260,4088890,-140,2425290,202201.0
54,A12071004,,,,,,,,,,,202201.0
55,A10023562,,,,,,,,,,,202201.0
56,A10024692,,,,,,,,,,,202201.0
57,A10023449,,,,,,,,,,,202201.0
58,A10023482,,,,,,,,,,,202201.0
59,A10024532,0,0,0,0,0,0,6083900,11970670,352420,3976200,202201.0
60,A12081703,6172433,59017550,0,0,0,16129350,7621631,20884500,1091790,12661400,202201.0
61,A12081602,0,0,0,0,0,0,1821004,10665960,0,4496260,202201.0
62,A12013001,0,0,0,0,0,0,2887808,9463600,0,0,202201.0
63,A12013201,0,0,0,0,0,0,6984120,9921770,172690,4653630,202201.0
64,A12013003,16787920,236139180,0,0,0,117415350,74439280,139799790,-144300,66707160,202201.0
65,A12076601,0,0,0,0,0,0,2717360,0,0,2480850,202201.0
66,A12013202,10335680,51095050,0,0,-14800,14563200,8441913,20885570,0,11562330,202201.0
67,A12013002,0,27469280,0,0,1739510,12496500,5300480,12256150,239730,6807180,202201.0
68,A12013101,0,0,0,0,0,0,2820100,0,0,0,202201.0
69,A12012201,0,0,0,0,0,0,3815730,4409610,754970,2529860,202201.0
70,A12072801,0,33203350,0,0,2133960,16915940,7192240,17886670,134960,9186040,202201.0
71,A12012202,0,0,-1888870,1837280,0,0,9573657,44422560,-210,19901670,202201.0
72,A12012101,0,0,0,0,0,0,6191140,25089620,121000,10477490,202201.0
73,A12012203,0,0,0,0,0,0,52451736,0,22586230,0,202201.0
74,A12072802,0,0,0,0,0,0,2983480,4493640,432440,2647320,202201.0
75,A10027817,23824200,282405560,0,0,0,131608200,70469856,235752970,0,83801710,202201.0
76,A10025976,0,0,3961500,0,0,0,31684510,52972410,193590,20025390,202201.0
77,A12012001,,,,,,,,,,,202201.0
78,A10024938,4705730,51579350,0,0,0,24171880,18980390,48312260,315960,17503740,202201.0
79,A10025130,10734760,48222990,0,0,0,28541950,24356714,43525050,4828760,19092820,202201.0
