,kaptCode,heatC,heatP,gasC,gasP,waterHotC,waterHotP,electC,electP,waterCoolC,waterCoolP,Date
0,A12003001,0,0,0,0,0,0,2709329,8411870,20,3915920,202204.0
1,A12005001,0,0,0,0,0,0,2568500,8845150,0,3611480,202204.0
2,A12070101,0,0,0,0,0,0,6265650,28490680,396410,10627770,202204.0
3,A12004001,0,0,0,0,0,0,7084681,24855830,1211700,15302960,202204.0
4,A12007001,0,0,0,0,0,0,7923778,30641660,983980,16949880,202204.0
5,A12008001,0,0,0,0,0,0,1993030,7094730,29020,3886580,202204.0
6,A12008003,0,0,0,0,0,41278260,10622620,45994330,42610,22956010,202204.0
7,A12079601,0,0,0,0,0,0,1660800,4883930,804280,0,202204.0
8,A12079501,0,0,0,0,0,0,29167989,0,15667770,0,202204.0
9,A10027851,0,0,0,0,0,0,12876900,0,829260,0,202204.0
10,A10026370,0,0,0,0,0,0,16385384,62269560,1018000,30828270,202204.0
11,A10024719,0,0,0,0,0,0,8988020,48016450,227210,20190670,202204.0
12,A12009303,0,0,0,0,0,0,1917480,8034560,0,4729680,202204.0
13,A12009202,0,0,0,0,0,0,4972840,16041240,0,6490270,202204.0
14,A12009001,0,0,79830,0,0,0,511260,1599700,471340,810450,202204.0
15,A12078704,0,0,0,0,0,0,9452264,29254190,404690,20087380,202204.0
16,A12078707,0,0,238730,0,0,0,1238240,6228980,0,4217670,202204.0
17,A12009201,0,0,0,0,0,0,868770,7270810,0,3886420,202204.0
18,A12009304,0,0,0,0,0,0,3826170,18206080,2090620,8656900,202204.0
19,A12009305,0,0,0,0,0,0,2005690,27695220,-2260,13574870,202204.0
20,A12009102,0,0,-898830,898830,0,0,3080964,23929110,0,13456260,202204.0
21,A12086001,0,0,0,0,0,0,1476610,5735020,100,3042170,202204.0
22,A12009101,0,0,48600,0,0,0,2167970,7090030,-7110,3251600,202204.0
23,A12078706,0,0,0,0,0,0,2041890,7288610,88980,3908670,202204.0
24,A12085303,0,0,0,0,0,0,3820708,27143520,0,17993290,202204.0
25,A12009302,0,0,177580,0,0,0,2261770,8915710,488040,3955730,202204.0
26,A12009203,0,0,0,0,0,0,6664080,29515020,0,0,202204.0
27,A12078705,0,0,0,0,0,0,7592060,21417580,0,13318160,202204.0
28,A12078201,0,0,165810,0,0,0,397440,2901840,200170,1904140,202204.0
29,A10025767,0,0,0,0,0,0,11590070,34937680,10700,15343970,202204.0
30,A10027681,0,0,0,0,0,0,4176250,10220830,22570,5803470,202204.0
31,A10023959,0,0,0,0,0,0,15828870,39608770,770910,16640210,202204.0
32,A10023560,,,,,,,,,,,202204.0
33,A10023330,,,,,,,,,,,202204.0
34,A12076401,,,,,,,,,,,202204.0
35,A12017001,0,0,0,0,0,0,7318790,22580930,0,0,202204.0
36,A12071101,0,0,0,0,0,0,6954746,19933190,0,12076770,202204.0
37,A12071103,0,0,0,0,0,0,453720,9201060,0,4360680,202204.0
38,A12011002,0,0,0,0,0,0,3914873,19371460,-3510,10001620,202204.0
39,A12071102,0,0,0,0,0,0,2768950,5981750,46040,3181610,202204.0
40,A10025822,0,0,0,0,0,0,5001594,17059030,244560,6466370,202204.0
41,A12010103,-418600,418600,0,0,0,0,2355882,8830090,0,0,202204.0
42,A12071001,0,0,0,0,0,0,2490480,10455790,120540,5275520,202204.0
43,A12010104,0,0,0,0,0,0,10572899,53679490,2783810,0,202204.0
44,A12010202,0,0,0,0,0,0,4499634,13105460,0,6343850,202204.0
45,A12010001,0,0,0,0,0,0,2328800,7783400,192550,3869910,202204.0
46,A12084504,0,0,0,0,0,0,4204375,15940870,296180,10675370,202204.0
47,A12071003,0,0,51430,0,0,0,2686500,8351420,123000,5643470,202204.0
48,A12010203,0,0,0,0,0,0,1643367,18128560,1173670,0,202204.0
49,A12071002,0,0,0,0,0,0,3449707,9050110,330110,3396800,202204.0
50,A12084302,0,0,0,0,0,0,2223750,7503720,142810,4846900,202204.0
51,A10026604,0,0,0,0,0,0,3672960,24577110,412000,8464850,202204.0
52,A10025166,0,0,73240,0,0,0,5831240,21148150,140540,7433340,202204.0
53,A12010101,0,0,0,0,0,0,1239340,3866060,-100,2378190,202204.0
54,A12071004,,,,,,,,,,,202204.0
55,A10023562,,,,,,,,,,,202204.0
56,A10024692,,,,,,,,,,,202204.0
57,A10023449,,,,,,,,,,,202204.0
58,A10023482,,,,,,,,,,,202204.0
59,A10024532,0,0,0,0,0,0,2193710,11325110,133270,4409110,202204.0
60,A12081703,4411869,9097770,0,0,0,12502740,4817290,18641420,310470,12261790,202204.0
61,A12081602,0,0,0,0,0,0,1403128,9478270,0,4834080,202204.0
62,A12013001,0,0,0,0,0,0,702741,9143800,37070,8194430,202204.0
63,A12013201,0,0,0,0,0,0,2995080,8371340,92610,4654460,202204.0
64,A12013003,16814970,32871820,0,0,0,85371800,50987390,125070190,-143560,65415690,202204.0
65,A12076601,0,0,0,0,0,0,1640440,0,0,2077980,202204.0
66,A12013202,5439630,8143990,0,0,0,11133000,6915352,19320980,0,12528160,202204.0
67,A12013002,0,3756600,0,0,1739510,8323200,4432600,11381930,188740,6678030,202204.0
68,A12013101,0,0,0,0,0,0,2464460,0,0,0,202204.0
69,A12012201,0,0,0,0,0,0,1185380,3920760,482700,2695600,202204.0
70,A12072801,0,4615500,0,0,2133920,10525010,6297500,16030510,180260,9299870,202204.0
71,A12012202,0,0,-1652250,1609930,0,0,9858175,39390110,-130,21996690,202204.0
72,A12012101,0,0,0,0,0,0,5388269,20168720,121000,9779783,202204.0
73,A12012203,0,0,0,0,0,0,42248045,0,20965630,0,202204.0
74,A12072802,0,0,0,0,0,0,1095210,3690150,75670,2502930,202204.0
75,A10027817,23889060,34201510,0,0,0,102470570,33905882,214561680,0,83543660,202204.0
76,A10025976,0,0,3121650,0,0,0,9435000,45889200,447920,20141170,202204.0
77,A12012001,,,,,,,,,,,202204.0
78,A10024938,4705730,5944580,0,0,0,19706810,8541130,43370030,430710,16568860,202204.0
79,A10025130,5023860,6246640,0,0,0,22500640,14611327,39330090,3546180,18560420,202204.0
