,kaptCode,heatC,heatP,gasC,gasP,waterHotC,waterHotP,electC,electP,waterCoolC,waterCoolP,Date
0,A12003001,0,0,0,0,0,0,3832517,17293150,40,4100080,202208.0
1,A12005001,0,0,0,0,0,0,3549210,13636930,0,3850480,202208.0
2,A12070101,0,0,0,0,0,0,3286803,54346560,1093850,10787120,202208.0
3,A12004001,0,0,0,0,0,0,2039530,40056650,403210,18241740,202208.0
4,A12007001,0,0,0,0,0,0,4109421,49382840,688050,17891850,202208.0
5,A12008001,0,0,0,0,0,0,815050,9967510,99510,3947340,202208.0
6,A12008003,0,0,0,0,0,9531330,8300715,79298280,71710,24265590,202208.0
7,A12079601,0,0,0,0,0,0,639200,6082820,715575,0,202208.0
8,A12079501,0,0,0,0,0,0,38174426,0,16028790,0,202208.0
9,A10027851,0,0,0,0,0,0,15624590,0,542750,0,202208.0
10,A10026370,0,0,0,0,0,0,37819319,111104390,2559720,33570040,202208.0
11,A10024719,0,0,0,0,0,0,20906710,80707820,1567480,20230530,202208.0
12,A12009303,0,0,0,0,0,0,1337830,11257180,0,4780140,202208.0
13,A12009202,0,0,0,0,0,0,7570600,21953960,0,7075900,202208.0
14,A12009001,0,0,0,0,0,0,388870,2109770,87690,957790,202208.0
15,A12078704,0,0,0,0,0,0,6060585,43815400,390530,20586050,202208.0
16,A12078707,0,0,27850,0,0,0,1331911,8230260,362860,4556850,202208.0
17,A12009201,0,0,0,0,0,0,10485110,0,3775970,0,202208.0
18,A12009304,0,0,0,0,0,0,1802910,27408410,1559140,9412200,202208.0
19,A12009305,0,0,0,0,0,0,1448960,36607690,0,13360680,202208.0
20,A12009102,0,0,-1006590,1006590,0,0,2401401,34424410,0,14082680,202208.0
21,A12086001,0,0,0,0,0,0,960105,7952190,-30,3486030,202208.0
22,A12009101,0,0,9630,0,0,0,2372100,11093440,-6500,3442810,202208.0
23,A12078706,0,0,0,0,0,0,1384933,10314080,141270,4013300,202208.0
24,A12085303,0,0,0,0,0,0,-34350,40795190,0,18126130,202208.0
25,A12009302,0,0,6900,0,0,0,3011320,12019070,779520,4086770,202208.0
26,A12009203,0,0,0,0,0,0,3097530,47552920,0,0,202208.0
27,A12078705,0,0,0,0,0,0,4161370,34226250,0,14193220,202208.0
28,A12078201,0,0,1060,0,0,0,486609,3908070,193440,1889030,202208.0
29,A10025767,0,0,0,0,0,0,19073340,57196360,155080,15808760,202208.0
30,A10027681,0,0,0,0,0,0,5978330,16800490,70000,6124680,202208.0
31,A10023959,0,0,0,0,0,0,25051750,64613010,-818390,19062770,202208.0
32,A10023560,,,,,,,,,,,202208.0
33,A10023330,,,,,,,,,,,202208.0
34,A12076401,,,,,,,,,,,202208.0
35,A12017001,0,0,0,0,0,0,4944235,40424630,0,0,202208.0
36,A12071101,0,0,0,0,0,0,7869584,32300220,0,12012100,202208.0
37,A12071103,0,0,0,0,0,0,295480,14046720,0,4561600,202208.0
38,A12011002,0,0,0,0,0,0,4871419,33526090,-6530,10443470,202208.0
39,A12071102,0,0,0,0,0,0,1921260,10115330,4940,3535610,202208.0
40,A10025822,0,0,0,0,0,0,8677877,30790780,104630,6815120,202208.0
41,A12010103,-447960,447960,0,0,0,0,1069621,14543550,0,0,202208.0
42,A12071001,0,0,0,0,0,0,3385720,17637020,26460,5509230,202208.0
43,A12010104,0,0,0,0,0,0,9932560,76725170,456940,0,202208.0
44,A12010202,0,0,0,0,0,0,5653399,19311190,0,6895500,202208.0
45,A12010001,0,0,0,0,0,0,3297840,11830090,267980,4028560,202208.0
46,A12084504,0,0,0,0,0,0,1821692,26143990,46550,11437670,202208.0
47,A12071003,0,0,39540,0,0,0,1008900,13804880,143800,5960250,202208.0
48,A12010203,0,0,0,0,0,0,0,27386480,1024800,0,202208.0
49,A12071002,0,0,0,0,0,0,5254666,13404650,359510,3747110,202208.0
50,A12084302,0,0,0,0,0,0,1003740,12396660,136700,5271490,202208.0
51,A10026604,0,0,0,0,0,0,6399446,42928440,1130130,8830440,202208.0
52,A10025166,0,0,0,0,0,0,8788161,40693419,222380,7347520,202208.0
53,A12010101,0,0,0,0,0,0,934320,5906850,-40,2758230,202208.0
54,A12071004,,,,,,,,,,,202208.0
55,A10023562,,,,,,,,,,,202208.0
56,A10024692,,,,,,,,,,,202208.0
57,A10023449,,,,,,,,,,,202208.0
58,A10023482,,,,,,,,,,,202208.0
59,A10024532,0,0,0,0,0,0,3073770,20863930,182250,4438620,202208.0
60,A12081703,3755832,0,0,0,0,5857980,-28950,32998960,-33300,13071230,202208.0
61,A12081602,0,0,0,0,0,0,1062771,16640320,0,5434830,202208.0
62,A12013001,0,0,0,0,0,0,1255510,15185000,-83050,8483610,202208.0
63,A12013201,0,0,0,0,0,0,4034840,12286680,94050,4776100,202208.0
64,A12013003,16814970,0,0,0,0,39311320,72969550,228539410,-141900,67027450,202208.0
65,A12076601,0,0,0,0,0,0,2139840,0,0,2418820,202208.0
66,A12013202,3911250,0,0,0,0,6411000,6591588,33602890,0,13239730,202208.0
67,A12013002,0,0,0,0,1739510,3436160,4033190,24518890,190470,6984520,202208.0
68,A12013101,0,0,0,0,0,0,2899730,0,0,0,202208.0
69,A12012201,0,0,16010,0,0,0,50090,6407060,112740,2831830,202208.0
70,A12072801,0,84130,0,0,2133660,4185460,8885300,27540930,234600,9581590,202208.0
71,A12012202,0,0,-1868700,1830560,0,0,14198552,64554080,-40,22584140,202208.0
72,A12012101,0,0,0,0,0,0,7305051,31367790,121000,10239250,202208.0
73,A12012203,0,0,0,0,0,0,60321066,0,23525370,0,202208.0
74,A12072802,0,0,0,0,0,0,588890,5645860,-125670,3087520,202208.0
75,A10027817,23889060,0,0,0,0,45878880,9533038,430090210,0,82507990,202208.0
76,A10025976,0,0,1493560,0,0,0,23648950,76440190,1117290,19874700,202208.0
77,A12012001,,,,,,,,,,,202208.0
78,A10024938,4705730,210690,0,0,0,8240950,16180480,80652970,870490,16752440,202208.0
79,A10025130,4638010,292780,0,0,0,12083470,15244600,73059900,3215111,18423020,202208.0
