,kaptCode,heatC,heatP,gasC,gasP,waterHotC,waterHotP,electC,electP,waterCoolC,waterCoolP,Date
0,A12003001,0,0,0,0,0,0,2818571,8817800,0,3252920,202210.0
1,A12005001,0,0,0,0,0,0,2744560,8560670,-422140,4224120,202210.0
2,A12070101,0,0,0,0,0,0,1567584,29656710,421660,10696080,202210.0
3,A12004001,0,0,0,0,0,0,7450279,30623070,-51650,16608580,202210.0
4,A12007001,0,0,0,0,0,0,7527134,30837190,-328940,17434010,202210.0
5,A12008001,0,0,0,0,0,0,1548940,6990500,144840,3678360,202210.0
6,A12008003,0,0,0,0,0,43933700,10452473,51850740,53660,23465480,202210.0
7,A12079601,0,0,0,0,0,0,2229630,5706900,422780,0,202210.0
8,A12079501,0,0,0,0,0,969880,6486860,26628580,157460,15348970,202210.0
9,A10027851,0,0,0,0,0,0,11125690,0,870120,0,202210.0
10,A10026370,0,0,0,0,0,0,18816864,71296850,0,33567990,202210.0
11,A10024719,0,0,0,0,0,0,15880790,54989240,658200,19959120,202210.0
12,A12009303,0,0,0,0,0,0,2196300,7688510,0,4578900,202210.0
13,A12009202,0,0,0,0,0,0,4973020,15061820,0,6140160,202210.0
14,A12009001,0,0,14010,0,0,0,494720,1679310,53120,892240,202210.0
15,A12078704,0,0,0,0,0,0,8750161,33806040,381590,20003990,202210.0
16,A12078707,0,0,39570,0,0,0,2358296,6479130,-32590,4335450,202210.0
17,A12009201,0,0,0,0,0,0,6601650,7116650,3546880,3546880,202210.0
18,A12009304,0,0,0,0,0,0,2916780,18597000,1464190,9038300,202210.0
19,A12009305,0,0,0,0,0,0,1967380,27441030,-1040,13060870,202210.0
20,A12009102,0,0,-913950,913950,0,0,4128814,27245430,0,12769350,202210.0
21,A12086001,0,0,0,0,0,0,1553737,5157390,0,3328700,202210.0
22,A12009101,0,0,28880,0,0,0,1827290,7051560,-403300,3859970,202210.0
23,A12078706,0,0,0,0,0,0,2043467,7248070,201440,3809640,202210.0
24,A12085303,0,0,0,0,0,0,4443271,31814000,0,16659930,202210.0
25,A12009302,0,0,12450,0,0,0,2549810,9994260,870620,3673680,202210.0
26,A12009203,0,0,0,0,0,0,6619578,29893800,0,0,202210.0
27,A12078705,0,0,0,0,0,0,8536620,24352530,0,13383430,202210.0
28,A12078201,0,0,1440,0,0,0,622400,3397790,195650,1851880,202210.0
29,A10025767,0,0,0,0,0,0,13096320,39216120,30850,14592890,202210.0
30,A10027681,0,0,0,0,0,0,4651740,11630900,71390,5906300,202210.0
31,A10023959,0,0,0,0,0,0,19445600,48295460,-1095580,18639650,202210.0
32,A10023560,,,,,,,,,,,202210.0
33,A10023330,,,,,,,,,,,202210.0
34,A12076401,,,,,,,,,,,202210.0
35,A12017001,0,0,0,0,0,0,7116500,23112640,0,0,202210.0
36,A12071101,0,0,0,0,0,0,6814045,20222410,0,12202150,202210.0
37,A12071103,0,0,0,0,0,0,279640,9791620,0,4101130,202210.0
38,A12011002,0,0,0,0,0,0,5506227,18262350,-11270,9259400,202210.0
39,A12071102,0,0,0,0,0,0,2770920,5727410,87710,3764490,202210.0
40,A10025822,0,0,0,0,0,0,5823047,19504330,69840,6646510,202210.0
41,A12010103,-396000,396000,0,0,0,0,2822861,10259610,0,0,202210.0
42,A12071001,0,0,0,0,0,0,2619390,10398480,211680,5315460,202210.0
43,A12010104,0,0,0,0,0,0,12967513,48816680,1548225,0,202210.0
44,A12010202,0,0,0,0,0,0,4314207,12886310,0,6685990,202210.0
45,A12010001,0,0,0,0,0,0,2330960,7576430,233310,3696360,202210.0
46,A12084504,0,0,0,0,0,0,4502225,18527560,284140,10766460,202210.0
47,A12071003,0,0,45030,0,0,0,3191030,9540200,215760,5818420,202210.0
48,A12010203,0,0,0,0,0,0,0,20874340,917990,0,202210.0
49,A12071002,0,0,0,0,0,0,3793808,10185260,195710,3841560,202210.0
50,A12084302,0,0,0,0,0,0,2152780,7494380,93440,4749850,202210.0
51,A10026604,0,0,0,0,0,0,5022523,27343040,660240,7959190,202210.0
52,A10025166,0,0,780,0,0,0,5659900,21243090,241330,7409620,202210.0
53,A12010101,0,0,0,0,0,0,1185740,3925910,40,2758150,202210.0
54,A12071004,,,,,,,,,,,202210.0
55,A10023562,,,,,,,,,,,202210.0
56,A10024692,,,,,,,,,,,202210.0
57,A10023449,,,,,,,,,,,202210.0
58,A10023482,,,,,,,,,,,202210.0
59,A10024532,0,0,0,0,0,0,1692890,12637380,-43780,4438920,202210.0
60,A12081703,4566030,11557930,0,0,0,13727880,4457230,22325440,224490,11982890,202210.0
61,A12081602,0,0,0,0,0,0,1416345,9590100,0,4857140,202210.0
62,A12013001,0,0,0,0,0,0,1733080,7869700,262220,8216230,202210.0
63,A12013201,0,0,0,0,0,0,3327770,9551870,77000,4700080,202210.0
64,A12013003,19145840,40638500,0,0,0,84213140,59312040,145006370,-132550,63837940,202210.0
65,A12076601,0,0,0,0,0,0,1944970,0,0,2080100,202210.0
66,A12013202,4144490,10790810,0,0,0,15527200,5764874,20306520,1364280,12352950,202210.0
67,A12013002,0,4882400,0,0,1739510,7796100,5339910,11481700,203530,6813200,202210.0
68,A12013101,0,0,0,0,0,0,2542560,0,0,0,202210.0
69,A12012201,0,0,12880,0,0,0,725110,4538390,114180,2846980,202210.0
70,A12072801,0,5058780,0,0,2133820,10429780,7035830,18377330,189920,8811780,202210.0
71,A12012202,0,0,-1646730,1622210,0,0,10467638,38985690,100,22350570,202210.0
72,A12012101,0,0,0,0,0,0,5981356,22325440,121000,9783250,202210.0
73,A12012203,0,0,0,0,0,0,47099671,0,20848980,0,202210.0
74,A12072802,0,0,0,0,0,0,1338830,4042780,191640,2582260,202210.0
75,A10027817,23889060,43451840,0,0,0,97507700,42027082,216410870,0,80405560,202210.0
76,A10025976,0,0,5590340,0,0,0,13314597,51547620,1029140,18838350,202210.0
77,A12012001,,,,,,,,,,,202210.0
78,A10024938,4705730,6138190,0,0,0,18605760,11998580,50069040,733420,16610470,202210.0
79,A10025130,7242830,7524200,0,0,0,22177660,14955020,45025380,3467681,19191160,202210.0
