,kaptCode,heatC,heatP,gasC,gasP,waterHotC,waterHotP,electC,electP,waterCoolC,waterCoolP,Date
0,A12003001,0,0,0,0,0,0,3805149,8435450,-20,2894280,202212.0
1,A12005001,0,0,0,0,0,0,3881340,10137080,-293910,3946830,202212.0
2,A12070101,0,0,0,0,0,0,5561313,30202680,575160,10242650,202212.0
3,A12004001,0,0,0,0,0,0,18375706,34460000,58630,15563540,202212.0
4,A12007001,0,0,0,0,0,0,9449797,36341180,924740,16709130,202212.0
5,A12008001,0,0,0,0,0,0,2694580,7659050,84490,3556010,202212.0
6,A12008003,0,0,0,0,0,70793460,12753554,59128010,140600,22508570,202212.0
7,A12079601,0,0,0,0,0,0,3467120,5687930,0,0,202212.0
8,A12079501,0,0,0,0,0,939280,9302786,30861770,355230,14554200,202212.0
9,A10027851,0,0,0,0,0,0,13023620,0,400190,0,202212.0
10,A10026370,0,0,0,0,0,0,35445209,80344790,0,33166280,202212.0
11,A10024719,0,0,0,0,0,0,32491690,62753710,317570,19890910,202212.0
12,A12009303,0,0,0,0,0,0,2444000,9028670,89380,4385060,202212.0
13,A12009202,0,0,0,0,0,0,23402290,0,5813160,0,202212.0
14,A12009001,0,0,128210,0,0,0,279810,2031900,9210,848080,202212.0
15,A12078704,0,0,0,0,0,0,9850974,39759370,380060,20027400,202212.0
16,A12078707,0,0,146780,0,0,0,1655025,9313210,232680,4216560,202212.0
17,A12009201,0,0,0,0,0,0,1057360,9438670,0,3689420,202212.0
18,A12009304,0,0,0,0,0,0,3856740,23444920,1740690,9120300,202212.0
19,A12009305,0,0,0,0,0,0,3756700,29150650,-10,12729600,202212.0
20,A12009102,0,0,-946900,946900,0,0,6392662,31653610,0,12237930,202212.0
21,A12086001,0,0,0,0,0,0,2058230,5969640,-370,3104370,202212.0
22,A12009101,0,0,58300,0,0,0,2772910,7662710,-358440,3754050,202212.0
23,A12078706,0,0,0,0,0,0,2641910,7858960,31750,3624480,202212.0
24,A12085303,0,0,0,0,0,0,6383447,36029760,0,16872400,202212.0
25,A12009302,0,0,183000,0,0,0,4433650,12194500,830630,3589830,202212.0
26,A12009203,0,0,0,0,0,0,6929882,35218690,0,0,202212.0
27,A12078705,0,0,0,0,0,0,10139540,28037340,0,13111930,202212.0
28,A12078201,0,0,100080,0,0,0,1938390,3698300,870,1689850,202212.0
29,A10025767,0,0,0,0,0,0,26866010,44959850,174220,14247370,202212.0
30,A10027681,0,0,0,0,0,0,6341950,13789170,100000,5880320,202212.0
31,A10023959,0,0,0,0,0,0,33960550,59213550,-1655954,18645120,202212.0
32,A10023560,0,0,0,0,0,0,20965330,22802780,0,5915090,202212.0
33,A10023330,,,,,,,,,,,202212.0
34,A12076401,,,,,,,,,,,202212.0
35,A12017001,0,0,0,0,0,0,9896760,26955700,0,0,202212.0
36,A12071101,0,0,0,0,0,0,7768039,24890580,0,12254930,202212.0
37,A12071103,0,0,0,0,0,0,290000,12495350,0,4193240,202212.0
38,A12011002,0,0,0,0,0,0,9011644,19887280,-6400,8889210,202212.0
39,A12071102,0,0,0,0,0,0,3099180,7164880,43200,3495270,202212.0
40,A10025822,0,0,0,0,0,0,9441134,22709940,45410,6506990,202212.0
41,A12010103,-414180,414180,0,0,0,0,4391064,10876860,0,0,202212.0
42,A12071001,0,0,0,0,0,0,3551820,12407980,188160,5188750,202212.0
43,A12010104,0,0,0,0,0,0,16581348,58271600,1381690,0,202212.0
44,A12010202,0,0,0,0,0,0,4766079,14777220,0,6476520,202212.0
45,A12010001,0,0,0,0,0,0,2426280,9141040,288740,3618370,202212.0
46,A12084504,0,0,0,0,0,0,6686346,22112690,342390,10297230,202212.0
47,A12071003,0,0,0,0,0,0,2813550,12589710,27000,5630130,202212.0
48,A12010203,0,0,0,0,0,0,27589021,0,1988150,0,202212.0
49,A12071002,0,0,0,0,0,0,6524474,10221880,367320,3654940,202212.0
50,A12084302,0,0,0,0,0,0,2483398,9171710,77160,4609210,202212.0
51,A10026604,0,0,0,0,0,0,11893887,32508110,651320,7843650,202212.0
52,A10025166,0,0,63630,0,0,0,8660420,24512430,300030,7331020,202212.0
53,A12010101,0,0,0,0,0,0,6110280,0,2663170,0,202212.0
54,A12071004,,,,,,,,,,,202212.0
55,A10023562,,,,,,,,,,,202212.0
56,A10024692,,,,,,,,,,,202212.0
57,A10023449,,,,,,,,,,,202212.0
58,A10023482,0,0,0,0,0,0,6677640,0,0,0,202212.0
59,A10024532,0,0,0,0,0,0,3395020,13171050,254250,4204050,202212.0
60,A12081703,7541061,78051580,0,0,0,24270400,7818390,24225600,-1402900,12907620,202212.0
61,A12081602,0,0,0,0,0,0,1919180,10237460,0,4633820,202212.0
62,A12013001,0,0,0,0,0,0,628191,11216970,150980,7914730,202212.0
63,A12013201,0,0,0,0,0,0,7150280,11309900,103810,4667750,202212.0
64,A12013003,25655850,328315570,0,0,0,134961300,84378020,157137920,-128670,62730740,202212.0
65,A12076601,0,0,0,0,0,0,2670290,0,0,2268600,202212.0
66,A12013202,6901600,69617600,0,0,-34000,26424800,8155838,21873060,0,11992380,202212.0
67,A12013002,0,39425760,0,0,1739510,12884300,5349200,12923890,200380,6429600,202212.0
68,A12013101,0,0,0,0,0,0,2799150,0,0,0,202212.0
69,A12012201,0,0,0,0,0,0,3021840,4771350,-700320,3109820,202212.0
70,A12072801,0,45932230,0,0,2133900,17250170,8622750,19999440,120810,8653920,202212.0
71,A12012202,0,0,-1662540,1632660,0,0,11532514,42456770,700,22114120,202212.0
72,A12012101,0,0,0,0,0,0,7961738,25689720,121000,10167610,202212.0
73,A12012203,0,0,0,0,0,0,57832908,0,20474970,0,202212.0
74,A12072802,0,0,0,0,0,0,4312010,3855450,161100,2312160,202212.0
75,A10027817,23889060,386419130,0,0,0,160403440,66748038,239090770,0,78677070,202212.0
76,A10025976,0,0,8111120,0,0,0,33793720,57877610,1478410,18156340,202212.0
77,A12012001,,,,,,,,,,,202212.0
78,A10024938,4705730,70002780,0,0,0,27739580,24932920,52689200,1147810,16357740,202212.0
79,A10025130,12145550,67258830,0,0,0,35814420,25998658,48799550,3657626,18298370,202212.0
