,kaptCode,heatC,heatP,gasC,gasP,waterHotC,waterHotP,electC,electP,waterCoolC,waterCoolP,Date
0,A12003001,0,0,0,0,0,0,3726562,13204280,10,3689270,202207.0
1,A12005001,0,0,0,0,0,0,3387200,11946100,0,4025560,202207.0
2,A12070101,0,0,0,0,0,0,5027746,39332570,-5880,10758900,202207.0
3,A12004001,0,0,0,0,0,0,7094932,38075780,-10920,17862220,202207.0
4,A12007001,0,0,0,0,0,0,5447272,41339970,217090,18644260,202207.0
5,A12008001,0,0,0,0,0,0,1774750,7966790,102250,3731450,202207.0
6,A12008003,0,0,0,0,0,10098140,14471020,74100880,89770,24792930,202207.0
7,A12079601,0,0,0,0,0,0,199170,6141600,286625,0,202207.0
8,A12079501,0,0,0,0,0,0,40951465,0,16830920,0,202207.0
9,A10027851,0,0,0,0,0,0,9698800,0,484830,0,202207.0
10,A10026370,0,0,0,0,0,0,42044331,124351770,0,34511830,202207.0
11,A10024719,0,0,0,0,0,0,18666170,88629590,1329370,20778230,202207.0
12,A12009303,0,0,0,0,0,0,1394920,9931120,0,4806200,202207.0
13,A12009202,0,0,0,0,0,0,5437480,20015650,1469740,6125170,202207.0
14,A12009001,0,0,4080,0,0,0,729050,1490490,-26050,983840,202207.0
15,A12078704,0,0,0,0,0,0,5289404,47334140,398490,20871120,202207.0
16,A12078707,0,0,15940,0,0,0,1754220,8220030,0,4556650,202207.0
17,A12009201,0,0,0,0,0,0,2902180,6422930,134920,3540170,202207.0
18,A12009304,0,0,0,0,0,0,9098930,16942610,1611600,9613000,202207.0
19,A12009305,0,0,0,0,0,0,1654900,29065950,-440,13642200,202207.0
20,A12009102,0,0,-1137480,1137480,0,0,2478976,36742380,0,13513750,202207.0
21,A12086001,0,0,0,0,0,0,951867,6889490,50,3373600,202207.0
22,A12009101,0,0,11910,0,0,0,2875580,7253190,-23570,3480240,202207.0
23,A12078706,0,0,0,0,0,0,1804011,8580050,163390,3823760,202207.0
24,A12085303,0,0,0,0,0,0,1538611,41885350,0,17392190,202207.0
25,A12009302,0,0,9570,0,0,0,3095980,14445860,774820,3967630,202207.0
26,A12009203,0,0,0,0,0,0,2932911,40980900,3428660,0,202207.0
27,A12078705,0,0,0,0,0,0,8845230,31760790,0,14199200,202207.0
28,A12078201,0,0,2120,0,0,0,959303,3541100,196570,1917410,202207.0
29,A10025767,0,0,0,0,0,0,19952780,64062280,66670,14590390,202207.0
30,A10027681,0,0,0,0,0,0,6636440,18013450,426080,6150520,202207.0
31,A10023959,0,0,0,0,0,0,26191440,74524260,-598900,18851410,202207.0
32,A10023560,,,,,,,,,,,202207.0
33,A10023330,,,,,,,,,,,202207.0
34,A12076401,,,,,,,,,,,202207.0
35,A12017001,0,0,0,0,0,0,4707941,33886450,0,0,202207.0
36,A12071101,0,0,0,0,0,0,5248768,27330390,0,12456900,202207.0
37,A12071103,0,0,0,0,0,0,279480,15631650,0,4170070,202207.0
38,A12011002,0,0,0,0,0,0,6969180,23914620,-6740,10089130,202207.0
39,A12071102,0,0,0,0,0,0,2550150,8277250,52170,3555160,202207.0
40,A10025822,0,0,0,0,0,0,9221221,32142040,54070,6836580,202207.0
41,A12010103,-520090,520090,0,0,0,0,2178762,14836060,0,0,202207.0
42,A12071001,0,0,0,0,0,0,2955920,15011670,152880,5609330,202207.0
43,A12010104,0,0,0,0,0,0,4467518,71796343,456940,0,202207.0
44,A12010202,0,0,0,0,0,0,4378345,16796880,0,6940930,202207.0
45,A12010001,0,0,0,0,0,0,1707490,10512680,176410,3936730,202207.0
46,A12084504,0,0,0,0,0,0,1563638,27715880,253620,11420650,202207.0
47,A12071003,0,0,0,0,0,0,1352640,13492360,202830,5483830,202207.0
48,A12010203,0,0,0,0,0,0,0,25946330,1024800,0,202207.0
49,A12071002,0,0,0,0,0,0,5376435,15063860,295800,3819780,202207.0
50,A12084302,0,0,0,0,0,0,971890,10838260,58190,5130320,202207.0
51,A10026604,0,0,0,0,0,0,4632166,47748280,1100930,8628160,202207.0
52,A10025166,0,0,720,0,0,0,9455788,34298022,268260,7562250,202207.0
53,A12010101,0,0,0,0,0,0,1184250,4996720,50,2986210,202207.0
54,A12071004,,,,,,,,,,,202207.0
55,A10023562,,,,,,,,,,,202207.0
56,A10024692,,,,,,,,,,,202207.0
57,A10023449,,,,,,,,,,,202207.0
58,A10023482,,,,,,,,,,,202207.0
59,A10024532,0,0,0,0,0,0,3990450,17308130,168040,4441270,202207.0
60,A12081703,3767632,0,0,0,0,6128750,4070880,32357440,-70740,12980710,202207.0
61,A12081602,0,0,0,0,0,0,513710,13438340,0,5393170,202207.0
62,A12013001,0,0,0,0,0,0,1967490,11929900,0,0,202207.0
63,A12013201,0,0,0,0,0,0,3978480,14460980,36710,4784240,202207.0
64,A12013003,16772800,65660,0,0,0,41464150,73301090,256018660,-150010,71221670,202207.0
65,A12076601,0,0,0,0,0,0,2043940,0,0,2492920,202207.0
66,A12013202,3559650,0,0,0,0,7164100,4019228,27639350,0,13296580,202207.0
67,A12013002,0,0,0,0,1739510,3608680,3704600,19665390,68940,7274310,202207.0
68,A12013101,0,0,0,0,0,0,2522070,0,0,0,202207.0
69,A12012201,0,0,0,0,0,0,-188660,5459990,119350,3033550,202207.0
70,A12072801,0,0,0,0,2133820,4170590,8997000,30085720,208290,9320840,202207.0
71,A12012202,0,0,-2045380,1999750,0,0,9176418,50352220,240,23061560,202207.0
72,A12012101,0,0,0,0,0,0,7609327,34815410,121000,10181890,202207.0
73,A12012203,0,0,0,0,0,0,63828397,0,21686680,0,202207.0
74,A12072802,0,0,0,0,0,0,132550,5645860,65430,3087520,202207.0
75,A10027817,23889060,0,0,0,0,49104820,23275362,359367120,0,86185850,202207.0
76,A10025976,0,0,1857020,0,0,0,22122320,84014940,929690,19726620,202207.0
77,A12012001,,,,,,,,,,,202207.0
78,A10024938,4705730,162280,0,0,0,8518980,15516500,88979490,643400,16734160,202207.0
79,A10025130,5164990,363530,0,0,0,13219750,15681187,82255030,3854296,18216480,202207.0
