,kaptCode,heatC,heatP,gasC,gasP,waterHotC,waterHotP,electC,electP,waterCoolC,waterCoolP,Date
0,A12003001,0,0,0,0,0,0,3310338,8356150,-60,3573880,202211.0
1,A12005001,0,0,0,0,0,0,3224130,9492410,-371570,3998260,202211.0
2,A12070101,0,0,0,0,0,0,3182517,29538880,437010,10083450,202211.0
3,A12004001,0,0,0,0,0,0,6098254,32390260,-697020,17055740,202211.0
4,A12007001,0,0,0,0,0,0,7854533,34488400,1631900,16504820,202211.0
5,A12008001,0,0,0,0,0,0,1881050,7491200,121820,3762280,202211.0
6,A12008003,0,0,0,0,0,48780810,10318812,51588430,64170,22762690,202211.0
7,A12079601,0,0,0,0,0,0,2246910,5706900,422780,0,202211.0
8,A12079501,0,0,0,0,0,1103760,7178252,26581470,710270,14405580,202211.0
9,A10027851,0,0,0,0,0,0,10852390,0,421790,0,202211.0
10,A10026370,0,0,0,0,0,0,24721242,69862080,0,32294770,202211.0
11,A10024719,0,0,0,0,0,0,15377130,54627250,472260,19285260,202211.0
12,A12009303,0,0,0,0,0,0,2216880,8542130,0,4452650,202211.0
13,A12009202,0,0,0,0,0,0,4260460,18605720,717340,6201490,202211.0
14,A12009001,0,0,29860,0,0,0,374740,1917330,-341100,1284960,202211.0
15,A12078704,0,0,0,0,0,0,8881164,33650020,361060,19521460,202211.0
16,A12078707,0,0,114240,0,0,0,3424050,5656480,-21040,4322850,202211.0
17,A12009201,0,0,0,0,0,0,993800,8067660,0,3764740,202211.0
18,A12009304,0,0,0,0,0,0,3012480,21201890,1554360,8957800,202211.0
19,A12009305,0,0,0,0,0,0,3103720,28504310,-2070,13544190,202211.0
20,A12009102,0,0,-1009280,1009280,0,0,5171520,26689240,0,13186140,202211.0
21,A12086001,0,0,0,0,0,0,1747808,5591250,-80,3486080,202211.0
22,A12009101,0,0,46820,0,0,0,2444510,7188460,-291310,3605470,202211.0
23,A12078706,0,0,0,0,0,0,2152662,7637210,66390,3849020,202211.0
24,A12085303,0,0,0,0,0,0,4658488,31268110,0,17814530,202211.0
25,A12009302,0,0,81430,0,0,0,2402303,0,897320,0,202211.0
26,A12009203,0,0,0,0,0,0,7157809,32638140,3065570,0,202211.0
27,A12078705,0,0,0,0,0,0,8739000,23949330,0,12867930,202211.0
28,A12078201,0,0,19580,0,0,0,696270,3352560,196690,1972930,202211.0
29,A10025767,0,0,0,0,0,0,12976010,39105930,25800,15260910,202211.0
30,A10027681,0,0,0,0,0,0,4626630,11630900,673920,5906300,202211.0
31,A10023959,0,0,0,0,0,0,23745180,50940670,-1171560,18180850,202211.0
32,A10023560,0,0,0,0,0,0,15774620,12862570,0,1778200,202211.0
33,A10023330,,,,,,,,,,,202211.0
34,A12076401,,,,,,,,,,,202211.0
35,A12017001,0,0,0,0,0,0,8261870,24939590,0,0,202211.0
36,A12071101,0,0,0,0,0,0,7217045,21857230,0,11216490,202211.0
37,A12071103,0,0,0,0,0,0,274460,10020910,0,4308290,202211.0
38,A12011002,0,0,0,0,0,0,6833493,18855560,-9500,9543510,202211.0
39,A12071102,0,0,0,0,0,0,2788530,6296140,65620,3786580,202211.0
40,A10025822,0,0,0,0,0,0,7659557,19573920,65420,6451670,202211.0
41,A12010103,-450750,450750,0,0,0,0,2966675,10077640,0,0,202211.0
42,A12071001,0,0,0,0,0,0,3256790,11379830,152880,5009310,202211.0
43,A12010104,0,0,0,0,0,0,13238261,55765560,1381690,0,202211.0
44,A12010202,0,0,0,0,0,0,5005879,13798150,0,6755850,202211.0
45,A12010001,0,0,0,0,0,0,2552250,8394400,236280,3813350,202211.0
46,A12084504,0,0,0,0,0,0,4908654,18487610,273980,10393450,202211.0
47,A12071003,0,0,108580,0,0,0,3488090,9458940,141980,5452040,202211.0
48,A12010203,0,0,0,0,0,0,980553,21264710,1988160,0,202211.0
49,A12071002,0,0,0,0,0,0,4710188,10046160,429710,3568480,202211.0
50,A12084302,0,0,0,0,0,0,2108079,8484740,261440,4895680,202211.0
51,A10026604,0,0,0,0,0,0,6809033,25849760,585920,8208870,202211.0
52,A10025166,0,0,12450,0,0,0,7190970,23210800,380300,7553880,202211.0
53,A12010101,0,0,0,0,0,0,1636610,4142620,0,2625160,202211.0
54,A12071004,,,,,,,,,,,202211.0
55,A10023562,,,,,,,,,,,202211.0
56,A10024692,,,,,,,,,,,202211.0
57,A10023449,,,,,,,,,,,202211.0
58,A10023482,0,0,0,0,0,0,0,0,0,0,202211.0
59,A10024532,0,0,0,0,0,0,2707720,12637380,297710,4438920,202211.0
60,A12081703,5193740,25617420,0,0,0,16329300,4934610,21850790,241530,11678500,202211.0
61,A12081602,0,0,0,0,0,0,1727895,10197420,0,5155840,202211.0
62,A12013001,0,0,0,0,0,0,996383,9668400,0,0,202211.0
63,A12013201,0,0,0,0,0,0,3281600,9869250,77250,4527550,202211.0
64,A12013003,21611690,96039200,0,0,0,100179920,58845870,141933200,-128010,61297180,202211.0
65,A12076601,0,0,0,0,0,0,2239910,0,0,2060680,202211.0
66,A12013202,3891680,22893330,0,0,-52200,19128400,7130594,21405380,0,12120040,202211.0
67,A12013002,0,11631330,0,0,1739510,8342100,5346170,12675730,119160,6552040,202211.0
68,A12013101,0,0,0,0,0,0,2865510,0,0,0,202211.0
69,A12012201,0,0,25050,0,0,0,1388020,4369810,205200,2467420,202211.0
70,A12072801,0,11855490,0,0,2133910,13638420,7026380,18049380,190340,9009780,202211.0
71,A12012202,0,0,-1859350,1830050,0,0,11491979,40454560,-190,21183200,202211.0
72,A12012101,0,0,0,0,0,0,1,22343120,1,9165860,202211.0
73,A12012203,0,0,0,0,0,0,48770879,0,21333680,0,202211.0
74,A12072802,0,0,0,0,0,0,1164720,4313050,-120810,2503060,202211.0
75,A10027817,23889060,107797280,0,0,0,122583210,53686247,231489640,0,73046940,202211.0
76,A10025976,0,0,6258660,0,0,0,15188960,51085210,1168030,19689510,202211.0
77,A12012001,,,,,,,,,,,202211.0
78,A10024938,4705730,17803750,0,0,0,22847250,12282060,48190660,201190,15912440,202211.0
79,A10025130,8339960,19030380,0,0,0,27067820,15420261,43534690,2970056,17992440,202211.0
