,kaptCode,heatC,heatP,gasC,gasP,waterHotC,waterHotP,electC,electP,waterCoolC,waterCoolP,Date
0,A12003001,0,0,0,0,0,0,2978346,8405040,-70,3802670,202206.0
1,A12005001,0,0,0,0,0,0,2888900,8222080,0,3741250,202206.0
2,A12070101,0,0,0,0,0,0,2881690,26842260,507570,10557080,202206.0
3,A12004001,0,0,0,0,0,0,4564838,30383550,-92100,13561810,202206.0
4,A12007001,0,0,0,0,0,0,7068113,29809980,809460,17301530,202206.0
5,A12008001,0,0,0,0,0,0,1510170,6367640,234050,3762400,202206.0
6,A12008003,0,0,0,0,0,18440590,10603950,48860830,93160,23562360,202206.0
7,A12079601,0,0,0,0,0,0,272190,4672200,286625,0,202206.0
8,A12079501,0,0,0,0,0,0,31644634,0,15536100,0,202206.0
9,A10027851,0,0,0,0,0,0,7646540,0,608370,0,202206.0
10,A10026370,0,0,0,0,0,0,23279098,77749600,0,32605840,202206.0
11,A10024719,0,0,0,0,0,0,12660260,56057070,910100,19507160,202206.0
12,A12009303,0,0,0,0,0,0,1777220,7252250,0,4729810,202206.0
13,A12009202,0,0,0,0,0,0,18942990,0,6786030,0,202206.0
14,A12009001,0,0,69170,0,0,0,423220,1370690,88350,895490,202206.0
15,A12078704,0,0,0,0,0,0,7306402,32636490,380650,19991990,202206.0
16,A12078707,0,0,71200,0,0,0,1078236,6443640,0,4398430,202206.0
17,A12009201,0,0,0,0,0,0,942650,6594020,0,4255870,202206.0
18,A12009304,0,0,0,0,0,0,3312200,16942610,1379580,9613000,202206.0
19,A12009305,0,0,0,0,0,0,2378730,24625190,0,14526510,202206.0
20,A12009102,0,0,-983940,983940,0,0,3854802,24899740,0,13722440,202206.0
21,A12086001,0,0,0,0,0,0,1608466,5703800,-40,3237390,202206.0
22,A12009101,0,0,20160,0,0,0,1973900,6301220,-82750,3274780,202206.0
23,A12078706,0,0,0,0,0,0,1865535,6406700,190080,3848750,202206.0
24,A12085303,0,0,0,0,0,0,3919204,28789730,0,18019480,202206.0
25,A12009302,0,0,17500,0,0,0,2767930,10417460,1028590,4011070,202206.0
26,A12009203,0,0,0,0,0,0,5590542,29118460,0,0,202206.0
27,A12078705,0,0,0,0,0,0,7566230,22830830,0,14264370,202206.0
28,A12078201,0,0,13780,0,0,0,592760,2736910,193810,2229880,202206.0
29,A10025767,0,0,0,0,0,0,9565760,41786990,104600,14754710,202206.0
30,A10027681,0,0,0,0,0,0,3847230,12053750,70000,5982130,202206.0
31,A10023959,0,0,0,0,0,0,23164120,53270570,-695060,17823620,202206.0
32,A10023560,,,,,,,,,,,202206.0
33,A10023330,,,,,,,,,,,202206.0
34,A12076401,,,,,,,,,,,202206.0
35,A12017001,0,0,0,0,0,0,7204880,22365530,0,0,202206.0
36,A12071101,0,0,0,0,0,0,6201612,19495050,0,11852220,202206.0
37,A12071103,0,0,0,0,0,0,280940,10054320,0,4503030,202206.0
38,A12011002,0,0,0,0,0,0,5877498,17151100,-5700,10570790,202206.0
39,A12071102,0,0,0,0,0,0,1719880,6301250,36550,3526260,202206.0
40,A10025822,0,0,0,0,0,0,7363561,20706510,148200,6635270,202206.0
41,A12010103,-475800,475800,0,0,0,0,2742626,9547840,0,0,202206.0
42,A12071001,0,0,0,0,0,0,3208970,10075000,211680,5377840,202206.0
43,A12010104,0,0,0,0,0,0,11400114,47731900,4021750,0,202206.0
44,A12010202,0,0,0,0,0,0,4357441,12012530,0,6940930,202206.0
45,A12010001,0,0,0,0,0,0,1976130,7447220,254570,3930100,202206.0
46,A12084504,0,0,0,0,0,0,3483560,17800040,195020,10703600,202206.0
47,A12071003,0,0,20180,0,0,0,2138880,9418200,315000,5633610,202206.0
48,A12010203,0,0,0,0,0,0,1071420,19013330,768600,0,202206.0
49,A12071002,0,0,0,0,0,0,4797975,9973350,495820,3565730,202206.0
50,A12084302,0,0,0,0,0,0,2010430,7503840,650590,5102810,202206.0
51,A10026604,0,0,0,0,0,0,5377280,29581240,1713700,8660200,202206.0
52,A10025166,0,0,0,0,0,0,7601920,21527490,389130,8570020,202206.0
53,A12010101,0,0,0,0,0,0,1014110,3744280,420,2548730,202206.0
54,A12071004,,,,,,,,,,,202206.0
55,A10023562,,,,,,,,,,,202206.0
56,A10024692,,,,,,,,,,,202206.0
57,A10023449,,,,,,,,,,,202206.0
58,A10023482,,,,,,,,,,,202206.0
59,A10024532,0,0,0,0,0,0,1493290,12573900,184770,4397690,202206.0
60,A12081703,3803218,86300,0,0,0,6897910,3718390,21937710,58640,11813090,202206.0
61,A12081602,0,0,0,0,0,0,1224513,9451210,0,5285540,202206.0
62,A12013001,0,0,0,0,0,0,756745,8750500,20700,8416500,202206.0
63,A12013201,0,0,0,0,0,0,2710390,10673410,53910,4682710,202206.0
64,A12013003,16814970,242540,0,0,0,45884700,54580870,148301950,-144710,66871070,202206.0
65,A12076601,0,0,0,0,0,0,2072010,0,2160450,0,202206.0
66,A12013202,3546550,0,0,0,0,7090200,5741637,18801490,0,12399060,202206.0
67,A12013002,0,129270,0,0,1739510,4255200,3490950,12108140,300000,6737740,202206.0
68,A12013101,0,0,0,0,0,0,2734970,0,0,0,202206.0
69,A12012201,0,0,13810,0,0,0,43540,3962650,116290,2971920,202206.0
70,A12072801,0,198540,0,0,2133890,5157560,4912360,19343590,198250,9388670,202206.0
71,A12012202,0,0,-1834570,1795170,0,0,10320918,35548080,-260,21904730,202206.0
72,A12012101,0,0,0,0,0,0,7414583,22502350,121000,9617860,202206.0
73,A12012203,0,0,0,0,0,0,45344999,0,22100610,0,202206.0
74,A12072802,0,0,0,0,0,0,-328600,4420220,285600,2971300,202206.0
75,A10027817,23889060,726230,0,0,0,56852450,38622877,228557570,0,83686210,202206.0
76,A10025976,0,0,2112120,0,0,0,16156096,55022870,890050,19990710,202206.0
77,A12012001,,,,,,,,,,,202206.0
78,A10024938,4705730,259910,0,0,0,9965750,14507950,54758070,598250,16773180,202206.0
79,A10025130,4718370,568270,0,0,0,14811430,14981236,49023160,2770716,18405100,202206.0
