,kaptCode,heatC,heatP,gasC,gasP,waterHotC,waterHotP,electC,electP,waterCoolC,waterCoolP,Date
0,A12003001,0,0,0,0,0,0,3131003,7556540,-370,3236340,202203.0
1,A12005001,0,0,0,0,0,0,2904170,8281760,0,3696170,202203.0
2,A12070101,0,0,0,0,0,0,7810940,25220030,153250,10963320,202203.0
3,A12004001,0,0,0,0,0,0,8373500,28509380,219770,16594840,202203.0
4,A12007001,0,0,0,0,0,0,6861778,28267710,730090,17694210,202203.0
5,A12008001,0,0,0,0,0,0,2757660,6187350,126230,3484870,202203.0
6,A12008003,0,0,0,0,0,44309870,11585850,51387320,47170,24283630,202203.0
7,A12079601,0,0,0,0,0,0,1643010,4850160,252750,0,202203.0
8,A12079501,0,0,0,0,0,0,32383684,0,16326370,0,202203.0
9,A10027851,0,0,0,0,0,0,15587450,0,781240,0,202203.0
10,A10026370,0,0,0,2262050,0,0,22229301,68282410,3856960,29516620,202203.0
11,A10024719,0,0,0,0,0,0,21455230,64844290,0,20482920,202203.0
12,A12009303,0,0,0,0,0,0,1936090,7275440,0,4711070,202203.0
13,A12009202,0,0,0,0,0,0,6650030,14235710,299100,6879700,202203.0
14,A12009001,0,0,224190,0,0,0,-235570,2211820,-222370,1032820,202203.0
15,A12078704,0,0,0,0,0,0,9669471,32796550,390810,20606570,202203.0
16,A12078707,0,0,294300,0,0,0,1908534,5985160,215320,4072330,202203.0
17,A12009201,0,0,0,0,0,0,956160,7192650,0,3070820,202203.0
18,A12009304,0,0,0,0,0,0,4341750,16673590,1270180,8962300,202203.0
19,A12009305,0,0,0,0,0,0,3013460,25738480,-40,12342390,202203.0
20,A12009102,0,0,-990970,990970,0,0,4294548,26252830,0,12274090,202203.0
21,A12086001,0,0,0,0,0,0,1432680,5175930,-10,3368830,202203.0
22,A12009101,0,0,136310,0,0,0,3509940,6554640,-36340,3138320,202203.0
23,A12078706,0,0,0,0,0,0,2900887,6797600,233970,3309270,202203.0
24,A12085303,0,0,0,0,0,0,4544140,30049080,0,16244970,202203.0
25,A12009302,0,0,317360,0,0,0,2238910,10071930,1353770,3529720,202203.0
26,A12009203,0,0,0,0,0,0,6259158,26863110,2525660,0,202203.0
27,A12078705,0,0,0,0,0,0,7502300,24405240,0,13824090,202203.0
28,A12078201,0,0,248020,0,0,0,1294920,2780820,194910,2066780,202203.0
29,A10025767,0,0,0,0,0,0,17916880,38565780,8167850,5761220,202203.0
30,A10027681,0,0,0,0,0,0,4304450,11014420,703510,5775900,202203.0
31,A10023959,0,0,0,0,0,0,16858524,43415060,-1481390,16405650,202203.0
32,A10023560,,,,,,,,,,,202203.0
33,A10023330,,,,,,,,,,,202203.0
34,A12076401,,,,,,,,,,,202203.0
35,A12017001,0,0,0,0,0,0,6844780,20638530,100000,0,202203.0
36,A12071101,0,0,0,0,0,0,6313865,18835160,0,11981060,202203.0
37,A12071103,0,0,0,0,0,0,322680,10477750,0,3808020,202203.0
38,A12011002,0,0,0,0,0,0,-458268,22023550,-945390,10022730,202203.0
39,A12071102,0,0,0,0,0,0,2844440,5424990,34230,3571840,202203.0
40,A10025822,0,0,0,0,0,0,5492455,19193410,213620,6871710,202203.0
41,A12010103,-441640,441640,0,0,0,0,2922526,9215810,0,0,202203.0
42,A12071001,0,0,0,0,0,0,2411340,9683560,211680,5567560,202203.0
43,A12010104,0,0,0,0,0,0,12198704,48257560,2783810,0,202203.0
44,A12010202,0,0,0,0,0,0,4406014,12083830,0,7496150,202203.0
45,A12010001,0,0,0,0,0,0,2107700,7095810,305170,3543520,202203.0
46,A12084504,0,0,0,0,0,0,4784651,17583900,303780,10937160,202203.0
47,A12071003,0,0,119340,0,0,0,2859910,9509690,186000,5136530,202203.0
48,A12010203,0,0,0,0,0,0,492106,21603580,1173670,0,202203.0
49,A12071002,0,0,0,0,0,0,3519149,10134820,407000,3805050,202203.0
50,A12084302,0,0,0,0,0,0,2384940,6846820,286570,4452190,202203.0
51,A10026604,0,0,0,0,0,0,6373160,27546810,516570,7693710,202203.0
52,A10025166,0,0,161700,0,0,0,6106050,19292020,227900,6932880,202203.0
53,A12010101,0,0,0,0,0,0,1381420,3135360,0,2625160,202203.0
54,A12071004,,,,,,,,,,,202203.0
55,A10023562,,,,,,,,,,,202203.0
56,A10024692,,,,,,,,,,,202203.0
57,A10023449,,,,,,,,,,,202203.0
58,A10023482,,,,,,,,,,,202203.0
59,A10024532,0,0,0,0,0,0,2175890,10580090,246320,3896070,202203.0
60,A12081703,5162662,27612760,0,0,0,15213200,6298670,19401650,765250,12780250,202203.0
61,A12081602,0,0,0,0,0,0,1450535,8517820,0,4777670,202203.0
62,A12013001,0,0,0,0,0,0,633480,8393800,0,0,202203.0
63,A12013201,0,0,0,0,0,0,2671760,9178970,78610,4796910,202203.0
64,A12013003,16814970,109486710,0,0,0,108550710,52600070,134836130,-145420,67460790,202203.0
65,A12076601,0,0,0,0,0,0,1917860,0,0,2190450,202203.0
66,A12013202,7557430,24276490,0,0,0,13970600,6975272,17366930,0,12960840,202203.0
67,A12013002,0,11830010,0,0,1739510,9657000,4231210,10113550,263810,6994520,202203.0
68,A12013101,0,0,0,0,0,0,2420400,0,0,0,202203.0
69,A12012201,0,0,180970,0,0,0,-649570,5206540,-487930,3153960,202203.0
70,A12072801,0,15117150,0,0,2133890,14091620,6290350,17010240,141890,8785170,202203.0
71,A12012202,0,0,-1816810,1765280,0,0,9067759,36656810,370,20712040,202203.0
72,A12012101,0,0,0,0,0,0,4991407,22325820,121000,10142600,202203.0
73,A12012203,0,0,0,0,0,0,46394407,0,21499500,0,202203.0
74,A12072802,0,0,0,0,0,0,2025300,3984430,159890,2661260,202203.0
75,A10027817,23889060,127875560,0,0,0,125762390,35613374,192107900,0,84456790,202203.0
76,A10025976,0,0,3875870,0,0,0,21402010,51009880,854960,19039730,202203.0
77,A12012001,,,,,,,,,,,202203.0
78,A10024938,4705720,23161190,0,0,0,25136810,8556580,47282300,824330,17497740,202203.0
79,A10025130,5609300,22555530,0,0,0,27856670,10004581,42315840,3372230,19336550,202203.0
