,kaptCode,heatC,heatP,gasC,gasP,waterHotC,waterHotP,electC,electP,waterCoolC,waterCoolP,Date
0,A12003001,0,0,0,0,0,0,2665181,7542560,70,3575890,202205.0
1,A12005001,0,0,0,0,0,0,2454000,7961800,0,3823100,202205.0
2,A12070101,0,0,0,0,0,0,2730870,25739670,415960,10704370,202205.0
3,A12004001,0,0,0,0,0,0,5389956,27764260,-351150,15576320,202205.0
4,A12007001,0,0,0,0,0,0,6648327,27628360,519280,17696020,202205.0
5,A12008001,0,0,0,0,0,0,1590080,6271970,55110,3728190,202205.0
6,A12008003,0,0,0,0,0,23351520,9733200,45760000,72420,24254380,202205.0
7,A12079601,0,0,0,0,0,0,1793120,4926810,804280,0,202205.0
8,A12079501,0,0,0,0,0,0,29066299,0,16047900,0,202205.0
9,A10027851,0,0,0,0,0,0,8028670,0,847900,0,202205.0
10,A10026370,0,0,0,0,0,0,15237401,63041780,48840,32692330,202205.0
11,A10024719,0,0,0,0,0,0,9518940,48001710,399610,20215230,202205.0
12,A12009303,0,0,0,0,0,0,1835280,7064530,0,4654340,202205.0
13,A12009202,0,0,0,0,0,0,4395600,13798460,711180,6786030,202205.0
14,A12009001,0,0,70960,0,0,0,-120280,1765030,-386300,1281790,202205.0
15,A12078704,0,0,0,0,0,0,9062769,28756970,398260,19896860,202205.0
16,A12078707,0,0,234760,0,0,0,1855920,5745230,0,4602630,202205.0
17,A12009201,0,0,0,0,0,0,816390,6431460,0,3723280,202205.0
18,A12009304,0,0,0,0,0,0,3196510,16080230,2301200,9122800,202205.0
19,A12009305,0,0,0,0,0,0,2374470,24337290,-670,13332120,202205.0
20,A12009102,0,0,-984000,984000,0,0,3774022,23052590,0,12986000,202205.0
21,A12086001,0,0,0,0,0,0,1427380,5225960,60,3341670,202205.0
22,A12009101,0,0,30190,0,0,0,2375110,6145860,95810,3331280,202205.0
23,A12078706,0,0,0,0,0,0,1878891,6282760,163410,3707840,202205.0
24,A12085303,0,0,0,0,0,0,3508226,26814040,0,17509290,202205.0
25,A12009302,0,0,127210,0,0,0,2592710,8639570,893270,3785360,202205.0
26,A12009203,0,0,0,0,0,0,5995086,26362670,2878900,0,202205.0
27,A12078705,0,0,0,0,0,0,7376570,21299770,0,13750810,202205.0
28,A12078201,0,0,66250,0,0,0,483900,2818230,195000,2072090,202205.0
29,A10025767,0,0,0,0,0,0,11985700,34978670,89030,14516720,202205.0
30,A10027681,0,0,0,0,0,0,4161080,10279730,194770,5990620,202205.0
31,A10023959,0,0,0,0,0,0,16526610,41249580,-1984640,17821450,202205.0
32,A10023560,,,,,,,,,,,202205.0
33,A10023330,,,,,,,,,,,202205.0
34,A12076401,,,,,,,,,,,202205.0
35,A12017001,0,0,0,0,0,0,6190080,20195670,0,0,202205.0
36,A12071101,0,0,0,0,0,0,6089285,17775960,0,11243530,202205.0
37,A12071103,0,0,0,0,0,0,307210,9039500,0,3927420,202205.0
38,A12011002,0,0,0,0,0,0,5136472,16086560,-4280,9402670,202205.0
39,A12071102,0,0,0,0,0,0,2608530,5237900,13290,3594040,202205.0
40,A10025822,0,0,0,0,0,0,4988967,17402780,259720,6741790,202205.0
41,A12010103,-424460,424460,0,0,0,0,2298795,8915710,0,0,202205.0
42,A12071001,0,0,0,0,0,0,2397270,9178940,0,5422000,202205.0
43,A12010104,0,0,0,0,0,0,11453127,45625240,4021750,0,202205.0
44,A12010202,0,0,0,0,0,0,4020669,12024400,0,6951390,202205.0
45,A12010001,0,0,0,0,0,0,2100560,6794690,256240,3806220,202205.0
46,A12084504,0,0,0,0,0,0,3718837,15975590,171640,10966530,202205.0
47,A12071003,0,0,17830,0,0,0,2501110,8415140,74730,5465980,202205.0
48,A12010203,0,0,0,0,0,0,809121,18507080,768600,0,202205.0
49,A12071002,0,0,0,0,0,0,3428211,8933870,295710,3812240,202205.0
50,A12084302,0,0,0,0,0,0,1871430,6684980,736340,4849650,202205.0
51,A10026604,0,0,0,0,0,0,3718720,24962870,1354320,8220330,202205.0
52,A10025166,0,0,21280,0,0,0,5813630,18325790,180480,7254920,202205.0
53,A12010101,0,0,0,0,0,0,1144360,3413400,20,2644150,202205.0
54,A12071004,,,,,,,,,,,202205.0
55,A10023562,,,,,,,,,,,202205.0
56,A10024692,,,,,,,,,,,202205.0
57,A10023449,,,,,,,,,,,202205.0
58,A10023482,,,,,,,,,,,202205.0
59,A10024532,0,0,0,0,0,0,2126420,10249820,210260,4312200,202205.0
60,A12081703,4004244,2248850,0,0,0,9563640,3697230,18218630,-77470,13125900,202205.0
61,A12081602,0,0,0,0,0,0,1736968,7858910,0,5314120,202205.0
62,A12013001,0,0,0,0,0,0,727028,8182600,0,0,202205.0
63,A12013201,0,0,0,0,0,0,3044730,8518920,66640,4793060,202205.0
64,A12013003,16814980,7426550,0,0,0,66459540,54948910,127195830,-155670,70882800,202205.0
65,A12076601,0,0,0,0,0,0,1625620,0,0,2299040,202205.0
66,A12013202,3424960,2173750,0,0,0,9945000,6036926,17828570,0,13112190,202205.0
67,A12013002,0,1327560,0,0,1739510,6742400,4453760,10561520,41770,6854870,202205.0
68,A12013101,0,0,0,0,0,0,2414730,0,0,0,202205.0
69,A12012201,0,0,36800,0,0,0,278910,4329890,-279670,3061460,202205.0
70,A12072801,0,1192040,0,0,2133840,7811170,6376130,16293730,188700,9001600,202205.0
71,A12012202,0,0,-1789800,1751050,0,0,9891997,34810530,-10,23007840,202205.0
72,A12012101,0,0,0,0,0,0,4972610,20308280,121000,9755280,202205.0
73,A12012203,0,0,0,0,0,0,41688790,0,21758050,0,202205.0
74,A12072802,0,0,0,0,0,0,1426840,3276150,425140,2506260,202205.0
75,A10027817,23889060,7045350,0,0,0,77520910,26317725,196485850,0,80644810,202205.0
76,A10025976,0,0,3050690,0,0,0,8641800,46088210,657430,19222670,202205.0
77,A12012001,,,,,,,,,,,202205.0
78,A10024938,4705730,1118060,0,0,0,14334660,9636380,44809090,1284000,16737000,202205.0
79,A10025130,4646190,1545960,0,0,0,18127230,12295596,39857380,3614384,18827680,202205.0
