Energy Use Info Error

Dobong, Dongdaemun, Dongjak, Eunpyeong, Gangbuk, Gangdong, Gangnam = error 0

95
96
83
109
97
96
86
95
88
92
97
96
Gangseo_Gu.csv
22
23
25
22
23
27
24
20
28
20
23
25
Geumcheon_Gu.csv
142
132
134
135
135
150
133
135
138
147
135
128
Guro_Gu.csv
35
30
20
43
27
37
20
39
42
63
77
62
Gwanak_Gu.csv
81
66
81
72
72
81
68
81
79
69
81
69
GwangJin_Gu.csv
29
31
31
31
31
31
31
13
30
31
31
30
Jongno_Gu.csv
100
106
105
101
110
94
113
107
103
102
108
98
Jungnang_Gu.csv
46
46
46
43
31
46
46
46
46
42
34
46
Jung_Gu.csv
113
128
111
128
112
128
113
128
113
113
128
110
Mapo_Gu.csv
200
200
198
200
199
198
201
200
199
196
201
199
Nowon_Gu.csv
156
175
160
160
161
158
167
164
166
160
157
161
Seocho_Gu.csv
88
86
77
88
74
88
84
74
88
87
75
88
Seodaemun_Gu.csv
120
134
120
122
132
119
121
133
117
114
132
123
not existing
SeongBuk_Gu.csv
103
98
99
113
99
101
104
110
95
99
113
100
Seongdong_Gu.csv
138
133
138
139
139
134
138
140
138
137
138
138
Songpa_Gu.csv
116
132
118
118
117
126
123
116
116
115
117
115
Yangcheon_Gu.csv
150
150
145
142
144
148
148
150
150
150
133
95
Yeongdeungpo_Gu.csv
25
37
42
41
43
44
33
31
41
34
38
45
YongSan_Gu.csv

66
70
66
73
59
68
67
70
66
66
62
64
66
67
76
71
56
69
76
65
73
74
66
56
65
61
70
76
SeongBuk_Gu.csv