,kaptCode,heatC,heatP,gasC,gasP,waterHotC,waterHotP,electC,electP,waterCoolC,waterCoolP,Date
0,A14322001,0,0,0,0,0,0,495110,6805370,0,6454960,202109.0
1,A14322002,,,,,,,,,,,202109.0
2,A14320001,0,0,1780,0,0,0,577598,7661530,225850,4822830,202109.0
3,A14383205,0,0,0,0,0,0,3916850,59816900,4324010,31136270,202109.0
4,A14320302,0,0,0,0,0,0,1514180,13465120,0,0,202109.0
5,A14383203,0,0,0,0,0,0,-449010,16929680,441000,0,202109.0
6,A14320304,-120280,19311070,0,0,0,21532000,6382017,66620360,2551680,25383100,202109.0
7,A14320004,,,,,,,,,,,202109.0
8,A14382101,0,0,0,0,0,0,5181302,16121230,0,5386780,202109.0
9,A10026874,0,0,0,0,0,0,4806790,9900570,630160,3598550,202109.0
10,A10024667,,,,,,,,,,,202109.0
11,A10025985,0,0,7070,0,0,0,18077212,37413770,461600,13500000,202109.0
12,A10023951,,,,,,,,,,,202109.0
13,A14381512,0,0,0,0,0,0,2238025,26973360,0,10638450,202109.0
14,A14380605,0,0,0,0,0,0,3151820,16612530,59370,5637270,202109.0
15,A14380414,14553230,0,0,0,-10635000,10635000,7251760,35654240,3511030,0,202109.0
16,A14381508,0,0,0,0,0,0,3456326,15347770,50230,9294120,202109.0
17,A14375301,0,0,0,0,0,0,11507242,30322500,314130,9892330,202109.0
18,A14381415,0,0,0,0,0,0,6427206,37044990,0,20073970,202109.0
19,A14380211,2729352,0,0,0,0,7400448,10715619,46835250,3642030,12443050,202109.0
20,A14381516,0,0,0,0,0,0,532260,47479490,0,24774810,202109.0
21,A14375302,0,0,0,0,0,0,12177750,0,2981130,0,202109.0
22,A14381513,0,0,1780,0,0,0,2932970,21817690,0,0,202109.0
23,A14380409,5334540,908330,0,0,0,3385540,2091355,21300380,615060,1288990,202109.0
24,A14381510,0,0,0,0,0,0,23396150,0,10828350,0,202109.0
25,A14381506,0,0,0,0,0,0,2154597,10731980,82740,7019700,202109.0
26,A14381504,0,0,0,0,0,0,2759400,10652230,0,4713310,202109.0
27,A14381407,0,0,0,0,0,0,3168650,15001180,9870,7122210,202109.0
28,A14375303,,,,,,,,,,,202109.0
29,A10026162,0,0,0,0,0,0,1783490,8565320,0,3694010,202109.0
30,A10023281,,,,,,,,,,,202109.0
31,A14319307,0,0,0,0,0,0,684220,11681950,-470930,6672430,202109.0
32,A14386802,0,0,0,0,0,0,-471993,10378790,0,4392160,202109.0
33,A14319201,0,0,0,0,0,0,430040,8875660,318240,0,202109.0
34,A14319204,0,0,0,0,0,0,-448310,18590580,309620,0,202109.0
35,A14319002,0,0,0,0,0,0,6033310,0,3590890,0,202109.0
36,A14386110,0,0,0,0,0,0,2976500,15445720,-690800,9314440,202109.0
37,A14377402,0,0,0,0,0,0,4548930,24763180,-20,6126160,202109.0
38,A14319203,0,0,0,0,0,0,3271040,11053110,20,5312800,202109.0
39,A14319005,0,0,0,0,0,0,1227539,7116840,175440,0,202109.0
40,A14319010,0,0,0,0,0,0,1141825,17475020,0,0,202109.0
41,A14319303,0,0,4560,0,0,0,11710550,595000,0,0,202109.0
42,A14376501,0,0,0,0,0,0,831110,7600860,0,3100960,202109.0
43,A14319007,0,0,0,0,0,0,3433670,13036530,0,10941240,202109.0
44,A14319003,0,0,19920,0,0,0,453890,8658530,120360,0,202109.0
45,A14319011,0,0,0,0,0,0,2747220,17953710,0,0,202109.0
46,A14319301,0,0,0,0,0,0,1920820,7155780,0,0,202109.0
47,A14388208,0,0,0,0,0,0,526810,15175820,2250,7979020,202109.0
48,A14319008,0,0,0,0,0,0,2227300,9577830,0,6343620,202109.0
49,A14387605,0,0,0,0,0,0,2804319,17893420,133910,10044350,202109.0
50,A14388204,0,0,0,0,0,0,559830,10115170,55920,5331500,202109.0
51,A14319302,0,0,0,0,0,0,1315450,9854540,7070,4226520,202109.0
52,A14319001,0,0,0,0,0,0,1956430,7165000,0,0,202109.0
53,A14319006,0,0,0,0,0,0,1948400,9324290,0,4878660,202109.0
54,A14319306,0,0,0,0,0,0,6000180,20347210,560060,4583080,202109.0
55,A14375801,,,,,,,,,,,202109.0
56,A14319009,0,0,0,0,0,0,2225980,10537390,246330,0,202109.0
57,A14319311,0,0,0,0,0,0,281200,23183110,640520,12502040,202109.0
58,A14386109,0,0,0,0,0,0,1868876,10813860,1709490,7129650,202109.0
59,A10026720,0,0,0,0,0,0,3083010,15495370,0,4954890,202109.0
60,A10023336,,,,,,,,,,,202109.0
61,A10024154,,,,,,,,,,,202109.0
62,A14319013,,,,,,,,,,,202109.0
63,A10024132,0,0,0,0,0,0,1947320,2447850,0,0,202109.0
64,A10023282,,,,,,,,,,,202109.0
65,A14313001,0,0,0,0,0,0,1492270,10624800,0,0,202109.0
66,A14383901,0,0,0,0,0,0,2078020,0,0,6705240,202109.0
