,kaptCode,heatC,heatP,gasC,gasP,waterHotC,waterHotP,electC,electP,waterCoolC,waterCoolP,Date
0,A14322001,0,0,0,0,0,0,1203680,7173620,0,0,202112.0
1,A14322002,,,,,,,,,,,202112.0
2,A14320001,0,0,2880,0,0,0,1868494,7983580,327650,4521770,202112.0
3,A14383205,0,0,0,0,0,0,4405150,64146200,4118270,29789460,202112.0
4,A14320302,0,0,0,0,0,0,2403740,13806820,0,0,202112.0
5,A14383203,0,0,0,0,0,0,1383270,15820190,603360,0,202112.0
6,A14320304,-438940,214444880,0,0,0,32483500,18827984,69242630,2649600,21449020,202112.0
7,A14320004,,,,,,,,,,,202112.0
8,A14382101,0,0,0,0,0,0,5284811,16144230,0,5130520,202112.0
9,A10026874,0,0,0,0,0,0,5550420,8464000,101070,3583600,202112.0
10,A10024667,,,,,,,,,,,202112.0
11,A10025985,0,0,153060,0,0,0,20415369,37706690,741090,12863520,202112.0
12,A10023951,,,,,,,,,,,202112.0
13,A14381512,0,0,0,0,0,0,4504503,18341110,0,10412170,202112.0
14,A14380605,0,0,0,0,0,0,14148150,15345460,83180,4947460,202112.0
15,A14380414,134319670,0,0,0,-15807500,15807500,13468010,41206440,7156390,0,202112.0
16,A14381508,0,0,0,0,0,0,5575943,14985180,84640,8548130,202112.0
17,A14375301,0,0,0,0,0,0,16460669,30515930,173180,10206330,202112.0
18,A14381415,0,0,0,0,0,0,10410005,37023540,0,19691870,202112.0
19,A14380211,169379992,0,0,0,0,13525248,26125192,48672520,26700,13074330,202112.0
20,A14381516,0,0,268700,0,0,0,4270319,54210330,0,22852190,202112.0
21,A14375302,0,0,0,0,0,0,12246030,0,2773440,0,202112.0
22,A14381513,0,0,107130,0,0,0,6338140,20709050,0,0,202112.0
23,A14380409,75603480,1075490,0,0,0,5840220,3330308,24905890,1230970,2223570,202112.0
24,A14381510,0,0,0,0,0,0,4707920,23032460,10844650,0,202112.0
25,A14381506,0,0,0,0,0,0,3679783,10338490,1382750,5968230,202112.0
26,A14381504,0,0,0,0,0,0,3636430,10783950,0,4648190,202112.0
27,A14381407,0,0,0,0,0,0,4706100,15744960,18280,6412230,202112.0
28,A14375303,,,,,,,,,,,202112.0
29,A10026162,0,0,0,0,0,0,1629580,8049070,56000,3518120,202112.0
30,A10023281,,,,,,,,,,,202112.0
31,A14319307,0,0,0,0,0,0,2046100,10903020,-191430,6109000,202112.0
32,A14386802,0,0,0,0,0,0,727929,8202130,0,4311550,202112.0
33,A14319201,0,0,0,0,0,0,1257860,8581010,0,0,202112.0
34,A14319204,0,0,0,0,0,0,1254440,18446890,145190,0,202112.0
35,A14319002,0,0,0,0,0,0,5736920,4833840,3391350,3391350,202112.0
36,A14386110,0,0,0,0,0,0,4361060,16094780,-603980,8300270,202112.0
37,A14377402,0,0,0,0,0,0,5309060,19583490,50,4921890,202112.0
38,A14319203,0,0,0,0,0,0,5699030,11623580,260,4913210,202112.0
39,A14319005,0,0,0,0,0,0,1967454,6949720,175440,0,202112.0
40,A14319010,0,0,0,0,0,0,3180414,12329220,0,12280220,202112.0
41,A14319303,0,0,80470,0,0,0,11662900,575000,10116070,0,202112.0
42,A14376501,0,0,0,0,0,0,1128970,8677070,0,2702080,202112.0
43,A14319007,92730,0,0,0,0,0,2542091,9489770,0,0,202112.0
44,A14319003,0,0,247390,0,0,0,272580,6143710,103170,0,202112.0
45,A14319011,0,0,0,0,0,0,21780847,0,373920,0,202112.0
46,A14319301,0,0,0,0,0,0,1984990,7204340,-70,6234430,202112.0
47,A14388208,0,0,0,0,0,0,531950,15083280,-2180,7689630,202112.0
48,A14319008,0,0,0,0,0,0,4408240,8259520,0,5386960,202112.0
49,A14387605,0,0,470220,0,0,0,4811440,17932530,589380,9298740,202112.0
50,A14388204,0,0,0,0,0,0,1542190,9990200,0,5431720,202112.0
51,A14319302,0,0,0,0,0,0,2340680,6729890,22060,4126680,202112.0
52,A14319001,0,0,0,0,0,0,2004910,5554420,0,0,202112.0
53,A14319006,0,0,0,0,0,0,2680240,7586010,0,4533520,202112.0
54,A14319306,0,0,0,0,0,0,6468740,16490250,248680,4753640,202112.0
55,A14375801,,,,,,,,,,,202112.0
56,A14319009,0,0,0,0,0,0,3684840,10515650,246330,0,202112.0
57,A14319311,0,0,0,0,0,0,388800,26060810,539690,11797450,202112.0
58,A14386109,0,0,0,0,0,0,2593744,10377120,150980,5942160,202112.0
59,A10026720,0,0,0,0,0,0,5438490,15973430,78190,4505730,202112.0
60,A10023336,,,,,,,,,,,202112.0
61,A10024154,,,,,,,,,,,202112.0
62,A14319013,,,,,,,,,,,202112.0
63,A10024132,0,0,0,0,0,0,5747090,7641270,0,1649360,202112.0
64,A10023282,,,,,,,,,,,202112.0
65,A14313001,0,0,0,0,0,0,2744010,9258460,49200,0,202112.0
66,A14383901,0,0,0,0,0,0,2797620,0,132090,5970730,202112.0
