,kaptCode,heatC,heatP,gasC,gasP,waterHotC,waterHotP,electC,electP,waterCoolC,waterCoolP,Date
0,A14322001,0,0,0,0,0,0,502360,7354890,0,6420100,202111.0
1,A14322002,,,,,,,,,,,202111.0
2,A14320001,0,0,3980,0,0,0,2258369,6815380,294310,4650770,202111.0
3,A14383205,0,0,0,0,0,0,4874680,60671600,6002880,29445410,202111.0
4,A14320302,0,0,0,0,0,0,2323690,13260650,0,0,202111.0
5,A14383203,0,0,0,0,0,0,1085040,15228280,603360,0,202111.0
6,A14320304,-121200,128752600,0,0,0,26992000,14771350,62337250,3578880,21270800,202111.0
7,A14320004,,,,,,,,,,,202111.0
8,A14382101,0,0,0,0,0,0,5233613,15040900,0,5203030,202111.0
9,A10026874,0,0,0,0,0,0,4730740,8196960,745190,3436770,202111.0
10,A10024667,,,,,,,,,,,202111.0
11,A10025985,0,0,90870,0,0,0,18239594,36155230,1033000,12960720,202111.0
12,A10023951,,,,,,,,,,,202111.0
13,A14381512,0,0,0,0,0,0,5945766,16895710,0,11357960,202111.0
14,A14380605,0,0,0,0,0,0,3536770,15339980,529010,5544070,202111.0
15,A14380414,89164460,0,0,0,-14525000,14525000,11315260,35280030,7056380,0,202111.0
16,A14381508,0,0,0,0,0,0,4405413,15153240,28590,9148360,202111.0
17,A14375301,0,0,0,0,0,0,14041475,26671640,389750,9678660,202111.0
18,A14381415,0,0,0,0,0,0,8312522,35958320,0,19507030,202111.0
19,A14380211,95239396,0,0,0,0,11937024,19844469,45857300,-1322270,13978450,202111.0
20,A14381516,0,0,60610,0,0,0,819790,50059520,0,24507810,202111.0
21,A14375302,0,0,0,0,0,0,11521600,0,2839500,0,202111.0
22,A14381513,0,0,32810,0,0,0,4455190,21661800,0,0,202111.0
23,A14380409,45676530,1202190,0,0,0,4955140,3190372,20620710,1235060,1886590,202111.0
24,A14381510,0,0,0,0,0,0,2469420,22149010,10480990,0,202111.0
25,A14381506,0,0,0,0,0,0,2995100,10088020,1912530,5442780,202111.0
26,A14381504,0,0,0,0,0,0,3178160,10208030,0,4701080,202111.0
27,A14381407,0,0,0,0,0,0,4132550,14999410,9730,6721720,202111.0
28,A14375303,,,,,,,,,,,202111.0
29,A10026162,0,0,0,0,0,0,1600730,7604220,94000,3594990,202111.0
30,A10023281,,,,,,,,,,,202111.0
31,A14319307,0,0,0,0,0,0,1759180,10557720,-1920,5856390,202111.0
32,A14386802,0,0,0,0,0,0,606473,8287650,0,4236060,202111.0
33,A14319201,0,0,0,0,0,0,1485160,8101110,636480,0,202111.0
34,A14319204,0,0,0,0,0,0,771100,18058650,145200,0,202111.0
35,A14319002,0,0,0,0,0,0,6867500,0,3114360,0,202111.0
36,A14386110,0,0,0,0,0,0,3748980,15348600,-621710,9254930,202111.0
37,A14377402,0,0,0,0,0,0,5164670,18587100,200,5242840,202111.0
38,A14319203,0,0,0,0,0,0,4390200,10134510,-170,4950450,202111.0
39,A14319005,0,0,0,0,0,0,1935895,6762730,175440,0,202111.0
40,A14319010,0,0,0,0,0,0,3146870,12338180,0,0,202111.0
41,A14319303,0,0,55560,0,0,0,11332490,592500,0,0,202111.0
42,A14376501,0,0,0,0,0,0,1083590,7312840,0,2903510,202111.0
43,A14319007,28340,0,0,0,0,0,2455591,9450690,0,10283690,202111.0
44,A14319003,0,0,115250,0,0,0,387910,5993880,103170,0,202111.0
45,A14319011,0,0,0,0,0,0,2938480,17511720,0,0,202111.0
46,A14319301,0,0,0,0,0,0,2015020,6526260,0,0,202111.0
47,A14388208,0,0,0,0,0,0,518800,14574850,-3270,7837630,202111.0
48,A14319008,0,0,0,0,0,0,3290930,8765300,0,5150860,202111.0
49,A14387605,0,0,42410,0,0,0,5013723,16123650,719510,8932750,202111.0
50,A14388204,0,0,0,0,0,0,1523290,9451540,54960,5410590,202111.0
51,A14319302,0,0,0,0,0,0,2273370,6892840,10960,4070040,202111.0
52,A14319001,0,0,0,0,0,0,1510540,5342480,0,0,202111.0
53,A14319006,0,0,0,0,0,0,2492410,7496330,0,4705490,202111.0
54,A14319306,0,0,0,0,0,0,6124010,15765090,335070,4758190,202111.0
55,A14375801,,,,,,,,,,,202111.0
56,A14319009,0,0,0,0,0,0,3270910,9980420,246330,0,202111.0
57,A14319311,0,0,0,0,0,0,294200,22714610,566360,11981220,202111.0
58,A14386109,0,0,0,0,0,0,2179845,10314600,667430,6357990,202111.0
59,A10026720,0,0,0,0,0,0,3847600,13934170,0,4735970,202111.0
60,A10023336,,,,,,,,,,,202111.0
61,A10024154,,,,,,,,,,,202111.0
62,A14319013,,,,,,,,,,,202111.0
63,A10024132,0,0,0,0,0,0,4552380,6482370,131040,2060730,202111.0
64,A10023282,,,,,,,,,,,202111.0
65,A14313001,0,0,0,0,0,0,3066590,8097140,0,0,202111.0
66,A14383901,0,0,0,0,0,0,2433030,0,342720,6627270,202111.0
