,kaptCode,heatC,heatP,gasC,gasP,waterHotC,waterHotP,electC,electP,waterCoolC,waterCoolP,Date
0,A14322001,0,0,0,0,0,0,387980,11715380,0,0,202108.0
1,A14322002,,,,,,,,,,,202108.0
2,A14320001,0,0,1780,0,0,0,942625,13505920,120580,4977700,202108.0
3,A14383205,0,0,0,0,0,0,5763060,106882500,6043450,33557870,202108.0
4,A14320302,0,0,0,0,0,0,661240,25029330,31860,0,202108.0
5,A14383203,0,0,0,0,0,0,-2566080,34227880,310800,0,202108.0
6,A14320304,-127770,7144300,0,0,0,15106000,4435377,97689410,2024640,28251050,202108.0
7,A14320004,,,,,,,,,,,202108.0
8,A14382101,0,0,0,0,0,0,6908113,35912310,0,5410940,202108.0
9,A10026874,0,0,0,0,0,0,5311210,20591290,666520,3780490,202108.0
10,A10024667,,,,,,,,,,,202108.0
11,A10025985,0,0,5140,0,0,0,21205559,69424490,1113040,14157960,202108.0
12,A10023951,,,,,,,,,,,202108.0
13,A14381512,0,0,0,0,0,0,10680224,33910880,0,11469490,202108.0
14,A14380605,0,0,0,0,0,0,4262090,32211160,19490,5597580,202108.0
15,A14380414,10250560,0,0,0,-7502500,7502500,8535100,57950460,5641140,0,202108.0
16,A14381508,0,0,0,0,0,0,5209306,25239110,41330,9512310,202108.0
17,A14375301,0,0,0,0,0,0,11384160,54949120,403670,10272380,202108.0
18,A14381415,0,0,0,0,0,0,11474029,66144070,0,21588420,202108.0
19,A14380211,-825332,0,0,0,0,9727872,44425759,74151580,3198700,11600480,202108.0
20,A14381516,0,0,2100,0,0,0,519990,68759110,0,25483700,202108.0
21,A14375302,0,0,0,0,0,0,21910900,0,3035250,0,202108.0
22,A14381513,0,0,2970,0,0,0,8604780,35267450,0,0,202108.0
23,A14380409,943777,1290760,0,0,0,2398000,2892174,33919820,1765600,913000,202108.0
24,A14381510,0,0,0,0,0,0,12856500,19575910,11394400,0,202108.0
25,A14381506,0,0,0,0,0,0,3713159,19430740,-569690,7759800,202108.0
26,A14381504,0,0,0,0,0,0,3152030,21492390,0,5132020,202108.0
27,A14381407,0,0,0,0,0,0,4196180,26404930,10990,7193950,202108.0
28,A14375303,,,,,,,,,,,202108.0
29,A10026162,0,0,0,0,0,0,1350070,17956550,114000,3853770,202108.0
30,A10023281,,,,,,,,,,,202108.0
31,A14319307,0,0,0,0,0,0,-983640,24644660,-686830,6584120,202108.0
32,A14386802,0,0,0,0,0,0,-478372,14583640,0,4481320,202108.0
33,A14319201,0,0,0,0,0,0,1660220,14459560,0,0,202108.0
34,A14319204,0,0,0,0,0,0,-2486750,37340330,348140,0,202108.0
35,A14319002,0,0,0,0,0,0,12714420,0,3375480,0,202108.0
36,A14386110,0,0,0,0,0,0,3850040,27206620,-1181590,10117520,202108.0
37,A14377402,0,0,0,0,0,0,-7917600,74579900,400,5456740,202108.0
38,A14319203,0,0,0,0,0,0,4459030,14928230,-110,5520110,202108.0
39,A14319005,0,0,0,0,0,0,3724223,12701860,208080,0,202108.0
40,A14319010,0,0,0,0,0,0,5370473,22318740,0,13637980,202108.0
41,A14319303,0,0,8500,0,0,0,21074680,595000,9943030,0,202108.0
42,A14376501,0,0,0,0,0,0,794090,10024120,0,3138180,202108.0
43,A14319007,0,0,0,0,0,0,3703486,19137850,0,0,202108.0
44,A14319003,0,0,13520,0,0,0,506300,12039250,152720,0,202108.0
45,A14319011,0,0,0,0,0,0,2988730,30629290,0,0,202108.0
46,A14319301,0,0,0,0,0,0,2596460,12995730,-80,6371410,202108.0
47,A14388208,0,0,0,0,0,0,508880,31178720,-2460,7947620,202108.0
48,A14319008,0,0,0,0,0,0,3816970,18478550,0,5857200,202108.0
49,A14387605,0,0,0,0,0,0,6759160,31500570,829790,9958040,202108.0
50,A14388204,0,0,0,0,0,0,628660,17413670,0,5321070,202108.0
51,A14319302,0,0,0,0,0,0,2896010,13703520,6440,4438680,202108.0
52,A14319001,0,0,0,0,0,0,1716320,11023170,43500,0,202108.0
53,A14319006,0,0,0,0,0,0,3354220,13651070,0,5011430,202108.0
54,A14319306,0,0,0,0,0,0,7054100,53446980,496440,4556320,202108.0
55,A14375801,,,,,,,,,,,202108.0
56,A14319009,0,0,0,0,0,0,3344950,20242590,360640,0,202108.0
57,A14319311,0,0,0,0,0,0,352600,32099220,566200,13193460,202108.0
58,A14386109,0,0,0,0,0,0,2031187,17146690,-320110,8035110,202108.0
59,A10026720,0,0,0,0,0,0,1866130,23227740,0,4926590,202108.0
60,A10023336,,,,,,,,,,,202108.0
61,A10024154,,,,,,,,,,,202108.0
62,A14319013,,,,,,,,,,,202108.0
63,A10024132,,,,,,,,,,,202108.0
64,A10023282,,,,,,,,,,,202108.0
65,A14313001,0,0,0,0,0,0,2935950,16575230,55270,0,202108.0
66,A14383901,0,0,0,0,0,0,2348010,0,649740,8085260,202108.0
