,kaptCode,heatC,heatP,gasC,gasP,waterHotC,waterHotP,electC,electP,waterCoolC,waterCoolP,Date
0,A14322001,0,0,0,0,0,0,1238210,6337830,0,0,202104.0
1,A14322002,,,,,,,,,,,202104.0
2,A14320001,0,0,1780,0,0,0,833766,8222490,58440,4830700,202104.0
3,A14383205,0,0,0,0,0,0,4666640,58798900,6372050,27679020,202104.0
4,A14320302,0,0,0,0,0,0,2322940,12269310,0,0,202104.0
5,A14383203,0,0,0,0,0,0,789350,14905310,115225,0,202104.0
6,A14320304,-129210,67991990,0,0,0,27741000,11089152,56014710,0,21268170,202104.0
7,A14320004,,,,,,,,,,,202104.0
8,A14382101,0,0,0,0,0,0,4497692,13640600,0,5441050,202104.0
9,A10026874,0,0,0,0,0,0,4772210,7992480,450820,3587880,202104.0
10,A10024667,,,,,,,,,,,202104.0
11,A10025985,0,0,41490,0,0,0,17598973,34270760,700160,12624360,202104.0
12,A10023951,,,,,,,,,,,202104.0
13,A14381512,0,0,0,0,0,0,5540757,17907040,0,10570310,202104.0
14,A14380605,0,0,0,0,0,0,2700520,14567950,0,5263890,202104.0
15,A14380414,48852310,0,0,0,-14847500,14847500,7356830,31511040,7403940,0,202104.0
16,A14381508,0,0,0,0,0,0,5160314,12969400,104110,8787040,202104.0
17,A14375301,0,0,0,0,0,0,12376582,25198550,161190,9661480,202104.0
18,A14381415,0,0,0,0,0,0,9588290,31952380,0,19689100,202104.0
19,A14380211,33083538,0,0,0,0,15451392,12355243,42677470,1587500,10781620,202104.0
20,A14381516,0,0,458200,0,0,0,4504004,43486710,0,21309100,202104.0
21,A14375302,0,0,0,0,0,0,10903210,0,2994970,0,202104.0
22,A14381513,0,0,120340,0,0,0,6775410,19119670,0,0,202104.0
23,A14380409,22856720,713620,0,0,0,5184040,1826931,18671090,1615950,1973740,202104.0
24,A14381510,0,0,0,0,0,0,22874190,0,10093590,0,202104.0
25,A14381506,0,0,0,0,0,0,2716799,9803550,533260,6465570,202104.0
26,A14381504,0,0,0,0,0,0,2664070,9903120,0,4931520,202104.0
27,A14381407,0,0,0,0,0,0,2673270,14855950,13150,6725390,202104.0
28,A14375303,,,,,,,,,,,202104.0
29,A10026162,0,0,0,0,0,0,1249910,7334520,80840,3473580,202104.0
30,A10023281,,,,,,,,,,,202104.0
31,A14319307,0,0,0,0,0,0,1361870,10876290,-508940,5510490,202104.0
32,A14386802,0,0,0,0,0,0,650242,8302250,0,4149260,202104.0
33,A14319201,0,0,0,0,0,0,1517700,7472120,0,0,202104.0
34,A14319204,0,0,0,0,0,0,959730,17363760,221420,0,202104.0
35,A14319002,0,0,18580,0,0,0,7034750,0,2789580,0,202104.0
36,A14386110,0,0,0,0,0,0,3035630,13886800,-766470,8435160,202104.0
37,A14377402,0,0,0,0,0,0,5356410,18709450,290,4981180,202104.0
38,A14319203,0,0,0,0,0,0,3173470,9532980,-80,5052480,202104.0
39,A14319005,0,0,0,0,0,0,2057323,6331030,284580,0,202104.0
40,A14319010,0,0,0,0,0,0,3488420,12520590,0,11380120,202104.0
41,A14319303,0,0,26510,0,0,0,11064310,577500,9346960,0,202104.0
42,A14376501,0,0,0,0,0,0,1032400,6719360,0,2924360,202104.0
43,A14319007,19330,0,0,0,0,0,3230698,9077520,0,0,202104.0
44,A14319003,0,0,69220,0,0,0,323600,6468840,32580,0,202104.0
45,A14319011,0,0,0,0,0,0,4176552,15973310,118080,0,202104.0
46,A14319301,0,0,0,0,0,0,1752350,6154150,0,5678730,202104.0
47,A14388208,0,0,0,0,0,0,516500,14070480,-2080,7000790,202104.0
48,A14319008,0,0,0,0,0,0,3211770,8465870,0,4943830,202104.0
49,A14387605,0,0,30490,0,0,0,4187916,15950770,530400,8911040,202104.0
50,A14388204,0,0,0,0,0,0,1222040,8954910,0,5040280,202104.0
51,A14319302,0,0,0,0,0,0,2337630,6931150,37980,3994680,202104.0
52,A14319001,0,0,0,0,0,0,1490000,5394970,0,0,202104.0
53,A14319006,0,0,0,0,0,0,2668940,7513720,108100,4410850,202104.0
54,A14319306,0,0,0,0,0,0,4261380,15728210,407400,4063640,202104.0
55,A14375801,,,,,,,,,,,202104.0
56,A14319009,0,0,0,0,0,0,3616840,9663260,299460,0,202104.0
57,A14319311,0,0,0,0,0,0,292400,20567370,544030,12086960,202104.0
58,A14386109,0,0,0,0,0,0,2711748,9590770,720650,6417340,202104.0
59,A10026720,0,0,0,0,0,0,2156970,12393280,0,4621720,202104.0
60,A10023336,,,,,,,,,,,202104.0
61,A10024154,,,,,,,,,,,202104.0
62,A14319013,,,,,,,,,,,202104.0
63,A10024132,,,,,,,,,,,202104.0
64,A10023282,,,,,,,,,,,202104.0
65,A14313001,0,0,0,0,0,0,1825320,8536070,37620,0,202104.0
66,A14383901,0,0,0,0,0,0,2157400,0,196350,6879970,202104.0
