,kaptCode,heatC,heatP,gasC,gasP,waterHotC,waterHotP,electC,electP,waterCoolC,waterCoolP,Date
0,A14322001,0,0,0,0,0,0,-448000,8913540,0,6131140,202107.0
1,A14322002,,,,,,,,,,,202107.0
2,A14320001,0,0,1780,0,0,0,1798665,9352570,104090,4722730,202107.0
3,A14383205,0,0,0,0,0,0,3691550,82337240,3848980,33873940,202107.0
4,A14320302,0,0,0,0,0,0,1371440,18601250,31860,0,202107.0
5,A14383203,0,0,0,0,0,0,1106930,19288810,310800,0,202107.0
6,A14320304,-126620,7039960,0,0,0,18903500,11664014,119392300,5126160,25229040,202107.0
7,A14320004,,,,,,,,,,,202107.0
8,A14382101,0,0,0,0,0,0,6724723,23025130,0,5381250,202107.0
9,A10026874,0,0,0,0,0,0,5281170,14041710,164800,3845130,202107.0
10,A10024667,,,,,,,,,,,202107.0
11,A10025985,0,0,5800,0,0,0,19266878,49862640,791100,14359680,202107.0
12,A10023951,,,,,,,,,,,202107.0
13,A14381512,0,0,0,0,0,0,4736569,18916230,0,11693680,202107.0
14,A14380605,0,0,0,0,0,0,3914540,21493030,215760,5478510,202107.0
15,A14380414,10417250,0,0,0,-7750000,7750000,13348410,71908980,5441130,0,202107.0
16,A14381508,0,0,0,0,0,0,3549187,21521040,72340,8816180,202107.0
17,A14375301,0,0,0,0,0,0,5570671,74791190,279010,10401700,202107.0
18,A14381415,0,0,0,0,0,0,13632335,51987520,0,21562460,202107.0
19,A14380211,-4002668,0,0,0,0,13419648,38878520,58204450,369450,12853380,202107.0
20,A14381516,0,0,47330,0,0,0,4583263,86416500,0,23519120,202107.0
21,A14375302,0,0,0,0,0,0,16224120,0,3050030,0,202107.0
22,A14381513,0,0,4060,0,0,0,2812520,28129060,0,0,202107.0
23,A14380409,6272653,1409690,0,0,0,3322320,2669537,44614920,1151430,1264920,202107.0
24,A14381510,0,0,0,0,0,0,43860190,0,11463820,0,202107.0
25,A14381506,0,0,0,0,0,0,2179113,13607020,359900,6713770,202107.0
26,A14381504,0,0,0,0,0,0,3572140,14050220,0,5255670,202107.0
27,A14381407,0,0,0,0,0,0,4378460,20916410,21730,7115380,202107.0
28,A14375303,,,,,,,,,,,202107.0
29,A10026162,0,0,0,0,0,0,1527050,13060980,8890,3604600,202107.0
30,A10023281,,,,,,,,,,,202107.0
31,A14319307,0,0,0,0,0,0,444560,13810710,-641150,6473570,202107.0
32,A14386802,0,0,0,0,0,0,314315,8202210,0,4637420,202107.0
33,A14319201,0,0,0,0,0,0,13822510,0,584480,0,202107.0
34,A14319204,0,0,0,0,0,0,-611820,21358970,348140,0,202107.0
35,A14319002,0,0,0,0,0,0,6692160,0,3244670,0,202107.0
36,A14386110,0,0,0,0,0,0,4518990,21456290,-588150,9398550,202107.0
37,A14377402,0,0,0,0,0,0,1392690,34020970,-10,5163940,202107.0
38,A14319203,0,0,0,0,0,0,4359660,20796060,50,6037870,202107.0
39,A14319005,0,0,0,0,0,0,1619212,8117540,208080,0,202107.0
40,A14319010,0,0,0,0,0,0,2861972,12550960,0,0,202107.0
41,A14319303,0,0,12670,0,0,0,13275390,592500,0,0,202107.0
42,A14376501,0,0,0,0,0,0,-140090,14451960,0,3072190,202107.0
43,A14319007,0,0,0,0,0,0,2338128,9330250,0,9797890,202107.0
44,A14319003,0,0,21910,0,0,0,313700,5832900,0,0,202107.0
45,A14319011,0,0,0,0,0,0,2816250,26079700,0,0,202107.0
46,A14319301,0,0,0,0,0,0,2272370,8420270,0,0,202107.0
47,A14388208,0,0,0,0,0,0,497830,16930970,-2620,7258260,202107.0
48,A14319008,0,0,0,0,0,0,3290850,9991030,0,6066830,202107.0
49,A14387605,0,0,0,0,0,0,6478275,24089010,686170,9459500,202107.0
50,A14388204,0,0,0,0,0,0,-136640,13192750,0,5286240,202107.0
51,A14319302,0,0,0,0,0,0,2079890,7259150,10320,4532880,202107.0
52,A14319001,0,0,0,0,0,0,1958440,5281800,0,0,202107.0
53,A14319006,0,0,0,0,0,0,2398560,7249190,0,4500540,202107.0
54,A14319306,0,0,0,0,0,0,6059350,28165670,449680,4640620,202107.0
55,A14375801,,,,,,,,,,,202107.0
56,A14319009,0,0,0,0,0,0,2633680,11753240,360640,0,202107.0
57,A14319311,0,0,0,0,0,0,395400,42937380,830600,12704920,202107.0
58,A14386109,0,0,0,0,0,0,2266206,14544290,1143710,6612050,202107.0
59,A10026720,0,0,0,0,0,0,3070800,28512060,0,4812370,202107.0
60,A10023336,,,,,,,,,,,202107.0
61,A10024154,,,,,,,,,,,202107.0
62,A14319013,,,,,,,,,,,202107.0
63,A10024132,,,,,,,,,,,202107.0
64,A10023282,,,,,,,,,,,202107.0
65,A14313001,0,0,0,0,0,0,3324930,11545390,0,0,202107.0
66,A14383901,0,0,0,0,0,0,2356300,0,0,6300300,202107.0
