,kaptCode,heatC,heatP,gasC,gasP,waterHotC,waterHotP,electC,electP,waterCoolC,waterCoolP,Date
0,A14322001,0,0,0,0,0,0,837660,6182140,0,6123280,202105.0
1,A14322002,,,,,,,,,,,202105.0
2,A14320001,0,0,1780,0,0,0,835599,7529350,83010,4519750,202105.0
3,A14383205,0,0,0,0,0,0,4968870,54223900,1751090,29016450,202105.0
4,A14320302,0,0,0,0,0,0,2049130,11626540,0,0,202105.0
5,A14383203,0,0,0,0,0,0,945170,13654690,781200,0,202105.0
6,A14320304,-130440,44708120,0,0,0,23250000,9136282,59732680,0,20807820,202105.0
7,A14320004,,,,,,,,,,,202105.0
8,A14382101,0,0,0,0,0,0,3991990,13522170,0,4996240,202105.0
9,A10026874,0,0,0,0,0,0,4717470,7576610,178990,3735370,202105.0
10,A10024667,,,,,,,,,,,202105.0
11,A10025985,0,0,11640,0,0,0,11461058,31993870,1237460,12684840,202105.0
12,A10023951,,,,,,,,,,,202105.0
13,A14381512,0,0,0,0,0,0,4976887,15811200,0,10620840,202105.0
14,A14380605,0,0,0,0,0,0,2481990,13503250,31870,5151780,202105.0
15,A14380414,24048720,0,0,0,-14247500,14247500,7553500,32922870,6662350,0,202105.0
16,A14381508,0,0,0,0,0,0,2518492,14583330,41300,8444400,202105.0
17,A14375301,0,0,0,0,0,0,12586866,26499400,37320,10006780,202105.0
18,A14381415,0,0,0,0,0,0,6993542,31284880,0,20048560,202105.0
19,A14380211,9995356,0,0,0,0,15865344,10310225,40198120,634540,12216470,202105.0
20,A14381516,0,0,139540,0,0,0,3973465,45574320,0,22820570,202105.0
21,A14375302,0,0,0,0,0,0,10223640,0,2944840,0,202105.0
22,A14381513,0,0,52170,0,0,0,6951230,17156470,0,0,202105.0
23,A14380409,8627570,787110,0,0,0,5072860,2037314,20116580,1328380,1931410,202105.0
24,A14381510,0,0,0,0,0,0,23496250,0,10599600,0,202105.0
25,A14381506,0,0,0,0,0,0,2758008,8786660,-31260,6359130,202105.0
26,A14381504,0,0,0,0,0,0,2576480,9179870,0,4643020,202105.0
27,A14381407,0,0,0,0,0,0,3167250,12340930,12110,6514740,202105.0
28,A14375303,,,,,,,,,,,202105.0
29,A10026162,0,0,0,0,0,0,1323240,6698710,88740,3349410,202105.0
30,A10023281,,,,,,,,,,,202105.0
31,A14319307,0,0,0,0,0,0,899650,10411850,-364240,6104940,202105.0
32,A14386802,0,0,0,0,0,0,555806,7545450,0,4257250,202105.0
33,A14319201,0,0,0,0,0,0,1298730,7303560,461760,0,202105.0
34,A14319204,0,0,0,0,0,0,560650,16096950,177990,0,202105.0
35,A14319002,0,0,740,0,0,0,6332710,0,3203780,0,202105.0
36,A14386110,0,0,0,0,0,0,2848480,13165230,-548740,8217430,202105.0
37,A14377402,0,0,0,0,0,0,4903170,17256560,70,5059160,202105.0
38,A14319203,0,0,0,0,0,0,3327910,9920820,-70,5353510,202105.0
39,A14319005,0,0,0,0,0,0,1798069,6003120,169320,0,202105.0
40,A14319010,0,0,0,0,0,0,3270606,11080430,0,0,202105.0
41,A14319303,0,0,27620,0,0,0,10200650,577500,0,0,202105.0
42,A14376501,0,0,0,0,0,0,804720,7305430,0,2897800,202105.0
43,A14319007,5230,0,0,0,0,0,2638627,8596110,0,10870980,202105.0
44,A14319003,0,0,57630,0,0,0,331150,5597330,32580,0,202105.0
45,A14319011,0,0,0,0,0,0,3571301,15406080,0,0,202105.0
46,A14319301,0,0,0,0,0,0,1700930,5765460,0,0,202105.0
47,A14388208,0,0,0,0,0,0,495930,13081560,97560,6901150,202105.0
48,A14319008,0,0,0,0,0,0,2707700,7986510,0,5228680,202105.0
49,A14387605,0,0,23480,0,0,0,4457583,14279690,701680,8989620,202105.0
50,A14388204,0,0,0,0,0,0,1191240,8491800,194440,4943020,202105.0
51,A14319302,0,0,0,0,0,0,2312850,6120840,9750,4147200,202105.0
52,A14319001,0,0,0,0,0,0,1357880,4812280,0,0,202105.0
53,A14319006,0,0,0,0,0,0,2470810,6794170,0,4427590,202105.0
54,A14319306,0,0,0,0,0,0,4051500,14970020,438070,4483130,202105.0
55,A14375801,,,,,,,,,,,202105.0
56,A14319009,0,0,0,0,0,0,3035410,8954500,299460,0,202105.0
57,A14319311,0,0,0,0,0,0,269800,21730220,415000,11879470,202105.0
58,A14386109,0,0,0,0,0,0,2184693,9455280,959130,6469250,202105.0
59,A10026720,0,0,0,0,0,0,3675820,13409170,0,4503670,202105.0
60,A10023336,,,,,,,,,,,202105.0
61,A10024154,,,,,,,,,,,202105.0
62,A14319013,,,,,,,,,,,202105.0
63,A10024132,,,,,,,,,,,202105.0
64,A10023282,,,,,,,,,,,202105.0
65,A14313001,0,0,0,0,0,0,1686060,8023190,0,0,202105.0
66,A14383901,0,0,0,0,0,0,1924550,0,296310,6532850,202105.0
