,kaptCode,heatC,heatP,gasC,gasP,waterHotC,waterHotP,electC,electP,waterCoolC,waterCoolP,Date
0,A14322001,0,0,0,0,0,0,1300140,6241820,0,0,202106.0
1,A14322002,,,,,,,,,,,202106.0
2,A14320001,0,0,1780,0,0,0,726193,8625740,129480,4821580,202106.0
3,A14383205,0,0,0,0,0,0,3971090,61462420,3269050,31379000,202106.0
4,A14320302,0,0,0,0,0,0,2036220,13137400,0,0,202106.0
5,A14383203,0,0,0,0,0,0,783720,15267220,781200,0,202106.0
6,A14320304,-127550,21760470,0,0,0,21459000,8758683,65433050,0,24459000,202106.0
7,A14320004,,,,,,,,,,,202106.0
8,A14382101,0,0,0,0,0,0,5635198,16089430,5291300,5291300,202106.0
9,A10026874,0,0,0,0,0,0,5156680,9323620,243900,3637820,202106.0
10,A10024667,,,,,,,,,,,202106.0
11,A10025985,0,0,7740,0,0,0,18692167,36805740,192040,13424070,202106.0
12,A10023951,,,,,,,,,,,202106.0
13,A14381512,0,0,0,0,0,0,5147515,16437580,0,11061870,202106.0
14,A14380605,0,0,0,0,0,0,3493910,15590610,462380,5510580,202106.0
15,A14380414,18777730,0,0,0,-11920000,11920000,9177890,38168460,6712360,0,202106.0
16,A14381508,0,0,0,0,0,0,4099700,15149350,42200,8646220,202106.0
17,A14375301,0,0,0,0,0,0,13418438,31243710,232860,9831870,202106.0
18,A14381415,0,0,0,0,0,0,7797947,36214780,0,20335990,202106.0
19,A14380211,-2486130,0,0,0,0,14657280,12576455,45331000,1020410,12044780,202106.0
20,A14381516,0,0,106430,0,0,0,3858982,47368870,0,23269230,202106.0
21,A14375302,0,0,0,0,0,0,12475480,0,3092760,0,202106.0
22,A14381513,0,0,13200,0,0,0,5519530,21058340,0,0,202106.0
23,A14380409,5974160,1290450,0,0,0,4144180,2927028,21758740,1663800,1577830,202106.0
24,A14381510,0,0,0,0,0,0,24609080,0,10776900,0,202106.0
25,A14381506,0,0,0,0,0,0,2904780,10249600,246810,6654190,202106.0
26,A14381504,0,0,0,0,0,0,3181070,10384920,0,4790330,202106.0
27,A14381407,0,0,0,0,0,0,3857540,14857630,8640,7002870,202106.0
28,A14375303,,,,,,,,,,,202106.0
29,A10026162,0,0,0,0,0,0,942070,8257120,8370,3509670,202106.0
30,A10023281,,,,,,,,,,,202106.0
31,A14319307,0,0,0,0,0,0,952930,11455610,-505940,5971490,202106.0
32,A14386802,0,0,0,0,0,0,444075,8016350,0,4262480,202106.0
33,A14319201,0,0,0,0,0,0,-2472570,11792710,0,0,202106.0
34,A14319204,0,0,0,0,0,0,134650,17954850,177990,0,202106.0
35,A14319002,0,0,700,0,0,0,6606400,0,3230150,0,202106.0
36,A14386110,0,0,0,0,0,0,3864030,14825360,-777000,9396270,202106.0
37,A14377402,0,0,0,0,0,0,4628760,20866410,50,5318410,202106.0
38,A14319203,0,0,0,0,0,0,4265570,10866470,-10,4957530,202106.0
39,A14319005,0,0,0,0,0,0,2056034,0,169320,0,202106.0
40,A14319010,0,0,0,0,0,0,3241425,11562160,0,13029620,202106.0
41,A14319303,0,0,16080,0,0,0,10833280,592500,9513460,0,202106.0
42,A14376501,0,0,0,0,0,0,77950,7819440,0,3023620,202106.0
43,A14319007,700,0,0,0,0,0,2650810,8912280,0,0,202106.0
44,A14319003,0,0,26460,0,0,0,350630,6138820,32580,0,202106.0
45,A14319011,0,0,0,0,0,0,3984686,17135500,478880,0,202106.0
46,A14319301,0,0,0,0,0,0,2150370,6480320,-90,6007450,202106.0
47,A14388208,0,0,0,0,0,0,518400,14607470,3130,7484900,202106.0
48,A14319008,0,0,0,0,0,0,3060920,8779460,0,5486350,202106.0
49,A14387605,0,0,6470,0,0,0,4991499,15423660,681810,9474370,202106.0
50,A14388204,0,0,0,0,0,0,948290,9597380,0,5196310,202106.0
51,A14319302,0,0,0,0,0,0,2176840,6595490,10980,4167510,202106.0
52,A14319001,0,0,17680,0,0,0,1317460,5206520,0,0,202106.0
53,A14319006,0,0,0,0,0,0,2542550,7050970,0,4532000,202106.0
54,A14319306,0,0,0,0,0,0,5487810,18500780,406650,4426730,202106.0
55,A14375801,,,,,,,,,,,202106.0
56,A14319009,0,0,0,0,0,0,2938460,10032340,299460,0,202106.0
57,A14319311,0,0,0,0,0,0,292400,23228090,248170,12159080,202106.0
58,A14386109,0,0,0,0,0,0,2539065,10322380,1019270,6700860,202106.0
59,A10026720,0,0,0,0,0,0,2819400,15490340,0,4810570,202106.0
60,A10023336,,,,,,,,,,,202106.0
61,A10024154,,,,,,,,,,,202106.0
62,A14319013,,,,,,,,,,,202106.0
63,A10024132,,,,,,,,,,,202106.0
64,A10023282,,,,,,,,,,,202106.0
65,A14313001,0,0,0,0,0,0,2300720,9057050,40410,0,202106.0
66,A14383901,0,0,0,0,0,0,2272560,0,228480,6373610,202106.0
