,kaptCode,heatC,heatP,gasC,gasP,waterHotC,waterHotP,electC,electP,waterCoolC,waterCoolP,Date
0,A14322001,0,0,0,0,0,0,1869170,9303770,0,5922730,202101.0
1,A14322002,,,,,,,,,,,202101.0
2,A14320001,0,0,1780,0,0,0,1092816,10390530,161640,4607250,202101.0
3,A14383205,0,0,0,0,0,0,5402950,74144540,1872600,28761820,202101.0
4,A14320302,0,0,0,0,0,0,1966570,16413990,0,0,202101.0
5,A14383203,0,0,0,0,0,0,123270,19354770,505635,0,202101.0
6,A14320304,-467660,253782800,0,0,0,30399000,27491032,77499200,0,19906650,202101.0
7,A14320004,,,,,,,,,,,202101.0
8,A14382101,0,0,0,0,0,0,5730918,19673830,0,5763000,202101.0
9,A10026874,0,0,0,0,0,0,7265960,9878830,293750,3752560,202101.0
10,A10024667,,,,,,,,,,,202101.0
11,A10025985,0,0,147760,0,0,0,25819935,41383150,193990,13101960,202101.0
12,A10023951,,,,,,,,,,,202101.0
13,A14381512,0,0,0,0,0,0,6466240,20645630,0,10677640,202101.0
14,A14380605,0,0,0,0,0,0,4683450,18601550,0,5329920,202101.0
15,A14380414,151208720,0,0,0,-17815000,17815000,14512540,44552570,6778075,0,202101.0
16,A14381508,0,0,0,0,0,0,4770091,17716500,59140,8750890,202101.0
17,A14375301,0,0,0,0,0,0,9047594,40643100,76300,9818760,202101.0
18,A14381415,0,0,0,0,0,0,9102039,46675860,0,28282000,202101.0
19,A14380211,221377230,0,0,0,0,17043840,29312017,60671360,866850,12144790,202101.0
20,A14381516,0,0,500020,0,0,0,6165806,55749860,0,23623290,202101.0
21,A14375302,0,0,0,0,0,0,14943490,0,3104820,0,202101.0
22,A14381513,0,0,167210,0,0,0,7485160,25359110,0,0,202101.0
23,A14380409,90582622,1011990,0,0,0,6677340,3208453,26761810,829880,2542290,202101.0
24,A14381510,0,0,0,0,0,0,11311560,18050540,10233080,0,202101.0
25,A14381506,0,0,0,0,0,0,4656650,11902790,481640,6777510,202101.0
26,A14381504,0,0,0,0,0,0,4639750,12982730,0,4585180,202101.0
27,A14381407,0,0,0,0,0,0,5005450,18455740,9510,6985260,202101.0
28,A14375303,,,,,,,,,,,202101.0
29,A10026162,0,0,0,0,0,0,2224060,11463610,192000,3506070,202101.0
30,A10023281,,,,,,,,,,,202101.0
31,A14319307,0,0,0,0,0,0,1186810,14087890,-449210,6128770,202101.0
32,A14386802,0,0,0,0,0,0,54234,10135700,0,4192430,202101.0
33,A14319201,0,0,0,0,0,0,2954960,9704020,0,0,202101.0
34,A14319204,0,0,0,0,0,0,144980,22829550,304160,0,202101.0
35,A14319002,0,0,0,0,0,0,1215350,6071350,0,3135680,202101.0
36,A14386110,0,0,0,0,0,0,5099830,17919180,-313290,8725810,202101.0
37,A14377402,0,0,0,0,0,0,5310790,23748970,-20,4931820,202101.0
38,A14319203,0,0,0,0,0,0,5129250,12505690,-20,5202940,202101.0
39,A14319005,0,0,0,0,0,0,2275639,8232420,189720,0,202101.0
40,A14319010,0,0,0,0,0,0,2798872,14883480,0,0,202101.0
41,A14319303,0,0,71380,0,0,0,15998660,592500,0,0,202101.0
42,A14376501,0,0,0,0,0,0,1010970,9090600,0,2845840,202101.0
43,A14319007,125590,0,0,0,0,0,2379946,14757750,0,10241640,202101.0
44,A14319003,0,0,277560,0,0,0,1434540,7814040,0,0,202101.0
45,A14319011,0,0,0,0,0,0,5465667,20717510,0,0,202101.0
46,A14319301,0,0,0,0,0,0,2497840,8079040,0,0,202101.0
47,A14388208,0,0,0,0,0,0,501930,18139180,-3160,8297990,202101.0
48,A14319008,0,0,0,0,0,0,3560600,11551860,0,4868070,202101.0
49,A14387605,0,0,238590,0,0,0,9713817,21146830,159120,9428430,202101.0
50,A14388204,0,0,0,0,0,0,1020890,11990920,156360,5048340,202101.0
51,A14319302,0,0,0,0,0,0,2752490,8090220,119380,4180680,202101.0
52,A14319001,0,0,0,0,0,0,2152230,6423770,0,0,202101.0
53,A14319006,0,0,0,0,0,0,2534690,9001950,14100,4497660,202101.0
54,A14319306,0,0,0,0,0,0,6836610,20233900,359460,4610060,202101.0
55,A14375801,,,,,,,,,,,202101.0
56,A14319009,0,0,0,0,0,0,8179200,13229980,299460,0,202101.0
57,A14319311,0,0,0,0,0,0,300200,27917940,608950,12754510,202101.0
58,A14386109,0,0,0,0,0,0,3114864,12287900,816850,6451720,202101.0
59,A10026720,0,0,190000,0,0,0,7146250,16587200,25550,4831690,202101.0
60,A10023336,,,,,,,,,,,202101.0
61,A10024154,,,,,,,,,,,202101.0
62,A14319013,,,,,,,,,,,202101.0
63,A10024132,,,,,,,,,,,202101.0
64,A10023282,,,,,,,,,,,202101.0
65,A14313001,0,0,0,0,0,0,2889900,11283990,0,0,202101.0
66,A14383901,0,0,0,0,0,0,3268590,0,191100,6861830,202101.0
