,kaptCode,heatC,heatP,gasC,gasP,waterHotC,waterHotP,electC,electP,waterCoolC,waterCoolP,Date
0,A14322001,0,0,0,0,0,0,2032950,7131550,0,0,202102.0
1,A14322002,,,,,,,,,,,202102.0
2,A14320001,0,0,1780,0,0,0,1290415,9561360,421060,4620910,202102.0
3,A14383205,0,0,0,0,0,0,5296150,68135090,2559050,29271780,202102.0
4,A14320302,0,0,0,0,0,0,3292960,13982630,0,0,202102.0
5,A14383203,0,0,0,0,0,0,949200,17208930,505635,0,202102.0
6,A14320304,-464540,176108090,0,0,0,29739000,16380445,57077283,0,19643460,202102.0
7,A14320004,,,,,,,,,,,202102.0
8,A14382101,0,0,0,0,0,0,5775771,17493170,0,5438310,202102.0
9,A10026874,0,0,0,0,0,0,6544370,9106120,-56450,3336530,202102.0
10,A10024667,,,,,,,,,,,202102.0
11,A10025985,0,0,132840,0,0,0,23859334,39049350,875290,11615400,202102.0
12,A10023951,,,,,,,,,,,202102.0
13,A14381512,0,0,0,0,0,0,8187072,20539920,0,10515190,202102.0
14,A14380605,0,0,0,0,0,0,4479030,16808500,937210,5311380,202102.0
15,A14380414,142345040,0,0,0,-15660000,15660000,12057990,31273920,6928075,0,202102.0
16,A14381508,0,0,0,0,0,0,4713927,16104160,-200,8688620,202102.0
17,A14375301,0,0,0,0,0,0,8097323,31301670,134780,8839920,202102.0
18,A14381415,0,0,0,0,0,0,16421471,34598660,0,17967040,202102.0
19,A14380211,152457066,0,0,0,0,19645824,27488834,49135040,3039370,12328210,202102.0
20,A14381516,0,0,698310,0,0,0,659600,55298330,0,23528500,202102.0
21,A14375302,0,0,0,0,0,0,13863030,0,3050320,0,202102.0
22,A14381513,0,0,230830,0,0,0,7462050,22697340,0,0,202102.0
23,A14380409,75899193,956340,0,0,0,5668000,2935690,18847150,1220220,2158000,202102.0
24,A14381510,0,0,0,0,0,0,23480470,0,9764520,0,202102.0
25,A14381506,0,0,0,0,0,0,4689488,10342270,290060,6545880,202102.0
26,A14381504,0,0,0,0,0,0,4291970,11367810,0,4089300,202102.0
27,A14381407,0,0,0,0,0,0,4772840,16709200,3590,6885360,202102.0
28,A14375303,,,,,,,,,,,202102.0
29,A10026162,0,0,0,0,0,0,2621460,8602360,0,3546810,202102.0
30,A10023281,,,,,,,,,,,202102.0
31,A14319307,0,0,0,0,0,0,1863720,12647320,-636260,6376960,202102.0
32,A14386802,0,0,0,0,0,0,503973,10076590,0,3782090,202102.0
33,A14319201,0,0,0,0,0,0,2334200,9436860,674840,0,202102.0
34,A14319204,0,0,0,0,0,0,1020110,20661560,304170,0,202102.0
35,A14319002,0,0,0,0,0,0,1193690,6343290,0,3021660,202102.0
36,A14386110,0,0,0,0,0,0,4655050,16165170,-814030,9260470,202102.0
37,A14377402,0,0,0,0,0,0,5931810,21364380,30,5476410,202102.0
38,A14319203,0,0,0,0,0,0,4378450,9622920,-280,5002520,202102.0
39,A14319005,0,0,0,0,0,0,2485041,7587410,189720,0,202102.0
40,A14319010,0,0,0,0,0,0,6073118,15040040,0,12369970,202102.0
41,A14319303,0,0,109640,0,0,0,14424630,592500,9350050,0,202102.0
42,A14376501,0,0,0,0,0,0,1290180,6891190,0,2882770,202102.0
43,A14319007,187120,0,0,0,0,0,3746483,11104480,0,0,202102.0
44,A14319003,0,0,273110,0,0,0,3487170,7085050,99550,0,202102.0
45,A14319011,0,0,0,0,0,0,5644894,18632690,360800,0,202102.0
46,A14319301,0,0,0,0,0,0,2518840,7227360,18140,5757810,202102.0
47,A14388208,0,0,0,0,0,0,505520,16683530,1100,8958050,202102.0
48,A14319008,0,0,0,0,0,0,3697340,10016040,0,5933820,202102.0
49,A14387605,0,0,246430,0,0,0,7673251,20099310,530400,9589290,202102.0
50,A14388204,0,0,0,0,0,0,1500800,10471420,0,5079930,202102.0
51,A14319302,0,0,0,0,0,0,3176750,8119580,140960,3670890,202102.0
52,A14319001,0,0,0,0,0,0,2320350,6660110,82500,0,202102.0
53,A14319006,0,0,0,0,0,0,2631880,9356230,218550,4391710,202102.0
54,A14319306,0,0,0,0,0,0,6760030,18321880,-150850,4718510,202102.0
55,A14375801,,,,,,,,,,,202102.0
56,A14319009,0,0,0,0,0,0,4886960,11705040,299460,0,202102.0
57,A14319311,0,0,0,0,0,0,331000,20755290,490710,11952060,202102.0
58,A14386109,0,0,0,0,0,0,3261000,11163310,65680,6873530,202102.0
59,A10026720,0,0,0,0,0,0,4840340,12824890,274520,4765390,202102.0
60,A10023336,,,,,,,,,,,202102.0
61,A10024154,,,,,,,,,,,202102.0
62,A14319013,,,,,,,,,,,202102.0
63,A10024132,,,,,,,,,,,202102.0
64,A10023282,,,,,,,,,,,202102.0
65,A14313001,0,0,0,0,0,0,2818410,10283340,40410,0,202102.0
66,A14383901,0,0,0,0,0,0,3108220,0,7161670,0,202102.0
