,kaptCode,heatC,heatP,gasC,gasP,waterHotC,waterHotP,electC,electP,waterCoolC,waterCoolP,Date
0,A14322001,0,0,0,0,0,0,1127690,6084460,0,0,202110.0
1,A14322002,,,,,,,,,,,202110.0
2,A14320001,0,0,1780,0,0,0,1443925,6815380,451350,4650770,202110.0
3,A14383205,0,0,0,0,0,0,5169510,56507900,4134010,30389930,202110.0
4,A14320302,0,0,0,0,0,0,1998320,12414050,0,0,202110.0
5,A14383203,0,0,0,0,0,0,364530,15091080,441000,0,202110.0
6,A14320304,-210300,55250870,0,0,0,23530500,11810131,63171380,4543680,23539560,202110.0
7,A14320004,,,,,,,,,,,202110.0
8,A14382101,0,0,0,0,0,0,4972698,13387260,0,5082190,202110.0
9,A10026874,0,0,0,0,0,0,4547930,8369490,354620,3779690,202110.0
10,A10024667,,,,,,,,,,,202110.0
11,A10025985,0,0,41320,0,0,0,17489282,33931780,780930,13766880,202110.0
12,A10023951,,,,,,,,,,,202110.0
13,A14381512,0,0,0,0,0,0,4333912,18622970,0,10576910,202110.0
14,A14380605,0,0,0,0,0,0,2699480,14936220,1062320,5387170,202110.0
15,A14380414,36295070,0,0,0,-12702500,12702500,7313460,36078590,3461040,0,202110.0
16,A14381508,0,0,0,0,0,0,4087194,14371520,10010,8957650,202110.0
17,A14375301,0,0,0,0,0,0,13060847,28041260,47170,10224010,202110.0
18,A14381415,0,0,0,0,0,0,7698708,33911180,0,20728290,202110.0
19,A14380211,35025076,0,0,0,0,8642304,12281779,41782810,3508420,11250410,202110.0
20,A14381516,0,0,2350,0,0,0,1409870,45759730,0,23962760,202110.0
21,A14375302,0,0,0,0,0,0,10631120,0,2838550,0,202110.0
22,A14381513,0,0,2460,0,0,0,5779150,18500500,0,0,202110.0
23,A14380409,16336830,799870,0,0,0,4303320,2220855,19799170,13280,1638420,202110.0
24,A14381510,0,0,0,0,0,0,24526320,0,11306900,0,202110.0
25,A14381506,0,0,0,0,0,0,2632949,9639640,900570,5856870,202110.0
26,A14381504,0,0,0,0,0,0,2555470,9823380,0,4782760,202110.0
27,A14381407,0,0,0,0,0,0,2898790,14148440,11750,6719700,202110.0
28,A14375303,,,,,,,,,,,202110.0
29,A10026162,0,0,0,0,0,0,1324060,7451140,62180,3715430,202110.0
30,A10023281,,,,,,,,,,,202110.0
31,A14319307,0,0,0,0,0,0,629490,11256010,-306540,6508040,202110.0
32,A14386802,0,0,0,0,0,0,399184,8303360,0,4414460,202110.0
33,A14319201,0,0,0,0,0,0,1235300,7650530,0,0,202110.0
34,A14319204,0,0,0,0,0,0,279680,17856310,309610,0,202110.0
35,A14319002,0,0,0,0,0,0,6765030,0,3438940,0,202110.0
36,A14386110,0,0,0,0,0,0,2854540,14258020,-627630,8279310,202110.0
37,A14377402,0,0,0,0,0,0,4792400,19612860,-40,5483920,202110.0
38,A14319203,0,0,0,0,0,0,3387710,10549980,-40,5053900,202110.0
39,A14319005,0,0,0,0,0,0,1729242,6496630,175440,0,202110.0
40,A14319010,0,0,0,0,0,0,2796564,12939140,0,13234330,202110.0
41,A14319303,0,0,12530,0,0,0,11654180,592500,10397860,0,202110.0
42,A14376501,0,0,0,0,0,0,864660,7537400,0,2893240,202110.0
43,A14319007,0,0,0,0,0,0,2347544,9417180,0,0,202110.0
44,A14319003,0,0,48950,0,0,0,330840,5837520,120370,0,202110.0
45,A14319011,0,0,0,0,0,0,2809960,16565310,0,0,202110.0
46,A14319301,0,0,0,0,0,0,1678400,6556810,20,6504040,202110.0
47,A14388208,0,0,0,0,0,0,504530,14223890,-2990,7909440,202110.0
48,A14319008,0,0,0,0,0,0,2371260,9196930,0,6411850,202110.0
49,A14387605,0,0,15130,0,0,0,4063446,15678560,589970,9486730,202110.0
50,A14388204,0,0,0,0,0,0,1110930,9110900,0,5026270,202110.0
51,A14319302,0,0,0,0,0,0,2065810,7248210,3850,4280400,202110.0
52,A14319001,0,0,0,0,0,0,1356690,5367050,0,0,202110.0
53,A14319006,0,0,0,0,0,0,2362820,7287710,0,4671740,202110.0
54,A14319306,0,0,0,0,0,0,5099890,16403350,533050,4618890,202110.0
55,A14375801,,,,,,,,,,,202110.0
56,A14319009,0,0,0,0,0,0,2798370,9931620,246330,0,202110.0
57,A14319311,0,0,0,0,0,0,282200,22934000,530980,13034690,202110.0
58,A14386109,0,0,0,0,0,0,2436592,9338030,1290470,5812620,202110.0
59,A10026720,0,0,0,0,0,0,3751780,14384050,209460,4708740,202110.0
60,A10023336,,,,,,,,,,,202110.0
61,A10024154,,,,,,,,,,,202110.0
62,A14319013,,,,,,,,,,,202110.0
63,A10024132,0,0,0,0,0,0,3388630,5477990,1017480,824910,202110.0
64,A10023282,,,,,,,,,,,202110.0
65,A14313001,0,0,0,0,0,0,1465400,9584200,42480,0,202110.0
66,A14383901,0,0,0,0,0,0,1931270,0,99960,7588790,202110.0
