,kaptCode,heatC,heatP,gasC,gasP,waterHotC,waterHotP,electC,electP,waterCoolC,waterCoolP,Date
0,A14322001,0,0,0,0,0,0,1858280,5254310,0,6089500,202103.0
1,A14322002,,,,,,,,,,,202103.0
2,A14320001,0,0,1780,0,0,0,914822,7547320,607440,4144080,202103.0
3,A14383205,0,0,0,0,0,0,4443060,54603300,3073060,29056300,202103.0
4,A14320302,0,0,0,0,0,0,2268380,11233490,0,0,202103.0
5,A14383203,0,0,0,0,0,0,1181600,13236360,115225,0,202103.0
6,A14320304,-467210,129257620,0,0,0,31431000,12558069,62639460,0,18273570,202103.0
7,A14320004,,,,,,,,,,,202103.0
8,A14382101,0,0,0,0,0,0,4181010,12763070,0,4993730,202103.0
9,A10026874,0,0,0,0,0,0,3380760,7180250,107440,3681800,202103.0
10,A10024667,,,,,,,,,,,202103.0
11,A10025985,0,0,97640,0,0,0,11718161,31079380,-423540,12965130,202103.0
12,A10023951,,,,,,,,,,,202103.0
13,A14381512,0,0,0,0,0,0,6426679,16070960,0,10465760,202103.0
14,A14380605,0,0,0,0,0,0,3067690,12836350,980400,4679670,202103.0
15,A14380414,88937540,0,0,0,-15770000,15770000,8954270,34159240,7253940,0,202103.0
16,A14381508,0,0,0,0,0,0,3756453,12915240,87240,7709160,202103.0
17,A14375301,0,0,0,0,0,0,5766809,34986090,165530,9965350,202103.0
18,A14381415,0,0,0,0,0,0,7484193,31883460,0,20188110,202103.0
19,A14380211,86567662,0,0,0,0,19502208,15883407,37686970,1513950,12889840,202103.0
20,A14381516,0,0,752870,0,0,0,5515971,43236130,0,23086070,202103.0
21,A14375302,0,0,0,0,0,0,10078530,8639720,2751930,2994970,202103.0
22,A14381513,0,0,191440,0,0,0,6479520,17134830,0,0,202103.0
23,A14380409,52752574,721530,0,0,0,5785720,1853582,20549640,1256390,2202820,202103.0
24,A14381510,0,0,0,0,0,0,7406590,17747240,10066260,0,202103.0
25,A14381506,0,0,0,0,0,0,2604140,9020450,733200,5686530,202103.0
26,A14381504,0,0,0,0,0,0,2835210,8899180,0,5040870,202103.0
27,A14381407,0,0,0,0,0,0,3165150,12563150,6540,5991110,202103.0
28,A14375303,,,,,,,,,,,202103.0
29,A10026162,0,0,0,0,0,0,1317830,6604620,6000,3229890,202103.0
30,A10023281,,,,,,,,,,,202103.0
31,A14319307,0,0,0,0,0,0,1494360,9978990,-180580,6288150,202103.0
32,A14386802,0,0,0,0,0,0,893606,7630360,0,4170870,202103.0
33,A14319201,0,0,0,0,0,0,1488320,6845810,848640,0,202103.0
34,A14319204,0,0,0,0,0,0,1323920,15849500,221430,0,202103.0
35,A14319002,0,0,0,0,0,0,1078330,0,0,0,202103.0
36,A14386110,0,0,0,0,0,0,3204440,12692690,-462050,7681970,202103.0
37,A14377402,0,0,0,0,0,0,5372110,16723940,360,4620230,202103.0
38,A14319203,0,0,0,0,0,0,3412800,10549720,0,4826630,202103.0
39,A14319005,0,0,0,0,0,0,1888790,5789160,284580,0,202103.0
40,A14319010,0,0,0,0,0,0,3710035,11830720,0,0,202103.0
41,A14319303,0,0,59570,0,0,0,10381970,585000,0,0,202103.0
42,A14376501,0,0,0,0,0,0,1068280,7556260,0,2598610,202103.0
43,A14319007,94410,0,0,0,0,0,3233021,9475620,0,9637670,202103.0
44,A14319003,0,0,121260,0,0,0,2445120,5147200,32580,0,202103.0
45,A14319011,0,0,0,0,0,0,4219084,14852850,0,0,202103.0
46,A14319301,0,0,0,0,0,0,1885110,5697920,0,0,202103.0
47,A14388208,0,0,0,0,0,0,461960,13007930,-1540,7655650,202103.0
48,A14319008,0,0,0,0,0,0,3060230,7821440,0,5218490,202103.0
49,A14387605,0,0,109990,0,0,0,4972233,14326760,470180,9107280,202103.0
50,A14388204,0,0,0,0,0,0,1443210,8082380,146840,4564280,202103.0
51,A14319302,0,0,0,0,0,0,2702800,6227620,90990,4069860,202103.0
52,A14319001,0,0,0,0,0,0,1985860,5224850,27000,0,202103.0
53,A14319006,0,0,0,0,0,0,2717920,7077480,0,4058210,202103.0
54,A14319306,0,0,0,0,0,0,4625200,14025040,928250,4621010,202103.0
55,A14375801,,,,,,,,,,,202103.0
56,A14319009,0,0,0,0,0,0,3738890,8920390,299460,0,202103.0
57,A14319311,0,0,0,0,0,0,300600,23280440,555060,10737600,202103.0
58,A14386109,0,0,0,0,0,0,2340333,0,-52320,0,202103.0
59,A10026720,0,0,0,0,0,0,4305800,13895150,0,4206370,202103.0
60,A10023336,,,,,,,,,,,202103.0
61,A10024154,,,,,,,,,,,202103.0
62,A14319013,,,,,,,,,,,202103.0
63,A10024132,,,,,,,,,,,202103.0
64,A10023282,,,,,,,,,,,202103.0
65,A14313001,0,0,0,0,0,0,1879620,7819140,0,0,202103.0
66,A14383901,0,0,0,0,0,0,2281750,0,260610,6017580,202103.0
