,kaptCode,heatC,heatP,gasC,gasP,waterHotC,waterHotP,electC,electP,waterCoolC,waterCoolP,Date
0,A15288812,0,0,0,0,0,0,14627908,49882450,1047610,17889080,202112.0
1,A15288806,0,0,0,0,0,0,4022841,14125680,0,0,202112.0
2,A15288802,0,0,0,0,0,0,2030210,10886840,155440,3929340,202112.0
3,A15288805,0,0,0,0,0,0,3800370,19391920,0,7443160,202112.0
4,A15288813,0,0,0,0,0,0,14556780,38615400,660810,23331310,202112.0
5,A15288801,0,0,65420,0,0,0,1207230,0,15600,0,202112.0
6,A15288814,0,0,0,0,0,0,32112361,83025880,39630,40868180,202112.0
7,A15288809,0,0,0,0,0,0,7814990,24162220,310410,11647170,202112.0
8,A15288803,0,0,0,0,0,0,1958649,7351330,-30,4417000,202112.0
9,A15288804,0,0,0,0,0,0,2673820,9274520,0,0,202112.0
10,A15288807,0,0,140560,0,0,0,9353790,18975640,0,7865050,202112.0
11,A15288810,0,0,0,0,0,0,9789038,38011620,851850,16210410,202112.0
12,A15288611,78341570,0,0,0,-15820000,15820000,6390800,20536640,-106530,12538470,202112.0
13,A10028063,0,0,0,0,0,0,9098180,0,3333900,0,202112.0
14,A15288004,0,0,0,0,0,0,4328720,14849250,-1268310,9436650,202112.0
15,A15286806,250640,43797900,0,0,0,9051000,6271620,16130920,2339340,8675430,202112.0
16,A15284305,0,0,37390,0,0,0,2599130,8783050,153040,4722260,202112.0
17,A15205305,0,0,0,0,0,0,4431340,13650940,189670,7103940,202112.0
18,A15288002,0,0,185890,0,0,0,5989310,18796080,91630,9238070,202112.0
19,A15283809,0,0,63890,0,0,0,1291698,10942470,76800,0,202112.0
20,A15205108,0,0,0,0,0,0,40015880,0,15098570,0,202112.0
21,A15286809,168814000,0,0,0,51385000,51385000,22444880,48887480,0,35857050,202112.0
22,A15283902,0,0,0,0,0,0,2577080,11227490,314920,6455560,202112.0
23,A15205103,0,0,0,0,0,0,3822071,9308220,-540,5011660,202112.0
24,A15284906,0,0,0,0,0,0,10614994,47824760,-1409070,21500390,202112.0
25,A15205002,0,0,0,0,0,0,1587597,4313690,-584860,3052690,202112.0
26,A15283806,0,0,0,0,0,0,1670230,10474030,0,4885690,202112.0
27,A15205104,0,0,0,0,0,0,4699320,19063950,59910,8405030,202112.0
28,A15286210,0,0,0,0,0,0,5484264,19870620,166500,8052530,202112.0
29,A15283807,0,0,0,0,0,0,16857560,0,5616020,0,202112.0
30,A15205303,0,0,0,0,0,0,3208010,15776130,-704560,8700060,202112.0
31,A15285503,0,0,0,0,0,0,437100,0,21730,0,202112.0
32,A15286807,0,48330000,0,0,0,14799000,5411880,31059580,-1750770,16100270,202112.0
33,A15286802,0,0,0,0,0,0,3532190,11312580,408260,0,202112.0
34,A15285004,0,0,0,0,0,0,3048710,15337390,186260,6903040,202112.0
35,A15283801,0,0,0,0,0,0,3185354,8695810,0,3217200,202112.0
36,A15205301,0,0,0,0,0,0,628617,9483290,137160,4134070,202112.0
37,A15205001,0,0,0,0,0,0,12115570,0,4325670,0,202112.0
38,A15286805,0,0,109660,0,0,0,1496900,9424660,0,6336900,202112.0
39,A15284603,0,0,0,0,0,0,3422310,11141160,0,6267250,202112.0
40,A15205513,6019590,97729520,0,0,0,22215000,38618880,45902660,8754630,15198740,202112.0
41,A15283803,0,0,0,0,0,0,2542580,4461340,15160,2447990,202112.0
42,A15285804,0,0,0,0,0,0,6309030,20902230,50790,11327530,202112.0
43,A15286602,0,0,111950,0,0,0,6737310,0,396900,0,202112.0
44,A15286801,24063360,0,0,0,0,5808000,780410,11118310,0,5344080,202112.0
45,A15205405,0,0,0,0,0,0,40938303,0,15931890,0,202112.0
46,A15270501,,,,,,,,,,,202112.0
47,A10027493,,,,,,,,,,,202112.0
48,A10026989,,,,,,,,,,,202112.0
49,A15205511,0,0,0,0,0,0,631842,28490130,-210,12665860,202112.0
50,A10027507,,,,,,,,,,,202112.0
51,A15208204,0,0,0,0,0,0,1297430,15363030,0,6895840,202112.0
52,A15282403,0,0,0,0,0,0,2467936,7343660,0,0,202112.0
53,A15208201,0,0,0,0,0,0,1496710,4254360,0,2685650,202112.0
54,A15283707,5227100,24325240,0,0,0,10360000,4449630,10878910,2659360,5300880,202112.0
55,A15208006,0,0,0,0,0,0,5858740,13841180,277860,6120500,202112.0
56,A15283603,0,0,0,0,0,0,2708180,7434930,0,4885490,202112.0
57,A15283706,0,0,0,0,0,0,2717220,13507570,0,6368340,202112.0
58,A15279403,0,0,0,0,0,0,7549977,24028800,-270310,13244930,202112.0
59,A15283702,0,0,0,0,0,0,1890180,7671030,0,3901220,202112.0
60,A15283709,30294750,24497250,0,0,19935700,19935700,17478570,15037660,8048470,7597240,202112.0
61,A15283701,0,0,0,0,0,0,772750,4386060,0,0,202112.0
62,A15282810,0,0,0,0,0,0,5322830,19079380,743600,11517170,202112.0
63,A15208005,0,0,0,0,0,0,1644920,6398830,114040,3272370,202112.0
64,A15208202,0,0,26660,0,0,0,1254400,9415600,-300,4116490,202112.0
65,A15208007,0,0,20540,0,0,0,3648180,8443160,45270,3159950,202112.0
66,A15282608,38570330,0,0,0,0,4911000,1611600,12779220,590470,6551650,202112.0
67,A15283704,0,0,0,0,0,0,2475720,11852720,27590,5082960,202112.0
68,A15279402,1521630,35214120,0,0,300,10737050,9569350,15249760,200,7445000,202112.0
69,A15208003,0,0,0,0,0,0,0,26173160,0,22091840,202112.0
70,A15279404,33123680,82528000,0,0,-26149500,26082000,16142784,28116880,566010,17040590,202112.0
71,A15283711,0,0,0,0,0,0,8566190,33478870,5360,17041160,202112.0
72,A15282405,0,0,0,0,0,0,349699,0,0,0,202112.0
73,A15282105,0,0,0,0,0,0,3389558,11517690,-430,6282580,202112.0
74,A15280304,0,0,0,0,0,0,2295540,8408980,0,0,202112.0
75,A15209206,0,0,175220,0,0,0,8653408,36923010,0,18674800,202112.0
76,A15209304,0,0,51670,0,0,0,12614144,0,3832720,0,202112.0
77,A15209207,0,0,0,0,0,0,23962836,91171010,6269630,39264840,202112.0
78,A15209003,0,0,0,0,0,0,1392360,4147450,0,0,202112.0
79,A15209305,0,0,0,0,0,0,12889036,42270450,490,25709390,202112.0
80,A15209004,0,0,0,0,0,0,1988680,31912500,0,13169160,202112.0
81,A15209002,0,0,260810,0,0,0,28432333,65143890,0,36175680,202112.0
82,A15209203,-600,48589270,0,0,0,22421000,1004170,19728250,0,0,202112.0
83,A15209202,0,0,0,0,0,0,2831200,12203490,-504020,7671590,202112.0
84,A15280602,0,0,0,0,0,0,1490480,4976490,-58940,5568690,202112.0
85,A15209205,0,0,0,0,0,0,9536800,22894140,674460,14303290,202112.0
86,A15209303,0,0,0,0,0,0,2388057,8026170,0,3561820,202112.0
87,A15209201,0,0,0,0,0,0,364660,6438240,0,0,202112.0
88,A15280303,0,0,82180,0,0,0,1805891,7337040,0,0,202112.0
89,A15209007,0,0,0,0,0,0,17549300,45853120,200050,15938350,202112.0
90,A15209006,,,,,,,,,,,202112.0
91,A15275101,0,0,0,0,0,0,472280,9094890,3834940,3834940,202112.0
92,A10024745,0,0,0,0,0,0,18381760,43643850,0,17088020,202112.0
93,A15210101,0,0,65110,0,0,0,1291380,4852580,0,2714860,202112.0
94,A15210104,0,0,0,0,0,0,1994629,9204000,0,7247460,202112.0
95,A15210102,0,0,0,0,0,0,1413270,6546260,0,3959470,202112.0
96,A15210103,0,0,0,0,0,0,977600,6847710,0,0,202112.0
97,A15210206,0,0,0,0,0,0,2121170,8543350,0,0,202112.0
98,A15210105,0,0,0,0,0,0,2227930,8600210,126300,4337950,202112.0
99,A15210107,0,0,0,0,0,0,14221330,31559420,0,0,202112.0
100,A15210211,0,0,0,0,0,0,5783670,24018130,0,10840390,202112.0
101,A15210106,0,0,0,0,0,0,0,12561310,-4120,5213580,202112.0
102,A15210212,0,0,0,0,0,0,7099320,26262790,0,12716850,202112.0
103,A15278301,0,0,0,0,0,0,1390250,3530110,0,0,202112.0
104,A15210210,0,0,0,0,0,0,19895080,0,7552510,0,202112.0
105,A15210209,0,0,0,0,0,0,771340,15503970,-460,6719280,202112.0
106,A15210207,0,0,0,0,0,0,1222130,11833350,0,5225200,202112.0
107,A10026434,0,0,0,0,0,0,2078540,12220160,271010,7586870,202112.0
108,A10027522,,,,,,,,,,,202112.0
109,A15279101,0,0,0,0,0,0,9276728,41052130,0,16489670,202112.0
110,A15210001,41330,0,0,0,0,0,5137322,18548130,503810,7818940,202112.0
111,A15213006,107670,0,0,0,0,0,1869370,10307170,0,4612810,202112.0
112,A15213004,238790,0,0,0,0,0,1122240,17793240,-172570,8286050,202112.0
113,A15213005,0,0,0,0,0,0,4127240,36835580,221400,16911260,202112.0
114,A15213002,672070,0,0,0,0,0,1134120,26947310,-155630,12200420,202112.0
115,A15213007,0,0,0,0,0,0,3143870,46063830,73050,18537100,202112.0
116,A15213001,656200,0,0,0,0,0,-95270,23325880,0,10601480,202112.0
117,A10027764,0,0,168020,0,0,0,1218030,4285100,710740,1619600,202112.0
118,A10026729,0,0,164760,0,0,0,1754290,1733300,0,0,202112.0
119,A10026039,0,0,0,0,0,0,0,3055040,0,2081050,202112.0
120,A15213003,0,0,0,0,0,0,893800,18766500,0,7767480,202112.0
121,A15271601,0,0,0,0,0,0,2714167,13232740,399660,4294710,202112.0
122,A10025614,4141070,34832290,0,0,0,40872130,6115010,37811190,0,18168610,202112.0
123,A10025386,6568420,1938980,0,0,0,0,1716730,2460590,-62310,1393140,202112.0
124,A10025387,3978980,23606350,788210,0,0,17316600,8101350,23340020,3130,10086720,202112.0
125,A10025858,11586610,8262800,0,0,-10277100,10277100,4498090,7899380,833560,3928140,202112.0
126,A10025564,1816710,4835200,0,0,0,3746400,1073350,2916680,97910,1654770,202112.0
127,A10024849,1868150,15372070,0,0,0,13924230,5005514,15297690,35600,6323500,202112.0
128,A10024927,2990340,19613540,0,0,0,8796410,5714510,15515000,35740,6029110,202112.0
129,A10025115,3458550,25957110,0,0,-44200,10393800,8352240,21242670,-180500,7289290,202112.0
130,A10025193,3811760,26891220,0,0,7000,22371500,13500940,24822820,0,12647610,202112.0
131,A10025302,536766,9261000,0,0,977524,8147640,2861420,8156000,64540,4916880,202112.0
