,kaptCode,heatC,heatP,gasC,gasP,waterHotC,waterHotP,electC,electP,waterCoolC,waterCoolP,Date
0,A15288812,0,0,0,0,0,0,15931934,58372490,-3078990,19680070,202101.0
1,A15288806,0,0,-755530,755530,0,0,4652895,17507380,0,0,202101.0
2,A15288802,0,0,0,0,0,0,2892180,11977100,89450,4197780,202101.0
3,A15288805,0,0,0,0,0,0,4932200,20160670,0,7156800,202101.0
4,A15288813,0,0,0,0,0,0,19715740,50513720,442880,22841310,202101.0
5,A15288801,0,0,50790,0,0,0,1301930,0,0,0,202101.0
6,A15288814,0,0,0,0,0,0,28257229,107169731,-6200,41693440,202101.0
7,A15288809,0,0,0,0,0,0,5614960,25877160,1220850,10814730,202101.0
8,A15288803,0,0,0,0,0,0,2422422,9013710,-150,4414860,202101.0
9,A15288804,0,0,0,0,0,0,2618550,11683070,0,0,202101.0
10,A15288807,0,0,111440,0,0,0,9376940,20511240,0,8054710,202101.0
11,A15288810,0,0,0,0,0,0,11779132,38610810,347630,16971410,202101.0
12,A15288611,101223540,0,0,0,0,0,31816130,0,13877610,0,202101.0
13,A10028063,0,0,0,0,0,0,11847610,0,2863050,0,202101.0
14,A15288004,0,0,0,0,0,0,5899880,20654460,-165510,8465690,202101.0
15,A15286806,271930,54694530,0,0,0,8974000,8330100,17374710,2673380,8267750,202101.0
16,A15284305,0,0,83280,0,0,0,2248118,10650890,62650,4894840,202101.0
17,A15205305,0,0,0,0,0,0,5777940,16164990,123610,7528710,202101.0
18,A15288002,0,0,127760,0,0,0,5318240,20680690,188520,8857520,202101.0
19,A15283809,0,0,158800,0,0,0,4001291,10403520,30000,0,202101.0
20,A15205108,0,0,0,0,0,0,8349650,33432020,0,14148670,202101.0
21,A15286809,253970600,0,0,0,-55880000,55880000,32041758,51410970,-648130,34933670,202101.0
22,A15283902,0,0,0,0,0,0,2933190,13069280,174840,6318220,202101.0
23,A15205103,0,0,0,0,0,0,3444811,10802770,-330,5448360,202101.0
24,A15284906,0,0,0,0,0,0,10528780,50021360,-452520,21655140,202101.0
25,A15205002,0,0,0,0,0,0,2235622,4629830,-491540,3040570,202101.0
26,A15283806,0,0,0,0,0,0,1848260,12785920,0,4986640,202101.0
27,A15205104,0,0,0,0,0,0,6388530,17689490,0,8278430,202101.0
28,A15286210,0,0,0,0,0,0,6175334,21528890,328500,8041000,202101.0
29,A15283807,0,0,0,0,0,0,19169000,16777580,5763030,5763750,202101.0
30,A15205303,0,0,0,0,0,0,3489590,18617940,-1015230,8719820,202101.0
31,A15285503,0,0,0,0,0,0,627020,0,100000,0,202101.0
32,A15286807,0,50308000,0,0,0,15336000,5527980,33367560,276450,13639300,202101.0
33,A15286802,0,0,0,0,0,0,3618690,12619610,0,0,202101.0
34,A15285004,0,0,0,0,0,0,3564340,16148890,291190,7044110,202101.0
35,A15283801,0,0,0,0,0,0,3372633,8903860,0,2437980,202101.0
36,A15205301,0,0,0,0,0,0,74390,11334220,91500,4107220,202101.0
37,A15205001,0,0,0,0,0,0,2590430,9492490,337370,3512230,202101.0
38,A15286805,0,0,0,0,0,0,676130,9933150,1673840,4779390,202101.0
39,A15284603,0,0,0,0,0,0,4065340,10778910,0,6907360,202101.0
40,A15205513,7667680,143919620,0,0,0,8658950,17562720,36080450,7466930,15649560,202101.0
41,A15283803,0,0,0,0,0,0,2549580,5949010,200000,2596130,202101.0
42,A15285804,0,0,0,0,0,0,6448530,21368240,112420,11203590,202101.0
43,A15286602,0,0,73390,0,0,0,7707990,7707990,0,0,202101.0
44,A15286801,19883360,0,0,0,0,6969000,835400,13345940,0,4918130,202101.0
45,A15205405,-1053,94102750,-990580,978950,4000000,33129600,8644984,26204950,0,17423180,202101.0
46,A15270501,,,,,,,,,,,202101.0
47,A10027493,,,,,,,,,,,202101.0
48,A10026989,,,,,,,,,,,202101.0
49,A15205511,0,0,0,0,0,0,-653696,36349030,310,12850200,202101.0
50,A10027507,,,,,,,,,,,202101.0
51,A15208204,0,0,0,0,0,0,1120920,18252830,0,7775790,202101.0
52,A15282403,0,0,0,0,0,0,2368258,9478790,0,0,202101.0
53,A15208201,0,0,0,0,0,0,1697990,5293400,331030,2878590,202101.0
54,A15283707,6252170,31051450,0,0,0,12996000,3968810,13944030,3364490,5201670,202101.0
55,A15208006,0,0,0,0,0,0,6255800,16699030,319620,6790630,202101.0
56,A15283603,0,0,0,0,0,0,2735700,9417020,0,5379150,202101.0
57,A15283706,0,0,0,0,0,0,6071500,14739110,0,6569730,202101.0
58,A15279403,0,0,0,0,0,0,12336546,26844530,-880110,13975910,202101.0
59,A15283702,0,0,0,0,0,0,1937890,8003560,0,3835380,202101.0
60,A15283709,40605100,35752900,0,0,19432560,19432560,21478610,16619680,8411100,8390980,202101.0
61,A15283701,0,0,0,0,0,0,883070,5611090,0,0,202101.0
62,A15282810,0,0,0,0,0,0,5471010,22559280,921060,12134690,202101.0
63,A15208005,0,0,0,0,0,0,3409830,7379700,-19240,3234600,202101.0
64,A15208202,0,0,36630,0,0,0,1573500,10866160,-40,5366140,202101.0
65,A15208007,0,0,99390,0,0,0,4163280,9683740,356080,3055840,202101.0
66,A15282608,59839110,0,0,0,0,5457000,2558512,15121838,904510,6729140,202101.0
67,A15283704,0,0,0,0,0,0,4411710,14139220,30240,4909960,202101.0
68,A15279402,1508610,44190180,0,0,0,11604860,7995950,20760550,0,8231390,202101.0
69,A15208003,0,0,0,0,0,0,0,30656910,0,0,202101.0
70,A15279404,4479063,105202500,0,0,0,26541000,7984270,33618790,-16490,19787970,202101.0
71,A15283711,0,0,0,0,0,0,13500580,39910680,-8820,17246830,202101.0
72,A15282405,0,0,0,0,0,0,412680,0,0,6868380,202101.0
73,A15282105,0,0,0,0,0,0,3431088,14434970,100,5795260,202101.0
74,A15280304,0,0,0,0,0,0,2363810,10234110,0,0,202101.0
75,A15209206,0,0,325820,0,0,0,12213323,36426820,0,19753600,202101.0
76,A15209304,0,0,98800,0,0,0,3029850,9668140,0,3620410,202101.0
77,A15209207,0,0,0,0,0,0,23144337,98009590,2573980,44107850,202101.0
78,A15209003,0,0,0,0,0,0,1744990,4770260,0,0,202101.0
79,A15209305,0,0,0,0,0,0,9785752,54834790,6440,23430760,202101.0
80,A15209004,0,0,0,0,0,0,2077110,33406400,0,13404610,202101.0
81,A15209002,0,0,215390,0,0,0,28895431,76014910,0,33975890,202101.0
82,A15209203,70,67151360,0,0,0,21637000,4125580,22202080,0,0,202101.0
83,A15209202,0,0,0,0,0,0,17568580,12731020,8018550,8018550,202101.0
84,A15280602,0,0,0,0,0,0,2831030,4666360,0,0,202101.0
85,A15209205,0,0,0,0,0,0,4392970,28195750,0,14079340,202101.0
86,A15209303,0,0,0,0,0,0,2533303,8547640,0,3544520,202101.0
87,A15209201,0,0,0,0,0,0,191550,7801280,282320,0,202101.0
88,A15280303,0,0,0,0,0,0,1208229,9559970,0,0,202101.0
89,A15209007,0,0,0,0,0,0,23171840,47599670,947010,14469900,202101.0
90,A15209006,,,,,,,,,,,202101.0
91,A15275101,0,0,0,0,0,0,2745410,10269230,0,3615360,202101.0
92,A10024745,0,0,0,0,0,0,25518460,38857370,434850,15966030,202101.0
93,A15210101,0,0,68530,0,0,0,913350,5480920,0,2683560,202101.0
94,A15210104,0,0,0,0,0,0,2030895,9451280,0,7408180,202101.0
95,A15210102,0,0,0,0,0,0,2255990,7294510,0,3816590,202101.0
96,A15210103,0,0,0,0,0,0,9456930,8421130,6237280,6030690,202101.0
97,A15210206,0,0,0,0,0,0,2242920,10444680,0,0,202101.0
98,A15210105,0,0,0,0,0,0,3091580,8932510,218470,4392360,202101.0
99,A15210107,0,0,0,0,0,0,17708910,36037600,942980,0,202101.0
100,A15210211,0,0,0,0,0,0,5669470,24589970,0,10948990,202101.0
101,A15210106,0,0,0,0,0,0,0,13648150,-1990,4810950,202101.0
102,A15210212,0,0,0,0,0,0,8161990,30408040,0,12201820,202101.0
103,A15278301,0,0,0,0,0,0,2400050,4124800,160670,0,202101.0
104,A15210210,0,0,0,0,0,0,25104000,0,9094330,0,202101.0
105,A15210209,0,0,0,0,0,0,948210,19002560,150,6743660,202101.0
106,A15210207,0,0,0,0,0,0,865160,12787020,0,5230570,202101.0
107,A10026434,0,0,0,0,0,0,3160870,12320720,109340,7642120,202101.0
108,A10027522,,,,,,,,,,,202101.0
109,A15279101,0,0,0,0,0,0,23344040,50411930,0,17205530,202101.0
110,A15210001,31370,0,0,0,0,0,14682842,22502520,4770,8499680,202101.0
111,A15213006,121550,0,0,0,0,0,2669910,12169360,0,4765250,202101.0
112,A15213004,224440,0,0,0,0,0,2353410,20965130,196350,7748520,202101.0
113,A15213005,0,0,0,0,0,0,3469040,42777740,302630,16090130,202101.0
114,A15213002,282530,0,0,0,0,0,0,32680420,0,12012890,202101.0
115,A15213007,0,0,0,0,0,0,3201660,58643050,361940,18425660,202101.0
116,A15213001,476040,0,0,0,0,0,-579140,26161920,0,10117360,202101.0
117,A10027764,0,0,147410,0,0,0,2304050,3861010,318910,1741450,202101.0
118,A10026729,0,0,188300,0,0,0,3084100,1853650,166270,1883630,202101.0
119,A10026039,0,0,0,0,0,0,1839870,2958730,78610,2229160,202101.0
120,A15213003,0,0,0,0,0,0,-118270,23358600,0,8096630,202101.0
121,A15271601,0,0,0,0,0,0,3477776,13563450,142040,4755210,202101.0
122,A10025614,4141070,42666580,0,0,0,46044570,1892340,44271630,0,19760240,202101.0
123,A10025386,5565960,5084390,0,0,0,0,2694720,2277000,0,1538220,202101.0
124,A10025387,4057380,29496930,0,0,0,20322900,9792200,24953620,0,11755730,202101.0
125,A10025858,10657790,10652540,0,0,-9672600,9672600,5640900,8676150,407580,4049930,202101.0
126,A10025564,1967610,6025490,0,0,0,4369200,2966960,3138750,97910,1857810,202101.0
127,A10024849,1816551,20482880,0,0,35289,14038320,6195140,14270480,8770,5328050,202101.0
128,A10024927,3112980,21895140,0,0,0,11649600,5854970,15952720,23610,5863370,202101.0
129,A10025115,4031240,31598810,0,0,0,12132300,9987170,21222120,-434180,7209760,202101.0
130,A10025193,3946410,35860730,0,0,67680,24775800,16091650,24854080,29070,11178790,202101.0
131,A10025302,12145466,0,0,0,11465655,0,14053370,0,4922550,0,202101.0
