,kaptCode,heatC,heatP,gasC,gasP,waterHotC,waterHotP,electC,electP,waterCoolC,waterCoolP,Date
0,A15288812,0,0,0,0,0,0,14683666,41576540,-3978750,20500580,202103.0
1,A15288806,0,0,-680600,680600,0,0,5099653,13413620,0,0,202103.0
2,A15288802,0,0,0,0,0,0,2257040,7605990,76660,3735650,202103.0
3,A15288805,0,0,0,0,0,0,3049160,17217910,0,6573300,202103.0
4,A15288813,0,0,0,0,0,0,13120160,37466090,741220,19896530,202103.0
5,A15288801,0,0,29780,0,0,0,1022130,0,0,0,202103.0
6,A15288814,0,0,0,0,0,0,28289570,69897250,0,36879330,202103.0
7,A15288809,0,0,0,0,0,0,5956510,20711100,1199370,10057920,202103.0
8,A15288803,0,0,0,0,0,0,2174749,6701300,380,4073370,202103.0
9,A15288804,0,0,0,0,0,0,2923650,8343580,0,0,202103.0
10,A15288807,0,0,99430,0,0,0,8343460,17347010,0,7290730,202103.0
11,A15288810,0,0,0,0,0,0,7843627,33009100,91610,17296330,202103.0
12,A15288611,42023640,0,0,0,15892000,15892000,5079650,18405000,11653050,11832350,202103.0
13,A10028063,0,0,0,0,0,0,8294410,0,2863050,0,202103.0
14,A15288004,0,0,0,0,0,0,4588310,16441220,0,7724290,202103.0
15,A15286806,268680,23917800,0,0,0,15214500,4636750,13577610,4569470,5657550,202103.0
16,A15284305,0,0,55610,0,0,0,2244307,7235690,16800,4326180,202103.0
17,A15205305,0,0,0,0,0,0,4893740,12295270,44350,6625530,202103.0
18,A15288002,0,0,77490,0,0,0,5398710,16434850,425750,7835800,202103.0
19,A15283809,0,0,275390,0,0,0,3144623,7540040,30000,0,202103.0
20,A15205108,0,0,0,0,0,0,8265590,27444380,85660,14702370,202103.0
21,A15286809,164040650,0,0,0,0,0,58386212,0,31905170,0,202103.0
22,A15283902,0,0,0,0,0,0,2877930,10010170,272850,6146430,202103.0
23,A15205103,0,0,0,0,0,0,2823253,8791460,-230,5530610,202103.0
24,A15284906,0,0,0,0,0,0,8107484,43316890,-2548600,22135050,202103.0
25,A15205002,0,0,0,0,0,0,1354815,3863440,-111540,2542750,202103.0
26,A15283806,0,0,0,0,0,0,1924760,9259060,0,4509870,202103.0
27,A15205104,0,0,0,0,0,0,5816800,15597460,0,8531610,202103.0
28,A15286210,0,0,0,0,0,0,4378953,17988940,207000,7915290,202103.0
29,A15283807,0,0,0,0,0,0,13473560,14044590,5237290,5237640,202103.0
30,A15205303,0,0,0,0,0,0,3419960,13924180,-8620,7675980,202103.0
31,A15285503,0,0,0,0,0,0,534410,0,117040,0,202103.0
32,A15286807,0,12790000,0,0,0,15606000,4832280,27894720,281670,14299030,202103.0
33,A15286802,0,0,0,0,0,0,2293010,10164710,0,0,202103.0
34,A15285004,0,0,0,0,0,0,2997600,13594060,468560,7187600,202103.0
35,A15283801,0,0,0,0,0,0,2043377,7448680,0,2345050,202103.0
36,A15205301,0,0,0,0,0,0,555891,8671410,144720,3688340,202103.0
37,A15205001,0,0,0,0,0,0,1796130,8229750,116860,3590820,202103.0
38,A15286805,0,0,124420,0,0,0,0,7596950,39040,5495200,202103.0
39,A15284603,0,0,0,0,0,0,2373220,9975310,0,6710590,202103.0
40,A15205513,3425100,59333400,0,0,0,8519040,13898100,39878870,9978650,14184230,202103.0
41,A15283803,0,0,0,0,0,0,2463570,4408660,200000,2352500,202103.0
42,A15285804,0,0,0,0,0,0,5704748,18406650,127470,10902110,202103.0
43,A15286602,0,0,49360,0,0,0,6069620,0,0,0,202103.0
44,A15286801,18198090,0,0,0,0,5838000,775190,9242540,0,4679600,202103.0
45,A15205405,1193,37021260,-1062630,1046070,4000000,27173000,5202749,23651640,0,16030160,202103.0
46,A15270501,,,,,,,,,,,202103.0
47,A10027493,,,,,,,,,,,202103.0
48,A10026989,,,,,,,,,,,202103.0
49,A15205511,0,0,0,0,0,0,1561745,27809080,20,11644920,202103.0
50,A10027507,,,,,,,,,,,202103.0
51,A15208204,0,0,0,0,0,0,1117710,13369980,0,6436600,202103.0
52,A15282403,0,0,0,0,0,0,1871591,6562470,0,0,202103.0
53,A15208201,0,0,0,0,0,0,1532970,4044950,39060,2681040,202103.0
54,A15283707,3606460,10557680,0,0,0,9541800,4098560,10377070,2601230,4832130,202103.0
55,A15208006,0,0,0,0,0,0,3607600,10891090,337560,5495160,202103.0
56,A15283603,0,0,0,0,0,0,2303510,6697420,346,4744324,202103.0
57,A15283706,0,0,0,0,0,0,3702160,10275820,0,6010270,202103.0
58,A15279403,0,0,0,0,0,0,7317807,19487780,-42790,11946670,202103.0
59,A15283702,0,0,0,0,0,0,1935110,6560120,112200,3696480,202103.0
60,A15283709,14845220,10539840,0,0,14210190,14210190,17323470,14715420,7383660,7012960,202103.0
61,A15283701,0,0,0,0,0,0,1111710,4297290,0,0,202103.0
62,A15282810,0,0,0,0,0,0,4867980,15770250,520490,10638840,202103.0
63,A15208005,0,0,0,0,0,0,1688180,5538940,-32640,3134260,202103.0
64,A15208202,0,0,73490,0,0,0,2061760,6990730,-468941,4190870,202103.0
65,A15208007,0,0,30000,0,0,0,2099870,6991680,115730,2794710,202103.0
66,A15282608,29321960,0,0,0,0,7911000,2357896,10388674,749160,5767010,202103.0
67,A15283704,0,0,0,0,0,0,2371600,9537340,2400,5156770,202103.0
68,A15279402,1525640,13412070,0,0,0,13154400,7550960,12021040,0,7578680,202103.0
69,A15208003,0,0,0,0,0,0,0,21490530,0,0,202103.0
70,A15279404,5971423,37894450,0,0,0,25202300,7221970,23837030,0,16890230,202103.0
71,A15283711,0,0,0,0,0,0,8059340,31188780,-7960,16308360,202103.0
72,A15282405,0,0,0,0,0,0,419560,0,0,7071120,202103.0
73,A15282105,0,0,0,0,0,0,3583552,11233610,90,6244860,202103.0
74,A15280304,0,0,0,0,0,0,2687560,7893440,0,0,202103.0
75,A15209206,0,0,90620,0,0,0,9918466,30693230,283450,16576600,202103.0
76,A15209304,0,0,93160,0,0,0,1904983,7907790,0,3797640,202103.0
77,A15209207,0,0,0,0,0,0,25367943,79559820,5208670,38546790,202103.0
78,A15209003,0,0,0,0,0,0,1070470,3680130,0,0,202103.0
79,A15209305,0,0,0,0,0,0,9303920,37947600,480,23054860,202103.0
80,A15209004,0,0,0,0,0,0,1490030,29004710,0,12452590,202103.0
81,A15209002,0,0,217320,0,0,0,26487370,60841960,0,37077930,202103.0
82,A15209203,-340,32409100,0,0,0,20475000,1947990,16262510,3106190,0,202103.0
83,A15209202,0,0,0,0,0,0,4623700,10017020,0,7342570,202103.0
84,A15280602,0,0,0,0,0,0,1877440,3907530,0,0,202103.0
85,A15209205,0,0,0,0,0,0,3477180,20938360,0,12508870,202103.0
86,A15209303,0,0,0,0,0,0,1841788,6002440,0,3466870,202103.0
87,A15209201,0,0,0,0,0,0,500000,6117140,703000,0,202103.0
88,A15280303,0,0,0,0,0,0,2091241,7145640,0,0,202103.0
89,A15209007,0,0,0,0,0,0,6983840,36360350,0,14397860,202103.0
90,A15209006,,,,,,,,,,,202103.0
91,A15275101,0,0,0,0,0,0,1417750,7115600,0,3314520,202103.0
92,A10024745,0,0,0,0,0,0,12295160,36502100,368170,14301330,202103.0
93,A15210101,0,0,49360,0,0,0,1221530,4228850,0,2440240,202103.0
94,A15210104,0,0,0,0,0,0,1359050,6708120,0,7368750,202103.0
95,A15210102,0,0,0,0,0,0,1494050,5869320,0,4133350,202103.0
96,A15210103,0,0,0,0,0,0,1267920,6439230,349060,6306120,202103.0
97,A15210206,0,0,0,0,0,0,1922430,6721510,0,0,202103.0
98,A15210105,0,0,0,0,0,0,2329620,7913960,138240,4378040,202103.0
99,A15210107,0,0,0,0,0,0,12510020,25711420,2037870,0,202103.0
100,A15210211,0,0,0,0,0,0,5039610,20974160,0,10263920,202103.0
101,A15210106,0,0,0,0,0,0,0,10401290,-2220,5339290,202103.0
102,A15210212,0,0,0,0,0,0,5863470,22233630,0,12376540,202103.0
103,A15278301,0,0,0,0,0,0,1359610,2825540,346050,0,202103.0
104,A15210210,0,0,0,0,0,0,16663500,0,7678560,0,202103.0
105,A15210209,0,0,0,0,0,0,1716920,14926340,-380,6568840,202103.0
106,A15210207,0,0,0,0,0,0,1428520,9922460,0,4755120,202103.0
107,A10026434,0,0,0,0,0,0,2480760,9400130,465090,6887440,202103.0
108,A10027522,,,,,,,,,,,202103.0
109,A15279101,0,0,0,0,0,0,8774760,33467050,0,15437260,202103.0
110,A15210001,33140,0,0,0,0,0,5566242,14985820,400890,7154380,202103.0
111,A15213006,269110,0,0,0,0,0,3725270,9716500,0,4750400,202103.0
112,A15213004,248940,0,0,0,0,0,2899774,16632510,27870,7917000,202103.0
113,A15213005,0,0,0,0,0,0,4932420,33228950,211650,16277600,202103.0
114,A15213002,249510,0,0,0,0,0,2230940,25053770,0,12109250,202103.0
115,A15213007,0,0,0,0,0,0,3339660,36965720,298530,16345970,202103.0
116,A15213001,330970,0,0,0,0,0,168700,18810180,0,10551610,202103.0
117,A10027764,0,0,180320,0,0,0,1361140,2924390,383240,1834300,202103.0
118,A10026729,0,0,172350,0,0,0,1430080,1290320,168470,1974030,202103.0
119,A10026039,0,0,0,0,0,0,359830,2508400,131900,2175870,202103.0
120,A15213003,0,0,0,0,0,0,993500,17937400,0,8085490,202103.0
121,A15271601,0,0,0,0,0,0,802660,11771280,224800,4123980,202103.0
122,A10025614,4141070,13700460,0,0,0,35790770,6691160,32970540,0,16415970,202103.0
123,A10025386,4222680,1899760,0,0,0,0,1926600,1683880,107690,1404300,202103.0
124,A10025387,2751150,8324250,0,0,0,16876800,6112800,17961810,0,10428470,202103.0
125,A10025858,9351800,3410190,0,0,-8215600,8215600,2719720,6281810,234090,3700030,202103.0
126,A10025564,1349850,1976320,0,0,0,3430800,877090,2321830,97910,1748790,202103.0
127,A10024849,1866050,6368810,0,0,0,10972650,3818800,12281430,41360,5888560,202103.0
128,A10024927,2590120,7248790,0,0,0,9394470,3563980,14148830,166310,5945160,202103.0
129,A10025115,3329640,10080560,0,0,0,11046000,6760220,18846430,-333430,6721380,202103.0
130,A10025193,3901520,11671140,0,0,60790,17739850,5707000,22463940,35950,10348480,202103.0
131,A10025302,4051466,0,0,0,8624224,0,9326290,0,4507220,0,202103.0
