,kaptCode,heatC,heatP,gasC,gasP,waterHotC,waterHotP,electC,electP,waterCoolC,waterCoolP,Date
0,A15288812,0,0,0,0,0,0,16364228,110579200,-328300,20404600,202108.0
1,A15288806,0,0,-721260,721260,0,0,5188202,27353070,0,0,202108.0
2,A15288802,0,0,0,0,0,0,3523960,16018210,64070,4606070,202108.0
3,A15288805,0,0,0,0,0,0,3623110,20995200,0,7856630,202108.0
4,A15288813,0,0,0,0,0,0,18840080,85663880,442810,23046620,202108.0
5,A15288801,0,0,0,0,0,0,1161660,0,13230,0,202108.0
6,A15288814,0,0,0,0,0,0,4736733,111778580,41130,45561410,202108.0
7,A15288809,0,0,0,0,0,0,4261580,24706200,1804490,11322260,202108.0
8,A15288803,0,0,0,0,0,0,2093848,14581480,80,4981630,202108.0
9,A15288804,0,0,0,0,0,0,3929750,18565520,0,0,202108.0
10,A15288807,0,0,6620,0,0,0,8443620,24257770,0,8653690,202108.0
11,A15288810,0,0,0,0,0,0,5605110,43424470,955370,18780310,202108.0
12,A15288611,4990780,0,0,0,-6604000,6604000,700300,40994170,53750,14177620,202108.0
13,A10028063,0,0,0,0,0,0,17882410,0,3243180,0,202108.0
14,A15288004,0,0,0,0,0,0,6610460,34215020,-1387660,9726090,202108.0
15,A15286806,69700,608190,0,0,0,4158000,5414110,29131660,1672720,9915450,202108.0
16,A15284305,0,0,3130,0,0,0,2973563,19566930,85840,7916700,202108.0
17,A15205305,0,0,0,0,0,0,1604360,27248340,114460,8005260,202108.0
18,A15288002,0,0,0,0,0,0,2170920,22094840,403740,9785820,202108.0
19,A15283809,0,0,18560,0,0,0,2801682,14129270,63920,0,202108.0
20,A15205108,0,0,0,0,0,0,9263140,32857190,0,15655270,202108.0
21,A15286809,21615000,0,0,0,-21615000,21615000,4775550,98377150,2166670,34419150,202108.0
22,A15283902,0,0,0,0,0,0,3657810,23411450,150020,7107950,202108.0
23,A15205103,0,0,0,0,0,0,1299844,12217030,-290,5608550,202108.0
24,A15284906,0,0,0,0,0,0,5440283,53743110,-512790,23334660,202108.0
25,A15205002,0,0,0,0,0,0,1109120,4098340,0,2946620,202108.0
26,A15283806,0,0,0,0,0,0,0,21339970,0,5446000,202108.0
27,A15205104,0,0,0,0,0,0,4027480,21244580,0,9802570,202108.0
28,A15286210,0,0,0,0,0,0,4884880,22424820,166500,8796330,202108.0
29,A15283807,0,0,0,0,0,0,17599150,15876740,6176800,6176030,202108.0
30,A15205303,0,0,0,0,0,0,1413690,34410100,-794920,9838220,202108.0
31,A15285503,0,0,0,0,0,0,418450,0,22820,0,202108.0
32,A15286807,0,0,0,0,0,6834000,1042200,43202530,205080,13640160,202108.0
33,A15286802,0,0,0,0,0,0,2660370,13827030,680570,0,202108.0
34,A15285004,0,0,0,0,0,0,924120,17326150,155220,7927720,202108.0
35,A15283801,0,0,0,0,0,0,2253435,8975890,0,3587100,202108.0
36,A15205301,0,0,0,0,0,0,499766,18083030,106790,4683480,202108.0
37,A15205001,0,0,0,0,0,0,10658440,0,4193950,0,202108.0
38,A15286805,0,0,0,0,0,0,0,16612890,160660,6642850,202108.0
39,A15284603,0,0,0,0,0,0,356620,15355320,0,6970030,202108.0
40,A15205513,360190,0,0,0,0,7134360,30110550,55477510,2231730,24257180,202108.0
41,A15283803,0,0,0,0,0,0,3688720,8955140,30750,2785010,202108.0
42,A15285804,0,0,0,0,0,0,2575130,22912700,132480,12417230,202108.0
43,A15286602,0,0,400,0,0,0,13531900,0,285390,0,202108.0
44,A15286801,-2014420,0,0,0,0,2958000,819020,15952180,0,5809300,202108.0
45,A15205405,0,0,-1401090,1388760,3786040,13055800,2038092,32511770,0,17912680,202108.0
46,A15270501,,,,,,,,,,,202108.0
47,A10027493,,,,,,,,,,,202108.0
48,A10026989,,,,,,,,,,,202108.0
49,A15205511,0,0,0,0,0,0,-2955284,58249340,-10,14347540,202108.0
50,A10027507,,,,,,,,,,,202108.0
51,A15208204,0,0,0,0,0,0,594540,27345550,0,8092970,202108.0
52,A15282403,0,0,0,0,0,0,3912106,13707250,0,0,202108.0
53,A15208201,0,0,0,0,0,0,2702430,7635370,0,3037070,202108.0
54,A15283707,1363290,0,0,0,0,2042000,8649420,18998990,1120890,6835300,202108.0
55,A15208006,0,0,0,0,0,0,6159970,25716760,264500,6733640,202108.0
56,A15283603,0,0,0,0,0,0,1699330,15031070,0,5601720,202108.0
57,A15283706,0,0,0,0,0,0,5852620,22848580,0,7171680,202108.0
58,A15279403,0,0,0,0,0,0,12002613,40485660,-444210,14436820,202108.0
59,A15283702,0,0,0,0,0,0,1440540,8164630,78390,4473580,202108.0
60,A15283709,2114520,0,0,0,1373760,1373760,29893340,25678050,9340550,9115400,202108.0
61,A15283701,0,0,0,0,0,0,1116170,8507290,0,0,202108.0
62,A15282810,0,0,0,0,0,0,8430150,32883400,812820,13341660,202108.0
63,A15208005,0,0,0,0,0,0,2517500,10450620,36170,3444540,202108.0
64,A15208202,0,0,0,0,0,0,3649240,14069440,50,5596230,202108.0
65,A15208007,0,0,1760,0,0,0,2895580,15969380,177790,3510610,202108.0
66,A15282608,1649320,0,0,0,0,3033000,1048900,30021730,750430,7168270,202108.0
67,A15283704,0,0,0,0,0,0,902120,20846220,20520,5670040,202108.0
68,A15279402,1521628,0,0,0,512,1955950,9826280,26645110,300,8725060,202108.0
69,A15208003,0,0,0,0,0,0,0,50491140,0,23634940,202108.0
70,A15279404,8886460,0,0,0,-5250000,5247900,17126571,53169770,1219220,18758970,202108.0
71,A15283711,0,0,0,0,0,0,14539540,68826730,2800,20117180,202108.0
72,A15282405,0,0,0,0,0,0,331360,0,0,0,202108.0
73,A15282105,0,0,0,0,0,0,4248296,21456470,50,6800550,202108.0
74,A15280304,0,0,0,0,0,0,3301290,13693700,0,0,202108.0
75,A15209206,0,0,6350,0,0,0,6335725,39473600,0,18721540,202108.0
76,A15209304,0,0,3070,0,0,0,2423208,16586512,0,4645840,202108.0
77,A15209207,0,0,0,0,0,0,7858811,112715210,4232570,48995990,202108.0
78,A15209003,0,0,0,0,0,0,599050,7055850,0,0,202108.0
79,A15209305,0,0,0,0,0,0,5564302,79641270,20930,26664330,202108.0
80,A15209004,0,0,0,0,0,0,2393860,33428300,0,14219670,202108.0
81,A15209002,0,0,2240,0,0,0,40351956,121106960,-1060,39991860,202108.0
82,A15209203,-1110,343670,0,0,0,6937000,1516070,42860670,2250770,0,202108.0
83,A15209202,0,0,0,0,0,0,5140040,19017420,0,7742240,202108.0
84,A15280602,0,0,0,0,0,0,1528670,8959380,-351370,5999030,202108.0
85,A15209205,0,0,0,0,0,0,5981380,35748350,503300,14386090,202108.0
86,A15209303,0,0,0,0,0,0,2083346,10227050,0,3836480,202108.0
87,A15209201,0,0,0,0,0,0,580000,11549050,0,0,202108.0
88,A15280303,0,0,0,0,0,0,1780501,13067490,0,0,202108.0
89,A15209007,0,0,0,0,0,0,12617050,72233940,0,17601150,202108.0
90,A15209006,,,,,,,,,,,202108.0
91,A15275101,0,0,0,0,0,0,1008750,12018370,0,3780280,202108.0
92,A10024745,0,0,0,0,0,0,15735240,63237180,325530,18358640,202108.0
93,A15210101,0,0,760,0,0,0,637950,5768300,0,2912120,202108.0
94,A15210104,0,0,0,0,0,0,14417970,11874860,0,0,202108.0
95,A15210102,0,0,0,0,0,0,4333530,8924120,0,4427210,202108.0
96,A15210103,0,0,0,0,0,0,154530,12577950,0,0,202108.0
97,A15210206,0,0,0,0,0,0,1927840,12905170,0,0,202108.0
98,A15210105,0,0,0,0,0,0,1287780,9878550,132270,4910850,202108.0
99,A15210107,0,0,0,0,0,0,9467550,45257990,0,0,202108.0
100,A15210211,0,0,0,0,0,0,2712720,27395620,0,14167580,202108.0
101,A15210106,0,0,0,0,0,0,0,20287520,-2200,5476530,202108.0
102,A15210212,0,0,0,0,0,0,7133320,44870040,0,13559240,202108.0
103,A15278301,0,0,0,0,0,0,138000,4132300,0,0,202108.0
104,A15210210,0,0,0,0,0,0,30605570,0,8285410,0,202108.0
105,A15210209,0,0,0,0,0,0,1377560,27395750,-200,7173000,202108.0
106,A15210207,0,0,0,0,0,0,0,19712090,0,5909220,202108.0
107,A10026434,0,0,0,0,0,0,1431760,23481190,285310,8575050,202108.0
108,A10027522,,,,,,,,,,,202108.0
109,A15279101,0,0,0,0,0,0,16072250,63859170,0,20621310,202108.0
110,A15210001,12280,0,0,0,0,0,5023002,28820840,396580,8222900,202108.0
111,A15213006,24380,0,0,0,0,0,93150,22584880,0,4918650,202108.0
112,A15213004,19510,0,0,0,0,0,-1377284,32200610,-688530,8757640,202108.0
113,A15213005,0,0,0,0,0,0,0,76134210,0,16417870,202108.0
114,A15213002,0,0,0,0,0,0,-960600,51443780,-994040,12720420,202108.0
115,A15213007,0,0,0,0,0,0,4223630,77541230,181620,19314550,202108.0
116,A15213001,7760,0,0,0,0,0,-3240810,45078840,0,11191710,202108.0
117,A10027764,0,0,70640,0,0,0,8150090,0,2934840,0,202108.0
118,A10026729,0,0,214880,0,0,0,1090820,3698520,0,0,202108.0
119,A10026039,0,0,0,0,0,0,0,6157410,0,2279460,202108.0
120,A15213003,0,0,0,0,0,0,-2481460,39490600,0,8490050,202108.0
121,A15271601,0,0,0,0,0,0,1218175,16531570,414640,5266040,202108.0
122,A10025614,4141070,28820,0,0,0,7913340,2681100,72345700,0,19390220,202108.0
123,A10025386,1595590,0,0,0,0,0,3829840,3852880,125550,1485210,202108.0
124,A10025387,2270150,0,521180,0,0,4064400,8572090,41717070,-1010,11545220,202108.0
125,A10025858,4263790,0,0,0,-3076000,3076000,3194340,15297710,787040,4522310,202108.0
126,A10025564,585930,0,0,0,0,1132960,766160,5154360,97910,1735350,202108.0
127,A10024849,1844551,0,0,0,-1,2817430,2209235,22921120,30800,6392060,202108.0
128,A10024927,2140420,0,0,0,0,2083430,4083100,22175770,170,6098770,202108.0
129,A10025115,2630280,0,0,0,0,2397850,8926260,34190250,-102140,7622350,202108.0
130,A10025193,3818760,16150,0,0,0,3639150,10043690,33583240,,,202108.0
131,A10025302,730726,0,0,0,492824,1421140,4673110,13498380,45190,4887480,202108.0
