,kaptCode,heatC,heatP,gasC,gasP,waterHotC,waterHotP,electC,electP,waterCoolC,waterCoolP,Date
0,A15288812,0,0,0,0,0,0,10923868,43670990,-626150,19921140,202105.0
1,A15288806,0,0,-525490,525490,0,0,3649030,12579510,0,0,202105.0
2,A15288802,0,0,0,0,0,0,2375520,7648480,59010,4017890,202105.0
3,A15288805,0,0,0,0,0,0,3426940,16841310,0,6973660,202105.0
4,A15288813,0,0,0,0,0,0,10857000,36428260,239620,21694380,202105.0
5,A15288801,0,0,2940,0,0,0,937480,0,0,0,202105.0
6,A15288814,0,0,0,0,0,0,24941550,67668980,0,39861050,202105.0
7,A15288809,0,0,0,0,0,0,5481820,19591460,1498050,10666130,202105.0
8,A15288803,0,0,0,0,0,0,1631505,6422490,240,4170930,202105.0
9,A15288804,0,0,0,0,0,0,2698040,8069590,0,0,202105.0
10,A15288807,0,0,61310,0,0,0,7916890,16936820,0,7813830,202105.0
11,A15288810,0,0,0,0,0,0,8732828,31272950,1073400,17302720,202105.0
12,A15288611,15534940,0,0,0,0,0,21837510,0,13635750,0,202105.0
13,A10028063,0,0,0,0,0,0,7231190,0,2866690,0,202105.0
14,A15288004,0,0,0,0,0,0,2646600,16179620,-249820,8000730,202105.0
15,A15286806,74100,3034200,0,0,0,8620500,4079960,13981790,3112110,7952890,202105.0
16,A15284305,0,0,10080,0,0,0,1862991,7653820,75360,4784460,202105.0
17,A15205305,0,0,0,0,0,0,4491670,12232930,201790,7201440,202105.0
18,A15288002,0,0,1250,0,0,0,4543370,15343690,75580,8647460,202105.0
19,A15283809,0,0,81660,0,0,0,3102410,7793330,30000,0,202105.0
20,A15205108,0,0,0,0,0,0,6952600,25943220,0,15020700,202105.0
21,A15286809,55722940,0,0,0,-41605000,41605000,16748711,40782050,-905750,35963010,202105.0
22,A15283902,0,0,0,0,0,0,2490550,9699990,193550,6188840,202105.0
23,A15205103,0,0,0,0,0,0,2432494,8322740,-300,5283580,202105.0
24,A15284906,0,0,0,0,0,0,9888178,40380240,-2263880,22196760,202105.0
25,A15205002,0,0,0,0,0,0,1416970,3385310,-512750,2803170,202105.0
26,A15283806,0,0,0,0,0,0,1359830,8989810,0,4815690,202105.0
27,A15205104,0,0,0,0,0,0,5560350,16025000,0,8700410,202105.0
28,A15286210,0,0,0,0,0,0,4330375,16174010,207000,8047020,202105.0
29,A15283807,0,0,0,0,0,0,12642930,13197430,5556790,5556610,202105.0
30,A15205303,0,0,0,0,0,0,2919770,14081220,-543330,8557110,202105.0
31,A15285503,0,0,0,0,0,0,282170,0,0,0,202105.0
32,A15286807,0,1254000,0,0,0,11550000,3699310,26123820,290990,13273690,202105.0
33,A15286802,0,0,0,0,0,0,2131670,9288220,0,0,202105.0
34,A15285004,0,0,0,0,0,0,2667420,12172550,111500,7452980,202105.0
35,A15283801,0,0,0,0,0,0,2164994,7135380,0,2606990,202105.0
36,A15205301,0,0,0,0,0,0,95941,8748490,124060,3983250,202105.0
37,A15205001,0,0,0,0,0,0,1885870,7916260,496280,3592640,202105.0
38,A15286805,0,0,55020,0,0,0,160400,8604290,39040,5917750,202105.0
39,A15284603,0,0,0,0,0,0,2215480,9366190,0,6156330,202105.0
40,A15205513,1484110,17774200,0,0,0,11886170,7416470,39426020,8077160,17012800,202105.0
41,A15283803,0,0,0,0,0,0,2192100,4238240,44480,2663150,202105.0
42,A15285804,0,0,0,0,0,0,5330387,17722650,99490,11688440,202105.0
43,A15286602,0,0,0,0,0,0,5713250,0,0,0,202105.0
44,A15286801,1928090,0,0,0,0,5364000,763760,9126770,0,5872130,202105.0
45,A15205405,0,0,-1156320,1142920,-2439030,24325200,6525940,23062160,0,16615780,202105.0
46,A15270501,,,,,,,,,,,202105.0
47,A10027493,,,,,,,,,,,202105.0
48,A10026989,,,,,,,,,,,202105.0
49,A15205511,0,0,0,0,0,0,1557103,25056520,20,12356430,202105.0
50,A10027507,,,,,,,,,,,202105.0
51,A15208204,0,0,0,0,0,0,1612040,13031570,0,7884210,202105.0
52,A15282403,0,0,0,0,0,0,1462423,7086180,0,0,202105.0
53,A15208201,0,0,0,0,0,0,1361340,3814260,211640,2617380,202105.0
54,A15283707,2146580,846550,0,0,0,6114000,3912230,10134870,1987960,5343540,202105.0
55,A15208006,0,0,0,0,0,0,3544230,11196950,238290,6482780,202105.0
56,A15283603,0,0,0,0,0,0,1395540,6855090,-64,5581394,202105.0
57,A15283706,0,0,0,0,0,0,3498340,10084390,0,6471040,202105.0
58,A15279403,0,0,0,0,0,0,7454016,21544800,-75800,12471220,202105.0
59,A15283702,0,0,0,0,0,0,1453630,6364660,0,4152300,202105.0
60,A15283709,4693750,1778020,0,0,5955930,5955930,16248780,12718760,8007620,7775810,202105.0
61,A15283701,0,0,0,0,0,0,920950,3920850,0,0,202105.0
62,A15282810,0,0,0,0,0,0,4810090,15820220,521220,11914270,202105.0
63,A15208005,0,0,0,0,0,0,1825920,5654190,-66340,3460470,202105.0
64,A15208202,0,0,0,0,0,0,1159650,7696300,-220,5084260,202105.0
65,A15208007,0,0,3250,0,0,0,2969910,7479130,336030,3142750,202105.0
66,A15282608,5738140,0,0,0,0,6879000,1802880,10788690,902600,6985480,202105.0
67,A15283704,0,0,0,0,0,0,1183660,10253640,24480,5374110,202105.0
68,A15279402,1522720,1024880,0,0,-250,6845880,6472400,13073320,0,7936670,202105.0
69,A15208003,0,0,0,0,0,0,763510,22677640,0,0,202105.0
70,A15279404,20777420,2689600,0,0,-16352000,16334500,12008548,24297380,2743160,16172040,202105.0
71,A15283711,0,0,0,0,0,0,7124510,30645520,-5210,17351760,202105.0
72,A15282405,0,0,0,0,0,0,340430,0,0,5604720,202105.0
73,A15282105,0,0,0,0,0,0,3170189,10555890,90,6383190,202105.0
74,A15280304,0,0,0,0,0,0,2215460,7127650,0,0,202105.0
75,A15209206,0,0,13740,0,0,0,8145113,30179190,649840,17154000,202105.0
76,A15209304,0,0,26500,0,0,0,1528417,8754900,0,3718870,202105.0
77,A15209207,0,0,0,0,0,0,21674409,76473480,5633180,43279920,202105.0
78,A15209003,0,0,0,0,0,0,771310,3757820,0,0,202105.0
79,A15209305,0,0,0,0,0,0,6927177,39366760,3540,23943030,202105.0
80,A15209004,0,0,0,0,0,0,1632810,27137820,0,13719410,202105.0
81,A15209002,0,0,7530,0,0,0,25619403,58802970,0,37452580,202105.0
82,A15209203,920,1248320,0,0,0,17360000,3130700,18006280,1627190,0,202105.0
83,A15209202,0,0,0,0,0,0,4339390,9672400,0,7448640,202105.0
84,A15280602,0,0,0,0,0,0,1538100,4219320,0,0,202105.0
85,A15209205,0,0,0,0,0,0,3204910,19645480,0,13140240,202105.0
86,A15209303,0,0,0,0,0,0,1539330,6166270,3544520,3544520,202105.0
87,A15209201,0,0,0,0,0,0,254930,6227670,405650,0,202105.0
88,A15280303,0,0,0,0,0,0,1325868,7248640,0,0,202105.0
89,A15209007,0,0,0,0,0,0,6306030,36955330,0,15571400,202105.0
90,A15209006,,,,,,,,,,,202105.0
91,A15275101,0,0,0,0,0,0,444470,7545300,0,3705160,202105.0
92,A10024745,0,0,0,0,0,0,10965940,36626200,329600,16306110,202105.0
93,A15210101,0,0,3690,0,0,0,1120450,4006620,0,2686610,202105.0
94,A15210104,0,0,0,0,0,0,8034139,0,6848670,0,202105.0
95,A15210102,0,0,0,0,0,0,1325720,6138967,0,4168900,202105.0
96,A15210103,0,0,0,0,0,0,1017080,6331950,0,6287640,202105.0
97,A15210206,0,0,0,0,0,0,1313590,7775550,0,0,202105.0
98,A15210105,0,0,0,0,0,0,2362430,7035790,39860,4570970,202105.0
99,A15210107,0,0,0,0,0,0,11495230,26599290,2388570,0,202105.0
100,A15210211,0,0,0,0,0,0,4786060,19916340,0,11534130,202105.0
101,A15210106,0,0,0,0,0,0,0,11229500,636400,5367750,202105.0
102,A15210212,0,0,0,0,0,0,5314940,22770310,0,11968790,202105.0
103,A15278301,0,0,0,0,0,0,948270,2893680,405430,0,202105.0
104,A15210210,0,0,0,0,0,0,16608800,0,7717890,0,202105.0
105,A15210209,0,0,0,0,0,0,1462710,13832200,-740,6709530,202105.0
106,A15210207,0,0,0,0,0,0,1360150,10017850,0,5225530,202105.0
107,A10026434,0,0,0,0,0,0,2664610,10063910,278780,7918100,202105.0
108,A10027522,,,,,,,,,,,202105.0
109,A15279101,0,0,0,0,0,0,8975060,34460100,0,17936650,202105.0
110,A15210001,26500,0,0,0,0,0,4500236,15362410,47120,7797790,202105.0
111,A15213006,146000,0,0,0,0,0,1420410,9629130,0,4458370,202105.0
112,A15213004,106880,0,0,0,0,0,1051549,15499480,7650,8106690,202105.0
113,A15213005,0,0,0,0,0,0,3516470,32364980,611840,16547350,202105.0
114,A15213002,114050,0,0,0,0,0,472340,24178410,-181820,12276250,202105.0
115,A15213007,0,0,0,0,0,0,3582890,37244550,385240,17842680,202105.0
116,A15213001,103110,0,0,0,0,0,26380,19584440,0,10547330,202105.0
117,A10027764,0,0,236910,0,0,0,1058350,3236710,408240,1955460,202105.0
118,A10026729,0,0,29900,0,0,0,982220,1282740,126120,1892960,202105.0
119,A10026039,0,0,0,0,0,0,210750,2500380,212840,2166070,202105.0
120,A15213003,0,0,0,0,0,0,523550,16695500,0,8182970,202105.0
121,A15271601,0,0,0,0,0,0,651333,11274050,187790,4706990,202105.0
122,A10025614,4141070,1893350,0,0,0,22605870,6381430,30739760,0,17448120,202105.0
123,A10025386,2946330,272680,0,0,0,0,2180380,1756100,0,1435920,202105.0
124,A10025387,2627110,995320,0,0,0,10830400,5632930,19206220,-1260,9457900,202105.0
125,A10025858,7058590,512820,0,0,-6633200,6633200,2455750,6562130,513910,3894340,202105.0
126,A10025564,974340,220570,0,0,0,2181600,868450,2444380,97910,1717590,202105.0
127,A10024849,1865350,909520,0,0,0,7222420,3056823,12710590,52000,6221860,202105.0
128,A10024927,2296290,820850,0,0,0,6352210,2949950,13840960,90,6111770,202105.0
129,A10025115,2913530,1204260,0,0,0,7100730,6713200,18259690,-188300,7080090,202105.0
130,A10025193,3818760,1450860,0,0,0,10968420,4356500,21567100,0,11438820,202105.0
131,A10025302,1118646,0,0,0,5463894,0,9161990,0,4811840,0,202105.0
