,kaptCode,heatC,heatP,gasC,gasP,waterHotC,waterHotP,electC,electP,waterCoolC,waterCoolP,Date
0,A15288812,0,0,0,0,0,0,16215903,56374090,-319930,17000180,202102.0
1,A15288806,0,0,-710800,710800,0,0,7647938,17439810,0,0,202102.0
2,A15288802,0,0,0,0,0,0,3103030,9890350,73260,3985740,202102.0
3,A15288805,0,0,0,0,0,0,3721540,15445710,0,7110430,202102.0
4,A15288813,0,0,0,0,0,0,22503030,48821690,376550,22598840,202102.0
5,A15288801,0,0,55150,0,0,0,1255300,0,10530,0,202102.0
6,A15288814,0,0,0,0,0,0,23599050,72509540,12188,41658830,202102.0
7,A15288809,0,0,0,0,0,0,5976630,19297590,1133140,9745460,202102.0
8,A15288803,0,0,0,0,0,0,2647252,8621280,390,4389970,202102.0
9,A15288804,0,0,0,0,0,0,3305920,10784050,0,0,202102.0
10,A15288807,0,0,124180,0,0,0,5623400,15761780,0,8207510,202102.0
11,A15288810,0,0,0,0,0,0,9704710,30117640,554140,14960080,202102.0
12,A15288611,76205280,0,0,0,0,0,30237030,0,11012610,0,202102.0
13,A10028063,0,0,0,0,0,0,10983320,0,3108790,0,202102.0
14,A15288004,0,0,0,0,0,0,6096970,20900200,0,8564860,202102.0
15,A15286806,269590,44915070,0,0,0,9023000,7461000,16237410,2218870,8001860,202102.0
16,A15284305,0,0,83630,0,0,0,2946194,9401270,104640,4937930,202102.0
17,A15205305,0,0,0,0,0,0,6307000,15581730,283720,7427160,202102.0
18,A15288002,0,0,164570,0,0,0,5052160,16143340,196490,9080300,202102.0
19,A15283809,0,0,238150,0,0,0,3763894,9671260,12120,0,202102.0
20,A15205108,0,0,0,0,0,0,8248770,25864830,0,13000340,202102.0
21,A15286809,213207530,0,0,0,0,0,76734897,0,38030350,0,202102.0
22,A15283902,0,0,0,0,0,0,3539090,12384270,174160,6208230,202102.0
23,A15205103,0,0,0,0,0,0,3083640,8207120,-140,5008860,202102.0
24,A15284906,0,0,0,0,0,0,9161314,39595160,-207820,19448080,202102.0
25,A15205002,0,0,0,0,0,0,1663274,3508030,921020,1903530,202102.0
26,A15283806,0,0,0,0,0,0,2003620,12022360,0,5069600,202102.0
27,A15205104,0,0,0,0,0,0,4888480,15216560,0,7612560,202102.0
28,A15286210,0,0,0,0,0,0,5480171,16673930,121500,7474170,202102.0
29,A15283807,0,0,0,0,0,0,13060450,13194620,5668590,5668400,202102.0
30,A15205303,0,0,0,0,0,0,3510970,17962890,-426320,8485800,202102.0
31,A15285503,0,0,0,0,0,0,684280,0,100000,0,202102.0
32,A15286807,0,24734000,0,0,0,12861000,4472730,26785920,271610,11506540,202102.0
33,A15286802,0,0,0,0,0,0,2949760,9561350,882510,0,202102.0
34,A15285004,0,0,0,0,0,0,3036920,12830080,108960,6905480,202102.0
35,A15283801,0,0,0,0,0,0,2593613,6875110,0,3297640,202102.0
36,A15205301,0,0,0,0,0,0,405635,11000720,145350,4007670,202102.0
37,A15205001,0,0,0,0,0,0,2089410,7585930,725130,3303580,202102.0
38,A15286805,0,0,293280,0,0,0,0,9197860,0,8060950,202102.0
39,A15284603,0,0,0,0,0,0,2846100,9079460,0,5682150,202102.0
40,A15205513,6284050,115130740,0,0,0,9774660,35165660,39148520,6447770,14808410,202102.0
41,A15283803,0,0,0,0,0,0,2545870,5886330,200000,2781650,202102.0
42,A15285804,0,0,0,0,0,0,5266769,17568870,104520,10573820,202102.0
43,A15286602,0,0,53300,0,0,0,7641880,0,103950,0,202102.0
44,A15286801,23203050,0,0,0,0,6285000,737390,5729710,0,5658590,202102.0
45,A15205405,-1032,66961390,-1005990,993570,4000000,29951200,5629457,21288750,0,16522700,202102.0
46,A15270501,,,,,,,,,,,202102.0
47,A10027493,,,,,,,,,,,202102.0
48,A10026989,,,,,,,,,,,202102.0
49,A15205511,0,0,0,0,0,0,419463,35597350,380,12644290,202102.0
50,A10027507,,,,,,,,,,,202102.0
51,A15208204,0,0,0,0,0,0,1554030,16859360,0,7036230,202102.0
52,A15282403,0,0,0,0,0,0,2423486,8516250,0,0,202102.0
53,A15208201,0,0,0,0,0,0,1814300,5278620,1140,2826050,202102.0
54,A15283707,4704890,20211870,0,0,0,9880000,5355960,12592160,2562810,4463840,202102.0
55,A15208006,0,0,0,0,0,0,6138820,14448710,267420,5896510,202102.0
56,A15283603,0,0,0,0,0,0,2945550,8622990,-1430,4847500,202102.0
57,A15283706,0,0,0,0,0,0,4326180,13055840,0,6400870,202102.0
58,A15279403,0,0,0,0,0,0,7965298,24759080,465410,12478040,202102.0
59,A15283702,0,0,0,0,0,0,1056690,7126560,0,4069930,202102.0
60,A15283709,27268320,22578260,0,0,15461160,15461160,21155190,19008650,9143020,7687950,202102.0
61,A15283701,0,0,0,0,0,0,1694920,5039050,0,0,202102.0
62,A15282810,0,0,0,0,0,0,6194000,20327610,1182650,11753970,202102.0
63,A15208005,0,0,0,0,0,0,2041530,6909620,-14330,3294720,202102.0
64,A15208202,0,0,70070,0,0,0,2258810,9440290,-510600,3972800,202102.0
65,A15208007,0,0,56800,0,0,0,4128310,9033770,352390,3109670,202102.0
66,A15282608,37233190,0,0,0,0,6612000,3208555,12575165,900420,7129110,202102.0
67,A15283704,0,0,0,0,0,0,4264420,12896660,5230,5128430,202102.0
68,A15279402,1525410,27880740,0,0,0,11404320,11108498,16325032,-1800,8318410,202102.0
69,A15208003,0,0,0,0,0,0,0,28522380,0,21618140,202102.0
70,A15279404,4021573,68018100,0,0,0,26216400,8255100,30640410,1512960,15759040,202102.0
71,A15283711,0,0,0,0,0,0,13912570,39529280,-6740,18788350,202102.0
72,A15282405,0,0,0,0,0,0,429640,0,0,0,202102.0
73,A15282105,0,0,0,0,0,0,3503068,14768170,-270,5449790,202102.0
74,A15280304,0,0,0,0,0,0,2773030,9933910,0,0,202102.0
75,A15209206,0,0,192170,0,0,0,8501404,30419020,0,17958500,202102.0
76,A15209304,0,0,107530,0,0,0,2504724,10086470,0,3718870,202102.0
77,A15209207,0,0,0,0,0,0,22360589,77569850,3888580,43465120,202102.0
78,A15209003,0,0,0,0,0,0,1678330,4454000,0,0,202102.0
79,A15209305,0,0,0,0,0,0,12328263,48202480,-10,23182680,202102.0
80,A15209004,0,0,0,0,0,0,2640170,26524440,0,13404610,202102.0
81,A15209002,0,0,274960,0,0,0,36624127,80586660,0,33978450,202102.0
82,A15209203,-60,44472550,0,0,0,23597000,2908080,21269440,2683270,0,202102.0
83,A15209202,0,0,0,0,0,0,5355590,12991330,0,6611220,202102.0
84,A15280602,0,0,0,0,0,0,2204710,5012000,-704320,5735220,202102.0
85,A15209205,0,0,0,0,0,0,4427150,23965430,0,13102960,202102.0
86,A15209303,0,0,0,0,0,0,2588178,7937940,0,3505680,202102.0
87,A15209201,0,0,0,0,0,0,578500,7176170,0,0,202102.0
88,A15280303,0,0,0,0,0,0,2811284,8454020,0,0,202102.0
89,A15209007,0,0,0,0,0,0,15992490,47890690,0,16145780,202102.0
90,A15209006,,,,,,,,,,,202102.0
91,A15275101,0,0,0,0,0,0,1582730,9469360,0,3728010,202102.0
92,A10024745,0,0,0,0,0,0,15158570,34842410,-6910,16070520,202102.0
93,A15210101,0,0,65780,0,0,0,1217830,3960240,0,2916940,202102.0
94,A15210104,0,0,0,0,0,0,1952253,9045060,0,0,202102.0
95,A15210102,0,0,0,0,0,0,2334400,6794880,0,3764050,202102.0
96,A15210103,0,0,0,0,0,0,1209300,8255480,0,0,202102.0
97,A15210206,0,0,0,0,0,0,2028650,10105830,0,0,202102.0
98,A15210105,0,0,0,0,0,0,2654080,7126950,0,4051160,202102.0
99,A15210107,0,0,0,0,0,0,16556260,33369790,0,0,202102.0
100,A15210211,0,0,0,0,0,0,5371670,19287330,0,13423120,202102.0
101,A15210106,0,0,0,0,0,0,0,14108990,153920,5016380,202102.0
102,A15210212,0,0,0,0,0,0,7951900,28580690,0,10978330,202102.0
103,A15278301,0,0,0,0,0,0,1879260,3700070,0,0,202102.0
104,A15210210,0,0,0,0,0,0,5003720,15767560,1208350,6905800,202102.0
105,A15210209,0,0,0,0,0,0,3236710,19093600,40,5867020,202102.0
106,A15210207,0,0,0,0,0,0,1285470,12833140,0,5405390,202102.0
107,A10026434,0,0,0,0,0,0,2768440,11242260,266700,7958080,202102.0
108,A10027522,,,,,,,,,,,202102.0
109,A15279101,0,0,0,0,0,0,18349410,41622220,0,18950730,202102.0
110,A15210001,41610,0,0,0,0,0,11182051,17028370,237940,8269400,202102.0
111,A15213006,202490,0,0,0,0,0,8106850,12148190,0,4240320,202102.0
112,A15213004,297430,0,0,0,0,0,8256842,20569350,81920,7112030,202102.0
113,A15213005,0,0,0,0,0,0,6398240,43013790,512510,14040240,202102.0
114,A15213002,258160,0,0,0,0,0,2094620,31646300,0,10860350,202102.0
115,A15213007,0,0,0,0,0,0,3522360,46856710,350330,18257470,202102.0
116,A15213001,386930,0,0,0,0,0,-419180,23937670,0,9454260,202102.0
117,A10027764,0,0,188380,0,0,0,2075480,3489620,518980,1503560,202102.0
118,A10026729,0,0,218340,0,0,0,2581390,1665330,0,0,202102.0
119,A10026039,0,0,0,0,0,0,102400,3640940,91790,1951860,202102.0
120,A15213003,0,0,0,0,0,0,1198130,23067500,0,7168880,202102.0
121,A15271601,0,0,0,0,0,0,1080531,11109910,112290,4739430,202102.0
122,A10025614,4141070,27402720,0,0,0,39691610,6685880,42300810,0,17367100,202102.0
123,A10025386,4707050,3270190,0,0,0,0,2030360,2104950,133020,1385700,202102.0
124,A10025387,3752250,18019860,0,0,0,17572000,9123140,23220920,0,11173420,202102.0
125,A10025858,9932470,6745880,0,0,-8555400,8555400,4618720,8134420,663960,3909770,202102.0
126,A10025564,1691190,3954560,0,0,0,3722400,1165880,2757050,97910,1555890,202102.0
127,A10024849,15052561,36520,0,0,7258419,4558320,1985500,14387750,-823930,5939120,202102.0
128,A10024927,2819610,13519220,0,0,-470,10613610,4764640,12609020,0,4032310,202102.0
129,A10025115,3816560,19744980,0,0,0,11130600,8816270,16550090,177070,6753350,202102.0
130,A10025193,3944500,22335940,0,0,68900,20926030,8360590,19895400,33090,11645410,202102.0
131,A10025302,7877726,0,0,0,9651504,0,12721270,0,4441680,0,202102.0
