,kaptCode,heatC,heatP,gasC,gasP,waterHotC,waterHotP,electC,electP,waterCoolC,waterCoolP,Date
0,A15288812,0,0,0,0,0,0,10872139,50271220,80740,18196190,202111.0
1,A15288806,0,0,0,0,0,0,3407743,14064950,0,0,202111.0
2,A15288802,0,0,0,0,0,0,2598320,9313350,192920,4165930,202111.0
3,A15288805,0,0,0,0,0,0,3636170,17275690,0,7509970,202111.0
4,A15288813,0,0,0,0,0,0,12860730,38666910,554750,19706780,202111.0
5,A15288801,0,0,0,0,0,0,1077980,0,0,0,202111.0
6,A15288814,0,0,0,0,0,0,26876308,71534590,52730,43278220,202111.0
7,A15288809,0,0,0,0,0,0,6697270,20817660,1702560,10283530,202111.0
8,A15288803,0,0,0,0,0,0,1749193,7142700,-360,4593220,202111.0
9,A15288804,0,0,0,0,0,0,2621280,8940830,0,0,202111.0
10,A15288807,0,0,21710,0,0,0,7981500,16996950,0,8338240,202111.0
11,A15288810,0,0,0,0,0,0,9561390,33811070,816730,16022120,202111.0
12,A15288611,46797400,0,0,0,-14220000,14220000,4171630,20752920,-112030,12394310,202111.0
13,A10028063,0,0,0,0,0,0,7742810,0,3170610,0,202111.0
14,A15288004,0,0,0,0,0,0,4293590,14648130,0,8616210,202111.0
15,A15286806,69500,22093080,0,0,0,9051000,5037950,16044170,2845800,8685990,202111.0
16,A15284305,0,0,32420,0,0,0,2245242,8614490,469440,4912640,202111.0
17,A15205305,0,0,0,0,0,0,3512640,14768500,365770,7561080,202111.0
18,A15288002,0,0,0,0,0,0,5246980,16232790,-253080,9061090,202111.0
19,A15283809,0,0,17240,0,0,0,2331496,9400120,0,0,202111.0
20,A15205108,0,0,0,0,0,0,5941410,28022540,0,14758050,202111.0
21,A15286809,85116490,85129340,0,0,48455000,48450000,13023205,54294290,0,35265090,202111.0
22,A15283902,0,0,0,0,0,0,2419460,10948770,227290,6733520,202111.0
23,A15205103,0,0,0,0,0,0,2257533,9203050,-150,5662900,202111.0
24,A15284906,0,0,0,0,0,0,9955377,43252260,-2153110,21397920,202111.0
25,A15205002,0,0,0,0,0,0,1180000,3746270,-666650,3066200,202111.0
26,A15283806,0,0,0,0,0,0,1403720,9954690,0,5222780,202111.0
27,A15205104,0,0,0,0,0,0,5294280,16380400,0,8800680,202111.0
28,A15286210,0,0,0,0,0,0,5215420,17210060,211500,8053480,202111.0
29,A15283807,0,0,0,0,0,0,13097280,13475160,5955570,5915630,202111.0
30,A15205303,0,0,0,0,0,0,2805700,15963740,-300230,9281220,202111.0
31,A15285503,0,0,0,0,0,0,315990,0,23850,0,202111.0
32,A15286807,0,18774000,0,0,0,10758000,5487660,24648560,-1612900,13764700,202111.0
33,A15286802,0,0,0,0,0,0,3152730,9852740,0,0,202111.0
34,A15285004,0,0,0,0,0,0,2823470,13277440,118750,6970550,202111.0
35,A15283801,0,0,0,0,0,0,2726357,7526800,0,2736190,202111.0
36,A15205301,0,0,0,0,0,0,407872,9054620,378690,4317210,202111.0
37,A15205001,0,0,0,0,0,0,10356080,0,4028250,0,202111.0
38,A15286805,0,0,37280,0,0,0,0,9673780,180190,6334020,202111.0
39,A15284603,0,0,0,0,0,0,2234540,10385880,0,6551790,202111.0
40,A15205513,3408850,58216180,0,0,0,9753750,30088662,41631920,8513900,16654710,202111.0
41,A15283803,0,0,0,0,0,0,2054960,4902580,205200,2608270,202111.0
42,A15285804,0,0,0,0,0,0,5832279,18856390,60220,10976790,202111.0
43,A15286602,0,0,60510,0,0,0,8032000,0,0,0,202111.0
44,A15286801,12898380,0,0,0,0,5298000,797600,9619030,0,4985420,202111.0
45,A15205405,0,0,-1225100,1211510,2646060,0,6647685,27338210,134640,14519980,202111.0
46,A15270501,,,,,,,,,,,202111.0
47,A10027493,,,,,,,,,,,202111.0
48,A10026989,,,,,,,,,,,202111.0
49,A15205511,0,0,0,0,0,0,588038,27752630,-130,13026490,202111.0
50,A10027507,,,,,,,,,,,202111.0
51,A15208204,0,0,0,0,0,0,1357460,14710450,0,7803780,202111.0
52,A15282403,0,0,0,0,0,0,-159112,9430030,0,0,202111.0
53,A15208201,0,0,0,0,0,0,1507830,4240620,0,2836020,202111.0
54,A15283707,3204150,10184670,0,0,0,6294000,5626070,9607530,2461040,5333620,202111.0
55,A15208006,0,0,0,0,0,0,3724230,13099960,255040,5858770,202111.0
56,A15283603,0,0,0,0,0,0,1919420,7301150,0,4649920,202111.0
57,A15283706,0,0,0,0,0,0,2632090,12734360,0,7047780,202111.0
58,A15279403,0,0,0,0,0,0,7577879,24045110,-176170,13786910,202111.0
59,A15283702,0,0,0,0,0,0,1611440,7083100,13170,4311690,202111.0
60,A15283709,14406990,10526680,0,0,10126920,10126920,20105330,18647790,8493150,7947040,202111.0
61,A15283701,0,0,0,0,0,0,1196290,3826450,0,0,202111.0
62,A15282810,0,0,0,0,0,0,5332620,18016270,743600,12294780,202111.0
63,A15208005,0,0,0,0,0,0,1745690,6086780,82830,2980520,202111.0
64,A15208202,0,0,0,0,0,0,2127120,7996570,20,4552920,202111.0
65,A15208007,0,0,5960,0,0,0,3427190,8303930,129480,3420860,202111.0
66,A15282608,20735750,0,0,0,0,5241000,1032900,11934120,779850,6598270,202111.0
67,A15283704,0,0,0,0,0,0,1759910,11074570,20090,5375700,202111.0
68,A15279402,1521538,17125290,0,0,112,4461460,9314960,15084280,0,8321340,202111.0
69,A15208003,0,0,0,0,0,0,0,24981960,0,0,202111.0
70,A15279404,26350940,32560300,0,0,-20886600,20836200,15834765,26961070,695210,14821540,202111.0
71,A15283711,0,0,0,0,0,0,7612390,34105100,1850,17822480,202111.0
72,A15282405,0,0,0,0,0,0,312890,0,310610,6215710,202111.0
73,A15282105,0,0,0,0,0,0,3102665,11355150,-70,6572500,202111.0
74,A15280304,0,0,0,0,0,0,2182800,8278010,0,0,202111.0
75,A15209206,0,0,57180,0,0,0,8712874,31619980,1486210,16500300,202111.0
76,A15209304,0,0,16420,0,0,0,2172910,9688600,0,4117310,202111.0
77,A15209207,0,0,0,0,0,0,18289051,84896130,547930,49161980,202111.0
78,A15209003,0,0,0,0,0,0,1108550,4115380,0,0,202111.0
79,A15209305,0,0,0,0,0,0,10820705,41074910,-3050,24195510,202111.0
80,A15209004,0,0,0,0,0,0,1814110,28468230,0,13038260,202111.0
81,A15209002,0,0,6310,0,0,0,26645592,66144150,0,32003920,202111.0
82,A15209203,890,27202980,0,0,0,18459000,1211270,19710910,0,0,202111.0
83,A15209202,0,0,0,0,0,0,4139580,10448450,0,7164350,202111.0
84,A15280602,0,0,0,0,0,0,1974230,4276540,0,0,202111.0
85,A15209205,0,0,0,0,0,0,7280470,23805410,447410,13124270,202111.0
86,A15209303,0,0,0,0,0,0,2059186,7244880,0,3435680,202111.0
87,A15209201,0,0,0,0,0,0,217210,7063200,294460,0,202111.0
88,A15280303,0,0,11400,0,0,0,929529,8224980,0,0,202111.0
89,A15209007,0,0,0,0,0,0,8556740,43463140,0,15720720,202111.0
90,A15209006,,,,,,,,,,,202111.0
91,A15275101,0,0,0,0,0,0,862440,8076170,3594160,3594160,202111.0
92,A10024745,0,0,0,0,0,0,16272930,38261050,0,17865650,202111.0
93,A15210101,0,0,11750,0,0,0,1162410,4124520,0,2892340,202111.0
94,A15210104,0,0,0,0,0,0,1571887,8094850,7960920,0,202111.0
95,A15210102,0,0,0,0,0,0,2131540,6153590,0,4080090,202111.0
96,A15210103,0,0,0,0,0,0,1112940,6878470,493920,6587080,202111.0
97,A15210206,0,0,0,0,0,0,1913350,8418880,0,0,202111.0
98,A15210105,0,0,0,0,0,0,2558210,7553210,288270,4320720,202111.0
99,A15210107,0,0,0,0,0,0,43773230,0,1916560,0,202111.0
100,A15210211,0,0,0,0,0,0,5027220,21340980,0,12617910,202111.0
101,A15210106,0,0,0,0,0,0,0,12300280,-4560,5648760,202111.0
102,A15210212,0,0,0,0,0,0,6039290,25515990,0,12055640,202111.0
103,A15278301,0,0,0,0,0,0,1455450,3378300,292400,0,202111.0
104,A15210210,0,0,0,0,0,0,18929530,0,7593100,0,202111.0
105,A15210209,0,0,0,0,0,0,675050,15277630,170,6593360,202111.0
106,A15210207,0,0,0,0,0,0,1093950,11531460,0,5528400,202111.0
107,A10026434,0,0,0,0,0,0,2457700,11806430,312450,7940230,202111.0
108,A10027522,,,,,,,,,,,202111.0
109,A15279101,0,0,0,0,0,0,9665098,39238010,0,16684880,202111.0
110,A15210001,23720,0,0,0,0,0,5025341,17156010,798450,7791470,202111.0
111,A15213006,106980,0,0,0,0,0,1817720,10369310,0,4504410,202111.0
112,A15213004,84530,0,0,0,0,0,892643,17493050,144970,8256350,202111.0
113,A15213005,0,0,0,0,0,0,3297500,37102720,362750,16390520,202111.0
114,A15213002,327560,0,0,0,0,0,840340,25887470,257670,12040990,202111.0
115,A15213007,0,0,0,0,0,0,3481630,43864420,966590,18722190,202111.0
116,A15213001,401920,0,0,0,0,0,-94190,22690680,0,10634700,202111.0
117,A10027764,0,0,40650,0,0,0,5056870,0,2308020,0,202111.0
118,A10026729,0,0,91560,0,0,0,1072080,1701800,303180,1891030,202111.0
119,A10026039,0,0,0,0,0,0,0,2950890,0,2037490,202111.0
120,A15213003,0,0,0,0,0,0,1285470,18365800,0,7490780,202111.0
121,A15271601,0,0,0,0,0,0,1297928,11315140,930490,4353560,202111.0
122,A10025614,4141070,16030710,0,0,0,28574600,5881174,37938350,0,19047790,202111.0
123,A10025386,4902250,559360,0,0,0,0,2067020,2423670,73060,1417320,202111.0
124,A10025387,3506550,10170580,747150,0,0,11958000,7014100,22908520,-1460,10480690,202111.0
125,A10025858,9431861,4470700,0,0,-8289000,8289000,3290490,8033630,752170,4189350,202111.0
126,A10025564,1422520,2482700,0,0,0,2547200,1045640,2800300,97910,1579140,202111.0
127,A10024849,1864750,6756300,0,0,0,8890260,2525527,13894630,34400,6146160,202111.0
128,A10024927,2570790,9236830,0,0,0,6800860,5039320,14219070,5800,5860820,202111.0
129,A10025115,3254900,11745390,0,0,-37720,7944430,4972140,19014370,-230020,7259040,202111.0
130,A10025193,3818760,13021410,0,0,0,13674600,7253820,22372170,0,12091870,202111.0
131,A10025302,854716,3827650,0,0,1484224,4630700,2722350,7863090,45190,4526950,202111.0
