,kaptCode,heatC,heatP,gasC,gasP,waterHotC,waterHotP,electC,electP,waterCoolC,waterCoolP,Date
0,A15288812,0,0,0,0,0,0,12590339,46437050,-796230,19794600,202106.0
1,A15288806,0,0,-601290,601290,0,0,3584588,13098020,0,0,202106.0
2,A15288802,0,0,0,0,0,0,2777590,9207370,68170,4179410,202106.0
3,A15288805,0,0,0,0,0,0,4588970,18145110,0,7381590,202106.0
4,A15288813,0,0,0,0,0,0,11001470,38446840,492270,22809500,202106.0
5,A15288801,0,0,0,0,0,0,1038950,0,11260,0,202106.0
6,A15288814,0,0,0,0,0,0,24791833,69557160,62550,42978100,202106.0
7,A15288809,0,0,0,0,0,0,5276460,21144240,1357430,10635180,202106.0
8,A15288803,0,0,0,0,0,0,1848206,6846020,410,4730910,202106.0
9,A15288804,0,0,0,0,0,0,2779730,8454090,0,0,202106.0
10,A15288807,0,0,17000,0,0,0,7740350,17813440,0,8272080,202106.0
11,A15288810,0,0,0,0,0,0,10145259,32733150,572610,17437120,202106.0
12,A15288611,13090070,0,0,0,-13168000,13168000,3018890,19714670,-309110,13356930,202106.0
13,A10028063,0,0,0,0,0,0,7646320,0,3165500,0,202106.0
14,A15288004,0,0,0,0,0,0,3706160,16117150,0,8386120,202106.0
15,A15286806,74210,3208320,0,0,0,7448000,4532740,15884300,2309710,8929460,202106.0
16,A15284305,0,0,5730,0,0,0,2173143,8225920,290160,5201160,202106.0
17,A15205305,0,0,0,0,0,0,4792760,13051310,220520,7478270,202106.0
18,A15288002,0,0,0,0,0,0,4317360,15090770,170960,9428900,202106.0
19,A15283809,0,0,54740,0,0,0,3346234,8597440,57930,0,202106.0
20,A15205108,0,0,0,0,0,0,7633590,25959120,0,15622320,202106.0
21,A15286809,41605000,0,0,0,-41605000,41605000,15461488,40782050,0,35963010,202106.0
22,A15283902,0,0,0,0,0,0,2464390,10730040,186990,6267160,202106.0
23,A15205103,0,0,0,0,0,0,2433766,8516220,-100,5750150,202106.0
24,A15284906,0,0,0,0,0,0,8977003,42687190,-492740,22482920,202106.0
25,A15205002,0,0,0,0,0,0,1115846,3411590,676820,2783390,202106.0
26,A15283806,0,0,0,0,0,0,1123240,9869470,0,5321000,202106.0
27,A15205104,0,0,0,0,0,0,4963420,17830370,0,8779400,202106.0
28,A15286210,0,0,0,0,0,0,6025229,16060490,162000,8083920,202106.0
29,A15283807,0,0,0,0,0,0,12684150,13428350,6001700,6001460,202106.0
30,A15205303,0,0,0,0,0,0,2975630,15355200,-501260,9106350,202106.0
31,A15285503,0,0,0,0,0,0,277050,0,24480,0,202106.0
32,A15286807,0,0,0,0,0,9864000,4432530,25791950,224750,13202900,202106.0
33,A15286802,0,0,0,0,0,0,2905660,9497650,344820,0,202106.0
34,A15285004,0,0,0,0,0,0,2535200,11950250,137580,7335230,202106.0
35,A15283801,0,0,0,0,0,0,2739121,7625600,0,3522460,202106.0
36,A15205301,0,0,0,0,0,0,564813,8667690,148440,4338090,202106.0
37,A15205001,0,0,0,0,0,0,2093040,8175300,225860,3726650,202106.0
38,A15286805,0,0,7800,0,0,0,0,9362880,268400,6148020,202106.0
39,A15284603,0,0,0,0,0,0,2639110,9651340,0,6871770,202106.0
40,A15205513,292350,972750,0,0,0,4700000,26313870,40683330,4067460,17999500,202106.0
41,A15283803,0,0,0,0,0,0,2230660,4529150,146210,2621060,202106.0
42,A15285804,0,0,0,0,0,0,4757325,18475270,103940,11682850,202106.0
43,A15286602,0,0,0,0,0,0,6457920,0,137970,0,202106.0
44,A15286801,-1400720,0,0,0,0,4467000,750980,10082540,0,5308880,202106.0
45,A15205405,0,0,-1251030,1236530,1987490,18676000,6368180,24834220,0,16805260,202106.0
46,A15270501,,,,,,,,,,,202106.0
47,A10027493,,,,,,,,,,,202106.0
48,A10026989,,,,,,,,,,,202106.0
49,A15205511,0,0,0,0,0,0,980163,26562830,30,13220280,202106.0
50,A10027507,,,,,,,,,,,202106.0
51,A15208204,0,0,0,0,0,0,1331500,14277610,0,7086180,202106.0
52,A15282403,0,0,0,0,0,0,2289307,6955870,0,0,202106.0
53,A15208201,0,0,0,0,0,0,1371190,4080100,0,2959770,202106.0
54,A15283707,1283050,0,0,0,0,3594000,4301690,10191650,1879310,5836260,202106.0
55,A15208006,0,0,0,0,0,0,3446180,12478200,249910,5503370,202106.0
56,A15283603,0,0,0,0,0,0,1615960,7432000,0,4720389,202106.0
57,A15283706,0,0,0,0,0,0,4004580,10686640,0,6496060,202106.0
58,A15279403,0,0,0,0,0,0,7764829,24247680,-568780,13639990,202106.0
59,A15283702,0,0,0,0,0,0,1261520,6452220,0,4151360,202106.0
60,A15283709,2358780,0,0,0,2689390,2689390,17058260,14930410,9108380,7813140,202106.0
61,A15283701,0,0,0,0,0,0,884830,4006040,0,0,202106.0
62,A15282810,0,0,0,0,0,0,5049600,16998310,456960,12771110,202106.0
63,A15208005,0,0,0,0,0,0,1799810,6298510,-10280,3197970,202106.0
64,A15208202,0,0,0,0,0,0,2098590,7365020,0,4463630,202106.0
65,A15208007,0,0,1810,0,0,0,3213440,8525650,2150,3242610,202106.0
66,A15282608,3532590,0,0,0,0,5712000,1075120,12195440,820140,7104020,202106.0
67,A15283704,0,0,0,0,0,0,1705790,10375150,24090,5153410,202106.0
68,A15279402,1521544,34480,0,0,6,3526020,7461610,15345840,-1780,7556870,202106.0
69,A15208003,0,0,0,0,0,0,559800,24546570,0,21931750,202106.0
70,A15279404,13077010,0,0,0,-9264000,9254000,11387125,26500460,85000,16722640,202106.0
71,A15283711,0,0,0,0,0,0,7812430,32256920,6300,17006160,202106.0
72,A15282405,0,0,0,0,0,0,303000,0,0,0,202106.0
73,A15282105,0,0,0,0,0,0,3169877,10876040,100,6138880,202106.0
74,A15280304,0,0,0,0,0,0,2274440,7431190,0,0,202106.0
75,A15209206,0,0,11620,0,0,0,9762080,28246590,1196910,18030300,202106.0
76,A15209304,0,0,19840,0,0,0,2633523,8092630,0,3856710,202106.0
77,A15209207,0,0,0,0,0,0,22615369,75141590,3860250,45273490,202106.0
78,A15209003,0,0,0,0,0,0,900730,3975910,0,0,202106.0
79,A15209305,0,0,0,0,0,0,8953462,39599330,5810,24938050,202106.0
80,A15209004,0,0,0,0,0,0,1791910,26866530,0,13655930,202106.0
81,A15209002,0,0,2240,0,0,0,27155535,60567280,0,38577250,202106.0
82,A15209203,530,157630,0,0,0,13454000,3017840,19830620,0,0,202106.0
83,A15209202,0,0,0,0,0,0,4013170,10085770,0,7397750,202106.0
84,A15280602,0,0,0,0,0,0,1491730,4490930,-252690,5655990,202106.0
85,A15209205,0,0,0,0,0,0,3717500,22260500,0,12733670,202106.0
86,A15209303,0,0,0,0,0,0,2162891,6459690,0,3598380,202106.0
87,A15209201,0,0,0,0,0,0,282920,5953270,0,0,202106.0
88,A15280303,0,0,2890,0,0,0,1785969,7021200,0,0,202106.0
89,A15209007,0,0,0,0,0,0,6193320,41830790,0,16774700,202106.0
90,A15209006,,,,,,,,,,,202106.0
91,A15275101,0,0,0,0,0,0,1185660,7253240,0,4026760,202106.0
92,A10024745,0,0,0,0,0,0,17118700,42711760,0,15880760,202106.0
93,A15210101,0,0,700,0,0,0,1272110,4327580,0,2829860,202106.0
94,A15210104,0,0,0,0,0,0,9052807,0,0,0,202106.0
95,A15210102,0,0,0,0,0,0,1813070,6192056,0,4114270,202106.0
96,A15210103,0,0,0,0,0,0,882310,6580580,0,0,202106.0
97,A15210206,0,0,0,0,0,0,2323770,7254400,0,0,202106.0
98,A15210105,0,0,0,0,0,0,2172410,7210730,118590,4632390,202106.0
99,A15210107,0,0,0,0,0,0,12336750,28200350,0,0,202106.0
100,A15210211,0,0,0,0,0,0,4491180,20135160,0,12169070,202106.0
101,A15210106,0,0,0,0,0,0,0,11008270,-2160,5227170,202106.0
102,A15210212,0,0,0,0,0,0,7029410,24620870,0,13075720,202106.0
103,A15278301,0,0,0,0,0,0,1103650,2866760,0,0,202106.0
104,A15210210,0,0,0,0,0,0,17771340,0,7914520,0,202106.0
105,A15210209,0,0,0,0,0,0,1275710,14394320,-550,6611010,202106.0
106,A15210207,0,0,0,0,0,0,1145440,10824370,0,5544730,202106.0
107,A10026434,0,0,0,0,0,0,1817200,12969660,302270,8289860,202106.0
108,A10027522,,,,,,,,,,,202106.0
109,A15279101,0,0,0,0,0,0,9644790,36666950,0,18994320,202106.0
110,A15210001,18430,0,0,0,0,0,4787421,16615420,61000,8567910,202106.0
111,A15213006,94340,0,0,0,0,0,1720500,9663130,0,4970940,202106.0
112,A15213004,69920,0,0,0,0,0,1034253,16092900,68560,8169250,202106.0
113,A15213005,0,0,0,0,0,0,3422360,34299620,0,16662330,202106.0
114,A15213002,57550,0,0,0,0,0,1064160,24422180,-40140,12334590,202106.0
115,A15213007,0,0,0,0,0,0,3229730,39841100,239080,18520580,202106.0
116,A15213001,55360,0,0,0,0,0,-90480,20968440,0,10425840,202106.0
117,A10027764,0,0,53300,0,0,0,1006080,3778510,433020,1988990,202106.0
118,A10026729,0,0,10540,0,0,0,1199950,1515430,0,0,202106.0
119,A10026039,0,0,0,0,0,0,19460,3077780,130640,2152250,202106.0
120,A15213003,0,0,0,0,0,0,560880,17288700,0,7924510,202106.0
121,A15271601,0,0,0,0,0,0,-761833,13077490,776930,4390820,202106.0
122,A10025614,4141070,97450,0,0,0,13696350,6239030,34075490,0,18679030,202106.0
123,A10025386,2133310,0,0,0,0,0,2735560,2118650,0,1494510,202106.0
124,A10025387,2439260,31170,0,0,0,6843900,7226010,21668940,2110,11377920,202106.0
125,A10025858,5123520,25920,0,0,-4985200,4985200,3477040,7000720,708730,3844550,202106.0
126,A10025564,582620,0,0,0,0,1727250,760720,2944890,97910,1651860,202106.0
127,A10024849,1862550,36520,0,0,0,4558320,4339459,14387750,48000,5939120,202106.0
128,A10024927,2191170,5430,0,0,0,3798100,4566510,13438900,1250,5964070,202106.0
129,A10025115,2744890,140530,0,0,0,4515000,9222290,20267650,171590,7262870,202106.0
130,A10025193,3818760,66640,0,0,0,6699460,5333040,22840850,0,11431740,202106.0
131,A10025302,753546,0,0,0,3219624,0,10036840,0,4510300,0,202106.0
