,kaptCode,heatC,heatP,gasC,gasP,waterHotC,waterHotP,electC,electP,waterCoolC,waterCoolP,Date
0,A15288812,0,0,0,0,0,0,15555103,48496770,-585990,21201270,202107.0
1,A15288806,0,0,-603560,603560,0,0,3008305,13860120,0,0,202107.0
2,A15288802,0,0,0,0,0,0,1864210,16133330,97230,4366000,202107.0
3,A15288805,0,0,0,0,0,0,4957170,40819310,0,7672520,202107.0
4,A15288813,0,0,0,0,0,0,10305460,40199460,805830,22852340,202107.0
5,A15288801,0,0,0,0,0,0,1118920,0,0,0,202107.0
6,A15288814,0,0,0,0,0,0,48820142,120211700,35750,43730120,202107.0
7,A15288809,0,0,0,0,0,0,8400530,42367260,1752180,11688010,202107.0
8,A15288803,0,0,0,0,0,0,1500046,7421770,100,4711570,202107.0
9,A15288804,0,0,0,0,0,0,2058670,8756100,0,0,202107.0
10,A15288807,0,0,0,0,0,0,8491330,36680770,0,8348560,202107.0
11,A15288810,0,0,0,0,0,0,14104382,63229320,3192750,16935370,202107.0
12,A15288611,8968360,0,0,0,-9872000,9872000,2565500,21484930,23360,12644150,202107.0
13,A10028063,0,0,0,0,0,0,9150340,0,3368370,0,202107.0
14,A15288004,0,0,0,0,0,0,4781680,18157270,0,8104950,202107.0
15,A15286806,72940,1956960,0,0,0,5607000,5469230,22720960,2050250,9305660,202107.0
16,A15284305,0,0,5190,0,0,0,2423071,10972980,105160,5223600,202107.0
17,A15205305,0,0,0,0,0,0,3858630,14612420,371950,7471860,202107.0
18,A15288002,0,0,0,0,0,0,7909860,27602900,54680,9606340,202107.0
19,A15283809,0,0,32250,0,0,0,2794406,12083800,0,0,202107.0
20,A15205108,0,0,0,0,0,0,13636510,47592740,0,15180420,202107.0
21,A15286809,30090000,0,0,0,-30090000,30090000,14845428,67528030,0,37742000,202107.0
22,A15283902,0,0,0,0,0,0,1760590,11508010,48430,7069410,202107.0
23,A15205103,0,0,0,0,0,0,3988445,15002410,-100,5233410,202107.0
24,A15284906,0,0,0,0,0,0,14142364,98381690,-2836150,25419800,202107.0
25,A15205002,0,0,0,0,0,0,371864,6646580,-653250,3175740,202107.0
26,A15283806,0,0,0,0,0,0,150240,11211800,0,5307920,202107.0
27,A15205104,0,0,0,0,0,0,9973830,35714130,-18800,9889680,202107.0
28,A15286210,0,0,0,0,0,0,6254865,30250650,166500,9051780,202107.0
29,A15283807,0,0,0,0,0,0,23913890,19815060,6190630,6191240,202107.0
30,A15205303,0,0,0,0,0,0,2297470,17052430,-807840,8997850,202107.0
31,A15285503,0,0,0,0,0,0,328210,0,0,0,202107.0
32,A15286807,0,0,0,0,0,8316000,7455510,42682660,-491320,17027440,202107.0
33,A15286802,0,0,0,0,0,0,3671440,18143200,0,0,202107.0
34,A15285004,0,0,0,0,0,0,1725360,22521240,462880,7753740,202107.0
35,A15283801,0,0,0,0,0,0,2813547,19439340,0,2703230,202107.0
36,A15205301,0,0,0,0,0,0,230646,9159870,103980,4253750,202107.0
37,A15205001,0,0,0,0,0,0,1891620,16919380,487860,3954630,202107.0
38,A15286805,0,0,0,0,0,0,563070,14178750,39230,6423020,202107.0
39,A15284603,0,0,0,0,0,0,3247610,16582020,0,6756250,202107.0
40,A15205513,1522350,0,0,0,0,30440290,14664230,83299650,1573890,19492320,202107.0
41,A15283803,0,0,0,0,0,0,2104108,4895262,84560,2682710,202107.0
42,A15285804,0,0,0,0,0,0,8186555,37437120,76260,12794650,202107.0
43,A15286602,0,0,5080,0,0,0,6629640,0,0,0,202107.0
44,A15286801,-2174380,0,0,0,0,4551000,789590,19645740,0,5415330,202107.0
45,A15205405,0,0,-1469540,1456600,519130,13786600,4771040,48998530,0,17897100,202107.0
46,A15270501,,,,,,,,,,,202107.0
47,A10027493,,,,,,,,,,,202107.0
48,A10026989,,,,,,,,,,,202107.0
49,A15205511,0,0,0,0,0,0,-417033,27978510,200,13101450,202107.0
50,A10027507,,,,,,,,,,,202107.0
51,A15208204,0,0,0,0,0,0,802410,16500730,0,7382980,202107.0
52,A15282403,0,0,0,0,0,0,1337959,9238800,0,0,202107.0
53,A15208201,0,0,0,0,0,0,688110,5142290,0,3178970,202107.0
54,A15283707,1337050,0,0,0,0,2517700,2622210,12056870,2007200,7314140,202107.0
55,A15208006,0,0,0,0,0,0,5937710,22386280,260880,6311840,202107.0
56,A15283603,0,0,0,0,0,0,1283110,9080790,0,5431560,202107.0
57,A15283706,0,0,0,0,0,0,3767960,13788540,0,6990060,202107.0
58,A15279403,0,0,0,0,0,0,11163875,36897140,-499030,13527620,202107.0
59,A15283702,0,0,0,0,0,0,13666950,0,4248190,0,202107.0
60,A15283709,2181820,0,0,0,1738290,1738290,16219220,13744910,9205490,8720540,202107.0
61,A15283701,0,0,0,0,0,0,849570,4146140,0,0,202107.0
62,A15282810,0,0,0,0,0,0,3534850,21787280,406410,13187060,202107.0
63,A15208005,0,0,0,0,0,0,2370170,9476060,30390,3550960,202107.0
64,A15208202,0,0,0,0,0,0,1009470,9658080,-60,4334620,202107.0
65,A15208007,0,0,3250,0,0,0,2991700,15110700,73390,3452730,202107.0
66,A15282608,595930,0,0,0,0,4809000,599590,14620170,1227400,8088270,202107.0
67,A15283704,0,0,0,0,0,0,1063440,12380080,19770,5556710,202107.0
68,A15279402,1521230,0,0,0,-513870,2968670,9368090,23931060,443250,8192000,202107.0
69,A15208003,0,0,0,0,0,0,0,30273540,0,0,202107.0
70,A15279404,10036550,0,0,0,-6347900,6338400,11877898,30593890,691210,18236160,202107.0
71,A15283711,0,0,0,0,0,0,7204790,34100540,4460,19130080,202107.0
72,A15282405,0,0,0,0,0,0,318390,0,5942870,0,202107.0
73,A15282105,0,0,0,0,0,0,3006826,11067990,-180,6943570,202107.0
74,A15280304,0,0,0,0,0,0,2027210,7462750,0,0,202107.0
75,A15209206,0,0,7390,0,0,0,9123924,61199710,0,20941700,202107.0
76,A15209304,0,0,5860,0,0,0,2047712,10879400,0,3852700,202107.0
77,A15209207,0,0,0,0,0,0,39879215,136638050,6826490,46723690,202107.0
78,A15209003,0,0,0,0,0,0,691040,4654620,0,0,202107.0
79,A15209305,0,0,0,0,0,0,10033945,42882200,13750,27459930,202107.0
80,A15209004,0,0,0,0,0,0,1748830,54355530,0,14117760,202107.0
81,A15209002,0,0,2240,0,0,0,27215347,61883890,0,39048970,202107.0
82,A15209203,-240,1082560,0,0,0,9618000,1721090,23042590,0,0,202107.0
83,A15209202,0,0,0,0,0,0,3806610,10279490,0,7977390,202107.0
84,A15280602,0,0,0,0,0,0,1388220,4975400,0,0,202107.0
85,A15209205,0,0,0,0,0,0,3408410,33211150,0,14873000,202107.0
86,A15209303,0,0,0,0,0,0,1727663,9886270,0,3936680,202107.0
87,A15209201,0,0,0,0,0,0,516090,6554770,302170,0,202107.0
88,A15280303,0,0,0,0,0,0,1844524,6721020,0,0,202107.0
89,A15209007,0,0,0,0,0,0,12115050,66291690,0,16757870,202107.0
90,A15209006,,,,,,,,,,,202107.0
91,A15275101,0,0,0,0,0,0,437700,8297210,0,3667530,202107.0
92,A10024745,0,0,0,0,0,0,15582020,80955460,504490,17229780,202107.0
93,A15210101,0,0,1460,0,0,0,1144100,7864360,0,2881390,202107.0
94,A15210104,0,0,0,0,0,0,1282640,10467420,0,7988420,202107.0
95,A15210102,0,0,0,0,0,0,92190,9359070,0,4416370,202107.0
96,A15210103,0,0,0,0,0,0,751760,6599360,337010,6401160,202107.0
97,A15210206,0,0,0,0,0,0,1888100,9429420,0,0,202107.0
98,A15210105,0,0,0,0,0,0,3296730,12545740,237830,4998290,202107.0
99,A15210107,0,0,0,0,0,0,11879210,33377740,4974580,0,202107.0
100,A15210211,0,0,0,0,0,0,7748450,36814490,0,11641480,202107.0
101,A15210106,0,0,0,0,0,0,0,15336370,-2490,6165420,202107.0
102,A15210212,0,0,0,0,0,0,8038580,30793500,0,14461400,202107.0
103,A15278301,0,0,0,0,0,0,185620,3435490,843280,0,202107.0
104,A15210210,0,0,0,0,0,0,22007840,0,8569570,0,202107.0
105,A15210209,0,0,0,0,0,0,1365530,14256710,180,7317430,202107.0
106,A15210207,0,0,0,0,0,0,625300,13081680,0,5561060,202107.0
107,A10026434,0,0,0,0,0,0,1712030,19287980,280500,8686480,202107.0
108,A10027522,,,,,,,,,,,202107.0
109,A15279101,0,0,0,0,0,0,13235040,48697130,0,18474130,202107.0
110,A15210001,14650,0,0,0,0,0,2158991,21820050,230290,8337050,202107.0
111,A15213006,45910,0,0,0,0,0,1020530,10613920,0,5151870,202107.0
112,A15213004,41940,0,0,0,0,0,680909,15561590,-196090,8978180,202107.0
113,A15213005,0,0,0,0,0,0,2357260,34879910,0,18118050,202107.0
114,A15213002,40750,0,0,0,0,0,628260,24200890,183460,13162290,202107.0
115,A15213007,0,0,0,0,0,0,3700490,51837910,144190,19394900,202107.0
116,A15213001,14220,0,0,0,0,0,-2270860,30675830,0,11773530,202107.0
117,A10027764,0,0,18830,0,0,0,6450880,0,2609700,0,202107.0
118,A10026729,0,0,57150,0,0,0,1070270,2741450,142500,1998540,202107.0
119,A10026039,0,0,0,0,0,0,0,4761120,85000,2422000,202107.0
120,A15213003,0,0,0,0,0,0,399680,17725300,0,8641790,202107.0
121,A15271601,0,0,0,0,0,0,1528254,22495450,314300,4849600,202107.0
122,A10025614,4141070,0,0,0,0,9631230,3619770,36987140,0,18816000,202107.0
123,A10025386,1779050,0,0,0,0,0,2658100,3852880,54370,1485210,202107.0
124,A10025387,2216840,0,239570,0,0,4997000,8172970,31259640,5590,10643510,202107.0
125,A10025858,3726070,0,0,0,-3668750,3668750,3352750,10433340,430670,4260640,202107.0
126,A10025564,584080,0,0,0,0,1318800,810850,4093000,97910,1783500,202107.0
127,A10024849,1862550,0,0,0,0,3297570,1143920,31173400,40990,6446130,202107.0
128,A10024927,2158910,0,0,0,0,2710200,2846320,32959370,710,6438730,202107.0
129,A10025115,2628890,0,0,0,0,3019200,9006170,47051790,287450,7297200,202107.0
130,A10025193,3818760,0,0,0,0,4552160,9988040,43799060,0,11959000,202107.0
131,A10025302,730726,0,0,0,2255574,0,12788870,0,4961120,0,202107.0
