,kaptCode,heatC,heatP,gasC,gasP,waterHotC,waterHotP,electC,electP,waterCoolC,waterCoolP,Date
0,A15288812,0,0,0,0,0,0,10526958,48148200,-2419600,21514450,202110.0
1,A15288806,0,0,-638510,638510,0,0,3507558,13942930,0,0,202110.0
2,A15288802,0,0,0,0,0,0,2421890,7792620,73630,4128620,202110.0
3,A15288805,0,0,0,0,0,0,3472590,16905490,0,7371290,202110.0
4,A15288813,0,0,0,0,0,0,11587160,38920650,654080,23986320,202110.0
5,A15288801,0,0,0,0,0,0,941730,0,12720,0,202110.0
6,A15288814,0,0,0,0,0,0,25304536,72380270,54810,43682870,202110.0
7,A15288809,0,0,0,0,0,0,5524540,21231240,1977990,11137410,202110.0
8,A15288803,0,0,0,0,0,0,1727314,7320140,-360,4426910,202110.0
9,A15288804,0,0,0,0,0,0,2300840,8973560,0,0,202110.0
10,A15288807,0,0,0,0,0,0,7899650,17179160,0,8219930,202110.0
11,A15288810,0,0,0,0,0,0,7424331,32977050,760090,16944410,202110.0
12,A15288611,20422860,0,0,0,-13144000,13144000,2946250,21555990,-210180,13827910,202110.0
13,A10028063,0,0,0,0,0,0,8444870,0,2971020,0,202110.0
14,A15288004,0,0,0,0,0,0,3054640,19208180,-535520,9100750,202110.0
15,A15286806,68940,6670590,0,0,0,6825000,3512030,16437490,2447880,8846150,202110.0
16,A15284305,0,0,11200,0,0,0,2232310,8150340,151840,4899160,202110.0
17,A15205305,0,0,0,0,0,0,3581450,14651980,241390,7245090,202110.0
18,A15288002,0,0,0,0,0,0,4905160,16110200,187370,9001750,202110.0
19,A15283809,0,0,6580,0,0,0,2439764,8315010,87120,0,202110.0
20,A15205108,0,0,0,0,0,0,35624980,0,14631620,0,202110.0
21,A15286809,53837230,0,0,0,0,41815000,13084639,48084140,0,36557500,202110.0
22,A15283902,0,0,0,0,0,0,2314340,11660640,303050,6771970,202110.0
23,A15205103,0,0,0,0,0,0,2972210,8430630,-80,5691100,202110.0
24,A15284906,0,0,0,0,0,0,9809423,42169310,909900,22148110,202110.0
25,A15205002,0,0,0,0,0,0,920910,3733750,-157510,2734270,202110.0
26,A15283806,0,0,0,0,0,0,391320,9846970,0,5178000,202110.0
27,A15205104,0,0,0,0,0,0,5714420,16111190,0,9759020,202110.0
28,A15286210,0,0,0,0,0,0,3972736,16887210,729000,8459810,202110.0
29,A15283807,0,0,0,0,0,0,13100910,13613550,5840760,5840050,202110.0
30,A15205303,0,0,0,0,0,0,2454110,17061110,-217080,8941210,202110.0
31,A15285503,0,0,0,0,0,0,286070,0,0,0,202110.0
32,A15286807,0,6732000,0,0,0,10749000,2791890,28981260,-3756420,16953650,202110.0
33,A15286802,0,0,0,0,0,0,2295680,9799460,243920,0,202110.0
34,A15285004,0,0,0,0,0,0,2832540,12723140,246180,7647500,202110.0
35,A15283801,0,0,0,0,0,0,2018568,7465300,0,3603510,202110.0
36,A15205301,0,0,0,0,0,0,-340781,10077530,13860,4493290,202110.0
37,A15205001,0,0,0,0,0,0,1752550,8134170,225380,3927140,202110.0
38,A15286805,0,0,0,0,0,0,0,9387910,87660,6268810,202110.0
39,A15284603,0,0,0,0,0,0,3452010,9079490,0,6470770,202110.0
40,A15205513,1241800,15757970,0,0,0,9005840,21506718,42105000,5290650,18917830,202110.0
41,A15283803,0,0,0,0,0,0,2176510,4911000,484840,2440110,202110.0
42,A15285804,0,0,0,0,0,0,5364952,18553860,36080,12170320,202110.0
43,A15286602,0,0,18710,0,0,0,6884170,0,181440,0,202110.0
44,A15286801,2718000,0,0,0,0,4536000,767720,10036670,0,5922890,202110.0
45,A15205405,0,0,0,1205110,0,20723400,0,25351460,0,14610460,202110.0
46,A15270501,,,,,,,,,,,202110.0
47,A10027493,,,,,,,,,,,202110.0
48,A10026989,,,,,,,,,,,202110.0
49,A15205511,0,0,0,0,0,0,169935,28296150,-380,13167140,202110.0
50,A10027507,,,,,,,,,,,202110.0
51,A15208204,0,0,0,0,0,0,642630,14505990,0,7831070,202110.0
52,A15282403,0,0,0,0,0,0,1629402,7868490,0,0,202110.0
53,A15208201,0,0,0,0,0,0,1211690,4421820,0,2863500,202110.0
54,A15283707,2203300,2155000,0,0,0,5316000,3475000,11821470,1467360,6348710,202110.0
55,A15208006,0,0,0,0,0,0,3527070,12118970,268210,5824000,202110.0
56,A15283603,0,0,0,0,0,0,1282620,7650700,0,4859320,202110.0
57,A15283706,0,0,0,0,0,0,3239170,11634270,0,6708060,202110.0
58,A15279403,0,0,0,0,0,0,6936858,23039180,-153740,13577610,202110.0
59,A15283702,0,0,0,0,0,0,1513110,6873650,81850,3774130,202110.0
60,A15283709,5727630,2807390,0,0,5386100,5386100,17004760,14759140,8726540,8723320,202110.0
61,A15283701,0,0,0,0,0,0,212780,4848890,0,0,202110.0
62,A15282810,0,0,0,0,0,0,4846450,17449100,685440,12447120,202110.0
63,A15208005,0,0,0,0,0,0,1834750,5557410,27650,3570490,202110.0
64,A15208202,0,0,0,0,0,0,1040180,8572430,-20,5135280,202110.0
65,A15208007,0,0,44960,0,0,0,2925300,7863310,112730,3316830,202110.0
66,A15282608,8801560,0,0,0,0,4785000,472460,13440050,752540,7756020,202110.0
67,A15283704,0,0,0,0,0,0,2222500,10120110,8830,5130260,202110.0
68,A15279402,1521580,3205530,0,0,0,5702760,7123130,13717600,60,8869100,202110.0
69,A15208003,0,0,0,0,0,0,0,25047420,0,21696900,202110.0
70,A15279404,19649830,10805000,0,0,-14060000,14037800,13499460,26649570,1053410,17715080,202110.0
71,A15283711,0,0,0,0,0,0,6998150,34991680,4390,17648560,202110.0
72,A15282405,0,0,0,0,0,0,340060,0,0,0,202110.0
73,A15282105,0,0,0,0,0,0,2868590,11529460,-1120,6335520,202110.0
74,A15280304,0,0,0,0,0,0,2218690,7782880,0,0,202110.0
75,A15209206,0,0,8330,0,0,0,5214452,34488330,932710,18152500,202110.0
76,A15209304,0,0,5960,0,0,0,1573059,9496690,0,4401890,202110.0
77,A15209207,0,0,0,0,0,0,20939972,81427230,6795550,45273950,202110.0
78,A15209003,0,0,0,0,0,0,961220,3984560,0,0,202110.0
79,A15209305,0,0,0,0,0,0,6614617,42432710,260,25373050,202110.0
80,A15209004,0,0,0,0,0,0,1359830,28673610,0,14675660,202110.0
81,A15209002,0,0,0,0,0,0,26118250,64979360,0,37708660,202110.0
82,A15209203,-580,4787730,0,0,0,15946000,828960,20643740,0,0,202110.0
83,A15209202,0,0,0,0,0,0,3925900,10765270,0,7257550,202110.0
84,A15280602,0,0,0,0,0,0,1201520,4502700,244450,5568690,202110.0
85,A15209205,0,0,0,0,0,0,5242080,23456870,517880,14106480,202110.0
86,A15209303,0,0,0,0,0,0,1686962,6301650,0,3816430,202110.0
87,A15209201,0,0,0,0,0,0,480750,6163150,0,0,202110.0
88,A15280303,0,0,0,0,0,0,2212141,6789700,0,0,202110.0
89,A15209007,0,0,0,0,0,0,8598360,40233080,0,16486000,202110.0
90,A15209006,,,,,,,,,,,202110.0
91,A15275101,0,0,0,0,0,0,315620,0,3241660,0,202110.0
92,A10024745,0,0,0,0,0,0,12069920,40819950,0,17702850,202110.0
93,A15210101,0,0,0,0,0,0,709540,4725720,0,2493730,202110.0
94,A15210104,0,0,0,0,0,0,871180,7394990,0,0,202110.0
95,A15210102,0,0,0,0,0,0,1639180,6036030,0,3962030,202110.0
96,A15210103,0,0,0,0,0,0,729840,7105420,0,0,202110.0
97,A15210206,0,0,0,0,0,0,1554350,7251130,0,0,202110.0
98,A15210105,0,0,0,0,0,0,2278930,7643960,275410,4671240,202110.0
99,A15210107,0,0,0,0,0,0,12220080,27803990,0,0,202110.0
100,A15210211,0,0,0,0,0,0,4842380,21459910,0,12206300,202110.0
101,A15210106,0,0,0,0,0,0,0,10434560,-2190,5447820,202110.0
102,A15210212,0,0,0,0,0,0,4807200,24055480,0,13017970,202110.0
103,A15278301,0,0,0,0,0,0,964810,3002410,0,0,202110.0
104,A15210210,0,0,0,0,0,0,17345780,0,7917760,0,202110.0
105,A15210209,0,0,0,0,0,0,657040,14915970,-70,7064300,202110.0
106,A15210207,0,0,0,0,0,0,294660,10722560,0,5474820,202110.0
107,A10026434,0,0,0,0,0,0,1700980,13017120,283250,7883990,202110.0
108,A10027522,,,,,,,,,,,202110.0
109,A15279101,0,0,0,0,0,0,10558774,35583220,0,19092260,202110.0
110,A15210001,9350,0,0,0,0,0,4462208,15919260,621470,7959790,202110.0
111,A15213006,26170,0,0,0,0,0,1408020,10520890,0,4841100,202110.0
112,A15213004,24230,0,0,0,0,0,732812,16615430,-14340,8708260,202110.0
113,A15213005,0,0,0,0,0,0,2552510,37095970,263350,17212540,202110.0
114,A15213002,85600,0,0,0,0,0,496850,24681590,168540,12490400,202110.0
115,A15213007,0,0,0,0,0,0,3791680,39934620,199910,18727320,202110.0
116,A15213001,87980,0,0,0,0,0,191270,21048320,0,10873050,202110.0
117,A10027764,0,0,10560,0,0,0,5024020,0,2400120,0,202110.0
118,A10026729,0,0,113550,0,0,0,850050,1710210,0,0,202110.0
119,A10026039,0,0,0,0,0,0,0,3170220,0,2203660,202110.0
120,A15213003,0,0,0,0,0,0,379540,18622100,0,8151820,202110.0
121,A15271601,0,0,0,0,0,0,2393828,10298750,385160,4663930,202110.0
122,A10025614,4141070,4872800,0,0,0,19197590,5133546,37544100,0,18731000,202110.0
123,A10025386,3459300,0,0,0,0,0,1605290,2890010,-8370,1425690,202110.0
124,A10025387,2693190,2671590,705090,0,0,8715200,5592270,21002570,270,9824800,202110.0
125,A10025858,7038310,1329280,0,0,-6025400,6025400,2487230,7722560,429140,4182240,202110.0
126,A10025564,924540,769570,0,0,0,1992600,1057500,2788610,97910,1694970,202110.0
127,A10024849,1851770,1882590,0,0,0,6147630,2000573,14377680,33560,6422680,202110.0
128,A10024927,2303780,2302130,0,0,0,5060290,3415230,14962560,690,5997130,202110.0
129,A10025115,2910190,2995540,0,0,-22950,5875200,3475610,19766190,-156180,7265160,202110.0
130,A10025193,3818760,4063440,0,0,0,8968960,6341320,23115330,-55070,11690670,202110.0
131,A10025302,700116,1128690,0,0,500684,3866630,2421630,7299400,55620,4623100,202110.0
