,kaptCode,heatC,heatP,gasC,gasP,waterHotC,waterHotP,electC,electP,waterCoolC,waterCoolP,Date
0,A15288812,0,0,0,0,0,0,13119678,57110010,-167510,19425890,202109.0
1,A15288806,0,0,-661350,661350,0,0,2433153,18411560,0,0,202109.0
2,A15288802,0,0,0,0,0,0,1493250,10201060,86220,4370500,202109.0
3,A15288805,0,0,0,0,0,0,3020630,17072090,0,7717990,202109.0
4,A15288813,0,0,0,0,0,0,11337700,45102410,481030,25626550,202109.0
5,A15288801,0,0,0,0,0,0,830940,0,0,0,202109.0
6,A15288814,0,0,0,0,0,0,19059273,74837170,52530,47550210,202109.0
7,A15288809,0,0,0,0,0,0,5409720,21689360,1754670,10804920,202109.0
8,A15288803,0,0,0,0,0,0,1110022,8572160,-40,4728140,202109.0
9,A15288804,0,0,0,0,0,0,1480770,9936970,0,0,202109.0
10,A15288807,0,0,0,0,0,0,7686410,17733720,0,8495960,202109.0
11,A15288810,0,0,0,0,0,0,6023344,32959290,1334120,16685030,202109.0
12,A15288611,10001170,0,0,0,-9868000,9868000,304710,25418100,55690,12977430,202109.0
13,A10028063,0,0,0,0,0,0,9897770,0,3388330,0,202109.0
14,A15288004,0,0,0,0,0,0,4029640,22823120,-329130,9914970,202109.0
15,A15286806,68230,1327860,0,0,0,5911500,4440330,17379280,1942390,9469430,202109.0
16,A15284305,0,0,4930,0,0,0,1780096,8820260,96720,5525960,202109.0
17,A15205305,0,0,0,0,0,0,2512970,17128420,23810,7837790,202109.0
18,A15288002,0,0,0,0,0,0,3683240,16321490,833460,9689550,202109.0
19,A15283809,0,0,10190,0,0,0,2031977,9238270,0,0,202109.0
20,A15205108,0,0,0,0,0,0,6322630,27393630,0,16998090,202109.0
21,A15286809,34485000,0,0,0,-34485000,34480000,5625860,58598700,0,37313420,202109.0
22,A15283902,0,0,0,0,0,0,1876200,13087770,257790,7007550,202109.0
23,A15205103,0,0,0,0,0,0,2177392,8818850,-30,6061870,202109.0
24,A15284906,0,0,0,0,0,0,10036181,40772570,-963180,21759250,202109.0
25,A15205002,0,0,0,0,0,0,1191270,3577700,-15940,2794840,202109.0
26,A15283806,0,0,0,0,0,0,0,10850280,0,5452480,202109.0
27,A15205104,0,0,0,0,0,0,5206420,17408790,0,9628340,202109.0
28,A15286210,0,0,0,0,0,0,3658016,16312500,166500,8295810,202109.0
29,A15283807,0,0,0,0,0,0,12675010,13669840,6283220,6283650,202109.0
30,A15205303,0,0,0,0,0,0,1193030,20164300,-443120,9408360,202109.0
31,A15285503,0,0,0,0,0,0,376970,0,0,0,202109.0
32,A15286807,0,0,0,0,0,7782000,2920120,27583880,361640,13765840,202109.0
33,A15286802,0,0,0,0,0,0,2034690,9508190,0,0,202109.0
34,A15285004,0,0,0,0,0,0,2331610,12810380,245610,7790010,202109.0
35,A15283801,0,0,0,0,0,0,2072343,6736340,0,2515410,202109.0
36,A15205301,0,0,0,0,0,0,348059,10077530,131820,4493290,202109.0
37,A15205001,0,0,0,0,0,0,1554010,8003050,896430,3525370,202109.0
38,A15286805,0,0,0,0,0,0,0,11310230,87660,6491890,202109.0
39,A15284603,0,0,0,0,0,0,2324760,10149000,0,6893880,202109.0
40,A15205513,702810,0,0,0,0,14012390,20242090,42946830,5229830,20899070,202109.0
41,A15283803,0,0,0,0,0,0,1317370,5866740,221270,2719600,202109.0
42,A15285804,0,0,0,0,0,0,5257249,19015290,144220,11868070,202109.0
43,A15286602,0,0,7560,0,0,0,7948830,0,0,0,202109.0
44,A15286801,-1732790,0,0,0,0,4053000,786440,10919940,0,5366670,202109.0
45,A15205405,0,0,-1344890,1335950,2757042,16292200,5046148,26264040,0,15748380,202109.0
46,A15270501,,,,,,,,,,,202109.0
47,A10027493,,,,,,,,,,,202109.0
48,A10026989,,,,,,,,,,,202109.0
49,A15205511,0,0,0,0,0,0,-3359538,34418280,-120,13857890,202109.0
50,A10027507,,,,,,,,,,,202109.0
51,A15208204,0,0,0,0,0,0,976520,14231710,0,7794080,202109.0
52,A15282403,0,0,0,0,0,0,1547703,8377620,0,0,202109.0
53,A15208201,0,0,0,0,0,0,1001420,5654180,270670,3008850,202109.0
54,A15283707,1296390,0,0,0,0,2858000,-63290,17914230,1878320,6744640,202109.0
55,A15208006,0,0,0,0,0,0,4629960,13273370,253800,7192200,202109.0
56,A15283603,0,0,0,0,0,0,1140270,7978800,0,5994300,202109.0
57,A15283706,0,0,0,0,0,0,2278150,12619680,0,7081760,202109.0
58,A15279403,0,0,0,0,0,0,6763769,25485150,-295560,14162210,202109.0
59,A15283702,0,0,0,0,0,0,1127600,6735150,81680,4153830,202109.0
60,A15283709,2269450,0,0,0,2100120,2100120,25214130,23803340,8631440,8136880,202109.0
61,A15283701,0,0,0,0,0,0,325620,5687410,0,0,202109.0
62,A15282810,0,0,0,0,0,0,4160620,18394600,541880,13219660,202109.0
63,A15208005,0,0,0,0,0,0,591000,7168810,14960,3415420,202109.0
64,A15208202,0,0,0,0,0,0,-4384790,14069440,-145530,5596230,202109.0
65,A15208007,0,0,4060,0,0,0,2751890,8741780,79970,3384090,202109.0
66,A15282608,2178860,0,0,0,0,4071000,814920,15029060,627570,7838410,202109.0
67,A15283704,0,0,0,0,0,0,1082690,11385490,20570,5356290,202109.0
68,A15279402,1521380,0,0,0,80,2833520,6236950,16697000,0,8784230,202109.0
69,A15208003,0,0,0,0,0,0,0,25575200,0,0,202109.0
70,A15279404,11057380,252630,0,0,-7417800,7416000,7910939,30650480,1006950,19632360,202109.0
71,A15283711,0,0,0,0,0,0,8722110,44925780,2160,19014910,202109.0
72,A15282405,0,0,0,0,0,0,382240,0,6443760,0,202109.0
73,A15282105,0,0,0,0,0,0,1270391,15535190,-170,6586560,202109.0
74,A15280304,0,0,0,0,0,0,1211280,9864180,0,0,202109.0
75,A15209206,0,0,6480,0,0,0,10741884,27915630,0,20829800,202109.0
76,A15209304,0,0,3250,0,0,0,2183730,8991300,0,3995330,202109.0
77,A15209207,0,0,0,0,0,0,18541815,78903430,6391130,47997490,202109.0
78,A15209003,0,0,0,0,0,0,692330,4167230,0,0,202109.0
79,A15209305,0,0,0,0,0,0,7861022,40258000,7870,25233970,202109.0
80,A15209004,0,0,0,0,0,0,1156290,28233710,0,15136760,202109.0
81,A15209002,0,0,2240,0,0,0,22219920,84492830,0,38484590,202109.0
82,A15209203,0,0,0,0,0,12271000,959780,22561980,841680,0,202109.0
83,A15209202,0,0,0,0,0,0,2755730,13613870,0,7674220,202109.0
84,A15280602,0,0,0,0,0,0,1072980,4585690,0,0,202109.0
85,A15209205,0,0,0,0,0,0,6921880,22840320,520060,15253350,202109.0
86,A15209303,0,0,0,0,0,0,1334892,7521790,0,3656120,202109.0
87,A15209201,0,0,0,0,0,0,305050,7534960,300750,0,202109.0
88,A15280303,0,0,0,0,0,0,1232659,8634940,0,0,202109.0
89,A15209007,0,0,0,0,0,0,10509980,44597080,0,17547480,202109.0
90,A15209006,,,,,,,,,,,202109.0
91,A15275101,0,0,0,0,0,0,204010,7611350,4796100,4796100,202109.0
92,A10024745,0,0,0,0,0,0,10630360,43151850,0,18435760,202109.0
93,A15210101,0,0,1620,0,0,0,1404980,4138420,0,2918640,202109.0
94,A15210104,0,0,0,0,0,0,1001123,8154630,0,8453000,202109.0
95,A15210102,0,0,0,0,0,0,2038840,6036030,0,4125060,202109.0
96,A15210103,0,0,0,0,0,0,0,9086970,0,7700000,202109.0
97,A15210206,0,0,0,0,0,0,1391760,8842320,0,0,202109.0
98,A15210105,0,0,0,0,0,0,1955590,7526110,110260,4691660,202109.0
99,A15210107,0,0,0,0,0,0,11269870,29069460,5817070,0,202109.0
100,A15210211,0,0,0,0,0,0,4425230,21250900,0,14039980,202109.0
101,A15210106,0,0,0,0,0,0,0,11741500,295770,5867160,202109.0
102,A15210212,0,0,0,0,0,0,5428490,25912340,0,13138300,202109.0
103,A15278301,0,0,0,0,0,0,1740010,3127150,940330,0,202109.0
104,A15210210,0,0,0,0,0,0,17915750,0,7960640,0,202109.0
105,A15210209,0,0,0,0,0,0,737910,20424910,530,6991250,202109.0
106,A15210207,0,0,0,0,0,0,0,11373240,0,5807250,202109.0
107,A10026434,0,0,0,0,0,0,2845810,15315210,279870,8485450,202109.0
108,A10027522,,,,,,,,,,,202109.0
109,A15279101,0,0,0,0,0,0,9470760,37628430,0,18986080,202109.0
110,A15210001,5670,0,0,0,0,0,4197989,17210950,509840,8308990,202109.0
111,A15213006,19390,0,0,0,0,0,167560,14530170,0,4706450,202109.0
112,A15213004,14310,0,0,0,0,0,-1687481,21753230,460150,8638970,202109.0
113,A15213005,0,0,0,0,0,0,0,49073270,1484830,17032980,202109.0
114,A15213002,0,0,0,0,0,0,-1836380,33138290,1549460,12425880,202109.0
115,A15213007,0,0,0,0,0,0,3556770,41204970,146940,19404460,202109.0
116,A15213001,19750,0,0,0,0,0,-755780,22281290,0,11521800,202109.0
117,A10027764,0,0,4580,0,0,0,612410,4886320,470690,2223930,202109.0
118,A10026729,0,0,215920,0,0,0,905830,2079390,53110,2071090,202109.0
119,A10026039,0,0,0,0,0,0,0,3807170,0,2112880,202109.0
120,A15213003,0,0,0,0,0,0,-2456190,26291900,0,8130370,202109.0
121,A15271601,0,0,0,0,0,0,-814403,13191000,323170,4866880,202109.0
122,A10025614,4141070,205220,0,0,0,12673250,697800,50990790,0,19595000,202109.0
123,A10025386,1932500,0,0,0,0,0,76460,5030260,-38100,1610760,202109.0
124,A10025387,2428320,31980,646120,0,0,6014800,6511640,23068070,860,11170480,202109.0
125,A10025858,5611120,76230,0,0,-4765800,4765800,2763840,8749250,1206610,4341420,202109.0
126,A10025564,586840,0,0,0,0,1533840,942380,3283930,97910,1599180,202109.0
127,A10024849,1847550,42270,0,0,0,4106410,918879,14587520,29600,6070400,202109.0
128,A10024927,2175400,0,0,0,0,3251650,2755260,14771840,980,5864650,202109.0
129,A10025115,2797200,0,0,0,0,3563520,3105590,20198480,262650,7406550,202109.0
130,A10025193,3818730,42850,0,0,30,5592800,4798510,22779620,0,11867930,202109.0
131,A10025302,730726,0,0,0,110864,2696910,2353160,7910060,60580,4914920,202109.0
