,kaptCode,heatC,heatP,gasC,gasP,waterHotC,waterHotP,electC,electP,waterCoolC,waterCoolP,Date
0,A15288812,0,0,0,0,0,0,10187699,51443510,-1622020,18777690,202104.0
1,A15288806,0,0,-452930,452930,0,0,4359632,14019820,0,0,202104.0
2,A15288802,0,0,0,0,0,0,2050110,9006360,76350,3831160,202104.0
3,A15288805,0,0,0,0,0,0,2992270,15668390,0,7045770,202104.0
4,A15288813,0,0,0,0,0,0,11528730,40151960,295640,22563420,202104.0
5,A15288801,0,0,8200,0,0,0,971400,0,12390,0,202104.0
6,A15288814,0,0,0,0,0,0,23430550,65261630,0,41195100,202104.0
7,A15288809,0,0,0,0,0,0,5666150,18673490,1246090,10801880,202104.0
8,A15288803,0,0,0,0,0,0,1942537,7030400,300,4438760,202104.0
9,A15288804,0,0,0,0,0,0,2809740,9093700,0,0,202104.0
10,A15288807,0,0,96840,0,0,0,5446100,16031420,0,8014060,202104.0
11,A15288810,0,0,0,0,0,0,7159838,29323450,304380,16482010,202104.0
12,A15288611,24663900,0,0,0,14392000,0,24179560,0,11317830,0,202104.0
13,A10028063,0,0,0,0,0,0,8132500,0,3183090,0,202104.0
14,A15288004,0,0,0,0,0,0,3328560,17566710,-89360,8059960,202104.0
15,A15286806,72350,9833640,0,0,0,9348500,4817840,14480000,3239120,7611690,202104.0
16,A15284305,0,0,32210,0,0,0,2099537,8119790,30000,4914790,202104.0
17,A15205305,0,0,0,0,0,0,5259910,13111270,265150,7445730,202104.0
18,A15288002,0,0,1910,0,0,0,4613730,14718320,121300,8924740,202104.0
19,A15283809,0,0,77280,0,0,0,3314555,8369230,5610,0,202104.0
20,A15205108,0,0,0,0,0,0,7481130,24214260,0,13785100,202104.0
21,A15286809,77989770,0,0,0,0,0,61939954,0,33485800,0,202104.0
22,A15283902,0,0,0,0,0,0,2817260,10615870,159900,6074950,202104.0
23,A15205103,0,0,0,0,0,0,2458479,7702970,-360,4569780,202104.0
24,A15284906,0,0,0,0,0,0,9417938,38081140,-770230,21164770,202104.0
25,A15205002,0,0,0,0,0,0,1469340,3356680,-437100,3028050,202104.0
26,A15283806,0,0,0,0,0,0,1541110,9859940,0,4927070,202104.0
27,A15205104,0,0,0,0,0,0,5363180,14808430,0,8278430,202104.0
28,A15286210,0,0,0,0,0,0,4253501,15647540,162000,7775060,202104.0
29,A15283807,0,0,0,0,0,0,12178480,12496540,5651790,5651240,202104.0
30,A15205303,0,0,0,0,0,0,3014580,15459990,-684040,8748600,202104.0
31,A15285503,0,0,0,0,0,0,348330,0,17970,0,202104.0
32,A15286807,0,4970000,0,0,0,12114000,4244040,24349610,284290,12450830,202104.0
33,A15286802,0,0,0,0,0,0,2148100,8800060,283320,0,202104.0
34,A15285004,0,0,0,0,0,0,2623440,11733290,157970,6948140,202104.0
35,A15283801,0,0,0,0,0,0,1996328,6634230,0,3267000,202104.0
36,A15205301,0,0,0,0,0,0,377361,9282190,105910,4161380,202104.0
37,A15205001,0,0,0,0,0,0,1725960,7473670,410710,3638060,202104.0
38,A15286805,0,0,98390,0,0,0,0,8062190,405040,6107940,202104.0
39,A15284603,0,0,0,0,0,0,2437030,8447030,0,6158140,202104.0
40,A15205513,2836204,42476140,0,0,0,12306480,17297030,37176790,6700930,16076670,202104.0
41,A15283803,0,0,0,0,0,0,2620510,4465400,200000,2638280,202104.0
42,A15285804,0,0,0,0,0,0,5102825,16887960,91170,10965880,202104.0
43,A15286602,0,0,14680,0,0,0,6430050,0,137970,0,202104.0
44,A15286801,6796380,0,0,0,0,6318000,722450,8470680,0,5132730,202104.0
45,A15205405,-1063,12579430,-995130,979240,4000000,25491000,4741263,22107870,0,16293420,202104.0
46,A15270501,,,,,,,,,,,202104.0
47,A10027493,,,,,,,,,,,202104.0
48,A10026989,,,,,,,,,,,202104.0
49,A15205511,0,0,0,0,0,0,1251646,29400020,20,12613350,202104.0
50,A10027507,,,,,,,,,,,202104.0
51,A15208204,0,0,0,0,0,0,2689020,12951780,0,6834670,202104.0
52,A15282403,0,0,0,0,0,0,1971510,7253100,0,0,202104.0
53,A15208201,0,0,0,0,0,0,1505630,4256630,0,3024210,202104.0
54,A15283707,2430740,643710,0,0,0,9005500,3326190,12120530,2495310,5476140,202104.0
55,A15208006,0,0,0,0,0,0,3636000,12255030,208040,5925830,202104.0
56,A15283603,0,0,0,0,0,0,1950590,7369680,1719,4768311,202104.0
57,A15283706,0,0,0,0,0,0,2968710,12155150,0,6471040,202104.0
58,A15279403,0,0,0,0,0,0,7747684,22564570,-63980,12396790,202104.0
59,A15283702,0,0,0,0,0,0,1335460,6192230,0,3851080,202104.0
60,A15283709,6668740,3370570,0,0,7807900,7807900,17618810,14215520,7746360,7522110,202104.0
61,A15283701,0,0,0,0,0,0,1078220,4416330,0,0,202104.0
62,A15282810,0,0,0,0,0,0,5294660,17274930,591790,12036270,202104.0
63,A15208005,0,0,0,0,0,0,2164150,5800620,-18770,3217880,202104.0
64,A15208202,0,0,22090,0,0,0,2931640,6737960,-2622950,7119370,202104.0
65,A15208007,0,0,4840,0,0,0,3263590,7844810,269060,3142860,202104.0
66,A15282608,12791970,0,0,0,0,6705000,1428208,13141272,801590,6110840,202104.0
67,A15283704,0,0,0,0,0,0,1916860,10616740,29260,4982460,202104.0
68,A15279402,1521680,3351120,0,0,50,8656710,9036830,14135570,0,8183410,202104.0
69,A15208003,0,0,0,0,0,0,177500,24626920,0,19968900,202104.0
70,A15279404,1431743,10559200,0,0,0,19978000,7340640,26316540,0,16822630,202104.0
71,A15283711,0,0,0,0,0,0,7874740,33697370,-5300,17430930,202104.0
72,A15282405,0,0,0,0,0,0,352530,0,0,0,202104.0
73,A15282105,0,0,0,0,0,0,3672321,11445760,-850,5934540,202104.0
74,A15280304,0,0,0,0,0,0,2583170,7837340,0,0,202104.0
75,A15209206,0,0,31040,0,0,0,6558312,30593480,0,18768100,202104.0
76,A15209304,0,0,66350,0,0,0,1776946,9033780,0,3758250,202104.0
77,A15209207,0,0,0,0,0,0,21409040,72978970,2850510,43150640,202104.0
78,A15209003,0,0,0,0,0,0,1011280,3933400,0,0,202104.0
79,A15209305,0,0,0,0,0,0,10842744,39817290,3600,24324850,202104.0
80,A15209004,0,0,0,0,0,0,1837160,26321760,0,12896920,202104.0
81,A15209002,0,0,45590,0,0,0,26944358,64651910,0,34699710,202104.0
82,A15209203,1350,8911500,0,0,0,18060000,2843910,18600570,0,0,202104.0
83,A15209202,0,0,0,0,0,0,4481430,10575460,0,7325200,202104.0
84,A15280602,0,0,0,0,0,0,1969100,4367610,-455060,5550170,202104.0
85,A15209205,0,0,0,0,0,0,3424230,23331450,0,14069010,202104.0
86,A15209303,0,0,0,0,0,0,1732931,6738680,0,3525100,202104.0
87,A15209201,0,0,0,0,0,0,569920,5977600,0,0,202104.0
88,A15280303,0,0,0,0,0,0,2152348,7031210,0,0,202104.0
89,A15209007,0,0,0,0,0,0,6278330,39886800,0,15984920,202104.0
90,A15209006,,,,,,,,,,,202104.0
91,A15275101,0,0,0,0,0,0,990920,7840100,0,3796050,202104.0
92,A10024745,0,0,0,0,0,0,11100990,33167300,0,16699930,202104.0
93,A15210101,0,0,23090,0,0,0,1110870,3851080,0,2783020,202104.0
94,A15210104,0,0,0,0,0,0,1804785,6748860,-6848670,6848670,202104.0
95,A15210102,0,0,0,0,0,0,2132110,5836620,0,4149210,202104.0
96,A15210103,0,0,0,0,0,0,1410490,6943610,0,0,202104.0
97,A15210206,0,0,0,0,0,0,1329200,8041770,0,0,202104.0
98,A15210105,0,0,0,0,0,0,2010840,6930220,102580,4297940,202104.0
99,A15210107,0,0,0,0,0,0,12819530,28450110,0,0,202104.0
100,A15210211,0,0,0,0,0,0,4903990,18773430,0,12164030,202104.0
101,A15210106,0,0,0,0,0,0,0,11535220,-2160,5200260,202104.0
102,A15210212,0,0,0,0,0,0,5580070,24599340,0,11910520,202104.0
103,A15278301,0,0,0,0,0,0,948270,2893680,405430,0,202104.0
104,A15210210,0,0,0,0,0,0,17959500,0,7403280,0,202104.0
105,A15210209,0,0,0,0,0,0,1145870,15940300,850,6287080,202104.0
106,A15210207,0,0,0,0,0,0,1329110,10920010,0,5346020,202104.0
107,A10026434,0,0,0,0,0,0,2264590,10369230,267350,8352680,202104.0
108,A10027522,,,,,,,,,,,202104.0
109,A15279101,0,0,0,0,0,0,8728020,36810340,0,17541760,202104.0
110,A15210001,29790,0,0,0,0,0,4786946,16517290,154670,7823800,202104.0
111,A15213006,189840,0,0,0,0,0,2025180,10578420,0,4618680,202104.0
112,A15213004,238840,0,0,0,0,0,1007533,17361890,-220520,7723730,202104.0
113,A15213005,0,0,0,0,0,0,3950230,36136940,0,15427270,202104.0
114,A15213002,143100,0,0,0,0,0,942090,26779130,0,11549000,202104.0
115,A15213007,0,0,0,0,0,0,3399230,39907900,236050,18363470,202104.0
116,A15213001,162110,0,0,0,0,0,-346140,20780030,0,10044750,202104.0
117,A10027764,0,0,157910,0,0,0,1203530,3225780,323760,1845120,202104.0
118,A10026729,0,0,99830,0,0,0,1029120,1376510,0,0,202104.0
119,A10026039,0,0,0,0,0,0,202690,2583020,105270,2077710,202104.0
120,A15213003,0,0,0,0,0,0,316660,19022800,0,7452380,202104.0
121,A15271601,0,0,0,0,0,0,1012291,10644490,-59910,4727200,202104.0
122,A10025614,4141070,4514330,0,0,0,27113420,3791040,37151360,0,18063380,202104.0
123,A10025386,3391960,698780,0,0,0,0,2227320,1843140,0,1424760,202104.0
124,A10025387,2619860,2403920,0,0,0,12974850,5893660,20291480,-7480,8319720,202104.0
125,A10025858,8020990,1258740,0,0,-6992000,6992000,2507550,6848600,582760,3849670,202104.0
126,A10025564,1058320,683080,0,0,0,2523000,742140,2554610,97910,1627590,202104.0
127,A10024849,1856190,2179790,0,0,0,8398400,2781190,12476090,44560,5729590,202104.0
128,A10024927,2375770,2075120,0,0,0,7612220,3015930,12736830,184070,5863680,202104.0
129,A10025115,2839810,3102360,0,0,0,8701700,6471590,17009950,-53450,7057460,202104.0
130,A10025193,3886970,3753290,0,0,59800,13300260,4035970,20280150,65240,11377880,202104.0
131,A10025302,1684576,0,0,0,6585184,0,10115640,0,4466520,0,202104.0
