,kaptCode,heatC,heatP,gasC,gasP,waterHotC,waterHotP,electC,electP,waterCoolC,waterCoolP,Date
0,A15807316,2197290,62310720,0,0,0,16305300,6198644,19749630,64990,7113240,202201.0
1,A15807004,15805430,38801300,0,0,0,0,15343090,20332240,459440,11206320,202201.0
2,A15807003,1779224,23909300,0,0,0,4656350,1571420,9663540,520,6019100,202201.0
3,A15807704,8704320,30849560,0,0,206400,16188000,573820,15872650,2243870,7752310,202201.0
4,A15886504,1592920,46801320,0,0,0,10408850,9207440,15246190,1517370,6803560,202201.0
5,A15807101,10901808,209324002,0,0,0,75275000,25492133,82276240,441660,0,202201.0
6,A15885306,9517960,30206390,0,0,-10281300,10281300,3820040,13374180,2008760,0,202201.0
7,A15807001,11446090,39367520,0,0,-10225400,10225400,5857540,15479040,0,7021490,202201.0
8,A15807205,939390,25243340,0,0,0,6684000,6827806,10181380,194950,5440820,202201.0
9,A15807604,105890080,0,0,0,44676430,0,53384502,0,25292170,0,202201.0
10,A15885307,1049900,33043760,0,0,0,9462280,3437674,12823290,1500000,0,202201.0
11,A15807311,3116980,56259840,0,0,0,17337360,6900220,24202970,0,11769300,202201.0
12,A15807706,29178712,126702030,0,0,0,77706810,17304244,53865360,7122720,0,202201.0
13,A15807703,24156160,93334500,0,0,0,50878950,18455741,54766770,4462380,21376630,202201.0
14,A15876401,4726290,17425210,0,0,0,10836260,3111188,7465130,291480,0,202201.0
15,A15886402,0,0,0,0,0,0,1610290,6052200,0,0,202201.0
16,A15807002,2487630,73228460,0,0,0,20477340,9877670,21641270,2542280,14447120,202201.0
17,A15886512,22422840,38975050,0,0,-17135000,17085000,5986810,14402170,362990,8239710,202201.0
18,A15886507,2223530,34269870,0,0,0,13435800,2031350,16915640,135370,7956300,202201.0
19,A15886505,2894360,40221920,0,0,0,7190000,7459973,17737600,332420,7277180,202201.0
20,A15807210,2530240,65491820,0,0,-6532290,17090500,8040660,31663980,7567570,7272330,202201.0
21,A15807605,25379318,213887392,0,0,0,86429100,23998796,82650560,17109070,0,202201.0
22,A15870701,11247330,34956990,0,0,-10041240,10041240,2252036,21238260,0,10872810,202201.0
23,A15886508,3566620,36633390,0,0,0,9909520,3918601,13355760,838460,7897950,202201.0
24,A15807707,-4283910,115640000,0,0,0,57017340,14858760,0,7664290,0,202201.0
25,A15807211,4042130,99299580,0,0,0,28467920,11277128,38428360,0,16679850,202201.0
26,A15807315,0,0,948060,0,0,0,20074827,41578920,0,17638770,202201.0
27,A15886510,0,29025070,0,0,0,4344960,3169670,9926840,0,5959700,202201.0
28,A15885514,0,0,0,0,0,0,9040322,26646010,0,22674600,202201.0
29,A15879502,-95875070,0,0,0,96407960,0,6708712,0,735380,0,202201.0
30,A15807313,0,30945980,0,0,0,10328620,4465130,9953650,0,3926480,202201.0
31,A15807702,14164940,29160580,0,0,-8235000,8235000,9140656,12121130,825690,6744580,202201.0
32,A15879501,788110,27701690,0,0,2171170,9426930,2926660,9716630,251830,2896520,202201.0
33,A15807705,4425380,123778210,0,0,-12264480,54963040,14918555,39012750,12391540,0,202201.0
34,A15807208,25331800,38693520,-722440,722440,-27536430,27536430,8346718,17331660,4045730,5973190,202201.0
35,A15807606,47211110,136074570,0,0,0,93080000,7091562,105037190,32134110,0,202201.0
36,A15873701,8633750,203897920,0,0,0,96550020,12181341,90187820,275250,9679200,202201.0
37,A15886501,1012550,15675280,0,0,600940,4247100,5350180,5072880,371310,2931450,202201.0
38,A15807204,7703500,16036600,0,0,-5533500,5533500,5203081,7867250,1619750,0,202201.0
39,A15807701,0,0,0,0,0,0,5263750,16193700,0,7972130,202201.0
40,A15876402,8119850,22613500,0,0,-7103600,7103600,2571286,6485550,2445330,3587420,202201.0
41,A15885303,3468190,15258000,0,0,-1666000,8330000,3906580,10573600,1666000,0,202201.0
42,A15884901,3403910,17646110,0,0,-2647500,2647500,2422840,6797210,1107600,0,202201.0
43,A15807202,7098720,21766490,0,0,-6352570,6352570,4349974,9113180,110,5132360,202201.0
44,A15873902,0,0,0,0,0,0,5785195,21899610,1135840,5409460,202201.0
45,A15809002,7794190,45471840,0,0,0,10259150,6739970,21114300,520970,10786560,202201.0
46,A15807306,0,0,0,0,0,0,7164990,14895390,0,0,202201.0
47,A10027375,0,0,0,0,0,0,23253550,55183100,1631270,20050740,202201.0
48,A10027396,586280,23856590,0,0,0,10408890,5666250,14207700,0,8036890,202201.0
49,A10025649,-195670,10030060,0,0,-92100,8525790,2435540,7361130,0,5030030,202201.0
50,A10025729,1586159,21759110,0,0,2139531,13028000,4473987,18932440,71110,7402480,202201.0
51,A10023593,0,0,81810,0,0,0,1180480,6234330,0,0,202201.0
52,A10023886,,,,,,,,,,,202201.0
53,A10024398,5351080,78619800,0,0,0,47169590,26656135,75242480,2182310,24270590,202201.0
54,A15805504,9781330,197745820,0,0,0,81523140,17298480,76685950,13737530,0,202201.0
55,A15805404,0,0,0,0,0,0,9632832,24705580,-250,10496200,202201.0
56,A15875102,15323420,170222400,0,0,0,67980000,5496200,77391560,10618880,0,202201.0
57,A15805102,0,0,0,0,0,0,3390016,7161770,240620,3632260,202201.0
58,A15805003,153868261,0,0,0,125248245,0,80428740,0,0,0,202201.0
59,A15880204,6050330,42856880,0,0,0,0,3008240,12707100,121480,0,202201.0
60,A15805203,4598890,24769000,0,0,0,10255500,4195910,10990870,371600,1469200,202201.0
61,A15875101,2888850,82355760,0,0,0,18538380,18370699,79715040,18259420,0,202201.0
62,A15805202,0,0,0,0,0,0,5235670,20082070,0,7199700,202201.0
63,A15805115,42190110,204409480,0,0,0,47907970,13890470,95658410,21863340,29618560,202201.0
64,A15882107,1288930,21439050,-328290,328290,-840,7561810,3875760,9629370,0,0,202201.0
65,A15882103,0,0,0,0,17304750,5008000,3469090,7873390,0,0,202201.0
66,A15805111,3684310,92304370,0,0,0,6841340,25936072,68811510,1115070,13893740,202201.0
67,A15805403,5694790,35633820,0,0,0,12394200,7263833,16304080,-100310,8261570,202201.0
68,A15805101,0,0,0,0,0,0,2725000,8383040,0,0,202201.0
69,A15882008,800450,20053840,0,0,0,5574000,3589367,11039160,0,1675850,202201.0
70,A15805503,27688110,94815540,0,0,0,57297310,16128935,41084300,7119105,0,202201.0
71,A15881702,0,0,0,0,0,0,2199810,8912580,0,6890300,202201.0
72,A15805303,9488030,110630630,0,0,35000,39255000,26951580,39164830,8052410,13839260,202201.0
73,A15805302,0,0,123930,0,0,0,598860,19267610,275920,0,202201.0
74,A15881701,542060,9097120,0,0,0,8256330,3359080,6996640,0,2898030,202201.0
75,A15870102,12043000,18390370,0,0,-8748000,8748000,3464080,6957550,267970,0,202201.0
76,A15875103,4654552,134674370,0,0,0,38338010,11777528,47517520,3000,9133490,202201.0
77,A15881601,702650,18185730,0,0,0,8854800,856846,10265210,0,4046620,202201.0
78,A15805109,3566890,22713420,0,0,-1190740,11086200,2888123,13212790,1583790,0,202201.0
79,A15882104,8788180,15405100,0,0,-5790400,5790400,5015090,6174030,0,0,202201.0
80,A15882006,20314780,0,0,0,0,5408000,2698070,9451630,0,1122330,202201.0
81,A15805105,999021,19247489,0,0,0,8510250,2279270,0,289920,0,202201.0
82,A15805002,13824590,39258840,0,0,0,28416500,2226500,73628490,3331259,32125701,202201.0
83,A10028007,,,,,,,,,,,202201.0
84,A15880905,11842640,45452500,0,0,0,12799500,10437980,22630850,274360,10052020,202201.0
85,A10027303,,,,,,,,,,,202201.0
86,A10025127,,,,,,,,,,,202201.0
87,A10025915,,,,,,,,,,,202201.0
88,A10026023,1476150,24004120,0,0,0,15138900,8206730,17193180,139770,6513720,202201.0
89,A10024823,,,,,,,,,,,202201.0
90,A10024699,,,,,,,,,,,202201.0
91,A10024355,,,,,,,,,,,202201.0
92,A15884703,45817580,120214630,0,0,0,50369000,18819813,41524640,471890,36703950,202201.0
93,A15883803,0,0,0,0,0,0,529926,12698490,5940,4903810,202201.0
94,A15883401,0,0,0,0,0,0,7101155,16705750,-111340,6312990,202201.0
95,A15883201,0,0,0,0,0,0,1269360,22368090,0,8936780,202201.0
96,A15809601,0,0,0,0,0,0,835450,7453390,0,0,202201.0
97,A15883702,0,0,0,0,0,0,1438610,0,680690,0,202201.0
98,A15809702,0,0,0,0,0,0,875170,0,0,0,202201.0
99,A15809502,0,0,0,0,0,0,2373980,9949260,813990,3654660,202201.0
100,A15809402,0,0,0,0,0,0,13594625,0,4446320,0,202201.0
101,A15809401,0,0,0,0,0,0,1880890,7871960,0,6117270,202201.0
102,A15883202,0,0,0,0,0,0,5850433,14581750,0,5791440,202201.0
103,A15809403,0,0,0,0,0,0,2296090,11877840,-409800,6721610,202201.0
104,A15882201,0,0,0,0,0,0,3143168,14021770,238330,3929110,202201.0
105,A15809201,0,0,0,0,0,0,1357540,7106050,0,0,202201.0
106,A15809001,0,0,0,0,0,0,793430,5935400,-500,5530240,202201.0
107,A15884202,0,0,0,0,0,0,4739551,15263630,0,0,202201.0
108,A15883402,0,0,0,0,0,0,15801250,38111720,1175250,15270870,202201.0
109,A15883101,0,0,0,0,0,0,3009390,4683720,14940,3580990,202201.0
110,A15809603,0,0,0,0,0,0,6412920,17597350,-400,9498630,202201.0
111,A10025980,,,,,,,,,,,202201.0
112,A15809003,,,,,,,,,,,202201.0
113,A10025157,0,0,0,0,0,0,1662580,5608830,0,2526920,202201.0
114,A10025120,,,,,,,,,,,202201.0
115,A10025665,,,,,,,,,,,202201.0
116,A10024804,,,,,,,,,,,202201.0
117,A10024872,0,0,0,0,0,0,81489346,105386740,5012370,45401650,202201.0
118,A15878601,0,0,0,0,0,0,8863330,0,5545140,0,202201.0
