,kaptCode,heatC,heatP,gasC,gasP,waterHotC,waterHotP,electC,electP,waterCoolC,waterCoolP,Date
0,A15807316,2161780,11439000,0,0,0,15075720,4740091,17878700,59570,8282050,202204.0
1,A15807004,9754020,9299280,0,0,0,0,3112587,21235800,172540,10588220,202204.0
2,A15807003,2054737,4428800,0,0,0,3393020,-967450,8613410,-7470,5393390,202204.0
3,A15807704,-13137800,18296200,0,0,-1906900,16375800,-423140,14951970,-1574460,9445530,202204.0
4,A15886504,1591900,9301810,0,0,0,6126880,6590610,12134120,195000,6593700,202204.0
5,A15807101,9514317,37064453,0,0,0,43292700,25055478,71890180,48771760,0,202204.0
6,A15885306,7844320,3397870,0,0,-8760400,8760400,2936330,10307760,2664000,0,202204.0
7,A15807001,8339690,4963100,0,0,-7119000,7119000,3893250,13159680,0,6273930,202204.0
8,A15807205,939520,3393400,0,0,0,5772000,6168290,9339400,195040,5282280,202204.0
9,A15807604,22210580,0,0,0,26398710,0,48088636,0,26114300,0,202204.0
10,A15885307,1085900,2705740,0,0,0,9320080,1284720,11870610,1480290,0,202204.0
11,A15807311,2773490,11024430,0,0,0,9941200,2971730,20936150,-1027820,12016570,202204.0
12,A15807706,13247027,20480407,0,0,0,41100066,16963416,50710640,19258200,0,202204.0
13,A15807703,8974060,15298440,0,0,0,24321000,9145817,59535490,2411060,22032430,202204.0
14,A15876401,1305130,6156480,0,0,0,5412400,1596805,6936240,290290,0,202204.0
15,A15886402,0,0,0,0,0,0,1792960,6505080,0,6700620,202204.0
16,A15807002,2487890,10717980,0,0,0,13990080,8129110,18876640,843420,15163860,202204.0
17,A15886512,12193760,4877040,0,0,-10863600,10830600,3580170,13234780,96050,9052200,202204.0
18,A15886507,1640800,5878890,0,0,0,7761600,1886010,15981210,171080,7942730,202204.0
19,A15886505,7958760,6814250,0,0,-5985000,5985000,3103122,15123230,303470,7665190,202204.0
20,A15807210,2530240,12433850,0,0,-4683200,14343000,3886330,27431380,7996000,7788900,202204.0
21,A15807605,12269568,32676564,0,0,0,57616548,23906116,76150910,409430,0,202204.0
22,A15870701,9470920,7338140,0,0,-8062140,8062140,-2026410,17939000,0,9944190,202204.0
23,A15886508,1790500,6205170,0,0,0,6698200,3274281,11795750,1259330,7623880,202204.0
24,A15807707,5355140,28517700,0,0,0,38158950,11874930,0,5840480,0,202204.0
25,A15807211,4042130,13198170,0,0,0,19207020,13511882,34577710,0,22922060,202204.0
26,A15807315,0,0,869730,0,0,0,8459212,33623247,0,17400660,202204.0
27,A15886510,0,6910060,0,0,0,3613440,3525900,7900160,0,5931680,202204.0
28,A15885514,0,0,0,0,0,0,7684161,21115200,0,0,202204.0
29,A15879502,-22657630,0,0,0,22657630,0,4991584,0,658540,0,202204.0
30,A15807313,0,5770130,0,0,0,10156390,1982500,9337330,0,4736230,202204.0
31,A15807702,9635170,2226060,0,0,-7503000,7503000,5896914,10963090,0,7422350,202204.0
32,A15879501,644460,6301570,0,0,2022980,6682680,2082830,8111660,248330,3207080,202204.0
33,A15807705,4410380,21573220,0,0,-15735600,41792400,13488957,34805750,15791900,0,202204.0
34,A15807208,14381740,4970420,-653940,653940,-16100210,16100210,6948995,16635280,3559250,6021690,202204.0
35,A15807606,12529770,58918750,0,0,0,58687650,12454692,116496450,63300,0,202204.0
36,A15873701,8633750,41586690,0,0,0,78988000,10020148,80148690,2102180,11301360,202204.0
37,A15886501,281320,2258000,0,0,600940,3007620,2250832,4373990,-146750,3519860,202204.0
38,A15807204,5841500,3159400,0,0,-4973500,4973500,3349985,7346920,1282750,0,202204.0
39,A15807701,0,0,0,0,0,0,3590020,14288480,0,6953930,202204.0
40,A15876402,3765920,6838260,0,0,-3784060,3784060,1902845,6012200,1660440,3641740,202204.0
41,A15885303,815890,2142140,0,0,-1466000,5131000,2491410,10116610,1466000,0,202204.0
42,A15884901,2594760,3771770,0,0,-2047500,2047500,1890400,5437760,1109940,0,202204.0
43,A15807202,746040,6980500,0,0,-4330220,4330220,3249187,7683780,120,4907780,202204.0
44,A15873902,0,0,0,0,0,0,4241439,18157710,-53550,5525540,202204.0
45,A15809002,3610190,9883590,0,0,0,8191480,3679242,18519490,476370,10036620,202204.0
46,A15807306,0,0,0,0,0,0,4354830,14218790,437740,15522100,202204.0
47,A10027375,0,0,0,0,0,0,10619630,46738030,0,22720690,202204.0
48,A10027396,586280,4322180,0,0,0,8346250,3386610,12491350,0,8011740,202204.0
49,A10025649,0,1183890,0,0,0,4765740,868890,7173030,0,4973430,202204.0
50,A10025729,1566543,2401980,0,0,501077,8181000,-331032,17126220,85140,7164740,202204.0
51,A10023593,0,0,47420,0,0,0,965080,5529460,0,4488250,202204.0
52,A10023886,0,0,0,0,0,0,8756540,8756540,3558490,3558490,202204.0
53,A10024398,6813600,7447800,0,0,0,28617630,21563840,56268390,1641890,25755820,202204.0
54,A15805504,9100100,33855840,0,0,0,42823000,15674755,66992270,20931020,0,202204.0
55,A15805404,0,0,0,0,0,0,7081573,22785490,50,11251210,202204.0
56,A15875102,7891370,21990600,0,0,0,46512000,6178812,68483530,15900000,0,202204.0
57,A15805102,0,0,0,0,0,0,2197826,5888450,314700,3793680,202204.0
58,A15805003,32481587,0,0,0,59415208,0,72684110,0,0,0,202204.0
59,A15880204,2575410,11583320,0,0,0,0,2632240,12085710,316810,0,202204.0
60,A15805203,1973290,3145500,0,0,0,5545000,2599220,11085990,452780,1789800,202204.0
61,A15875101,2484810,18893250,0,0,0,11623040,13850322,70012630,23346490,0,202204.0
62,A15805202,0,0,0,0,0,0,3448630,18315950,0,7153520,202204.0
63,A15805115,16450190,42342330,0,0,0,36012770,3349180,89822950,18250460,31649340,202204.0
64,A15882107,1038950,3400420,-298690,298690,-760,5416870,2687530,9425290,0,0,202204.0
65,A15882103,0,0,0,0,3454880,4104000,1955150,6901170,106960,7114840,202204.0
66,A15805111,3683910,17423810,0,0,0,5940910,19547336,50890140,915200,14131600,202204.0
67,A15805403,2563920,7454110,0,0,0,7399600,4977415,13646040,-265800,8239180,202204.0
68,A15805101,0,0,128180,0,0,0,1519043,6804890,0,6120750,202204.0
69,A15882008,800450,4038640,0,0,0,4620000,2592948,10738990,0,1929950,202204.0
70,A15805503,29859000,18001620,0,0,28167390,28167390,10929969,36472110,12901055,0,202204.0
71,A15881702,0,0,0,0,0,0,1802420,7816880,0,0,202204.0
72,A15805303,3952030,14942110,0,0,16000,26560000,16608780,40661830,6983460,13950830,202204.0
73,A15805302,0,0,97120,0,0,0,1384395,16564670,0,0,202204.0
74,A15881701,523990,949660,0,0,0,3532600,2052740,5564130,0,3154330,202204.0
75,A15870102,5809130,6017090,0,0,-4743900,4743900,1029680,7415450,1730230,0,202204.0
76,A15875103,4654552,18763900,0,0,0,30789800,6656370,44117600,2000,12347730,202204.0
77,A15881601,702210,1947010,0,0,0,5168000,1428092,9016580,0,3421990,202204.0
78,A15805109,1570430,1885140,0,0,-972080,7072720,1389838,12560750,2255820,0,202204.0
79,A15882104,3963690,2493510,0,0,-3963600,3963600,3404760,7519750,104540,7347120,202204.0
80,A15882006,4391410,0,0,0,0,4128000,1995913,9134340,80,1472320,202204.0
81,A15805105,812856,3456284,0,0,0,5354580,1703430,0,0,0,202204.0
82,A15805002,3941690,803730,0,0,0,20673700,4232912,68988950,-549840,33869050,202204.0
83,A10028007,,,,,,,,,,,202204.0
84,A15880905,4103620,6031970,0,0,0,7777840,4876962,19039750,269292,11065108,202204.0
85,A10027303,,,,,,,,,,,202204.0
86,A10025127,,,,,,,,,,,202204.0
87,A10025915,,,,,,,,,,,202204.0
88,A10026023,1476200,2692840,0,0,0,8601550,2339266,16846810,604800,7017840,202204.0
89,A10024823,,,,,,,,,,,202204.0
90,A10024699,,,,,,,,,,,202204.0
91,A10024355,,,,,,,,,,,202204.0
92,A15884703,15897860,20627550,0,0,0,32441500,9729951,37916240,8665850,28247720,202204.0
93,A15883803,0,0,0,0,0,0,144920,9438940,-90080,4369960,202204.0
94,A15883401,0,0,0,0,0,0,3935570,13707360,84360,5861770,202204.0
95,A15883201,0,0,0,0,0,0,1664040,19587050,0,8731940,202204.0
96,A15809601,0,0,0,0,0,0,2176330,5795360,-60,7350280,202204.0
97,A15883702,0,0,0,0,0,0,1530210,6511990,294570,3683270,202204.0
98,A15809702,0,0,0,0,0,0,629230,0,0,0,202204.0
99,A15809502,0,0,0,0,0,0,1761030,9137760,155790,4154320,202204.0
100,A15809402,0,0,0,0,0,0,1469701,10447740,0,4731650,202204.0
101,A15809401,0,0,0,0,0,0,1611150,6439530,0,0,202204.0
102,A15883202,0,0,0,0,0,0,3728426,14435890,532560,6205120,202204.0
103,A15809403,0,0,0,0,0,0,2716520,9796180,-300,6699110,202204.0
104,A15882201,0,0,0,0,0,0,1137480,12034900,0,4362340,202204.0
105,A15809201,0,0,0,0,0,0,1209060,6326320,0,6448050,202204.0
106,A15809001,0,0,0,0,0,0,551610,5563930,0,0,202204.0
107,A15884202,0,0,0,0,0,0,3219636,12805590,0,0,202204.0
108,A15883402,0,0,0,0,0,0,7819430,34591360,1612690,16354360,202204.0
109,A15883101,0,0,0,0,0,0,1855160,4578070,0,3307190,202204.0
110,A15809603,0,0,0,0,0,0,5442661,12861780,0,9345900,202204.0
111,A10025980,,,,,,,,,,,202204.0
112,A15809003,,,,,,,,,,,202204.0
113,A10025157,0,0,0,0,0,0,1203440,5125080,0,2574000,202204.0
114,A10025120,,,,,,,,,,,202204.0
115,A10025665,,,,,,,,,,,202204.0
116,A10024804,,,,,,,,,,,202204.0
117,A10024872,0,0,0,0,0,0,25889750,96607330,1748730,44479060,202204.0
118,A15878601,0,0,0,0,0,0,7136920,0,0,0,202204.0
