,kaptCode,heatC,heatP,gasC,gasP,waterHotC,waterHotP,electC,electP,waterCoolC,waterCoolP,Date
0,A15807316,2163400,0,0,0,0,8412300,1771274,28759650,46270,10527740,202208.0
1,A15807004,5936220,0,0,0,0,0,3213194,32628790,415200,10838750,202208.0
2,A15807003,1181380,302090,0,0,0,1919960,-670660,13826090,80,5670530,202208.0
3,A15807704,0,0,0,0,-325600,5826100,1222460,19820260,-1118090,10750120,202208.0
4,A15886504,1592400,0,0,0,0,3068470,7488910,20667580,195000,8329160,202208.0
5,A15807101,9054626,80002,0,0,-15,16721097,16793948,136562280,31032690,0,202208.0
6,A15885306,3351990,0,0,0,-3442300,3442300,1710530,19097680,1492650,0,202208.0
7,A15807001,4013330,0,0,0,-2792640,2792640,1156202,22454200,0,6766120,202208.0
8,A15807205,939350,0,0,0,-30,2098280,4418041,14474990,194980,5600560,202208.0
9,A15807604,5066860,0,0,0,8308720,0,70544328,0,28318180,0,202208.0
10,A15885307,1085900,0,0,0,0,2654780,1377361,18216730,140490,0,202208.0
11,A15807311,2969560,0,0,0,0,4345000,-2697230,33390180,-150700,12380130,202208.0
12,A15807706,7903380,0,0,0,0,13464420,7354689,85670170,8164975,0,202208.0
13,A15807703,4982660,0,0,0,1811320,6410600,10507104,74517150,1996320,23731460,202208.0
14,A15876401,270730,0,0,0,0,3281050,100541,10532500,285385,0,202208.0
15,A15886402,0,0,0,0,0,0,893290,9486830,0,7466150,202208.0
16,A15807002,2487620,35730,0,0,0,4255680,4144768,31485610,-773970,17406970,202208.0
17,A15886512,4212250,23640,0,0,-2644800,2633200,1466740,20899080,-702900,10129870,202208.0
18,A15886507,1451500,44360,0,0,0,3100800,1768269,22058730,185880,8681820,202208.0
19,A15886505,1524130,0,0,0,0,2788850,2766317,20840350,548620,9405660,202208.0
20,A15807210,2530240,0,0,0,-4491230,9110400,4210760,43805390,5752430,10887570,202208.0
21,A15807605,9929967,0,0,0,0,17056743,9483828,152038285,728940,0,202208.0
22,A15870701,5144600,0,0,0,-3735820,3735820,999883,28834030,0,10220640,202208.0
23,A15886508,1279480,250380,0,0,0,2924100,1875231,17162310,114260,8621820,202208.0
24,A15807707,689030,0,0,0,0,15065340,18172480,0,7186240,0,202208.0
25,A15807211,4042130,0,0,0,0,5243100,13526761,64566650,0,17007340,202208.0
26,A15807315,0,0,991260,0,0,0,14641184,54367855,1774270,16815880,202208.0
27,A15886510,0,0,0,0,0,2277200,1201660,11946560,0,6892930,202208.0
28,A15885514,0,0,0,0,0,0,3067486,34357850,0,0,202208.0
29,A15879502,0,0,0,0,0,0,14151035,0,1268910,0,202208.0
30,A15807313,0,0,0,0,0,0,206000,0,0,0,202208.0
31,A15807702,3821780,0,0,0,-2680340,2680340,2357115,18240130,364520,6946920,202208.0
32,A15879501,0,0,0,0,1161790,2748900,744830,11861380,945150,4250610,202208.0
33,A15807705,4395380,208220,0,0,-5922560,16498560,6867551,57607460,6001040,0,202208.0
34,A15807208,6178160,0,-811180,811180,-6799040,6799040,18404531,17540540,2230610,7746670,202208.0
35,A15807606,12802520,0,0,0,0,21024000,0,215812400,77520,0,202208.0
36,A15873701,8633750,0,0,0,0,24584950,6739000,149486400,2336180,8076900,202208.0
37,A15886501,84390,0,0,0,600210,1003200,1187736,7257590,325200,2796820,202208.0
38,A15807204,3864000,0,0,0,-2996000,2996000,2977996,11985780,804750,0,202208.0
39,A15807701,0,0,0,0,0,0,4575480,24619770,0,7635170,202208.0
40,A15876402,1503810,0,0,0,-1821560,1821560,1495194,8620210,1081770,4596880,202208.0
41,A15885303,815890,0,0,0,-2097480,3234000,3524360,15115130,2097480,0,202208.0
42,A15884901,1839760,0,0,0,-1134360,1134360,1946290,11713370,769080,0,202208.0
43,A15807202,746300,1699770,0,0,-1699770,1699770,2752013,12936090,30,4969570,202208.0
44,A15873902,0,0,0,0,0,0,5588762,35344230,37970,5941430,202208.0
45,A15809002,2081190,0,0,0,0,4306160,8791121,30569310,433380,10108070,202208.0
46,A15807306,0,0,0,0,0,0,6852527,22335740,207150,17158190,202208.0
47,A10027375,0,0,0,0,0,0,23101350,78532350,0,23181230,202208.0
48,A10027396,586280,0,0,0,0,3109280,4055870,18242200,0,7999660,202208.0
49,A10025649,0,71510,0,0,0,1916520,1118200,13076440,0,5257110,202208.0
50,A10025729,1586323,0,0,0,47377,2637200,781830,32019380,38550,7621520,202208.0
51,A10023593,0,0,0,0,0,0,1288350,7959680,0,4850500,202208.0
52,A10023886,0,0,0,0,0,0,9617150,25302610,783530,6774270,202208.0
53,A10024398,7771590,0,0,0,44140,9427720,56336242,97870450,6488130,25321300,202208.0
54,A15805504,7683220,0,0,0,0,16964800,2833948,129923120,13651200,0,202208.0
55,A15805404,0,0,0,0,0,0,8266893,38250170,-150,12271390,202208.0
56,A15875102,7517960,0,0,0,0,14838430,3551546,115421130,9306930,0,202208.0
57,A15805102,0,0,0,0,0,0,2654066,9166610,354170,3861770,202208.0
58,A15805003,6138617,0,0,0,15009263,0,110514550,0,7368882,0,202208.0
59,A15880204,1680370,3532830,0,0,0,0,4192990,22217600,164400,0,202208.0
60,A15805203,1135390,0,0,0,0,1928160,4509020,13622450,238740,916660,202208.0
61,A15875101,2370650,228240,0,0,0,5607630,3183637,124504020,13385740,0,202208.0
62,A15805202,0,0,0,0,0,0,5419080,31501560,608260,6890620,202208.0
63,A15805115,10997590,0,0,0,0,13768900,1620310,139910120,11341320,42957680,202208.0
64,A15882107,867420,0,-418310,418310,40,2443450,2286310,16557480,0,0,202208.0
65,A15882103,0,0,0,0,598770,1701000,546880,12252780,106990,7081820,202208.0
66,A15805111,3684230,0,0,0,0,4815310,23915569,181866560,730100,14622940,202208.0
67,A15805403,1735620,0,0,0,0,3250520,5561885,23188970,145300,8595720,202208.0
68,A15805101,0,0,0,0,0,0,1532811,11202970,0,6704620,202208.0
69,A15882008,800450,0,0,0,0,2913000,3218630,18336560,0,1397550,202208.0
70,A15805503,5920930,0,0,0,0,10145730,8968609,56939150,6371055,0,202208.0
71,A15881702,0,0,0,0,0,0,2216340,14721870,0,0,202208.0
72,A15805303,4619200,0,0,0,2100,8400000,25495270,60008480,3651650,16384330,202208.0
73,A15805302,0,0,0,0,0,0,613600,26494670,0,0,202208.0
74,A15881701,542060,0,0,0,0,1056690,1179240,8139200,0,3303870,202208.0
75,A15870102,2842560,0,0,0,-2846100,2846100,1855629,11658110,1023250,0,202208.0
76,A15875103,4654552,0,0,0,0,8564110,-13286617,83961630,2000,7624800,202208.0
77,A15881601,702310,0,0,0,-90410,1634940,5647726,11812560,525660,4439600,202208.0
78,A15805109,1076650,0,0,0,-546940,2630970,-558981,21584930,1429210,0,202208.0
79,A15882104,1881860,8240,0,0,-1593900,1593900,3962690,7283380,104210,7232860,202208.0
80,A15882006,654160,0,0,0,120,2052840,2559608,14302000,-260,1070320,202208.0
81,A15805105,746010,0,0,0,0,2393280,1980010,0,0,0,202208.0
82,A15805002,2131270,0,0,0,0,3520260,-315746,126020420,6500797,30804383,202208.0
83,A10028007,,,,,,,,,,,202208.0
84,A15880905,3251790,0,0,0,0,2243660,1448984,27188160,270250,11811420,202208.0
85,A10027303,,,,,,,,,,,202208.0
86,A10025127,,,,,,,,,,,202208.0
87,A10025915,,,,,,,,,,,202208.0
88,A10026023,1476240,61780,0,0,0,3145070,5559880,31263270,885960,7653190,202208.0
89,A10024823,,,,,,,,,,,202208.0
90,A10024699,,,,,,,,,,,202208.0
91,A10024355,,,,,,,,,,,202208.0
92,A15884703,4709125,0,0,0,0,13349760,4013761,61717380,1593220,36717980,202208.0
93,A15883803,0,0,0,0,0,0,-540803,16154400,-147830,4552520,202208.0
94,A15883401,0,0,0,0,0,0,6204375,21065570,121750,6130380,202208.0
95,A15883201,0,0,0,0,0,0,1905510,35299540,0,9327110,202208.0
96,A15809601,0,0,0,0,0,0,1016340,9459580,-150,7404110,202208.0
97,A15883702,0,0,0,0,0,0,1855500,11274240,185160,3645920,202208.0
98,A15809702,0,0,0,0,0,0,834970,0,0,0,202208.0
99,A15809502,0,0,0,0,0,0,2523480,16602780,78030,4326660,202208.0
100,A15809402,0,0,0,0,0,0,3523939,15549415,0,5377850,202208.0
101,A15809401,0,0,0,0,0,0,1921710,12804590,0,0,202208.0
102,A15883202,0,0,0,0,0,0,5231540,28496840,198950,6573350,202208.0
103,A15809403,0,0,0,0,0,0,4131250,16301920,-250,6718210,202208.0
104,A15882201,0,0,0,0,0,0,1222810,22226510,0,4516020,202208.0
105,A15809201,0,0,0,0,0,0,1120070,10573420,0,7150980,202208.0
106,A15809001,0,0,0,0,0,0,10714900,0,0,0,202208.0
107,A15884202,0,0,0,0,0,0,1998182,20154240,0,0,202208.0
108,A15883402,0,0,0,0,0,0,15633760,67984800,1215160,16734300,202208.0
109,A15883101,0,0,0,0,0,0,1186300,8302910,0,3579730,202208.0
110,A15809603,0,0,0,0,0,0,3759954,21144540,0,10083900,202208.0
111,A10025980,,,,,,,,,,,202208.0
112,A15809003,,,,,,,,,,,202208.0
113,A10025157,0,0,0,0,0,0,1221960,7910410,0,2948160,202208.0
114,A10025120,,,,,,,,,,,202208.0
115,A10025665,,,,,,,,,,,202208.0
116,A10024804,,,,,,,,,,,202208.0
117,A10024872,0,0,0,0,0,0,45075840,174783490,6698410,46218910,202208.0
118,A15878601,0,0,0,0,0,0,11333760,0,0,0,202208.0
