,kaptCode,heatC,heatP,gasC,gasP,waterHotC,waterHotP,electC,electP,waterCoolC,waterCoolP,Date
0,A15807316,2183460,52374720,0,0,0,15570100,5256206,16620660,55810,6963640,202202.0
1,A15807004,14429640,32196570,0,0,0,0,8507286,17168040,-442930,9579380,202202.0
2,A15807003,1305779,20457220,0,0,0,4103530,495960,8159690,90,4822910,202202.0
3,A15807704,-6755630,38084000,0,0,997800,16394400,-2647840,16182280,-2122450,9870310,202202.0
4,A15886504,1591700,39515400,0,0,0,7681800,5952110,12551860,195000,6135210,202202.0
5,A15807101,10615035,173953695,0,0,0,71890000,25159203,79453100,35823270,0,202202.0
6,A15885306,11102070,23867060,0,0,-8644500,8644500,4587420,9679620,2615850,0,202202.0
7,A15807001,10555990,33401580,0,0,-9335300,9335300,5106100,12930600,0,5458210,202202.0
8,A15807205,939300,21094840,0,0,0,6693000,5924289,8790580,194940,5866430,202202.0
9,A15807604,86753730,0,0,0,45696170,0,52174093,0,28041210,0,202202.0
10,A15885307,1085900,26824810,0,0,0,10143000,1203265,13894400,837480,0,202202.0
11,A15807311,2973960,48583020,0,0,0,15214320,3658300,20855250,20010,10966990,202202.0
12,A15807706,26319674,117946646,0,0,0,61270160,19270235,50369330,14611195,0,202202.0
13,A15807703,13534360,86316000,0,0,0,46014600,21243936,55658730,2724380,20363490,202202.0
14,A15876401,3191810,15246000,0,0,0,10706880,493096,7493730,291460,0,202202.0
15,A15886402,0,0,0,0,0,0,2032520,6884010,0,6838380,202202.0
16,A15807002,2486130,70245490,0,0,0,9864800,8341200,18087120,2116590,12932870,202202.0
17,A15886512,18909070,33046920,0,0,-14240000,14200000,4349640,12690610,-73430,8635120,202202.0
18,A15886507,2156240,29014990,0,0,0,12259800,2243840,16892900,1083870,9488840,202202.0
19,A15886505,2692210,33719740,0,0,0,7165000,2226869,17160590,420800,9061690,202202.0
20,A15807210,2530240,56693340,0,0,-6715260,16481500,3972060,27017830,8605260,6922890,202202.0
21,A15807605,21641186,192331194,0,0,0,70809100,24337229,80550230,267330,0,202202.0
22,A15870701,10377220,30433260,0,0,-8995760,8995760,1124652,17843970,0,8525800,202202.0
23,A15886508,3243730,30484040,0,0,0,10025920,2983039,11992950,206140,7057870,202202.0
24,A15807707,10176540,94792500,0,0,0,57148000,15904610,0,5101600,0,202202.0
25,A15807211,4042130,81797630,0,0,0,27992380,11020927,38970420,0,17860170,202202.0
26,A15807315,0,0,1566430,0,0,0,53114329,0,17229100,0,202202.0
27,A15886510,0,23904800,0,0,0,4567680,3001360,8044680,0,5666860,202202.0
28,A15885514,0,0,0,0,0,0,6770960,23936130,0,0,202202.0
29,A15879502,-82529830,0,0,0,82529830,0,6516921,0,1067320,0,202202.0
30,A15807313,0,26018270,0,0,0,11081560,3522600,10142160,0,4509750,202202.0
31,A15807702,12883950,24846030,0,0,-7845000,7845000,5675978,11323420,119710,7006820,202202.0
32,A15879501,893220,22072180,0,0,2318520,10043440,1928330,7811690,235260,2419340,202202.0
33,A15807705,4425380,107624500,0,0,-13801050,49377090,13541436,32759050,13890830,0,202202.0
34,A15807208,21884370,33871020,-628460,628460,-23778900,23778900,7670216,17682750,3735280,5238900,202202.0
35,A15807606,15219570,259243020,0,0,0,98615400,14863446,125205670,71430,0,202202.0
36,A15873701,8633750,173314060,0,0,0,104201500,10193872,89472690,474780,14427900,202202.0
37,A15886501,928320,12605320,0,0,600940,4226710,3545630,4252550,-38720,2924410,202202.0
38,A15807204,7794500,14061200,0,0,-5624500,5624500,3671317,6945410,1986450,0,202202.0
39,A15807701,0,0,0,0,0,0,4833400,13746790,20,6812390,202202.0
40,A15876402,9054760,17145000,0,0,-4764000,4764000,4420563,3396730,1053160,3368690,202202.0
41,A15885303,3151890,16001100,0,0,-3036200,8075000,3462440,12006530,3036200,0,202202.0
42,A15884901,2774270,15464550,0,0,-2227500,2227500,3151540,6318570,1107600,0,202202.0
43,A15807202,6594610,18749210,0,0,-5848480,5848480,3082255,7475670,-30,4638830,202202.0
44,A15873902,0,0,0,0,0,0,5357842,18376630,787880,4694610,202202.0
45,A15809002,6819790,37538460,0,0,0,9411960,5773685,17762480,389140,8709890,202202.0
46,A15807306,0,0,0,0,0,0,7211587,15445800,243300,15829980,202202.0
47,A10027375,0,0,0,0,0,0,17222300,48427360,0,24966420,202202.0
48,A10027396,586280,20669980,0,0,0,9208450,4792670,12039710,0,7245090,202202.0
49,A10025649,-81090,8346530,0,0,-63240,7741600,1765720,6491290,0,4619050,202202.0
50,A10025729,1586193,18527810,0,0,2139627,11604000,1827129,16304590,116830,6498980,202202.0
51,A10023593,0,0,71680,0,0,0,1624760,5846060,0,4605140,202202.0
52,A10023886,,,,,,,,,,,202202.0
53,A10024398,5351080,63886480,0,0,0,44096990,22476689,64070832,2598040,23598760,202202.0
54,A15805504,8499330,171143920,0,0,0,71645460,12667186,69040828,13737530,0,202202.0
55,A15805404,0,0,0,0,0,0,9858648,25361820,-260,12015150,202202.0
56,A15875102,8673260,146920000,0,0,0,62315000,6259568,65939400,12500000,0,202202.0
57,A15805102,0,0,0,0,0,0,2296471,5975000,229540,3702550,202202.0
58,A15805003,148439695,0,0,0,93725226,0,72366370,0,0,0,202202.0
59,A15880204,5378030,36806530,0,0,0,0,3047930,12773140,121470,0,202202.0
60,A15805203,3794980,20843700,0,0,0,9382500,5192360,10450370,397390,1573150,202202.0
61,A15875101,2761650,70250700,0,0,0,17461380,13820364,70525480,18259420,0,202202.0
62,A15805202,0,0,0,0,0,0,5580490,20454970,0,6199730,202202.0
63,A15805115,32597270,161064130,0,0,0,62426420,14285140,92843920,19108360,31964110,202202.0
64,A15882107,1283350,18614440,-276960,276960,-850,6910640,3954230,9832910,0,0,202202.0
65,A15882103,0,0,0,0,14247540,4500000,2207400,6579100,106960,6885480,202202.0
66,A15805111,3684100,79528350,0,0,0,6058720,29175096,57034230,1370440,13651550,202202.0
67,A15805403,5176660,30970350,0,0,0,11340000,4734135,13886760,-833840,8428610,202202.0
68,A15805101,0,0,320240,0,0,0,2014341,7041930,0,6397250,202202.0
69,A15882008,800450,21086580,0,0,0,4857000,4134630,9945300,0,1675850,202202.0
70,A15805503,13185050,94815540,0,0,-7645690,57297310,8139549,41084300,7119105,0,202202.0
71,A15881702,0,0,0,0,0,0,2868130,7834650,0,0,202202.0
72,A15805303,10771290,90478720,0,0,30000,36170000,23616890,43389980,8286740,13338090,202202.0
73,A15805302,0,0,137530,0,0,0,1838800,18217210,0,0,202202.0
74,A15881701,542060,8036640,0,0,0,7076000,1925070,5907220,0,2999100,202202.0
75,A15870102,10712060,15748050,0,0,-7857000,7857000,2194220,8146670,2843020,0,202202.0
76,A15875103,4654552,109326400,0,0,0,39241290,4818318,46421930,0,9136450,202202.0
77,A15881601,702360,16423410,0,0,0,7449500,1193592,10079780,0,3452260,202202.0
78,A15805109,3158730,18566310,0,0,-1084020,10092600,2984336,13406930,1583790,0,202202.0
79,A15882104,7994900,13277230,0,0,-5451600,5451600,4064100,5026390,58830,6916730,202202.0
80,A15882006,17652120,0,0,0,0,4716000,2605200,9645960,0,1122330,202202.0
81,A15805105,961280,16574480,0,0,0,7213500,2390670,0,0,0,202202.0
82,A15805002,12228970,32554760,0,0,0,26082000,7678269,69140900,3966833,29076887,202202.0
83,A10028007,,,,,,,,,,,202202.0
84,A15880905,11466020,36024790,0,0,0,11992970,5347407,18585340,277280,10465620,202202.0
85,A10027303,,,,,,,,,,,202202.0
86,A10025127,,,,,,,,,,,202202.0
87,A10025915,,,,,,,,,,,202202.0
88,A10026023,1476180,19914570,0,0,0,13839620,10581864,17533430,1204520,8177030,202202.0
89,A10024823,,,,,,,,,,,202202.0
90,A10024699,,,,,,,,,,,202202.0
91,A10024355,,,,,,,,,,,202202.0
92,A15884703,26476355,112346150,0,0,0,48493500,7229123,42713340,1070050,35055030,202202.0
93,A15883803,0,0,0,0,0,0,535553,10813450,14940,3699590,202202.0
94,A15883401,0,0,0,0,0,0,4172392,14028500,7290,5402440,202202.0
95,A15883201,0,0,0,0,0,0,1512440,22261040,0,9191410,202202.0
96,A15809601,0,0,0,0,0,0,1732030,7005240,60,7019420,202202.0
97,A15883702,0,0,0,0,0,0,3522850,6058250,304400,3338010,202202.0
98,A15809702,0,0,0,0,0,0,876520,0,0,0,202202.0
99,A15809502,0,0,0,0,0,0,2381670,9955890,439350,4273120,202202.0
100,A15809402,0,0,0,0,0,0,2826344,10215490,0,5362800,202202.0
101,A15809401,0,0,0,0,0,0,1856330,7613500,0,0,202202.0
102,A15883202,0,0,0,0,0,0,5524703,15114270,934920,5784210,202202.0
103,A15809403,0,0,0,0,0,0,2239780,11877840,-80,6721610,202202.0
104,A15882201,0,0,0,0,0,0,2164430,13739290,0,4192870,202202.0
105,A15809201,0,0,0,0,0,0,1359380,6962380,0,6573970,202202.0
106,A15809001,0,0,0,0,0,0,812510,5935400,-5530240,5530240,202202.0
107,A15884202,0,0,0,0,0,0,4874497,14506780,0,0,202202.0
108,A15883402,0,0,0,0,0,0,15451780,37825090,269670,16140250,202202.0
109,A15883101,0,0,0,0,0,0,2895860,5102960,119520,2427170,202202.0
110,A15809603,0,0,0,0,0,0,5387053,13986400,0,9857120,202202.0
111,A10025980,,,,,,,,,,,202202.0
112,A15809003,,,,,,,,,,,202202.0
113,A10025157,0,0,0,0,0,0,1326460,6094670,0,2634120,202202.0
114,A10025120,,,,,,,,,,,202202.0
115,A10025665,,,,,,,,,,,202202.0
116,A10024804,,,,,,,,,,,202202.0
117,A10024872,0,0,0,0,0,0,72299980,104486150,2344970,46729530,202202.0
118,A15878601,0,0,0,0,0,0,9137650,0,0,0,202202.0
