,kaptCode,heatC,heatP,gasC,gasP,waterHotC,waterHotP,electC,electP,waterCoolC,waterCoolP,Date
0,A15807316,2138590,0,0,0,0,9497480,3251877,30889790,64270,9890880,202207.0
1,A15807004,6229610,0,0,0,0,0,41673800,0,10673550,0,202207.0
2,A15807003,901610,403360,0,0,0,1991460,-878247,14516417,6350,5240430,202207.0
3,A15807704,-127750,127750,0,0,-343900,6170000,4046450,16518170,1049250,9714460,202207.0
4,A15886504,1574692,0,0,0,17788,2729080,7611890,25554790,2582600,7073580,202207.0
5,A15807101,9039538,129810,0,0,398,16796664,10123422,113255070,473200,0,202207.0
6,A15885306,3367090,0,0,0,-3561200,3561200,3633300,19202560,1851750,0,202207.0
7,A15807001,4239760,0,0,0,-3019070,3019070,3901940,22616790,0,6582430,202207.0
8,A15807205,939350,0,0,0,40,2232120,5988225,16338770,194990,5716730,202207.0
9,A15807604,5172110,0,0,0,9073960,0,63181751,0,26994880,0,202207.0
10,A15885307,1085900,0,0,0,0,2769910,1447179,22165720,1200000,0,202207.0
11,A15807311,3026940,0,0,0,0,4569400,3634260,34806780,0,12305010,202207.0
12,A15807706,7920856,0,0,0,0,13618024,8466714,74243190,10098345,0,202207.0
13,A15807703,4982660,0,0,0,2023110,6546000,5312056,51682480,2712230,23233810,202207.0
14,A15876401,292910,0,0,0,0,3432000,-1379797,11595940,289535,0,202207.0
15,A15886402,0,0,0,0,0,0,1839670,5983970,0,0,202207.0
16,A15807002,2487620,296170,0,0,0,4221270,11672569,28966080,1624710,15326830,202207.0
17,A15886512,4336790,46650,0,0,-2753800,2739800,1293600,23979490,1470900,8775800,202207.0
18,A15886507,1450040,229370,0,0,0,3067200,1556351,16724170,182130,8085030,202207.0
19,A15886505,1488100,30000,0,0,0,1813500,3660390,26776660,8519430,8280180,202207.0
20,A15807210,2530240,0,0,0,-4388740,9148800,2267510,52811700,5525770,10619630,202207.0
21,A15807605,9924544,0,0,0,0,18671648,12920908,119396210,26197310,0,202207.0
22,A15870701,5519190,0,0,0,-4110410,4110410,-453413,33912450,0,9487350,202207.0
23,A15886508,1276380,19600,0,0,0,3097600,2874235,18881990,231560,7719600,202207.0
24,A15807707,999690,0,0,0,0,15392550,16351440,0,2606890,0,202207.0
25,A15807211,4042130,0,0,0,0,5409150,9438710,40964680,0,17044800,202207.0
26,A15807315,0,0,438150,0,0,0,12825144,64773737,590260,16619650,202207.0
27,A15886510,0,0,0,0,0,2405220,970910,13574120,0,6133700,202207.0
28,A15885514,0,0,0,0,0,0,5409315,35826980,0,27030450,202207.0
29,A15879502,0,0,0,0,0,0,8994166,0,448670,0,202207.0
30,A15807313,0,0,0,0,0,0,1277720,0,0,0,202207.0
31,A15807702,3811720,0,0,0,-2680340,2680340,8156659,18240130,327520,6946920,202207.0
32,A15879501,0,0,0,0,1201990,3352400,1847830,12696620,-192330,4079000,202207.0
33,A15807705,4395380,142150,0,0,-9416400,19561450,9262734,60326100,9489840,0,202207.0
34,A15807208,6198280,0,-811180,811180,-6799040,6799040,5669602,17540540,2441250,7746670,202207.0
35,A15807606,11989080,0,0,0,0,22411200,0,180206020,42468170,0,202207.0
36,A15873701,8633750,0,0,0,0,25938250,6346600,120007790,2195060,8521500,202207.0
37,A15886501,86150,0,0,0,600845,1036035,2561739,8033070,147790,3214840,202207.0
38,A15807204,3979500,0,0,0,-3111500,3111500,3757583,12659790,1100750,0,202207.0
39,A15807701,0,0,0,0,0,0,4354610,31715830,0,7867450,202207.0
40,A15876402,1632180,0,0,0,-2007530,2007530,-155819,9780170,1514880,4486600,202207.0
41,A15885303,812020,0,0,0,-2469600,3087000,2545870,10719620,2469600,0,202207.0
42,A15884901,1834730,0,0,0,-1287920,1287920,2638600,6078710,769080,0,202207.0
43,A15807202,746380,1780200,0,0,-1780200,1780200,2172300,15726450,-30,5012560,202207.0
44,A15873902,0,0,0,0,0,0,5826152,43446970,652300,5958220,202207.0
45,A15809002,2555190,161420,0,0,0,4968330,8940280,35676540,418640,9432510,202207.0
46,A15807306,0,0,0,0,0,0,4053317,14839840,0,0,202207.0
47,A10027375,0,0,0,0,0,0,23081769,90223890,0,22774790,202207.0
48,A10027396,532980,0,0,0,0,4086610,3123170,20331410,0,8230270,202207.0
49,A10025649,0,52060,0,0,0,1997100,178120,14386910,0,5327160,202207.0
50,A10025729,1586323,0,0,0,54827,2780700,3160051,35540140,39990,7657390,202207.0
51,A10023593,0,0,8760,0,0,0,857180,6132040,0,0,202207.0
52,A10023886,0,0,0,0,0,0,9701510,29040070,2199260,6726040,202207.0
53,A10024398,8083740,0,0,0,46900,9762320,58157220,112970730,5370050,25178350,202207.0
54,A15805504,7945170,0,0,0,0,17105400,22336301,125329170,13651200,0,202207.0
55,A15805404,0,0,0,0,0,0,7773195,27990570,40,12522480,202207.0
56,A15875102,7512190,0,0,0,0,15704640,3746656,128497950,7113750,0,202207.0
57,A15805102,0,0,0,0,0,0,2946729,11081950,257150,3707760,202207.0
58,A15805003,6233777,0,0,0,15065083,0,122265330,0,0,0,202207.0
59,A15880204,1681230,3537000,0,0,0,0,2590470,16000660,164410,0,202207.0
60,A15805203,1186150,0,0,0,0,1973000,2850020,12461920,296830,1147780,202207.0
61,A15875101,2371520,261440,0,0,0,5564500,11272036,128635540,13385740,0,202207.0
62,A15805202,0,0,0,0,0,0,5172440,22864320,0,6778570,202207.0
63,A15805115,10339430,0,0,0,15076160,0,124682280,0,52011440,0,202207.0
64,A15882107,867420,0,-276130,276130,10,2483730,2616830,11409900,0,0,202207.0
65,A15882103,0,0,0,0,598770,1866000,2072950,13183240,0,0,202207.0
66,A15805111,3684230,0,0,0,0,5081710,23850537,132538080,978810,13709740,202207.0
67,A15805403,1735620,0,0,0,0,3476950,7235822,25841710,-214650,8527700,202207.0
68,A15805101,0,0,0,0,0,0,2029783,13528060,0,0,202207.0
69,A15882008,800450,0,0,0,0,2922000,3732028,12849500,0,1487550,202207.0
70,A15805503,5961360,0,0,0,160,10105430,8674232,63406240,6371055,0,202207.0
71,A15881702,0,0,0,0,0,0,2595990,9805990,0,7714720,202207.0
72,A15805303,4427340,0,0,0,2400,8959200,9713230,51211250,4842000,20122480,202207.0
73,A15805302,0,0,0,0,0,0,573930,20220450,639430,0,202207.0
74,A15881701,542060,2760,0,0,0,1220260,1045090,11771700,0,3191930,202207.0
75,A15870102,2903690,0,0,0,-2902480,2902480,1844550,8703510,1428310,0,202207.0
76,A15875103,4654552,0,0,0,0,8564110,-7606072,83961630,-265,7624800,202207.0
77,A15881601,702310,0,0,0,170,1634940,1578062,11812560,0,4439600,202207.0
78,A15805109,1081940,0,0,0,-589860,2837430,-341746,13166570,1429210,0,202207.0
79,A15882104,1739990,9220,0,0,-1439800,1439800,4856460,9051960,0,0,202207.0
80,A15882006,654160,0,0,0,-50,2224090,1521101,11304220,0,1070060,202207.0
81,A15805105,749955,9005,0,0,0,2472480,2127510,0,226800,0,202207.0
82,A15805002,2170410,0,0,0,0,3247140,-641190,87421060,4626707,31468043,202207.0
83,A10028007,,,,,,,,,,,202207.0
84,A15880905,2713760,13500,0,0,0,2858770,3659366,34954590,266360,10569310,202207.0
85,A10027303,,,,,,,,,,,202207.0
86,A10025127,,,,,,,,,,,202207.0
87,A10025915,,,,,,,,,,,202207.0
88,A10026023,1476100,37940,0,0,0,3294840,4163982,22983730,834780,6314100,202207.0
89,A10024823,,,,,,,,,,,202207.0
90,A10024699,,,,,,,,,,,202207.0
91,A10024355,,,,,,,,,,,202207.0
92,A15884703,4709125,249420,0,0,0,13547450,13902306,59070020,2594570,33894250,202207.0
93,A15883803,0,0,0,0,0,0,-656400,13233280,193950,4594120,202207.0
94,A15883401,0,0,0,0,0,0,6421310,24193400,191730,6286200,202207.0
95,A15883201,0,0,0,0,0,0,176120,29310100,0,9391270,202207.0
96,A15809601,0,0,0,0,0,0,1904610,6119400,0,0,202207.0
97,A15883702,0,0,0,0,0,0,1361870,9205650,167120,3768780,202207.0
98,A15809702,0,0,0,0,0,0,774300,0,0,0,202207.0
99,A15809502,0,0,0,0,0,0,2504680,13018940,74980,4262070,202207.0
100,A15809402,0,0,0,0,0,0,1736656,15532586,0,5190650,202207.0
101,A15809401,0,0,0,0,0,0,1991980,10806720,0,6590130,202207.0
102,A15883202,0,0,0,0,0,0,4431392,24537980,110840,6266970,202207.0
103,A15809403,0,0,0,0,0,0,2652400,13867650,-320,6718280,202207.0
104,A15882201,0,0,0,0,0,0,1106760,18979100,0,4407720,202207.0
105,A15809201,0,0,0,0,0,0,863310,8990890,0,0,202207.0
106,A15809001,0,0,0,0,0,0,184120,8340090,180,6210730,202207.0
107,A15884202,0,0,0,0,0,0,2348553,17354170,0,0,202207.0
108,A15883402,0,0,0,0,0,0,13806040,57699430,2167540,15789530,202207.0
109,A15883101,0,0,0,0,0,0,1367620,7263240,50840,3247190,202207.0
110,A15809603,0,0,0,0,0,0,5058469,26084740,-1620,9632480,202207.0
111,A10025980,,,,,,,,,,,202207.0
112,A15809003,,,,,,,,,,,202207.0
113,A10025157,0,0,0,0,0,0,1210520,6662720,0,2651400,202207.0
114,A10025120,,,,,,,,,,,202207.0
115,A10025665,,,,,,,,,,,202207.0
116,A10024804,,,,,,,,,,,202207.0
117,A10024872,0,0,0,0,0,0,38744430,148043448,3524840,44987210,202207.0
118,A15878601,0,0,0,0,0,0,9295960,0,5650030,0,202207.0
