,kaptCode,heatC,heatP,gasC,gasP,waterHotC,waterHotP,electC,electP,waterCoolC,waterCoolP,Date
0,A15807316,2153680,393000,0,0,0,9960720,5461702,22127570,37900,9525600,202206.0
1,A15807004,8419940,0,0,0,0,0,27019115,0,10207200,0,202206.0
2,A15807003,648531,340580,0,0,0,2520500,-373753,10627713,-6760,5178770,202206.0
3,A15807704,-1857200,2080440,0,0,-4152490,10227000,1886010,14898390,-100070,9811280,202206.0
4,A15886504,1592430,144960,0,0,0,3361230,6420850,14067140,195000,6735990,202206.0
5,A15807101,9095851,1200371,0,0,0,17771421,18057935,74421210,39149930,0,202206.0
6,A15885306,3612440,0,0,0,-4277500,4277500,3195690,11802530,1851750,0,202206.0
7,A15807001,4433240,0,0,0,-3212550,3212550,2799760,14321570,0,6276310,202206.0
8,A15807205,939350,0,0,0,-110,2408390,4725383,11026410,194980,5674800,202206.0
9,A15807604,6133930,0,0,0,10899810,0,47876335,0,26748030,0,202206.0
10,A15885307,1085900,0,0,0,0,3241740,526680,15910080,1100150,0,202206.0
11,A15807311,3291130,-85560,0,0,0,5145800,2098290,23913860,-386800,11818090,202206.0
12,A15807706,9094621,784905,0,0,0,15721104,18492849,46979460,10098345,0,202206.0
13,A15807703,4982660,0,0,0,1824250,7501200,5960976,46468030,2526590,22504480,202206.0
14,A15876401,332660,0,0,0,0,4155480,278107,8001200,542170,0,202206.0
15,A15886402,0,0,0,0,0,0,1411520,6124640,0,7031850,202206.0
16,A15807002,2487620,233680,0,0,0,5816260,9440688,23234160,814510,15573900,202206.0
17,A15886512,4656220,329970,0,0,-3789000,3774000,3069940,16433720,-116100,9393980,202206.0
18,A15886507,1451930,253060,0,0,0,3556400,1738130,14574050,189140,7754620,202206.0
19,A15886505,1547890,445260,0,0,0,3518000,2172867,18695630,339850,7879160,202206.0
20,A15807210,2530240,0,0,0,-5420780,10732800,3462740,36809440,6808450,9707850,202206.0
21,A15807605,9961056,6838901,0,0,0,17671463,19402415,80484750,752380,0,202206.0
22,A15870701,6604780,307400,0,0,-5196000,5196000,-426021,21332930,0,9384410,202206.0
23,A15886508,1308690,391210,0,0,0,3338000,2205694,14862030,157590,7499220,202206.0
24,A15807707,1556360,1870800,0,0,0,19020450,11509990,0,7419680,0,202206.0
25,A15807211,4042130,96490,0,0,0,6002830,10540160,34443100,0,21105350,202206.0
26,A15807315,0,0,206110,0,0,0,11381940,42159668,297950,16327850,202206.0
27,A15886510,0,0,0,0,0,2882420,1793180,9592200,0,6428280,202206.0
28,A15885514,0,0,0,0,0,0,6816720,25652980,0,0,202206.0
29,A15879502,-2568940,0,0,0,2653420,0,12172373,0,712160,0,202206.0
30,A15807313,0,281960,0,0,0,6390660,1916320,9038680,0,5153370,202206.0
31,A15807702,4133300,0,0,0,-2991860,2991860,4626925,13124380,613700,6697740,202206.0
32,A15879501,26820,590740,0,0,1491090,3611890,1167830,8977700,504170,3726240,202206.0
33,A15807705,4395380,207110,0,0,-8409150,19559060,10091782,41902830,8462590,0,202206.0
34,A15807208,6588450,25890,-759360,759360,-8309220,8309220,2035410,16199880,3561600,6668120,202206.0
35,A15807606,12299540,0,0,0,0,24548000,1040281,120489770,60140,0,202206.0
36,A15873701,10432620,0,0,0,7593500,25938250,-30307000,120007790,4464880,8521500,202206.0
37,A15886501,91620,0,0,0,600940,1175300,1847781,5192360,483000,2681570,202206.0
38,A15807204,4620000,0,0,0,-3752000,3752000,2426130,8545440,1530950,0,202206.0
39,A15807701,0,0,0,0,0,0,5954640,15988550,0,7455260,202206.0
40,A15876402,2055950,0,0,0,-2205000,2205000,371796,6890070,1140070,4144820,202206.0
41,A15885303,446010,70000,0,0,-1716000,2002000,1774580,9031080,1716000,0,202206.0
42,A15884901,1896010,0,0,0,-1348600,1348600,1258970,5513930,982800,0,202206.0
43,A15807202,746170,1997640,0,0,-1913430,1913430,2789579,8911910,-20,4969620,202206.0
44,A15873902,0,0,0,0,0,0,5616948,23256770,55330,5797840,202206.0
45,A15809002,2325690,1144330,0,0,0,5359550,6720685,22576520,372670,9379970,202206.0
46,A15807306,0,0,0,0,0,0,3892396,12718430,216550,16171520,202206.0
47,A10027375,0,0,0,0,0,0,18516461,56101280,0,22347090,202206.0
48,A10027396,532980,0,0,0,0,4465890,3160193,14338030,0,7882620,202206.0
49,A10025649,0,84570,0,0,0,2298850,529430,9770360,0,4940030,202206.0
50,A10025729,1586323,0,0,0,76667,2991350,920050,23469790,24140,7673240,202206.0
51,A10023593,0,0,12760,0,0,0,984850,4691900,0,4929250,202206.0
52,A10023886,0,0,0,0,0,0,8624410,18117100,38360,6305190,202206.0
53,A10024398,7469860,0,0,0,0,11321060,44598685,70605040,3206240,26432410,202206.0
54,A15805504,8027250,315350,0,0,0,18950400,9379526,76199280,15600745,0,202206.0
55,A15805404,0,0,0,0,0,0,6028186,20568510,-110,12108570,202206.0
56,A15875102,7512580,0,0,0,0,17253340,2937529,74747870,8839930,0,202206.0
57,A15805102,0,0,0,0,0,0,1951638,7792540,322140,3804140,202206.0
58,A15805003,7830157,0,0,0,25416893,0,78984140,0,2835620,0,202206.0
59,A15880204,1720300,3889220,0,0,0,0,2933950,11282810,218960,0,202206.0
60,A15805203,1214780,0,0,0,0,2240790,2531960,9932150,313440,1233030,202206.0
61,A15875101,2445280,1279420,0,0,0,6763580,10579721,82980900,20032225,0,202206.0
62,A15805202,0,0,0,0,0,0,3709920,16779420,462650,6764930,202206.0
63,A15805115,10007440,0,0,0,0,16990400,1742340,89524530,6907720,38272470,202206.0
64,A15882107,990200,0,-333350,333350,-160,3332910,2349450,8511980,0,0,202206.0
65,A15882103,0,0,0,0,613120,2037000,2033850,8241540,106960,7119350,202206.0
66,A15805111,3684180,712030,0,0,0,5307080,24445108,59685160,1000700,13623220,202206.0
67,A15805403,1751570,142800,0,0,0,4166870,4848500,16453020,3370,8309680,202206.0
68,A15805101,0,0,0,0,0,0,2149553,8744690,0,6339700,202206.0
69,A15882008,800450,0,0,0,0,3537000,3160537,9063760,0,1849520,202206.0
70,A15805503,709080,5293990,0,0,-13789410,24671330,11958914,37869350,8114000,0,202206.0
71,A15881702,0,0,0,0,0,0,2200520,6703170,0,0,202206.0
72,A15805303,4811460,27710,0,0,1870,9778230,13718010,39187830,4955360,14856610,202206.0
73,A15805302,0,0,0,0,0,0,1417052,14921790,0,0,202206.0
74,A15881701,542060,7850,0,0,0,1263600,1713980,8652520,0,3255170,202206.0
75,A15870102,3122410,0,0,0,-3117520,3117520,756150,7867490,1428310,0,202206.0
76,A15875103,4654552,811660,0,0,0,10584360,-46827,52250280,3000,9205510,202206.0
77,A15881601,702310,0,0,0,-40,1812280,1564489,8381400,29430,4973160,202206.0
78,A15805109,1095460,0,0,0,-692520,3331260,749016,10955440,2034430,0,202206.0
79,A15882104,1971680,6860,0,0,-1833320,1833320,3618240,6413300,104660,7117820,202206.0
80,A15882006,654160,0,0,0,0,2318720,1529165,8411960,0,1270710,202206.0
81,A15805105,752021,22309,0,0,0,2911680,1663150,0,0,0,202206.0
82,A15805002,2359990,31510,0,0,5940,4781160,4694895,66012090,3234295,30196535,202206.0
83,A10028007,,,,,,,,,,,202206.0
84,A15880905,2523260,230750,0,0,0,3492720,3345707,24838150,266410,9998240,202206.0
85,A10027303,,,,,,,,,,,202206.0
86,A10025127,,,,,,,,,,,202206.0
87,A10025915,,,,,,,,,,,202206.0
88,A10026023,1476120,75220,0,0,0,3674100,2354789,16063440,1050660,7158390,202206.0
89,A10024823,,,,,,,,,,,202206.0
90,A10024699,,,,,,,,,,,202206.0
91,A10024355,,,,,,,,,,,202206.0
92,A15884703,4709125,912660,0,0,-365,16168850,3820512,48208370,1246050,34898150,202206.0
93,A15883803,0,0,0,0,0,0,657111,8773430,-173030,4171810,202206.0
94,A15883401,0,0,0,0,0,0,2949190,16041300,110670,6108190,202206.0
95,A15883201,0,0,0,0,0,0,1261800,19974250,0,9249230,202206.0
96,A15809601,0,0,0,0,0,0,1570460,5413420,-30,7403990,202206.0
97,A15883702,0,0,0,0,0,0,1780480,6032960,535870,3504850,202206.0
98,A15809702,0,0,0,0,0,0,655370,0,0,0,202206.0
99,A15809502,0,0,0,0,0,0,2206440,9448420,116850,4332950,202206.0
100,A15809402,0,0,0,0,0,0,2469336,9290190,0,4894130,202206.0
101,A15809401,0,0,0,0,0,0,2129320,6160450,0,0,202206.0
102,A15883202,0,0,0,0,0,0,5341235,13869900,178070,6213870,202206.0
103,A15809403,0,0,0,0,0,0,3138560,8900010,-50,6629150,202206.0
104,A15882201,0,0,0,0,0,0,1144320,11966600,0,4374710,202206.0
105,A15809201,0,0,0,0,0,0,1101650,5855050,0,6961810,202206.0
106,A15809001,0,0,0,0,0,0,1138850,5042180,0,0,202206.0
107,A15884202,0,0,0,0,0,0,2957749,12531070,0,0,202206.0
108,A15883402,0,0,0,0,0,0,7112850,36539900,1616040,16238940,202206.0
109,A15883101,0,0,0,0,0,0,2012680,4460650,0,3483150,202206.0
110,A15809603,0,0,0,0,0,0,4224208,16757250,0,9875810,202206.0
111,A10025980,,,,,,,,,,,202206.0
112,A15809003,,,,,,,,,,,202206.0
113,A10025157,0,0,0,0,0,0,1244030,4519950,0,2808050,202206.0
114,A10025120,,,,,,,,,,,202206.0
115,A10025665,,,,,,,,,,,202206.0
116,A10024804,,,,,,,,,,,202206.0
117,A10024872,0,0,0,0,0,0,29978860,91865940,1619600,45180590,202206.0
118,A15878601,0,0,0,0,0,0,6921830,0,0,0,202206.0
