,kaptCode,heatC,heatP,gasC,gasP,waterHotC,waterHotP,electC,electP,waterCoolC,waterCoolP,Date
0,A15807316,6055390,76522600,0,0,0,20448370,6277321,23326510,814510,7976130,202212.0
1,A15807004,17942337,51221703,0,0,0,0,12523225,28278510,19050,10201450,202212.0
2,A15807003,470080,34505980,0,0,0,3722030,2635190,10583480,-1290,4936080,202212.0
3,A15807704,30004380,15691200,0,0,11458000,19061000,6786820,16256340,-646870,8342330,202212.0
4,A15886504,1591390,63483400,0,0,0,9503570,11190530,17522760,195000,7261600,202212.0
5,A15807101,11596348,289822672,0,0,0,95785800,27702918,84668170,36191970,0,202212.0
6,A15885306,13912010,38714620,0,0,10078600,10078600,5631110,13173080,2747210,0,202212.0
7,A15807001,25119420,43829690,0,0,-16446890,16446890,7198343,16750270,0,6354850,202212.0
8,A15807205,939290,36311020,0,0,0,5658000,7419925,11459920,195020,5132760,202212.0
9,A15807604,23106378,125464760,0,0,-120750,56422150,14240419,42116620,8190230,17212830,202212.0
10,A15885307,1085900,45326230,0,0,0,10430400,2783987,16623220,1507460,0,202212.0
11,A15807311,3703250,78367800,0,0,0,18311300,5286590,27447700,-708010,11288510,202212.0
12,A15807706,51305673,182611897,0,0,0,79615440,21355337,57468150,10702125,0,202212.0
13,A15807703,31106430,131181250,0,0,0,64459380,8892175,55909090,2855070,21523380,202212.0
14,A15876401,4843590,27315470,0,0,0,10930590,3130791,8866840,281745,0,202212.0
15,A15886402,0,0,0,0,0,0,1613820,7087540,0,6724010,202212.0
16,A15807002,2487630,109566700,0,0,0,14690840,11580786,26073550,767230,14882980,202212.0
17,A15886512,23179890,52440830,0,0,-16977600,16929600,7166890,17839500,535700,8637800,202212.0
18,A15886507,2422210,52883890,0,0,0,13968000,2234830,17156890,194970,7738290,202212.0
19,A15886505,3156760,56254800,0,0,0,7926000,4845617,18804100,283230,8013030,202212.0
20,A15807210,2530240,95606790,0,0,-5511900,15361500,9677420,34316860,6323080,8190960,202212.0
21,A15807605,25411091,304034209,0,0,0,92798220,25239625,88262840,732860,0,202212.0
22,A15870701,12248890,45877920,0,0,-12081000,12081000,4706286,23018110,0,8893280,202212.0
23,A15886508,4376670,51279980,0,0,0,10768500,3690858,15929490,359590,7498870,202212.0
24,A15807707,-28183660,154136580,0,0,0,78111110,16502740,0,412320,0,202212.0
25,A15807211,152987730,148945600,0,0,26591460,26591460,50796411,37825400,21107690,21107690,202212.0
26,A15807315,0,0,687670,0,0,0,17930284,47384819,0,15928260,202212.0
27,A15886510,0,39463840,0,0,0,8132000,2404830,11531750,0,5238430,202212.0
28,A15885514,0,0,0,0,0,0,12527102,28340620,0,0,202212.0
29,A15879502,-127653920,0,0,0,128179830,0,7651538,0,994640,0,202212.0
30,A15807313,0,0,0,0,0,0,3198459,0,0,0,202212.0
31,A15807702,9283770,49847900,0,0,-8028000,8028000,7104005,14784330,151040,7394290,202212.0
32,A15879501,0,39328870,0,0,2086470,11856570,3756990,11766720,462190,2782340,202212.0
33,A15807705,4445380,173716000,0,0,-11284800,64887600,17834025,45783760,11374550,0,202212.0
34,A15807208,33523830,56425450,-691260,691260,-35352000,35352000,4459205,17572030,3668700,5679930,202212.0
35,A15807606,92181750,336118280,0,0,0,148567400,20698520,130008780,116360,0,202212.0
36,A15873701,8633750,284958160,0,0,0,111465510,9275430,94265750,649630,12492870,202212.0
37,A15886501,1403920,19422000,0,0,600940,6629310,5320960,5944610,101520,2961180,202212.0
38,A15807204,10680320,20922400,0,0,-5589500,5589500,4683115,8997610,1631750,0,202212.0
39,A15807701,0,0,0,0,0,0,5318746,17787220,0,6840640,202212.0
40,A15876402,16455640,22619520,0,0,-6456200,6456200,4694357,7726470,1821390,3553400,202212.0
41,A15885303,4626590,24980140,0,0,-1572000,7860000,2495050,9651860,1572000,0,202212.0
42,A15884901,2557060,24434250,0,0,-2010000,2010000,2214870,6069960,883740,0,202212.0
43,A15807202,746200,37894470,0,0,-8235000,8235000,4923511,10330510,-30,4944800,202212.0
44,A15873902,0,0,0,0,0,0,6351959,22548660,-10890,5605930,202212.0
45,A15809002,9125190,59713630,0,0,0,7994480,7810605,23442660,438940,9394660,202212.0
46,A15807306,0,0,0,0,0,0,4952647,14821600,331670,16133580,202212.0
47,A10027375,0,0,0,0,0,0,22434594,62446220,0,20980450,202212.0
48,A10027396,586280,34402090,0,0,0,9095860,6871870,16146690,0,7730300,202212.0
49,A10025649,-764920,13603320,0,0,-564100,10020480,4038190,9564830,0,4923570,202212.0
50,A10025729,4400280,33653090,0,0,0,11696000,4963600,21109910,687840,6638560,202212.0
51,A10023593,0,0,122200,0,0,0,869870,5155840,0,4640500,202212.0
52,A10023886,0,0,0,0,0,0,9836790,20534710,0,6884540,202212.0
53,A10024398,19787470,109118160,0,0,152990,50165300,58106738,65932580,6179690,23117980,202212.0
54,A15805504,8784240,289229200,0,0,0,91254600,23301700,84222570,13668620,0,202212.0
55,A15805404,0,0,0,0,0,0,6467550,23687950,-260,11620770,202212.0
56,A15875102,13616090,271556860,0,0,0,64174000,6603954,86941870,12900000,0,202212.0
57,A15805102,0,0,0,0,0,0,3132544,7930790,225860,3416300,202212.0
58,A15805003,196143137,0,0,0,141472463,0,96226890,0,10017448,0,202212.0
59,A15880204,7583450,56655360,0,0,0,0,3416660,13160280,163940,0,202212.0
60,A15805203,9878780,31695750,0,0,0,9526500,3605490,11549680,357470,1400150,202212.0
61,A15875101,4376250,117102970,0,0,0,16522800,26995519,84034340,14725495,0,202212.0
62,A15805202,0,0,0,0,0,0,5062630,18193840,821400,6257590,202212.0
63,A15805115,28029370,306467410,0,0,0,60446440,16805090,99586010,16989610,30618310,202212.0
64,A15882107,1334610,30850880,-285230,285230,-920,8885950,3005740,9047000,0,0,202212.0
65,A15882103,0,0,0,0,30019850,0,3219790,8399440,106960,6981210,202212.0
66,A15805111,3684270,124555380,0,0,0,7813970,32630613,57633900,920970,13406160,202212.0
67,A15805403,7562430,52440300,0,0,0,12420000,6811154,17342810,-95400,7669210,202212.0
68,A15805101,0,0,51700,0,0,0,3254277,8705930,0,5901790,202212.0
69,A15882008,800450,34035460,-180580,180580,0,4740000,3211246,10194140,0,1248460,202212.0
70,A15805503,74123730,108246510,0,0,0,58353940,18846549,47333030,6653250,0,202212.0
71,A15881702,0,0,0,0,0,0,2467430,7949400,0,0,202212.0
72,A15805303,14525110,166314440,0,0,43200,34619400,20305108,42806850,6923500,12989990,202212.0
73,A15805302,0,0,69950,0,0,0,2745747,17105030,0,0,202212.0
74,A15881701,542060,15182670,0,0,0,8661500,2319310,7410570,0,3203270,202212.0
75,A15870102,16641180,23229360,0,0,-12535500,12535500,1523980,8480840,2945360,0,202212.0
76,A15875103,,,,,,,,,,,202212.0
77,A15881601,702340,24032090,0,0,0,11910000,2102244,9050850,0,4361690,202212.0
78,A15805109,4606120,36576510,0,0,-1064880,9914400,2322264,12111030,1401700,0,202212.0
79,A15882104,12401380,20296230,0,0,5658400,5658400,6054743,6734710,-287250,3825200,202212.0
80,A15882006,654160,27523300,0,0,0,4904000,2708918,9548430,0,939440,202212.0
81,A15805105,1094031,29356998,0,0,0,7617750,2491711,0,0,0,202212.0
82,A15805002,18287690,68419420,0,0,0,24552500,7159565,71002380,2300639,30465161,202212.0
83,A10028007,,,,,,,,,,,202212.0
84,A15880905,11470860,66275680,0,0,0,17240960,12579542,24955440,266700,10049820,202212.0
85,A10027303,,,,,,,,,,,202212.0
86,A10025127,,,,,,,,,,,202212.0
87,A10025915,,,,,,,,,,,202212.0
88,A10026023,1476210,32089650,0,0,0,19302160,4126414,17328110,29920,6282200,202212.0
89,A10024823,,,,,,,,,,,202212.0
90,A10024699,,,,,,,,,,,202212.0
91,A10024355,,,,,,,,,,,202212.0
92,A15884703,43534200,164125170,0,0,0,83164400,8619518,64547730,1435950,34837160,202212.0
93,A15883803,0,0,0,0,0,0,857277,11263680,485580,3771600,202212.0
94,A15883401,0,0,0,0,0,0,8715600,18573930,243650,5855590,202212.0
95,A15883201,0,0,0,0,0,0,3174830,22656870,0,8695840,202212.0
96,A15809601,0,0,0,0,0,0,1766730,6453520,-300,7285250,202212.0
97,A15883702,0,0,0,0,0,0,2182360,8113990,653430,3393670,202212.0
98,A15809702,0,0,0,0,0,0,885990,0,0,0,202212.0
99,A15809502,0,0,0,0,0,0,3215720,8535230,89600,4202340,202212.0
100,A15809402,0,0,0,0,0,0,2310405,11624790,-102350,4679080,202212.0
101,A15809401,0,0,0,0,0,0,2280230,6951190,0,0,202212.0
102,A15883202,0,0,0,0,0,0,6343008,15726910,305970,6037660,202212.0
103,A15809403,0,0,0,0,0,0,3438010,11677230,10,6055610,202212.0
104,A15882201,0,0,0,0,0,0,1856920,13432610,0,3946240,202212.0
105,A15809201,0,0,0,0,0,0,1802670,6689780,6536430,0,202212.0
106,A15809001,0,0,0,0,0,0,1356020,5976510,0,0,202212.0
107,A15884202,0,0,0,0,0,0,4206981,15612390,0,0,202212.0
108,A15883402,0,0,0,0,0,0,12190800,40595930,1466470,15105930,202212.0
109,A15883101,0,0,0,0,0,0,2523820,5536740,0,3074080,202212.0
110,A15809603,0,0,0,0,0,0,7489699,19177680,0,9058090,202212.0
111,A10025980,,,,,,,,,,,202212.0
112,A15809003,,,,,,,,,,,202212.0
113,A10025157,0,0,0,0,0,0,1381770,5359780,0,2727260,202212.0
114,A10025120,,,,,,,,,,,202212.0
115,A10025665,,,,,,,,,,,202212.0
116,A10024804,,,,,,,,,,,202212.0
117,A10024872,0,0,0,0,0,0,43244980,108637400,3484380,42916100,202212.0
118,A15878601,0,0,0,0,0,0,8642990,0,0,0,202212.0
