,kaptCode,heatC,heatP,gasC,gasP,waterHotC,waterHotP,electC,electP,waterCoolC,waterCoolP,Date
0,A15807316,2246670,23136810,0,0,0,16339370,6111521,20791650,63860,9678510,202211.0
1,A15807004,13179866,18638994,0,0,0,0,4352053,23584510,641790,10096390,202211.0
2,A15807003,470020,12054450,0,0,0,3334380,919960,9890200,-3670,5389590,202211.0
3,A15807704,7730800,7960400,0,0,4109000,14952000,-1502270,18038640,-748070,9103620,202211.0
4,A15886504,1592280,20213760,0,0,0,7120270,7329820,14440600,-42700,7388390,202211.0
5,A15807101,9851080,87282580,0,0,0,50467500,25660832,81443810,407050,0,202211.0
6,A15885306,8644610,10055390,0,0,-6580000,6580000,4058110,11595550,1861200,0,202211.0
7,A15807001,13718820,10992700,0,0,-9912470,9912470,4351941,14497290,0,6212760,202211.0
8,A15807205,939370,10214610,0,0,0,5073000,5164653,10241290,195080,5446230,202211.0
9,A15807604,41644090,0,0,0,34189300,0,53581933,0,25348130,0,202211.0
10,A15885307,1085900,12462290,0,0,0,7444000,2316931,13941440,837000,0,202211.0
11,A15807311,2994440,23394390,0,0,0,12698400,3963210,23736930,0,11424930,202211.0
12,A15807706,26214053,40404839,0,0,0,58833362,22994583,53010590,10894650,0,202211.0
13,A15807703,14913580,39199600,0,0,0,31248220,7457834,55496340,1798780,21887420,202211.0
14,A15876401,2097740,11426000,0,0,0,5779550,2068006,7774600,287085,0,202211.0
15,A15886402,0,0,0,0,0,0,1890350,6579930,0,0,202211.0
16,A15807002,2487630,32934350,0,0,0,12608400,8248586,23981270,257210,16357600,202211.0
17,A15886512,15451410,12958430,0,0,-13307600,13269600,4660100,15857170,65990,9901950,202211.0
18,A15886507,1825400,16509950,0,0,0,8377600,2036970,17014410,195360,8764760,202211.0
19,A15886505,2142900,17483800,0,0,0,6197500,1106095,18428080,288350,9031060,202211.0
20,A15807210,2530240,28465620,0,0,-4133650,13517000,5120080,30395610,6742930,9007470,202211.0
21,A15807605,14975735,81459155,0,0,0,64031700,24184496,85832870,22184520,0,202211.0
22,A15870701,10425870,15841060,0,0,-9550200,9550200,3236851,20023900,0,9526820,202211.0
23,A15886508,2410200,17501550,0,0,0,7154880,2419808,14824050,165310,7235720,202211.0
24,A15807707,-5760220,61885320,0,0,0,39011940,13210740,0,1917360,0,202211.0
25,A15807211,4042130,40232420,0,0,0,19397380,13359234,37739700,0,18534110,202211.0
26,A15807315,0,0,471850,0,0,0,11708673,40039619,1398570,16413050,202211.0
27,A15886510,0,14138960,0,0,0,3528960,916080,9559250,0,6256900,202211.0
28,A15885514,0,0,0,0,0,0,6751151,26014900,0,24200920,202211.0
29,A15879502,-47520860,0,0,0,47925050,0,13122099,0,1640680,0,202211.0
30,A15807313,7483250,12768880,0,0,-9872010,9872010,2663280,10598800,2102690,4605610,202211.0
31,A15807702,7660670,14566630,0,0,-6405000,6405000,7013125,12387270,158190,6709450,202211.0
32,A15879501,0,10190330,0,0,2000450,11174700,2710160,10172260,-40020,3342380,202211.0
33,A15807705,4425380,44702080,0,0,-11015650,50292140,16269402,40401870,11092230,0,202211.0
34,A15807208,-409200,33871020,-628460,628460,-23778900,23778900,6439091,17682750,4319920,5238900,202211.0
35,A15807606,22331620,92367720,0,0,0,100309800,8420666,126605360,28494860,0,202211.0
36,A15873701,8633750,76446180,0,0,0,73233860,7651160,89370880,319730,12186300,202211.0
37,A15886501,515730,6391500,0,0,600940,2801680,2847370,5045400,232270,2617040,202211.0
38,A15807204,6442730,6701700,0,0,-4448500,4448500,3879096,8086070,1387250,0,202211.0
39,A15807701,0,0,0,0,0,0,4519586,15126970,0,6998190,202211.0
40,A15876402,6550550,10671050,0,0,-4773600,4773600,127786,9572470,1151430,3732940,202211.0
41,A15885303,2042440,6278370,0,0,-2070000,4830000,1950460,9448920,2070000,0,202211.0
42,A15884901,2183230,7819780,0,0,-1636000,1636000,1240570,6517090,883740,0,202211.0
43,A15807202,746260,12483010,0,0,-4092000,4092000,3172298,8897310,-40,4733710,202211.0
44,A15873902,0,0,0,0,0,0,5318062,20245940,149130,5249640,202211.0
45,A15809002,4858090,22700940,0,0,0,6593810,6152320,21198590,439130,9897080,202211.0
46,A15807306,0,0,0,0,0,0,4552032,14792750,0,0,202211.0
47,A10027375,0,0,0,0,0,0,13133778,52693920,0,22550530,202211.0
48,A10027396,586280,9297080,0,0,0,7971390,3977700,15013520,0,7317660,202211.0
49,A10025649,-250750,3682800,0,0,-348210,6243590,1738230,8570180,0,4834660,202211.0
50,A10025729,2527390,7177500,0,0,0,10116000,741211,19693070,110830,6504980,202211.0
51,A10023593,0,0,78540,0,0,0,963360,5020520,0,0,202211.0
52,A10023886,0,0,0,0,0,0,8601840,17662400,0,6656500,202211.0
53,A10024398,14093880,21370610,0,0,111140,34938030,33897650,65497730,3759270,22717070,202211.0
54,A15805504,9273930,93331390,0,0,0,48820800,17302157,75247200,13668620,0,202211.0
55,A15805404,0,0,0,0,0,0,6317057,22892490,-150,11639210,202211.0
56,A15875102,11935420,82063090,0,0,0,43011000,6625209,77422060,10134600,0,202211.0
57,A15805102,0,0,0,0,0,0,2562308,7073950,286760,3534710,202211.0
58,A15805003,64694307,0,0,0,65024323,0,83152270,0,9451296,0,202211.0
59,A15880204,3602060,20821980,0,0,0,0,3330630,12922110,163940,0,202211.0
60,A15805203,3613750,10712250,0,0,0,5124600,4212650,10403070,299180,1165860,202211.0
61,A15875101,3081240,41430090,0,0,0,13924900,14604935,77228570,14725495,0,202211.0
62,A15805202,0,0,0,0,0,0,4343450,17961760,0,6667410,202211.0
63,A15805115,28032400,76803190,0,0,0,48636900,7342120,98044760,21914170,32034080,202211.0
64,A15882107,1189470,8503240,-306840,306840,-40,6241300,2692320,9416050,0,0,202211.0
65,A15882103,0,0,0,0,6372170,4334400,2809130,7631250,0,0,202211.0
66,A15805111,3684240,35200910,0,0,0,5805690,26385605,54581620,1192400,13378450,202211.0
67,A15805403,3511950,15985510,0,0,0,8949500,5317554,15696750,-19460,8060180,202211.0
68,A15805101,0,0,26110,0,0,0,2066428,8268990,0,0,202211.0
69,A15882008,44350,7366640,-177730,177730,0,4050000,3130236,10183650,0,1329190,202211.0
70,A15805503,20438080,32620330,0,0,0,41790200,14812567,40956190,6653250,0,202211.0
71,A15881702,0,0,0,0,0,0,1946410,8076060,0,7802730,202211.0
72,A15805303,17594060,35052760,0,0,43200,30196800,15841020,44531750,5544000,13137360,202211.0
73,A15805302,0,0,11700,0,0,0,2296709,16655830,774850,0,202211.0
74,A15881701,542060,3062450,0,0,0,4985000,2318060,6246860,0,3675320,202211.0
75,A15870102,8312610,16102910,0,0,-5574030,5574030,1362354,8749670,2139530,0,202211.0
76,A15875103,,,,,,,,,,,202211.0
77,A15881601,702260,6897260,0,0,0,6394500,2165149,8553600,0,4463870,202211.0
78,A15805109,2108940,9083780,0,0,-883340,6427060,1868411,12245970,1401700,0,202211.0
79,A15882104,6887760,4978220,0,0,4580400,4580400,3083300,8045200,0,3648200,202211.0
80,A15882006,8803080,0,0,0,0,4396000,2460760,8559150,0,939440,202211.0
81,A15805105,864588,8797720,0,0,0,5116320,1693450,0,348700,0,202211.0
82,A15805002,8382730,14878360,0,0,0,21969600,7695042,69928950,4556635,29631145,202211.0
83,A10028007,,,,,,,,,,,202211.0
84,A15880905,6833320,17342450,0,0,0,9880250,6537216,21770570,267150,10308950,202211.0
85,A10027303,,,,,,,,,,,202211.0
86,A10025127,,,,,,,,,,,202211.0
87,A10025915,,,,,,,,,,,202211.0
88,A10026023,1476210,6899710,0,0,0,11742140,3032573,17277690,119000,7213880,202211.0
89,A10024823,,,,,,,,,,,202211.0
90,A10024699,,,,,,,,,,,202211.0
91,A10024355,,,,,,,,,,,202211.0
92,A15884703,20811920,45668090,0,0,0,45606840,4134160,54059900,1477150,34750310,202211.0
93,A15883803,0,0,0,0,0,0,-28638,10955990,300000,4217450,202211.0
94,A15883401,0,0,0,0,0,0,4510870,15718150,218420,5660430,202211.0
95,A15883201,0,0,0,0,0,0,2530580,21817740,0,9576520,202211.0
96,A15809601,0,0,0,0,0,0,1621460,6414540,0,0,202211.0
97,A15883702,0,0,0,0,0,0,1481410,7435520,436760,3394320,202211.0
98,A15809702,0,0,0,0,0,0,740300,0,0,0,202211.0
99,A15809502,0,0,0,0,0,0,3086140,8333390,93660,4311030,202211.0
100,A15809402,0,0,0,0,0,0,3144907,9361810,0,5381640,202211.0
101,A15809401,0,0,0,0,0,0,925310,6761570,0,6413040,202211.0
102,A15883202,0,0,0,0,0,0,5030769,16104500,179020,6123450,202211.0
103,A15809403,0,0,0,0,0,0,4243910,9718250,-80,6866190,202211.0
104,A15882201,0,0,0,0,0,0,1347780,12689020,0,2951690,202211.0
105,A15809201,0,0,0,0,0,0,1267350,6689780,0,0,202211.0
106,A15809001,0,0,0,0,0,0,1538390,5441910,0,5938110,202211.0
107,A15884202,0,0,0,0,0,0,4676928,12850020,0,0,202211.0
108,A15883402,0,0,0,0,0,0,10481060,38705560,1525940,16159390,202211.0
109,A15883101,0,0,0,0,0,0,1808120,5481430,118800,3074080,202211.0
110,A15809603,0,0,0,0,0,0,5950846,15689420,-430,9910150,202211.0
111,A10025980,,,,,,,,,,,202211.0
112,A15809003,,,,,,,,,,,202211.0
113,A10025157,0,0,0,0,0,0,1321663,5244070,0,2584290,202211.0
114,A10025120,,,,,,,,,,,202211.0
115,A10025665,,,,,,,,,,,202211.0
116,A10024804,,,,,,,,,,,202211.0
117,A10024872,0,0,0,0,0,0,38451020,104339560,2570340,44890440,202211.0
118,A15878601,0,0,0,0,0,0,8281700,0,0,0,202211.0
