,kaptCode,heatC,heatP,gasC,gasP,waterHotC,waterHotP,electC,electP,waterCoolC,waterCoolP,Date
0,A15807316,2217100,762400,0,0,0,9840960,5197795,21740240,34550,9222150,202209.0
1,A15807004,6832910,2096450,0,0,0,0,3491437,22431000,20090,9992480,202209.0
2,A15807003,1454290,219630,0,0,0,2261260,-343710,9526420,-12190,4999220,202209.0
3,A15807704,0,0,0,0,1453100,5500500,-4686200,20819030,-391050,9646570,202209.0
4,A15886504,1592840,0,0,0,0,3664630,4757540,14527500,-1173680,7782730,202209.0
5,A15807101,9059666,1351523,0,0,-129,20612280,15189392,83760830,441700,0,202209.0
6,A15885306,3734400,0,0,0,-4124400,4124400,1910210,11814380,1492650,0,202209.0
7,A15807001,4602050,0,0,0,-3381360,3381360,1270271,14497850,0,6306940,202209.0
8,A15807205,939350,0,0,0,-80,2441690,3592183,10041790,195010,5335670,202209.0
9,A15807604,6553600,0,0,0,10666250,0,51409949,0,26140960,0,202209.0
10,A15885307,1085900,0,0,0,0,3286050,536207,13231510,837000,0,202209.0
11,A15807311,2321500,0,0,0,0,5486800,1450970,22746280,0,11783640,202209.0
12,A15807706,9013182,1086103,0,0,0,16969515,6264014,60816460,8164975,0,202209.0
13,A15807703,4982660,0,0,0,2824450,7405150,6750255,60389450,1443800,23207450,202209.0
14,A15876401,403080,427700,0,0,0,3643320,1060205,8114260,284430,0,202209.0
15,A15886402,0,0,0,0,0,0,690680,8501410,0,0,202209.0
16,A15807002,2487630,0,0,0,0,5607810,5680550,24067890,174120,15952630,202209.0
17,A15886512,5212320,120500,0,0,-3609000,3594000,3137370,16176850,282700,9083210,202209.0
18,A15886507,1459250,630530,0,0,0,3483000,1223220,19639260,177080,8359870,202209.0
19,A15886505,1585510,193200,0,0,0,4204820,878323,17681120,339950,8754900,202209.0
20,A15807210,2530240,0,0,0,-4895240,10636500,1596810,32342170,6433910,9708420,202209.0
21,A15807605,9994389,8078391,0,0,0,17628960,14570836,89286120,18453310,0,202209.0
22,A15870701,6397880,1315890,0,0,-4989100,4989100,-524212,19504520,0,8761060,202209.0
23,A15886508,1312400,927920,0,0,0,2872800,2348487,14121910,136630,7078690,202209.0
24,A15807707,2098820,2629800,0,0,0,17972010,16717370,0,4434360,0,202209.0
25,A15807211,4042130,0,0,0,0,6641940,11243948,55050560,0,23855340,202209.0
26,A15807315,0,0,1361210,0,0,0,9540438,40833595,530840,16543120,202209.0
27,A15886510,0,227630,0,0,0,2915010,2706970,9149710,0,6096180,202209.0
28,A15885514,0,0,0,0,0,0,5642084,24665670,0,23811530,202209.0
29,A15879502,0,0,0,0,0,0,8955626,0,319170,0,202209.0
30,A15807313,0,140140,0,0,0,6641200,1333220,13773490,0,5140070,202209.0
31,A15807702,4485980,0,0,0,-3344540,3344540,4447110,11649360,231170,6525550,202209.0
32,A15879501,28920,165830,0,0,1387510,4094280,2247330,9237150,-87670,3868820,202209.0
33,A15807705,4395380,1102790,0,0,-8314600,21083450,10744025,41176710,8347090,0,202209.0
34,A15807208,6872540,0,-681960,681960,-7603720,7603720,4354527,28308480,2571450,6965380,202209.0
35,A15807606,12898920,0,0,0,0,23812700,0,132320640,22983400,0,202209.0
36,A15873701,8633750,0,0,0,0,30199410,6456930,91100370,2530550,9921420,202209.0
37,A15886501,98230,0,0,0,600620,1265700,1775816,4918560,351130,2706700,202209.0
38,A15807204,4273500,0,0,0,-3405500,3405500,2313701,8077920,1163750,0,202209.0
39,A15807701,0,0,0,0,0,0,3205964,15203140,0,7306940,202209.0
40,A15876402,1478390,1376400,0,0,-2385900,2385900,2035127,7027750,1547650,4344730,202209.0
41,A15885303,815530,0,0,0,-1662600,3570000,1969740,15426770,1662600,0,202209.0
42,A15884901,2262870,0,0,0,-1715810,1715810,1463080,10081680,556140,0,202209.0
43,A15807202,746160,2042070,0,0,-1820850,1820850,2094570,8880850,130,4733540,202209.0
44,A15873902,0,0,0,0,0,0,3979315,20562300,197920,5529030,202209.0
45,A15809002,2359390,1299180,0,0,0,5508210,4553140,20769940,401450,8611700,202209.0
46,A15807306,0,0,0,0,0,0,4711911,20923180,0,0,202209.0
47,A10027375,0,0,0,0,0,0,16909480,52511170,0,22545210,202209.0
48,A10027396,586280,0,0,0,0,3778390,3883190,13732110,0,7394020,202209.0
49,A10025649,0,79840,0,0,0,2342210,620960,10011230,0,4990430,202209.0
50,A10025729,1586323,0,0,0,56057,3131700,-28300,20085640,31610,6845310,202209.0
51,A10023593,0,0,4440,0,0,0,607320,7448690,0,0,202209.0
52,A10023886,0,0,0,0,0,0,-706090,25302610,-393510,6774270,202209.0
53,A10024398,7816200,0,0,0,43630,12775180,42796970,69541440,4555010,25688470,202209.0
54,A15805504,7758780,0,0,0,0,19606400,11684119,72417180,9835830,0,202209.0
55,A15805404,0,0,0,0,0,0,5903678,28598200,-100,12653400,202209.0
56,A15875102,7518450,0,0,0,0,19431950,3081125,74201420,6336700,0,202209.0
57,A15805102,0,0,0,0,0,0,1961995,6855810,203920,3814800,202209.0
58,A15805003,7475587,0,0,0,18135503,0,78539390,0,6309723,0,202209.0
59,A15880204,1761980,4261330,0,0,0,0,2369602,16510500,168380,0,202209.0
60,A15805203,1359690,77190,0,0,0,2376400,2721490,11767190,200050,761090,202209.0
61,A15875101,2428010,2658480,0,0,0,5828130,10175076,82252600,12013885,0,202209.0
62,A15805202,0,0,0,0,0,0,5128250,22500440,0,6719670,202209.0
63,A15805115,11030180,0,0,0,0,16518880,1842390,97472120,16083480,37989130,202209.0
64,A15882107,872580,0,-293810,293810,-240,2736850,2290720,13194360,0,0,202209.0
65,A15882103,0,0,0,0,598770,1980000,1208600,7998470,0,0,202209.0
66,A15805111,3684260,464470,0,0,0,5407950,18701304,71297550,779240,13608320,202209.0
67,A15805403,1735620,0,0,0,0,3949940,4077463,15901100,-603140,8332580,202209.0
68,A15805101,0,0,0,0,0,0,1356923,7449330,0,0,202209.0
69,A15882008,-48510,848960,0,0,27000,3543000,2624715,15471130,0,1138660,202209.0
70,A15805503,6146300,0,0,0,0,12174600,7901138,42586840,6518925,0,202209.0
71,A15881702,0,0,0,0,0,0,2736010,9238680,0,7824530,202209.0
72,A15805303,6095470,0,0,0,4200,9513000,9374060,53973810,4480790,15443200,202209.0
73,A15805302,0,0,0,0,0,0,541210,20375150,1227620,0,202209.0
74,A15881701,542060,16890,0,0,0,1261330,1398980,6946440,0,3035970,202209.0
75,A15870102,3364000,16510,0,0,-3331670,3331670,707350,11602490,1023250,0,202209.0
76,A15875103,4654552,0,0,0,0,10930570,-450264,51595100,1000,7341510,202209.0
77,A15881601,702310,0,0,0,-190,2012680,-1352016,14160560,0,4250200,202209.0
78,A15805109,1102320,0,0,0,-650760,3130380,-975447,18510040,1237950,0,202209.0
79,A15882104,2272290,40480,0,0,-1830800,1830800,3641530,6669820,0,0,202209.0
80,A15882006,654160,0,0,0,0,2702060,1882741,12382620,0,808820,202209.0
81,A15805105,751870,0,0,0,0,2760600,1930810,0,384400,0,202209.0
82,A15805002,2438240,0,0,0,0,5276820,5556987,101728440,838072,34452388,202209.0
83,A10028007,,,,,,,,,,,202209.0
84,A15880905,2538190,408600,0,0,0,3595270,3881948,21330880,267920,10463950,202209.0
85,A10027303,,,,,,,,,,,202209.0
86,A10025127,,,,,,,,,,,202209.0
87,A10025915,,,,,,,,,,,202209.0
88,A10026023,1476120,128550,0,0,0,3838220,5307074,23360430,105630,7396910,202209.0
89,A10024823,,,,,,,,,,,202209.0
90,A10024699,,,,,,,,,,,202209.0
91,A10024355,,,,,,,,,,,202209.0
92,A15884703,4709125,194290,0,0,0,15496190,2815095,50808720,837210,36565010,202209.0
93,A15883803,0,0,0,0,0,0,-472635,10417180,165600,4261650,202209.0
94,A15883401,0,0,0,0,0,0,4706390,14262120,248770,5822360,202209.0
95,A15883201,0,0,0,0,0,0,382480,22930620,0,9199650,202209.0
96,A15809601,0,0,0,0,0,0,1442190,7844830,0,0,202209.0
97,A15883702,0,0,0,0,0,0,8445720,0,3831080,0,202209.0
98,A15809702,0,0,0,0,0,0,719160,0,0,0,202209.0
99,A15809502,0,0,0,0,0,0,2494660,9565130,83600,4321090,202209.0
100,A15809402,0,0,0,0,0,0,2116515,10217610,0,5229590,202209.0
101,A15809401,0,0,0,0,0,0,97430,7664720,-20,6979770,202209.0
102,A15883202,0,0,0,0,0,0,4607850,16196760,728850,5439130,202209.0
103,A15809403,0,0,0,0,0,0,2416400,10409890,-70,6510650,202209.0
104,A15882201,0,0,0,0,0,0,774060,13874210,0,4384200,202209.0
105,A15809201,0,0,0,0,0,0,695330,7502060,0,0,202209.0
106,A15809001,0,0,0,0,0,0,1066030,5765710,0,6305330,202209.0
107,A15884202,0,0,0,0,0,0,2533983,13592120,0,0,202209.0
108,A15883402,0,0,0,0,0,0,13060240,35399170,2018430,15846200,202209.0
109,A15883101,0,0,0,0,0,0,1645360,5590090,86320,3538890,202209.0
110,A15809603,0,0,0,0,0,0,4500643,15157030,-2090,9610660,202209.0
111,A10025980,,,,,,,,,,,202209.0
112,A15809003,,,,,,,,,,,202209.0
113,A10025157,0,0,0,0,0,0,1273690,5059510,0,2921830,202209.0
114,A10025120,,,,,,,,,,,202209.0
115,A10025665,,,,,,,,,,,202209.0
116,A10024804,,,,,,,,,,,202209.0
117,A10024872,0,0,0,0,0,0,31735740,121005200,6091400,45311430,202209.0
118,A15878601,0,0,0,0,0,0,7700810,0,0,0,202209.0
