,kaptCode,heatC,heatP,gasC,gasP,waterHotC,waterHotP,electC,electP,waterCoolC,waterCoolP,Date
0,A15807316,2542130,11843700,0,0,0,14351520,5457158,21309880,427790,9370270,202210.0
1,A15807004,12096570,11513340,0,0,0,0,3922364,24193430,18310,10149830,202210.0
2,A15807003,470970,6527500,0,0,0,3023730,201330,9760300,2070,5059730,202210.0
3,A15807704,1480450,0,0,0,7998400,6953600,1632660,16205370,131540,9238690,202210.0
4,A15886504,1592320,10645590,0,0,0,6207010,7514780,14044380,195000,7689180,202210.0
5,A15807101,9480087,39441313,0,0,0,46089000,17822670,80177040,28866130,0,202210.0
6,A15885306,7200510,4362300,0,0,-4422600,4422600,2825050,11353190,1861200,0,202210.0
7,A15807001,10197260,5065840,0,0,-7431600,7431600,3544957,14542590,0,6521230,202210.0
8,A15807205,939400,5125520,0,0,0,4194000,4773087,10008820,194930,5182100,202210.0
9,A15807604,23800220,0,0,0,25290850,0,49002027,0,27438990,0,202210.0
10,A15885307,1085900,1672450,0,0,0,6388000,852048,14240230,442540,0,202210.0
11,A15807311,2810690,11374000,0,0,0,10650500,3371660,23359440,-2008390,11790640,202210.0
12,A15807706,22751258,16504452,0,0,0,45655920,19580470,49848420,10894650,0,202210.0
13,A15807703,12114610,15229440,0,0,0,25899010,5762563,48788120,2270750,22370000,202210.0
14,A15876401,1394160,6513000,0,0,0,5171280,1763868,8049130,288070,0,202210.0
15,A15886402,0,0,0,0,0,0,1972460,6136200,0,6880250,202210.0
16,A15807002,2487630,15106560,0,0,0,12858980,9909625,22194500,645440,15790920,202210.0
17,A15886512,11893340,6092080,0,0,-9952200,9952200,4305070,15975800,197170,8310030,202210.0
18,A15886507,1601110,8810590,0,0,0,6692000,1499840,16160460,193210,8073950,202210.0
19,A15886505,1890690,9753150,0,0,0,5245000,1623921,16676340,303910,8248390,202210.0
20,A15807210,2530240,14385580,0,0,-3287420,11998000,4414600,30332110,6064500,9449150,202210.0
21,A15807605,10692512,56940846,0,0,0,37079312,20944368,81334340,487420,0,202210.0
22,A15870701,9804750,7284250,0,0,-8785820,8785820,1148432,20103040,0,9327550,202210.0
23,A15886508,1894320,8292190,0,0,0,6460800,2192332,15150080,217760,8360600,202210.0
24,A15807707,1401790,32307900,0,0,0,30921540,12845430,0,3643360,0,202210.0
25,A15807211,4042130,19654700,0,0,0,16706770,7675462,40064470,0,18534110,202210.0
26,A15807315,0,0,1111800,0,0,0,13018359,38517055,0,16548400,202210.0
27,A15886510,0,7610110,0,0,0,2916480,3866170,9453850,0,5976490,202210.0
28,A15885514,0,0,0,0,0,0,7159470,25241080,0,0,202210.0
29,A15879502,-23508820,0,0,0,23781040,0,11995742,0,314090,0,202210.0
30,A15807313,0,0,0,0,0,0,2016790,0,0,0,202210.0
31,A15807702,3269940,3673540,0,0,6318000,6318000,5715188,12403650,190750,7416510,202210.0
32,A15879501,3737860,6954740,0,0,-6361310,6361310,-9869170,9869170,-3048780,3048780,202210.0
33,A15807705,4415380,24009890,0,0,-9771960,41012620,14260890,41499400,9826700,0,202210.0
34,A15807208,16013880,5298860,-639580,639580,-17184530,17184530,3864342,17757820,3011400,6709680,202210.0
35,A15807606,21148930,42396070,0,0,0,78266700,0,118890510,112220,0,202210.0
36,A15873701,8633750,36616980,0,0,0,46262400,6732980,81806400,1002470,10248000,202210.0
37,A15886501,323920,3013200,0,0,600940,2590840,2390060,5110280,249080,2929290,202210.0
38,A15807204,5068000,3783400,0,0,-4200000,4200000,3775726,8210930,1365810,0,202210.0
39,A15807701,0,0,0,0,0,0,3779401,15040400,710,7503550,202210.0
40,A15876402,3679350,7670730,0,0,-2930200,2930200,2627202,7088100,1276750,3834380,202210.0
41,A15885303,815890,2742200,0,0,-1163700,4525500,1774770,9333270,1163700,0,202210.0
42,A15884901,2115170,4367370,0,0,-1568000,1568000,1472760,6287820,556140,0,202210.0
43,A15807202,746210,7565460,0,0,-3570000,3570000,3096733,8904290,70,4797930,202210.0
44,A15873902,0,0,0,0,0,0,4448941,20100910,183680,5518060,202210.0
45,A15809002,3592590,11393280,0,0,0,6511910,4747737,21090690,457200,9642840,202210.0
46,A15807306,0,0,0,0,0,0,3708978,14339460,75540,16532460,202210.0
47,A10027375,0,0,0,0,0,0,13133588,52261820,0,21549670,202210.0
48,A10027396,586280,4193580,0,0,0,7386690,4848305,13824720,0,7844280,202210.0
49,A10025649,-127080,1533320,0,0,-246950,4818770,1270640,8877540,0,5063760,202210.0
50,A10025729,1660490,2514400,0,0,0,8628750,1015022,18513260,36360,7138890,202210.0
51,A10023593,0,0,14550,0,0,0,863810,4834580,0,4981750,202210.0
52,A10023886,0,0,0,0,0,0,7153090,17593460,0,7429320,202210.0
53,A10024398,12123840,7404620,0,0,81610,27074250,40935580,63557390,3721370,25032800,202210.0
54,A15805504,8757310,39558670,0,0,0,44343600,11934041,76739730,9835830,0,202210.0
55,A15805404,0,0,0,0,0,0,5779713,21985460,40,11456750,202210.0
56,A15875102,9702600,36988760,0,0,0,40981500,4836378,79284230,10200000,0,202210.0
57,A15805102,0,0,0,0,0,0,2443706,6748080,296940,3650030,202210.0
58,A15805003,33497437,0,0,0,51504943,0,83060540,0,7682626,0,202210.0
59,A15880204,2797650,13582990,0,0,0,0,2771200,12801960,169959,0,202210.0
60,A15805203,2928750,5204250,0,0,0,4963400,3130970,10280740,247610,950260,202210.0
61,A15875101,3516060,23831660,0,0,0,13143600,13388651,79390450,12013885,0,202210.0
62,A15805202,0,0,0,0,0,0,3373740,17700770,814660,6588980,202210.0
63,A15805115,17292190,39105020,0,0,0,40725360,2929090,93410970,16987570,37062330,202210.0
64,A15882107,947650,3186540,-290130,290130,-390,5551460,1655100,9695300,0,0,202210.0
65,A15882103,0,0,0,0,3121830,3816000,2110870,7864790,106960,6932000,202210.0
66,A15805111,3684200,15686430,0,0,0,5673040,20479060,53675160,436380,13523040,202210.0
67,A15805403,2688140,8573430,0,0,0,7602770,5017725,15819040,149370,7930220,202210.0
68,A15805101,0,0,0,0,0,0,1716192,7535370,0,6303210,202210.0
69,A15882008,860980,5443610,108680,108680,0,3447000,3191673,10082250,0,1138790,202210.0
70,A15805503,13151600,12748140,0,0,0,41621830,12304124,43346400,6518925,0,202210.0
71,A15881702,0,0,0,0,0,0,1932560,7488630,0,0,202210.0
72,A15805303,13659050,12759410,0,0,20000,25980000,10061540,45361100,5927210,16898560,202210.0
73,A15805302,0,0,0,0,0,0,577560,16724480,0,0,202210.0
74,A15881701,542060,866570,0,0,0,3719500,2034820,6584220,0,3168230,202210.0
75,A15870102,7633360,6633590,0,0,-4659630,4659630,1487660,8242230,2139520,0,202210.0
76,A15875103,4654552,26405600,0,0,0,29195780,7880861,49259170,1175,7336500,202210.0
77,A15881601,702300,3011930,0,0,0,5228000,1056490,9780790,51400,4462850,202210.0
78,A15805109,1641310,3796740,0,0,-806780,5870020,-148653,12467860,1237950,0,202210.0
79,A15882104,3916440,1829350,0,0,3535200,3535200,5838370,5452870,-383920,7601930,202210.0
80,A15882006,654160,0,0,0,0,3824000,955993,10030720,0,808820,202210.0
81,A15805105,819182,4673191,0,0,0,4539480,1635310,0,0,0,202210.0
82,A15805002,5540000,6169440,0,0,0,18593200,2601115,73845880,6812565,28009455,202210.0
83,A10028007,,,,,,,,,,,202210.0
84,A15880905,3276810,7835080,0,0,0,8822800,5659300,21385180,269670,10358350,202210.0
85,A10027303,,,,,,,,,,,202210.0
86,A10025127,,,,,,,,,,,202210.0
87,A10025915,,,,,,,,,,,202210.0
88,A10026023,1476180,2744200,0,0,0,8888320,3147921,17852510,510180,7004370,202210.0
89,A10024823,,,,,,,,,,,202210.0
90,A10024699,,,,,,,,,,,202210.0
91,A10024355,,,,,,,,,,,202210.0
92,A15884703,17566030,20379370,0,0,0,36815160,5544362,52744200,2736920,33551660,202210.0
93,A15883803,0,0,0,0,0,0,921308,8839060,-69080,4473770,202210.0
94,A15883401,0,0,0,0,0,0,4223590,15728610,119350,6059960,202210.0
95,A15883201,0,0,0,0,0,0,2122210,19804570,0,8385980,202210.0
96,A15809601,0,0,0,0,0,0,1414180,6145500,160,7562460,202210.0
97,A15883702,0,0,0,0,0,0,8104490,6994730,3914930,3410130,202210.0
98,A15809702,0,0,0,0,0,0,648480,0,0,0,202210.0
99,A15809502,0,0,0,0,0,0,2094950,8994050,97490,4081690,202210.0
100,A15809402,0,0,0,0,0,0,1676827,9814800,0,4661340,202210.0
101,A15809401,0,0,0,0,0,0,1011421,6035540,0,0,202210.0
102,A15883202,0,0,0,0,0,0,4541378,13749560,673550,5927000,202210.0
103,A15809403,0,0,0,0,0,0,1864050,10299150,-230,6214500,202210.0
104,A15882201,0,0,0,0,0,0,1145170,11514200,0,4102640,202210.0
105,A15809201,0,0,0,0,0,0,1162330,6169000,0,7059180,202210.0
106,A15809001,0,0,0,0,0,0,917040,5337490,0,0,202210.0
107,A15884202,0,0,0,0,0,0,2703761,12850020,0,0,202210.0
108,A15883402,0,0,0,0,0,0,10486840,34591360,992210,16354360,202210.0
109,A15883101,0,0,0,0,0,0,1409860,5590090,-184660,3538890,202210.0
110,A15809603,0,0,0,0,0,0,5213596,15808880,0,9156880,202210.0
111,A10025980,,,,,,,,,,,202210.0
112,A15809003,,,,,,,,,,,202210.0
113,A10025157,0,0,0,0,0,0,1360080,4405100,0,2844140,202210.0
114,A10025120,,,,,,,,,,,202210.0
115,A10025665,,,,,,,,,,,202210.0
116,A10024804,,,,,,,,,,,202210.0
117,A10024872,0,0,0,0,0,0,33275800,100096750,4154690,43199810,202210.0
118,A15878601,0,0,0,0,0,0,7689270,0,0,0,202210.0
