,kaptCode,heatC,heatP,gasC,gasP,waterHotC,waterHotP,electC,electP,waterCoolC,waterCoolP,Date
0,A15807316,2200060,32598280,0,0,0,17079760,5118480,19101840,69260,8812970,202203.0
1,A15807004,14970310,20148680,0,0,0,0,6737917,19174090,12190,9953580,202203.0
2,A15807003,675891,14514120,0,0,0,3679810,216090,9220590,-2850,4825850,202203.0
3,A15807704,-10726670,30297000,0,0,-1016400,17392200,1394020,13547770,1973670,7662530,202203.0
4,A15886504,1591030,27198500,0,0,0,7140960,8608000,13926630,1858880,6833560,202203.0
5,A15807101,10274823,108224397,0,0,0,67425000,21437688,65980280,218970,0,202203.0
6,A15885306,10532420,12972190,0,0,-9963000,9963000,3098100,11659830,2615850,0,202203.0
7,A15807001,9673490,20025120,0,0,-8452800,8452800,5546830,14745270,0,7018820,202203.0
8,A15807205,939330,13777260,0,0,0,5694000,6440697,10101960,195030,5386930,202203.0
9,A15807604,52338170,0,0,0,43870750,0,43460368,0,28467810,0,202203.0
10,A15885307,1085900,15867230,0,0,0,9158240,1898325,12346210,1300000,0,202203.0
11,A15807311,2804480,30440960,0,0,0,14940830,2826020,23556540,0,12306620,202203.0
12,A15807706,22917856,66172414,0,0,0,63298560,15732782,44108260,14611195,0,202203.0
13,A15807703,8237060,47714490,0,0,0,44773580,8678711,49274620,2435590,23023600,202203.0
14,A15876401,2325380,10803600,0,0,0,8390400,2013920,7225870,666530,0,202203.0
15,A15886402,0,0,0,0,0,0,1828880,5770630,0,0,202203.0
16,A15807002,2487650,35918530,0,0,6853790,19316700,8110810,21236370,52590,16619960,202203.0
17,A15886512,17781920,19261200,0,0,-14664200,14626200,4087050,14050600,243600,9706770,202203.0
18,A15886507,2038380,16604680,0,0,0,12957000,1871650,14800740,773520,8079460,202203.0
19,A15886505,2688010,22429360,0,0,0,6855000,3183452,16415700,337930,7344350,202203.0
20,A15807210,2530240,36653760,0,0,-6136670,16975000,6774120,30565270,6519690,7771860,202203.0
21,A15807605,17784719,127083789,0,0,0,64043012,21192577,68256940,46044730,0,202203.0
22,A15870701,10815990,19529910,0,0,-9427340,9427340,303699,19988960,0,9053880,202203.0
23,A15886508,2610850,19214760,0,0,0,9389800,3524743,12949190,152290,7660220,202203.0
24,A15807707,13602750,61291800,0,0,0,47861600,14210580,0,7705790,0,202203.0
25,A15807211,4042130,50332220,0,0,0,24917490,11706025,31960380,0,21039100,202203.0
26,A15807315,0,0,1226070,0,0,0,14028381,38695874,15199880,15182990,202203.0
27,A15886510,0,15823430,0,0,0,4381440,3022160,8739540,0,5640170,202203.0
28,A15885514,0,0,0,0,0,0,6069803,24796330,0,24478010,202203.0
29,A15879502,-55873220,0,0,0,55873220,0,7486855,0,666390,0,202203.0
30,A15807313,0,0,0,0,0,0,2773340,0,0,0,202203.0
31,A15807702,11680190,14418530,0,0,-7929000,7929000,6319271,12203280,218670,7462580,202203.0
32,A15879501,953530,13845790,0,0,2066910,9014700,1777330,8749200,161010,2856240,202203.0
33,A15807705,4425380,65116950,0,0,-8806500,45598100,14551064,36950430,8862750,0,202203.0
34,A15807208,21549310,18773320,-697020,697020,-23764320,23764320,3750564,14605110,4056630,5977720,202203.0
35,A15807606,39370010,136074570,0,0,0,93080000,12161081,105037190,52541040,0,202203.0
36,A15873701,8633750,93597130,0,0,0,77870000,9108114,73366800,1496470,11141400,202203.0
37,A15886501,637510,8404480,0,0,600940,3489630,2813760,4743840,819300,2274930,202203.0
38,A15807204,8008000,8874000,0,0,-5838000,5838000,3408133,7838970,1902000,0,202203.0
39,A15807701,0,0,0,0,0,0,4172410,14603930,420,7528230,202203.0
40,A15876402,6317130,13124680,0,0,-5321000,5321000,2095424,6156460,1791250,3720340,202203.0
41,A15885303,815890,6641100,0,0,-1865600,8480000,3502880,9580390,1865600,0,202203.0
42,A15884901,2854700,9952060,0,0,-2307500,2307500,2920480,5140520,1109940,0,202203.0
43,A15807202,746300,16420960,0,0,-5806300,5806300,3648944,9212210,10,5089560,202203.0
44,A15873902,0,0,0,0,0,0,4223663,20549670,778570,5284250,202203.0
45,A15809002,4967190,20259180,0,0,0,10026430,3802067,20328870,307970,9294670,202203.0
46,A15807306,0,0,0,0,0,0,4437805,12903330,0,0,202203.0
47,A10027375,0,0,0,0,0,0,18100020,52927680,0,19352140,202203.0
48,A10027396,586280,12639700,0,0,0,9622020,4296720,13486700,0,8042970,202203.0
49,A10025649,-29050,4404140,0,0,-24400,7059840,948000,7359460,0,5143200,202203.0
50,A10025729,1586323,10343400,0,0,532967,12596000,52540,18869320,24350,7385120,202203.0
51,A10023593,0,0,54150,0,0,0,1321960,4880780,0,0,202203.0
52,A10023886,0,0,0,0,0,0,0,1560790,0,604510,202203.0
53,A10024398,5351080,30792220,0,0,0,47977070,16852803,73455915,1984680,22795280,202203.0
54,A15805504,8191690,99528620,0,0,0,72113520,17980741,70852900,20931020,0,202203.0
55,A15805404,0,0,0,0,0,0,6241672,20927120,-10,12209900,202203.0
56,A15875102,8475760,84576800,0,0,0,62760500,4736742,75290280,19718000,0,202203.0
57,A15805102,0,0,0,0,0,0,2256754,6628190,241090,3691000,202203.0
58,A15805003,94278257,0,0,0,83994308,0,77996080,0,0,0,202203.0
59,A15880204,4172250,25954220,0,0,0,0,2687480,10905900,316810,0,202203.0
60,A15805203,3337890,9753000,0,0,0,10392800,3310950,9747700,426580,1685280,202203.0
61,A15875101,2453660,48294400,0,0,0,16536520,13535061,76383920,23346490,0,202203.0
62,A15805202,0,0,0,0,0,0,4561330,16698480,0,6156560,202203.0
63,A15805115,25829580,102321320,0,0,0,60479100,7013510,79843930,12413420,35397050,202203.0
64,A15882107,1053090,11046860,-293390,293390,610,7429280,3510140,8355130,0,0,202203.0
65,A15882103,0,0,0,0,9399560,4972000,1870360,7632190,0,0,202203.0
66,A15805111,3684210,51053540,0,0,0,6342330,18986635,46086950,1381410,12693440,202203.0
67,A15805403,3910640,19575250,0,0,0,11036000,4862430,14784350,819290,7398000,202203.0
68,A15805101,0,0,224300,0,0,0,1504094,7867280,0,0,202203.0
69,A15882008,800450,13312600,0,0,0,5088000,3355550,9116090,0,1929950,202203.0
70,A15805503,19297900,52200160,0,0,0,43764080,13290851,39539970,12901055,0,202203.0
71,A15881702,0,0,0,0,0,0,2297090,6900260,0,6741170,202203.0
72,A15805303,14990760,47324710,0,0,25000,34060000,15709230,35831510,7762330,13623520,202203.0
73,A15805302,0,0,141010,0,0,0,1656723,15293120,139400,0,202203.0
74,A15881701,542060,4017490,0,0,0,6513400,1802180,6421200,0,3143260,202203.0
75,A15870102,12478620,7840480,0,0,-11050000,11050000,2315970,5979090,2843010,0,202203.0
76,A15875103,4654552,68512230,0,0,0,38613320,7365179,47392120,2000,12350130,202203.0
77,A15881601,702290,8874990,0,0,0,7675100,1890007,7779740,0,3920480,202203.0
78,A15805109,2508480,10045190,0,0,-1144340,10654200,1599549,11340390,2255820,0,202203.0
79,A15882104,7960540,6702310,0,0,-4759200,4759200,2649020,8452890,0,0,202203.0
80,A15882006,11601810,0,0,0,0,4924000,2459520,7924150,0,1472410,202203.0
81,A15805105,898011,9675399,0,0,0,7838250,2389980,0,171250,0,202203.0
82,A15805002,9375840,16893480,0,0,0,25582900,5129114,61474970,5258928,29529582,202203.0
83,A10028007,,,,,,,,,,,202203.0
84,A15880905,6128450,21948860,0,0,0,12785780,4803468,21048340,274160,10572540,202203.0
85,A10027303,,,,,,,,,,,202203.0
86,A10025127,,,,,,,,,,,202203.0
87,A10025915,,,,,,,,,,,202203.0
88,A10026023,1476010,11191130,0,0,0,13106160,4702704,14930720,156290,6175920,202203.0
89,A10024823,,,,,,,,,,,202203.0
90,A10024699,,,,,,,,,,,202203.0
91,A10024355,,,,,,,,,,,202203.0
92,A15884703,2442015,69029120,0,0,0,62128340,6891065,46819760,217230,33973930,202203.0
93,A15883803,0,0,0,0,0,0,269753,8600760,-26550,4079350,202203.0
94,A15883401,0,0,0,0,0,0,6212989,15391300,0,6077280,202203.0
95,A15883201,0,0,0,0,0,0,1727890,17759080,0,8816820,202203.0
96,A15809601,0,0,0,0,0,0,2030380,5605490,0,0,202203.0
97,A15883702,0,0,0,0,0,0,903060,6806060,400420,3430660,202203.0
98,A15809702,0,0,0,0,0,0,691620,0,0,0,202203.0
99,A15809502,0,0,0,0,0,0,1706110,8332720,261760,3955100,202203.0
100,A15809402,0,0,0,0,0,0,1861788,8604670,0,4967450,202203.0
101,A15809401,0,0,0,0,0,0,1602900,5722920,170,6446830,202203.0
102,A15883202,0,0,0,0,0,0,4373683,12016620,856400,5170710,202203.0
103,A15809403,0,0,0,0,0,0,2702390,8963860,-60,6336410,202203.0
104,A15882201,0,0,0,0,0,0,1394870,11138600,278440,3880060,202203.0
105,A15809201,0,0,0,0,0,0,1150290,5758770,0,0,202203.0
106,A15809001,0,0,0,0,0,0,1016080,4554000,-250,5854430,202203.0
107,A15884202,0,0,0,0,0,0,3364710,11756610,0,0,202203.0
108,A15883402,0,0,0,0,0,0,7778750,30806300,1962740,15249740,202203.0
109,A15883101,0,0,0,0,0,0,1971430,4042210,86320,3209880,202203.0
110,A15809603,0,0,0,0,0,0,4653726,15463020,-3820,8648390,202203.0
111,A10025980,,,,,,,,,,,202203.0
112,A15809003,,,,,,,,,,,202203.0
113,A10025157,0,0,0,0,0,0,1291570,4648250,0,2937770,202203.0
114,A10025120,,,,,,,,,,,202203.0
115,A10025665,,,,,,,,,,,202203.0
116,A10024804,,,,,,,,,,,202203.0
117,A10024872,0,0,0,0,0,0,36146389,88658200,2534500,43126960,202203.0
118,A15878601,0,0,0,0,0,0,6552390,0,5069030,0,202203.0
