,kaptCode,heatC,heatP,gasC,gasP,waterHotC,waterHotP,electC,electP,waterCoolC,waterCoolP,Date
0,A15807316,2153970,3508490,0,0,0,14617840,4552404,18388450,17210,8632760,202205.0
1,A15807004,12997490,0,0,0,0,0,24664231,0,11164760,0,202205.0
2,A15807003,1594750,1193930,0,0,0,3114580,-55930,6926560,-6970,5567370,202205.0
3,A15807704,-3074960,5158400,0,0,-4241900,14468900,460620,14606670,1948590,7876220,202205.0
4,A15886504,1591810,2426780,0,0,0,5396280,4986020,13371240,2034670,6699640,202205.0
5,A15807101,9179002,11539118,0,0,0,35607000,18255520,66551010,300070,0,202205.0
6,A15885306,6318320,523960,0,0,-7530600,7530600,2410580,10506480,2664000,0,202205.0
7,A15807001,6674690,1098810,0,0,-5454000,5454000,2743720,13112040,0,7038930,202205.0
8,A15807205,939300,437690,0,0,70,4554540,3787675,9218480,194960,5488670,202205.0
9,A15807604,10935370,0,0,0,21250740,0,43689967,0,27439110,0,202205.0
10,A15885307,1085900,0,0,0,0,5279080,1161946,11183770,1200000,0,202205.0
11,A15807311,3046450,2877760,0,0,0,9126400,2285620,20676140,0,12134410,202205.0
12,A15807706,10604479,3994833,0,0,0,33805228,17419510,44084970,19258200,0,202205.0
13,A15807703,6565140,3208430,0,0,0,17314500,8414278,47875520,2739230,22531100,202205.0
14,A15876401,768150,2634240,0,0,0,4889400,1549728,7067130,485770,0,202205.0
15,A15886402,0,0,0,0,0,0,1295270,6305450,0,0,202205.0
16,A15807002,2487970,1511270,0,0,0,12264000,5838080,21501750,0,16642000,202205.0
17,A15886512,8443240,1217030,0,0,-7120800,7097800,3295240,13312630,270070,9617330,202205.0
18,A15886507,1522580,1054340,0,0,0,6885200,2050710,14594520,961540,8645320,202205.0
19,A15886505,1844850,1908130,0,0,0,5502500,2930649,14894120,526990,9097130,202205.0
20,A15807210,2530240,2794000,0,0,-4012430,13377000,2990830,28088380,6230840,9347710,202205.0
21,A15807605,10874905,11224139,0,0,0,42299736,22127068,70957400,31490040,0,202205.0
22,A15870701,8690950,2281220,0,0,-7282170,7282170,-2594276,17712380,0,10028900,202205.0
23,A15886508,1516520,2172540,0,0,0,5522570,4892637,10123740,162010,7200450,202205.0
24,A15807707,4358450,11524750,0,0,0,27667800,11387910,0,6193020,0,202205.0
25,A15807211,4042130,1930700,0,0,0,14416010,11676679,34188340,0,21115850,202205.0
26,A15807315,0,0,596650,0,0,0,9015030,33921432,2025730,16280630,202205.0
27,A15886510,0,2589650,0,0,0,3363840,3324750,7807850,0,6427750,202205.0
28,A15885514,0,0,0,0,0,0,6719211,22183010,0,26465100,202205.0
29,A15879502,-9131810,0,0,0,9131810,0,8498664,0,835740,0,202205.0
30,A15807313,0,1682520,0,0,0,8826520,1551490,8826150,0,5270490,202205.0
31,A15807702,6772940,406040,0,0,-6102000,6102000,5751763,10152110,423830,6554720,202205.0
32,A15879501,276280,2926190,0,0,1821730,5074560,2100660,8030830,557500,3213380,202205.0
33,A15807705,4395380,6749440,0,0,-9658360,31389670,11449073,35210620,9728560,0,202205.0
34,A15807208,10778260,1262290,-758350,758350,-11556320,11556320,3197874,15166400,2618740,6609450,202205.0
35,A15807606,12712820,15088000,0,0,0,47033200,7077121,106775510,37779490,0,202205.0
36,A15873701,8633750,10925670,0,0,0,71162000,8289354,72601640,1570510,10181640,202205.0
37,A15886501,152250,0,0,0,600940,2247700,1798400,4412070,411060,2833720,202205.0
38,A15807204,5407500,0,0,0,-4539500,4539500,2694755,7327920,1189750,0,202205.0
39,A15807701,0,0,0,0,0,0,4035480,13453420,140,7694010,202205.0
40,A15876402,2213350,3581500,0,0,-3167780,3167780,1628167,6219270,1445010,4031670,202205.0
41,A15885303,811440,259200,0,0,-1393200,2709000,2404770,8464440,1393200,0,202205.0
42,A15884901,2424710,1400690,0,0,-1877500,1877500,1262880,5465140,982800,0,202205.0
43,A15807202,746110,3933440,0,0,-3392940,3392940,2495891,8367710,10,4948190,202205.0
44,A15873902,0,0,0,0,0,0,4370333,18335760,353100,5727310,202205.0
45,A15809002,2906190,4402990,0,0,0,7327900,3971270,18388760,443260,9703710,202205.0
46,A15807306,0,0,0,0,0,0,4224385,12747240,0,0,202205.0
47,A10027375,0,0,0,0,0,0,10029050,45768280,0,22874410,202205.0
48,A10027396,586278,139072,0,0,0,7983920,3104090,12786140,0,7594740,202205.0
49,A10025649,0,298650,0,0,0,3392730,717490,7348310,0,5071780,202205.0
50,A10025729,1586323,365400,0,0,296277,5355650,-780808,17359530,48100,6754190,202205.0
51,A10023593,0,0,27280,0,0,0,1004080,4730400,0,0,202205.0
52,A10023886,0,0,0,0,0,0,6592300,13154350,177110,5948020,202205.0
53,A10024398,5615360,1199120,0,0,0,23214600,25738399,57324340,2456020,25266540,202205.0
54,A15805504,8619270,7077240,0,0,0,36730200,11437675,67508810,15600745,0,202205.0
55,A15805404,0,0,0,0,0,0,5924021,20054700,90,11915530,202205.0
56,A15875102,7547170,4770000,0,0,0,35487900,4043351,69059640,7336000,0,202205.0
57,A15805102,0,0,0,0,0,0,1978341,6100150,225120,3650130,202205.0
58,A15805003,15035787,0,0,0,36616918,0,70154870,0,0,0,202205.0
59,A15880204,2071820,7051720,0,0,0,0,2659990,10784250,218970,0,202205.0
60,A15805203,1231480,583800,0,0,0,4646150,3522180,8865170,351470,1384640,202205.0
61,A15875101,2506070,7417710,0,0,0,10278180,11595071,71249380,20032225,0,202205.0
62,A15805202,0,0,0,0,0,0,3368250,16076280,0,6500100,202205.0
63,A15805115,12697080,14882100,0,0,0,29697500,2615260,81483400,19594860,33398540,202205.0
64,A15882107,981970,619500,-320390,320390,-550,4848710,2609070,8373520,0,0,202205.0
65,A15882103,0,0,0,0,1091850,3488000,1829310,6899400,0,0,202205.0
66,A15805111,3684160,5320310,0,0,0,7350150,18773726,47877450,966780,14142480,202205.0
67,A15805403,1978130,2180120,0,0,0,6965400,4908469,13772390,87020,7875860,202205.0
68,A15805101,0,0,28920,0,0,0,1668344,6839360,0,0,202205.0
69,A15882008,800450,888840,0,0,0,4164000,2922559,9118950,0,1849520,202205.0
70,A15805503,8161500,5293990,0,0,0,24671330,8832052,37869350,8114000,0,202205.0
71,A15881702,0,0,0,0,0,0,1927790,6740630,0,7140810,202205.0
72,A15805303,5365960,3848140,0,0,15450,18761550,11072020,42052750,6691120,15699470,202205.0
73,A15805302,0,0,2470,0,0,0,1362351,14649420,680200,0,202205.0
74,A15881701,542060,112600,0,0,0,2405000,1559850,6314420,0,3279520,202205.0
75,A15870102,4321060,2780300,0,0,-3825910,3825910,1511040,6937500,1730220,0,202205.0
76,A15875103,4654552,5376320,0,0,0,21442800,8096460,40920740,3000,9201510,202205.0
77,A15881601,702350,83400,0,0,0,3822000,2470958,6998290,0,4764100,202205.0
78,A15805109,1265580,0,0,0,-842740,6131660,1384309,11018160,2034430,0,202205.0
79,A15882104,2862940,859020,0,0,-2205700,2205700,3207100,6192540,0,0,202205.0
80,A15882006,977840,0,0,0,0,3924000,2190894,7722100,-180,1270900,202205.0
81,A15805105,781075,632055,0,0,0,4903140,1822820,0,319300,0,202205.0
82,A15805002,2836890,326050,0,0,0,11636400,5048372,63621660,6256186,31175944,202205.0
83,A10028007,,,,,,,,,,,202205.0
84,A15880905,3227890,1260890,0,0,0,6044350,3999048,19680260,266120,10932980,202205.0
85,A10027303,,,,,,,,,,,202205.0
86,A10025127,,,,,,,,,,,202205.0
87,A10025915,,,,,,,,,,,202205.0
88,A10026023,1476120,539900,0,0,0,6531130,2058070,15350590,1119990,5997910,202205.0
89,A10024823,,,,,,,,,,,202205.0
90,A10024699,,,,,,,,,,,202205.0
91,A10024355,,,,,,,,,,,202205.0
92,A15884703,8181520,7353540,0,0,0,29750000,9471984,38524960,2161500,32919360,202205.0
93,A15883803,0,0,0,0,0,0,-161076,8996410,498970,4356740,202205.0
94,A15883401,0,0,0,0,0,0,3816790,13674610,0,6132390,202205.0
95,A15883201,0,0,0,0,0,0,1742150,17725800,0,9030270,202205.0
96,A15809601,0,0,0,0,0,0,897760,6096960,0,0,202205.0
97,A15883702,0,0,0,0,0,0,605000,6511990,126840,3683270,202205.0
98,A15809702,0,0,0,0,0,0,594930,0,0,0,202205.0
99,A15809502,0,0,0,0,0,0,1923880,7966560,121180,3986200,202205.0
100,A15809402,0,0,0,0,0,0,2499788,7393780,0,5437730,202205.0
101,A15809401,0,0,0,0,0,0,1448320,5840770,20,6731770,202205.0
102,A15883202,0,0,0,0,0,0,3577214,12888450,962340,5685440,202205.0
103,A15809403,0,0,0,0,0,0,11285750,0,6658740,0,202205.0
104,A15882201,0,0,0,0,0,0,1065450,10758890,0,4055060,202205.0
105,A15809201,0,0,0,0,0,0,1418660,5221610,0,0,202205.0
106,A15809001,0,0,0,0,0,0,1202550,3926220,0,6116260,202205.0
107,A15884202,0,0,0,0,0,0,2667932,11501630,0,0,202205.0
108,A15883402,0,0,0,0,0,0,7879140,31326730,1550980,15837450,202205.0
109,A15883101,0,0,0,0,0,0,1955390,4330790,14940,3409630,202205.0
110,A15809603,0,0,0,0,0,0,4407384,13749160,-1200,9851750,202205.0
111,A10025980,,,,,,,,,,,202205.0
112,A15809003,,,,,,,,,,,202205.0
113,A10025157,0,0,0,0,0,0,931770,4778290,0,2755280,202205.0
114,A10025120,,,,,,,,,,,202205.0
115,A10025665,,,,,,,,,,,202205.0
116,A10024804,,,,,,,,,,,202205.0
117,A10024872,0,0,0,0,0,0,25793940,84493250,4264080,44491620,202205.0
118,A15878601,0,0,0,0,0,0,6937900,0,0,0,202205.0
