,kaptCode,heatC,heatP,gasC,gasP,waterHotC,waterHotP,electC,electP,waterCoolC,waterCoolP,Date
0,A15605103,-3560,173162000,0,0,0,44220000,12895406,69815100,1488450,29999040,202112.0
1,A15676701,0,0,0,0,0,0,2801990,16529990,0,12336470,202112.0
2,A15605002,91163275,0,0,0,0,16450000,13542830,31230000,700000,0,202112.0
3,A15605003,0,0,0,0,0,0,6585413,12274842,714140,4895910,202112.0
4,A15603205,-585870,78452060,0,0,0,16977000,13763830,33864100,1646550,14137120,202112.0
5,A15603401,0,0,0,0,0,0,644050,8973900,0,3392650,202112.0
6,A15603002,0,0,0,0,0,0,4516240,15532140,213640,6859130,202112.0
7,A15603008,0,0,0,0,0,0,14452708,60530460,-410,14914770,202112.0
8,A15603003,0,0,0,0,0,0,0,7839620,0,5609560,202112.0
9,A15683601,0,0,134830,0,0,0,1626856,10329180,0,0,202112.0
10,A15603004,0,0,0,0,0,0,2845210,11808040,40610,7943080,202112.0
11,A15603206,0,0,0,0,0,0,2253610,57538350,0,23381100,202112.0
12,A15603502,0,0,0,0,0,0,4016155,0,0,0,202112.0
13,A15603006,0,0,159170,0,0,0,16303639,61700140,72500,28432390,202112.0
14,A15671801,0,0,-298600,298600,0,0,3456720,10455240,506983,2968920,202112.0
15,A15683901,0,0,0,0,0,0,2471415,17870350,0,0,202112.0
16,A15678101,0,0,0,0,0,0,2007850,5755460,0,0,202112.0
17,A15683402,0,0,0,0,0,0,3366948,24275110,0,10233050,202112.0
18,A15603204,0,0,0,0,0,0,6048320,20504990,-830,18755120,202112.0
19,A15678103,0,0,0,0,0,0,38147381,82735020,545250,29192350,202112.0
20,A15603001,0,0,0,0,0,0,1638096,6568520,260190,2809260,202112.0
21,A15603203,0,0,0,0,0,0,3093856,14316750,31850,7215410,202112.0
22,A15603009,,,,,,,,,,,202112.0
23,A15603007,0,0,1000,0,0,0,1468190,2756850,-133740,1820550,202112.0
24,A15678102,79933310,0,0,0,-15316600,15316600,11441351,20877180,5850590,5630700,202112.0
25,A10027472,0,0,0,0,0,0,2927810,7695470,740870,2608310,202112.0
26,A10027633,0,0,0,0,0,0,2514750,27375130,2946870,10286830,202112.0
27,A10025768,0,0,0,0,0,0,13857730,39922230,-391490,14500030,202112.0
28,A10027424,0,0,0,0,0,0,7918139,23536510,-198570,8106190,202112.0
29,A10024365,0,0,0,0,0,0,21099020,44587430,991180,12119800,202112.0
30,A15606006,0,0,0,0,0,0,0,1790260,0,990720,202112.0
31,A15606002,0,0,0,0,0,0,3402680,8307680,0,0,202112.0
32,A15606007,0,0,0,0,0,0,12554230,24337840,0,8543210,202112.0
33,A15606001,0,0,0,0,0,0,2524329,7846600,357910,3911150,202112.0
34,A15605102,0,0,0,0,0,0,3228792,8691490,369610,4376490,202112.0
35,A15606004,87586830,0,0,0,29295750,0,34961611,0,9524090,0,202112.0
36,A15676702,0,0,0,0,0,0,24000,2257620,0,1458020,202112.0
37,A15606003,0,0,0,0,0,0,2199430,21161620,0,9200420,202112.0
38,A15606005,0,0,0,0,0,0,1550320,5251400,0,2390940,202112.0
39,A10026873,,,,,,,,,,,202112.0
40,A15679103,0,0,0,0,-330490,330490,1499278,7033380,0,3838550,202112.0
41,A15679109,0,0,0,0,0,0,13056680,57340710,0,16808430,202112.0
42,A15679104,0,0,307490,0,0,0,1019426,6783550,491130,0,202112.0
43,A15679108,0,0,0,0,0,0,20685384,42967520,390950,14564700,202112.0
44,A15607001,0,0,0,0,0,0,6209950,14075030,583250,15191290,202112.0
45,A15679105,0,92129100,0,0,0,16546500,11544380,22373120,74840,14312800,202112.0
46,A15685702,128789120,0,0,0,-23256000,23256000,17156484,28039360,4025590,12387670,202112.0
47,A15679107,0,0,0,0,0,0,9669730,38929200,0,11415010,202112.0
48,A10025770,0,0,0,0,0,0,17540680,51938650,82810,16804180,202112.0
49,A10025867,0,0,0,0,0,0,17287700,21910510,1347170,8253570,202112.0
50,A10023350,,,,,,,,,,,202112.0
51,A15608002,0,0,0,0,0,0,11961369,0,4876190,0,202112.0
52,A15608003,0,0,0,0,0,0,12082710,45241210,652810,12067980,202112.0
53,A15608001,0,0,0,0,0,0,638720,8498870,-500,5301300,202112.0
54,A10025175,,,,,,,,,,,202112.0
55,A10023898,,,,,,,,,,,202112.0
56,A15609305,0,0,0,0,0,0,8719360,17849730,80250,8336560,202112.0
57,A15609003,0,0,0,0,0,0,2854280,22669130,0,8683870,202112.0
58,A15681802,0,0,0,0,0,0,1666981,7474220,254400,0,202112.0
59,A15677204,4146500,78965540,0,0,1342780,17072120,3657470,23271820,382400,9904240,202112.0
60,A15609502,0,0,0,0,0,0,8865199,26635410,-642590,11847190,202112.0
61,A15609303,0,0,290010,0,0,0,3818690,10428600,452200,0,202112.0
62,A15609001,0,0,0,0,0,0,2753080,7917760,107510,0,202112.0
63,A15681501,10274650,73747650,0,0,0,18685000,8819330,23244420,90150,10953630,202112.0
64,A15609401,0,0,0,0,0,0,9131680,6495930,3645700,3645760,202112.0
65,A15609002,0,0,0,0,0,0,1270950,8164830,0,0,202112.0
66,A15681503,16984260,152896870,0,0,1340,41045360,13975590,50818130,4388040,17791330,202112.0
67,A15609005,5755230,108095750,0,0,0,29360400,8611910,41423460,2449080,0,202112.0
68,A15681502,114368170,0,0,0,0,21745000,11532102,33217640,0,17500446,202112.0
69,A15609301,0,0,215390,0,0,0,2125140,9775410,0,0,202112.0
70,A15677501,0,0,0,0,0,0,22476600,22090990,0,8003200,202112.0
71,A15609501,0,0,0,0,0,0,2065290,6782690,0,0,202112.0
72,A15609006,0,19248680,0,0,0,8874200,5290048,11308990,2005350,2912220,202112.0
73,A15609007,0,0,0,0,0,0,8979510,20732790,0,0,202112.0
74,A15609306,0,0,0,0,0,0,10549940,34207980,0,0,202112.0
75,A10026299,0,0,0,0,0,0,11793911,40244150,0,0,202112.0
76,A15609008,,,,,,,,,,,202112.0
77,A10024642,,,,,,,,,,,202112.0
78,A10024811,0,0,0,0,0,0,1638070,5371130,0,0,202112.0
79,A10025013,0,0,0,0,0,0,18732806,40439620,-241500,13634330,202112.0
80,A10024245,0,0,0,0,0,0,12377650,25392690,41170,6809490,202112.0
81,A15681103,0,0,0,0,0,0,2146990,6487850,0,7056220,202112.0
82,A15681106,0,0,0,0,0,0,4470130,16879110,0,0,202112.0
83,A15681104,0,0,0,0,0,0,2398321,8385180,59960,4689420,202112.0
84,A15602007,0,0,52780,0,0,0,6920343,22907020,0,12986560,202112.0
85,A15602002,0,0,-264160,264160,0,0,2323830,6957490,0,6909840,202112.0
86,A15676512,35638695,0,0,0,0,9840000,5939500,0,1823260,0,202112.0
87,A15681110,6802330,163877450,0,0,0,50059200,20682492,47756250,0,32258040,202112.0
88,A15602001,0,0,0,0,0,0,2308530,6975090,161510,6136400,202112.0
89,A15681108,88821470,0,0,0,0,0,5711130,0,939600,0,202112.0
90,A15681105,0,0,352310,0,0,0,11742183,18797260,0,0,202112.0
91,A15601102,0,0,0,0,0,0,4738065,10995020,0,0,202112.0
92,A15672001,0,0,0,0,0,0,3154739,0,0,0,202112.0
93,A15670001,0,0,0,0,0,0,9777520,39347250,-921050,11993710,202112.0
94,A15601201,0,0,1100,0,0,0,843350,0,50000,0,202112.0
95,A15685201,0,0,0,0,0,0,1895350,93360,286800,0,202112.0
96,A15601104,0,0,0,0,0,0,7342573,24909730,-670,26257560,202112.0
97,A15685503,0,0,0,0,0,0,4092040,17952010,0,0,202112.0
98,A15601105,0,0,0,0,0,0,8623700,29479910,1135160,17653010,202112.0
99,A15685206,0,0,0,0,0,0,7339741,54385350,-2712170,23465570,202112.0
100,A15601003,0,0,0,0,0,0,5732094,23358480,20810,6423500,202112.0
101,A15601103,0,0,0,0,0,0,2570510,17726840,0,8191260,202112.0
102,A15183001,205050,0,0,0,0,0,4007690,7725630,304580,0,202112.0
103,A10025504,,,,,,,,,,,202112.0
104,A15601004,,,,,,,,,,,202112.0
105,A15601202,0,0,391800,0,0,0,3120719,10177290,0,0,202112.0
106,A10024733,,,,,,,,,,,202112.0
107,A10024098,0,0,0,0,0,0,15036170,17354690,168330,7714010,202112.0
