,kaptCode,heatC,heatP,gasC,gasP,waterHotC,waterHotP,electC,electP,waterCoolC,waterCoolP,Date
0,A15605103,-1130,151149640,0,0,0,47695000,21020125,56703890,2324620,30561240,202102.0
1,A15676701,51978240,0,0,0,44800,10679200,8047836,16243570,1368900,8859240,202102.0
2,A15605002,90458170,0,0,0,0,18712400,17539532,29884180,700000,0,202102.0
3,A15605003,0,0,0,0,0,0,8996333,13405080,784090,4495820,202102.0
4,A15603205,-527040,71102620,0,0,0,17442000,6496106,28520480,1101460,13701130,202102.0
5,A15603401,0,0,0,0,0,0,712280,7545600,0,3259190,202102.0
6,A15603002,0,0,0,0,0,0,4230980,16931650,137590,6221090,202102.0
7,A15603008,0,0,0,0,0,0,12140055,49250260,-1270,16717370,202102.0
8,A15603003,0,0,0,0,0,0,0,9324580,0,5684980,202102.0
9,A15683601,0,0,85420,0,0,0,1955019,11881120,0,0,202102.0
10,A15603004,0,0,0,0,0,0,6392220,12240080,25400,8536120,202102.0
11,A15603206,0,0,0,0,0,0,29212574,53027390,0,21302770,202102.0
12,A15603502,0,0,0,0,0,0,5326180,16259870,0,6365140,202102.0
13,A15603006,0,0,296730,0,0,0,18454370,68917010,71290,31262620,202102.0
14,A15671801,0,0,-283300,283300,0,0,3438370,8346450,537401,3187500,202102.0
15,A15683901,0,0,0,0,0,0,2595708,15395120,0,0,202102.0
16,A15678101,0,0,0,0,0,0,1857022,7033940,0,0,202102.0
17,A15683402,0,0,0,0,0,0,7170003,28607320,169180,11021220,202102.0
18,A15603204,0,0,0,0,0,0,6152300,17140710,390,18892810,202102.0
19,A15678103,0,0,0,0,0,0,31918175,63817110,967480,26079620,202102.0
20,A15603001,0,0,0,0,0,0,3107399,7964690,232000,2961540,202102.0
21,A15603203,0,0,0,0,0,0,2912295,16433880,29100,6594000,202102.0
22,A15603009,,,,,,,,,,,202102.0
23,A15603007,0,0,62330,0,0,0,1656930,3242300,-261870,1746980,202102.0
24,A15678102,86882400,0,0,0,-13717000,13717000,9609583,16138440,5198620,5200910,202102.0
25,A10027472,0,0,0,0,0,0,3974820,6014490,556480,2913650,202102.0
26,A10027633,0,0,0,0,0,0,9828290,31046160,606550,9259020,202102.0
27,A10025768,0,0,0,0,0,0,20579870,45992930,-412110,11834860,202102.0
28,A10027424,0,0,0,0,0,0,4623856,19220300,-366640,8393530,202102.0
29,A10024365,,,,,,,,,,,202102.0
30,A15606006,0,0,0,0,0,0,0,3396810,0,1020960,202102.0
31,A15606002,0,0,0,0,0,0,4070360,9551070,0,0,202102.0
32,A15606007,0,0,0,0,0,0,11058570,20264280,0,7925750,202102.0
33,A15606001,0,0,0,0,0,0,3394547,9155910,0,4219850,202102.0
34,A15605102,0,0,0,0,0,0,3524546,9552670,258410,4667340,202102.0
35,A15606004,41088430,0,0,0,19919070,32623170,1245233,21776220,-3434160,9574780,202102.0
36,A15676702,0,0,0,0,0,0,46400,2365630,0,1525360,202102.0
37,A15606003,0,0,0,0,0,0,4587760,23742500,0,9603390,202102.0
38,A15606005,0,0,0,0,0,0,1903540,4514960,0,2851180,202102.0
39,A10026873,,,,,,,,,,,202102.0
40,A15679103,0,0,0,0,0,0,660195,8768460,0,3676820,202102.0
41,A15679109,0,0,0,0,0,0,13880230,59608100,0,16292830,202102.0
42,A15679104,0,0,313750,0,0,0,1638105,7665610,0,0,202102.0
43,A15679108,0,0,0,0,0,0,70975322,0,15742320,0,202102.0
44,A15607001,0,0,0,0,0,0,6381990,15430430,-125590,15566360,202102.0
45,A15679105,0,85529550,0,0,0,15502500,17439820,24083700,64900,14247500,202102.0
46,A15685702,107694900,0,0,0,-22959000,22959000,14405673,30969220,6367150,10493250,202102.0
47,A15679107,0,0,0,0,0,0,10091550,41784060,0,11597040,202102.0
48,A10025770,0,0,0,0,0,0,26790900,54750540,48510,16495900,202102.0
49,A10025867,0,0,0,0,0,0,12412850,19365490,804330,7165620,202102.0
50,A10023350,,,,,,,,,,,202102.0
51,A15608002,0,0,0,0,0,0,12860612,0,5072730,0,202102.0
52,A15608003,0,0,0,0,0,0,13285420,47956710,447680,12388040,202102.0
53,A15608001,0,0,0,0,0,0,2142960,10820740,7520,5430830,202102.0
54,A10025175,,,,,,,,,,,202102.0
55,A10023898,,,,,,,,,,,202102.0
56,A15609305,0,0,0,0,0,0,10514417,20959030,77830,8999940,202102.0
57,A15609003,0,0,0,0,0,0,3244940,18506710,0,8786100,202102.0
58,A15681802,0,0,0,0,0,0,2622839,8944540,0,0,202102.0
59,A15677204,4146900,47944090,0,0,3706550,17323260,-348572,26836820,383790,9083110,202102.0
60,A15609502,0,0,0,0,0,0,7371502,22712710,755850,12705220,202102.0
61,A15609303,0,0,250030,0,0,0,4209540,11767430,819400,0,202102.0
62,A15609001,0,0,0,0,0,0,3467340,7975930,4584970,0,202102.0
63,A15681501,9328510,62284050,0,0,0,21620000,10990810,27102010,47520,10825540,202102.0
64,A15609401,0,0,0,0,0,0,9487275,8932780,3466470,3466720,202102.0
65,A15609002,0,0,0,0,0,0,2688970,7496610,0,0,202102.0
66,A15681503,10694590,96906930,0,0,-2080,38147430,341600,43439760,4718460,15880070,202102.0
67,A15609005,1192470,95350360,0,0,0,34310400,11308500,43884690,3629870,0,202102.0
68,A15681502,89422340,0,0,0,0,30085000,13880646,38340040,0,19253717,202102.0
69,A15609301,0,0,220460,0,0,0,2566820,7830400,0,0,202102.0
70,A15677501,0,0,0,0,0,0,11028180,18316640,0,8562390,202102.0
71,A15609501,0,0,0,0,0,0,2567960,7182320,0,0,202102.0
72,A15609006,11128330,13243160,0,0,-9017850,9017850,6043910,8342430,2081870,2596270,202102.0
73,A15609007,0,0,0,0,0,0,5572190,16842670,0,0,202102.0
74,A15609306,0,0,0,0,0,0,15505230,40154230,0,0,202102.0
75,A10026299,0,0,0,0,0,0,8134216,31688650,0,0,202102.0
76,A15609008,,,,,,,,,,,202102.0
77,A10024642,,,,,,,,,,,202102.0
78,A10024811,0,0,0,0,0,0,1893420,5617810,0,0,202102.0
79,A10025013,0,0,0,0,0,0,25679783,47712470,1311920,13823360,202102.0
80,A10024245,,,,,,,,,,,202102.0
81,A15681103,0,0,0,0,0,0,2563180,7725940,0,7732230,202102.0
82,A15681106,0,0,0,0,0,0,5189719,19014120,0,0,202102.0
83,A15681104,0,0,0,0,0,0,3160019,9600860,0,4938380,202102.0
84,A15602007,0,0,224210,0,0,0,6991890,25020970,0,12128940,202102.0
85,A15602002,0,0,-280380,280380,0,0,4730420,8323550,0,7629960,202102.0
86,A15676512,24333420,0,0,0,0,15504000,5959310,0,3159480,0,202102.0
87,A15681110,2829440,100768930,0,0,0,41634000,4894275,44402300,0,28705290,202102.0
88,A15602001,0,0,0,0,0,0,2605320,7767950,29110,5877090,202102.0
89,A15681108,77606020,0,0,0,0,0,5698840,0,3341640,0,202102.0
90,A15681105,0,0,379650,0,0,0,6931095,16238880,402910,0,202102.0
91,A15601102,0,0,0,0,0,0,6786230,13302890,0,0,202102.0
92,A15672001,0,0,0,0,0,0,4761554,7159050,0,0,202102.0
93,A15670001,0,0,0,0,0,0,15198990,40990690,1837340,11190570,202102.0
94,A15601201,0,0,79490,0,0,0,1391470,0,50000,0,202102.0
95,A15685201,0,0,12710,0,0,0,2270590,54000,111050,0,202102.0
96,A15601104,0,0,0,0,0,0,9714279,19950790,-580,26972460,202102.0
97,A15685503,0,0,0,0,0,0,4886180,21239720,0,0,202102.0
98,A15601105,0,0,0,0,0,0,8995700,30115740,1033760,17986290,202102.0
99,A15685206,0,0,0,0,0,0,10591957,55598700,1977450,24123540,202102.0
100,A15601003,0,0,0,0,0,0,7172669,25658840,20460,6734340,202102.0
101,A15601103,0,0,0,0,0,0,2778570,19202990,0,8298050,202102.0
102,A15183001,190050,0,0,0,0,0,3924380,8261360,55780,0,202102.0
103,A10025504,,,,,,,,,,,202102.0
104,A15601004,,,,,,,,,,,202102.0
105,A15601202,0,0,232050,0,0,0,14150126,0,0,0,202102.0
106,A10024733,,,,,,,,,,,202102.0
107,A10024098,,,,,,,,,,,202102.0
