,kaptCode,heatC,heatP,gasC,gasP,waterHotC,waterHotP,electC,electP,waterCoolC,waterCoolP,Date
0,A15605103,-1880,113840220,0,0,0,46605000,10246448,61219210,2550790,28286100,202103.0
1,A15676701,30071400,0,0,0,3670800,9940000,295324,16655140,2970,10071510,202103.0
2,A15605002,64109915,0,0,0,0,16522800,12323615,23572650,700000,0,202103.0
3,A15605003,0,0,0,0,0,0,4391404,10665950,0,4953130,202103.0
4,A15603205,-516920,51093980,0,0,0,17616000,5710135,30055350,0,15253880,202103.0
5,A15603401,0,0,0,0,0,0,482600,8108300,0,3657270,202103.0
6,A15603002,0,0,0,0,0,0,3885600,13168590,134330,6725180,202103.0
7,A15603008,0,0,0,0,0,0,11735218,54182980,-470,15628310,202103.0
8,A15603003,0,0,0,0,0,0,0,6716280,0,6665990,202103.0
9,A15683601,0,0,60310,0,0,0,2032650,9033790,0,0,202103.0
10,A15603004,0,0,0,0,0,0,2855890,10125110,31910,7843400,202103.0
11,A15603206,0,0,0,0,0,0,13526354,41339620,0,23289080,202103.0
12,A15603502,0,0,0,0,0,0,5037800,12578400,0,7086090,202103.0
13,A15603006,0,0,284830,0,0,0,15542560,55895290,69280,26779940,202103.0
14,A15671801,0,0,-293270,293270,0,0,2877508,8973570,306139,3254680,202103.0
15,A15683901,0,0,0,0,0,0,2072084,16817020,356380,13319350,202103.0
16,A15678101,0,0,0,0,0,0,1812638,5285630,0,0,202103.0
17,A15683402,0,0,0,0,0,0,4259911,21519620,189460,9835560,202103.0
18,A15603204,0,0,0,0,0,0,5637790,18077570,0,0,202103.0
19,A15678103,0,0,0,0,0,0,32184351,72042540,0,28787710,202103.0
20,A15603001,0,0,0,0,0,0,1840604,6072450,230880,2569870,202103.0
21,A15603203,0,0,0,0,0,0,3411584,12220060,0,8460180,202103.0
22,A15603009,,,,,,,,,,,202103.0
23,A15603007,0,0,24740,0,0,0,372320,3090320,-72720,1674990,202103.0
24,A15678102,52165981,0,0,0,-16942000,16942000,6907597,17634800,4313090,5824160,202103.0
25,A10027472,0,0,0,0,0,0,3122090,6666980,567530,3183310,202103.0
26,A10027633,0,0,0,0,0,0,4720350,24213570,1397500,10394360,202103.0
27,A10025768,0,0,0,0,0,0,16786590,36908080,-448190,13391060,202103.0
28,A10027424,0,0,0,0,0,0,4026917,21207510,-133140,7453400,202103.0
29,A10024365,0,0,0,0,0,0,8167850,0,524260,0,202103.0
30,A15606006,0,0,0,0,0,0,0,1453120,0,805770,202103.0
31,A15606002,0,0,0,0,0,0,3586740,7191110,0,0,202103.0
32,A15606007,0,0,0,0,0,0,5913190,22783070,0,9038320,202103.0
33,A15606001,0,0,0,0,0,0,2776526,7310440,74720,3836690,202103.0
34,A15605102,0,0,0,0,0,0,3095560,7515750,209910,4188630,202103.0
35,A15606004,33573020,0,0,0,32623170,0,24262123,0,9574780,0,202103.0
36,A15676702,0,0,0,0,0,0,49600,1925690,0,1362260,202103.0
37,A15606003,0,0,0,0,0,0,2762400,18093070,0,8521430,202103.0
38,A15606005,0,0,0,0,0,0,2442580,4358460,25890,2344410,202103.0
39,A10026873,,,,,,,,,,,202103.0
40,A15679103,0,0,0,0,0,0,1240767,6188260,1960640,3520350,202103.0
41,A15679109,0,0,0,0,0,0,8950240,46733900,0,17005310,202103.0
42,A15679104,0,0,240040,0,0,0,506938,6506220,0,0,202103.0
43,A15679108,0,0,0,0,0,0,17877596,34618680,123960,13576640,202103.0
44,A15607001,0,0,0,0,0,0,5943100,12084030,0,0,202103.0
45,A15679105,0,52365750,0,0,0,17662500,10399840,18540050,71380,15345860,202103.0
46,A15685702,76574280,0,0,0,-28359000,28359000,11371922,23285630,7555840,13408140,202103.0
47,A15679107,0,0,0,0,0,0,6759520,32580630,0,9958420,202103.0
48,A10025770,0,0,0,0,0,0,6402810,43670940,66220,14715200,202103.0
49,A10025867,0,0,0,0,0,0,14424970,20243830,622800,7457870,202103.0
50,A10023350,,,,,,,,,,,202103.0
51,A15608002,0,0,0,0,0,0,10018436,0,4644000,0,202103.0
52,A15608003,0,0,0,0,0,0,8308720,37595550,671170,11044420,202103.0
53,A15608001,0,0,0,0,0,0,854448,8142350,0,0,202103.0
54,A10025175,,,,,,,,,,,202103.0
55,A10023898,,,,,,,,,,,202103.0
56,A15609305,0,0,0,0,0,0,6405973,16123660,75960,7685160,202103.0
57,A15609003,0,0,0,0,0,0,2374040,20580150,0,7895020,202103.0
58,A15681802,0,0,0,0,0,0,2464081,6750180,0,0,202103.0
59,A15677204,4146500,24594610,0,0,4361610,22881370,208205,22000330,383790,8267060,202103.0
60,A15609502,0,0,0,0,0,0,4190184,26536260,-231170,11270940,202103.0
61,A15609303,0,0,195520,0,0,0,3334100,9319510,0,0,202103.0
62,A15609001,0,0,0,0,0,0,2259550,6408310,0,0,202103.0
63,A15681501,7219590,46875450,0,0,0,18055000,11091110,24639210,33610,9520520,202103.0
64,A15609401,0,0,0,0,0,0,7696305,7106490,3177150,3177100,202103.0
65,A15609002,0,0,0,0,0,0,612500,7496610,7542710,0,202103.0
66,A15681503,6734470,50336990,0,0,-220,47797460,11287170,47160370,563760,17996210,202103.0
67,A15609005,1739580,51309860,0,0,0,41204800,9089540,33333020,3812390,0,202103.0
68,A15681502,54482050,0,0,0,0,27980000,9154227,29014310,0,20217868,202103.0
69,A15609301,0,0,191790,0,0,0,2344780,8722200,7884240,0,202103.0
70,A15677501,0,0,0,0,0,0,10565940,19943680,0,6908930,202103.0
71,A15609501,0,0,0,0,0,0,1442910,5724470,0,0,202103.0
72,A15609006,0,6666570,0,0,0,9500600,2796540,10443140,1658620,3254870,202103.0
73,A15609007,0,0,0,0,0,0,8134600,18897610,0,16159480,202103.0
74,A15609306,0,0,0,0,0,0,9796510,31329010,0,33719590,202103.0
75,A10026299,0,0,0,0,0,0,7839230,35150510,1380970,20585290,202103.0
76,A15609008,,,,,,,,,,,202103.0
77,A10024642,,,,,,,,,,,202103.0
78,A10024811,0,0,0,0,0,0,1402180,4473070,507150,4507460,202103.0
79,A10025013,0,0,0,0,0,0,18886098,36536190,-14590,12458870,202103.0
80,A10024245,,,,,,,,,,,202103.0
81,A15681103,0,0,0,0,0,0,2617670,5777060,0,0,202103.0
82,A15681106,0,0,0,0,0,0,3909552,14914600,663060,0,202103.0
83,A15681104,0,0,0,0,0,0,2722292,7727100,0,4249880,202103.0
84,A15602007,0,0,198340,0,0,0,6325053,19972950,0,12475460,202103.0
85,A15602002,0,0,-283000,283000,0,0,3199260,6528050,0,0,202103.0
86,A15676512,20487000,0,0,0,0,9858000,4631720,0,0,0,202103.0
87,A15681110,12250370,52087970,0,0,0,48203400,10559262,39246430,1081120,31965840,202103.0
88,A15602001,0,0,0,0,0,0,2081530,6201760,0,0,202103.0
89,A15681108,54091640,0,0,0,0,0,4413720,0,1000000,0,202103.0
90,A15681105,0,0,125070,0,0,0,6489188,17786250,1535190,0,202103.0
91,A15601102,0,0,0,0,0,0,4188239,10344900,-82950,11748090,202103.0
92,A15672001,0,0,0,0,0,0,2861659,5717340,71640,0,202103.0
93,A15670001,0,0,0,0,0,0,13632810,32331640,2076820,9745770,202103.0
94,A15601201,0,0,5110,0,0,0,950360,0,232050,0,202103.0
95,A15685201,0,0,2110,0,0,0,2002650,58080,0,0,202103.0
96,A15601104,0,0,0,0,0,0,5608060,24399860,0,0,202103.0
97,A15685503,0,0,0,0,0,0,3313120,15560940,0,18013860,202103.0
98,A15601105,0,0,0,0,0,0,6806050,24273520,1067680,16401780,202103.0
99,A15685206,0,0,0,0,0,0,8096445,44085320,2101990,24745100,202103.0
100,A15601003,0,0,0,0,0,0,4907429,19857750,16740,5992270,202103.0
101,A15601103,0,0,0,0,0,0,2807480,14693470,0,7623800,202103.0
102,A15183001,140390,0,0,0,0,0,3439790,6531360,16500,0,202103.0
103,A10025504,,,,,,,,,,,202103.0
104,A15601004,,,,,,,,,,,202103.0
105,A15601202,0,0,172150,0,0,0,10820295,0,0,0,202103.0
106,A10024733,,,,,,,,,,,202103.0
107,A10024098,,,,,,,,,,,202103.0
