,kaptCode,heatC,heatP,gasC,gasP,waterHotC,waterHotP,electC,electP,waterCoolC,waterCoolP,Date
0,A15605103,2650,26271180,0,0,0,39170000,4337128,59889920,1793900,31564740,202105.0
1,A15676701,8662500,0,0,0,8551200,0,14701780,0,9767510,0,202105.0
2,A15605002,20186800,0,0,0,0,14260400,9394071,26239770,700000,0,202105.0
3,A15605003,0,0,0,0,0,0,4104299,10768420,0,5028840,202105.0
4,A15603205,-147980,1434620,0,0,0,14187000,5111090,28262250,1020070,14241810,202105.0
5,A15603401,0,0,0,0,0,0,442330,7643600,0,3611540,202105.0
6,A15603002,0,0,0,0,0,0,3471400,13790300,94550,6824800,202105.0
7,A15603008,0,0,0,0,0,0,10610234,50783610,-2510,16267040,202105.0
8,A15603003,0,0,0,0,0,0,0,7101340,0,5748140,202105.0
9,A15683601,0,0,0,0,0,0,1969051,8842770,0,0,202105.0
10,A15603004,0,0,0,0,0,0,1580830,11476530,33770,8772050,202105.0
11,A15603206,0,0,0,0,0,0,13258419,41655740,0,21939120,202105.0
12,A15603502,0,0,0,0,0,0,5139700,12076710,0,7206290,202105.0
13,A15603006,0,0,140340,0,0,0,15206570,55103580,70000,28778930,202105.0
14,A15671801,0,0,-339190,339190,0,0,2242840,9126800,178460,3596070,202105.0
15,A15683901,0,0,0,0,0,0,18174760,0,14326470,0,202105.0
16,A15678101,0,0,0,0,0,0,862200,4932760,0,0,202105.0
17,A15683402,0,0,0,0,0,0,3222314,21944180,277810,10252770,202105.0
18,A15603204,0,0,0,0,0,0,5194790,16989740,0,0,202105.0
19,A15678103,0,0,0,0,0,0,29749008,68366530,0,31070860,202105.0
20,A15603001,0,0,0,0,0,0,1542284,5771110,210000,2766450,202105.0
21,A15603203,0,0,0,0,0,0,2827117,12887970,0,8366700,202105.0
22,A15603009,,,,,,,,,,,202105.0
23,A15603007,0,0,12770,0,0,0,515820,2699960,-114840,1529640,202105.0
24,A15678102,14447177,0,0,0,-12771000,12771000,5380994,17564960,5031670,5810630,202105.0
25,A10027472,0,0,0,0,0,0,3069010,6364150,602390,3204620,202105.0
26,A10027633,0,0,0,0,0,0,3229150,24552400,1921900,10545870,202105.0
27,A10025768,0,0,0,0,0,0,11242120,35727790,-306280,13514840,202105.0
28,A10027424,0,0,0,0,0,0,3985196,20384990,-91900,8178670,202105.0
29,A10024365,0,0,0,0,0,0,47191180,0,16107720,0,202105.0
30,A15606006,0,0,0,0,0,0,0,0,0,0,202105.0
31,A15606002,0,0,0,0,0,0,3408290,7331070,0,0,202105.0
32,A15606007,0,0,0,0,0,0,8767950,21654770,0,9893330,202105.0
33,A15606001,0,0,0,0,0,0,2583955,6787350,0,4099080,202105.0
34,A15605102,0,0,0,0,0,0,2880380,7733750,213980,4500630,202105.0
35,A15606004,0,0,0,0,24875830,0,26281304,0,9867880,0,202105.0
36,A15676702,0,0,0,0,0,0,49600,1708090,0,1410540,202105.0
37,A15606003,0,0,0,0,0,0,2633890,18359500,0,9495660,202105.0
38,A15606005,0,0,0,0,0,0,2446690,3928300,126940,2659020,202105.0
39,A10026873,,,,,,,,,,,202105.0
40,A15679103,0,0,0,0,0,0,664593,6482950,-3117050,4017270,202105.0
41,A15679109,0,0,0,0,0,0,8687830,49395570,353550,18296830,202105.0
42,A15679104,0,0,105020,0,0,0,537494,6255980,0,0,202105.0
43,A15679108,0,0,0,0,0,0,17476356,0,115410,0,202105.0
44,A15607001,0,0,0,0,0,0,3940540,13663220,-14693200,14693200,202105.0
45,A15679105,0,11258550,0,0,0,12937500,7706760,20248220,63260,14005240,202105.0
46,A15685702,30370780,0,0,0,-21501000,21501000,8889934,25641330,6820140,9990260,202105.0
47,A15679107,0,0,0,0,0,0,6467510,34286160,0,11010680,202105.0
48,A10025770,0,0,0,0,0,0,3300090,46838610,72860,15832660,202105.0
49,A10025867,0,0,0,0,0,0,13648410,19323880,2021760,7982460,202105.0
50,A10023350,,,,,,,,,,,202105.0
51,A15608002,0,0,0,0,0,0,10356597,0,4920570,0,202105.0
52,A15608003,0,0,0,0,0,0,7790780,40322600,455310,12564650,202105.0
53,A15608001,0,0,0,0,0,0,498750,8008730,0,0,202105.0
54,A10025175,,,,,,,,,,,202105.0
55,A10023898,,,,,,,,,,,202105.0
56,A15609305,0,0,0,0,0,0,4691313,17627890,82100,8748880,202105.0
57,A15609003,0,0,0,0,0,0,1908670,20211240,0,8296450,202105.0
58,A15681802,0,0,0,0,0,0,1818948,6881420,0,0,202105.0
59,A15677204,0,0,0,0,5067180,13389680,1002500,21329130,382400,9638050,202105.0
60,A15609502,0,0,0,0,0,0,6547457,22142330,1637140,12149650,202105.0
61,A15609303,0,0,132240,0,0,0,3543640,9339890,0,0,202105.0
62,A15609001,0,0,0,0,0,0,2112870,6663310,0,0,202105.0
63,A15681501,2078460,0,0,0,0,18720770,7338600,21552880,90560,10576410,202105.0
64,A15609401,0,0,0,0,0,0,8145490,7368990,3330320,3330170,202105.0
65,A15609002,0,0,0,0,0,0,2317363,5794100,0,7190150,202105.0
66,A15681503,0,0,0,0,990,28158750,14363690,43612150,2373510,18758820,202105.0
67,A15609005,2742470,6920070,0,0,0,37584000,8452440,33907460,4230450,0,202105.0
68,A15681502,6271400,0,0,0,0,22395000,3889656,30356130,0,20166142,202105.0
69,A15609301,0,0,98820,0,0,0,2506510,8699280,8256280,0,202105.0
70,A15677501,0,0,0,0,0,0,10837520,17761310,-129800,7870760,202105.0
71,A15609501,0,0,0,0,0,0,1584370,5952320,0,0,202105.0
72,A15609006,0,608900,0,0,0,7180760,2714010,9107100,1523030,3578620,202105.0
73,A15609007,0,0,0,0,0,0,5145750,17708760,0,16572630,202105.0
74,A15609306,0,0,0,0,0,0,9247950,29914410,0,33449580,202105.0
75,A10026299,0,0,0,0,0,0,8392913,33680470,2615720,21707530,202105.0
76,A15609008,,,,,,,,,,,202105.0
77,A10024642,,,,,,,,,,,202105.0
78,A10024811,0,0,0,0,0,0,1513700,4427160,486410,4844650,202105.0
79,A10025013,0,0,0,0,0,0,13727441,36253730,183250,13589150,202105.0
80,A10024245,,,,,,,,,,,202105.0
81,A15681103,0,0,0,0,0,0,1860170,6334220,0,0,202105.0
82,A15681106,0,0,0,0,0,0,4243925,14815220,570540,0,202105.0
83,A15681104,0,0,0,0,0,0,2277401,7552620,23330,4656830,202105.0
84,A15602007,0,0,30260,0,0,0,6284200,20112660,0,13437870,202105.0
85,A15602002,0,0,-324570,324570,0,0,2482440,6534590,0,0,202105.0
86,A15676512,2713122,0,0,0,0,8874000,4129850,0,0,0,202105.0
87,A15681110,11303540,4752710,0,0,0,25561300,10626486,33955310,534960,30876430,202105.0
88,A15602001,0,0,0,0,0,0,1774200,6426840,0,0,202105.0
89,A15681108,23944820,0,0,0,0,0,3495000,0,980000,0,202105.0
90,A15681105,0,0,5760,0,0,0,6246681,15571350,295450,0,202105.0
91,A15601102,0,0,0,0,0,0,3815237,9890890,-83340,11802960,202105.0
92,A15672001,0,0,0,0,0,0,2093321,6116740,0,0,202105.0
93,A15670001,0,0,0,0,0,0,10121790,32310410,2243550,10437270,202105.0
94,A15601201,0,0,1100,0,0,0,618250,0,282200,0,202105.0
95,A15685201,0,0,0,0,0,0,1804270,30120,0,0,202105.0
96,A15601104,0,0,0,0,0,0,6627129,20976460,0,0,202105.0
97,A15685503,0,0,0,0,0,0,2713790,16223600,0,15653550,202105.0
98,A15601105,0,0,0,0,0,0,4383590,27667990,51430,18805320,202105.0
99,A15685206,0,0,0,0,0,0,7923618,44317940,2050550,24920510,202105.0
100,A15601003,0,0,0,0,0,0,4192814,20751610,18600,6397140,202105.0
101,A15601103,0,0,0,0,0,0,2619910,15222670,0,8496370,202105.0
102,A15183001,21220,0,0,0,0,0,3355990,6725340,346870,0,202105.0
103,A10025504,,,,,,,,,,,202105.0
104,A15601004,,,,,,,,,,,202105.0
105,A15601202,0,0,0,0,0,0,10853937,0,0,0,202105.0
106,A10024733,,,,,,,,,,,202105.0
107,A10024098,,,,,,,,,,,202105.0
