,kaptCode,heatC,heatP,gasC,gasP,waterHotC,waterHotP,electC,electP,waterCoolC,waterCoolP,Date
0,A15605103,102,43702200,0,0,0,30300000,3824676,64503340,2213450,30738070,202110.0
1,A15676701,0,0,0,0,1490390,0,-1173236,0,11234500,0,202110.0
2,A15605002,22841840,0,0,0,0,12658800,8226548,28215110,700000,0,202110.0
3,A15605003,0,0,0,0,0,0,4347540,11711860,1218670,5111180,202110.0
4,A15603205,-149040,12813860,0,0,0,13530000,6245689,29260960,550,15496230,202110.0
5,A15603401,0,0,0,0,0,0,493660,8064300,0,3358840,202110.0
6,A15603002,0,0,0,0,0,0,3518830,14837800,137400,7202000,202110.0
7,A15603008,0,0,0,0,0,0,11392588,52770090,-70,16588560,202110.0
8,A15603003,0,0,0,0,0,0,0,7288330,0,5805110,202110.0
9,A15683601,0,0,0,0,0,0,561696,10018290,0,0,202110.0
10,A15603004,0,0,0,0,0,0,1694040,13059920,40610,8894950,202110.0
11,A15603206,0,0,0,0,0,0,2811481,55544740,0,24636460,202110.0
12,A15603502,0,0,0,0,0,0,3868170,13449080,0,7432710,202110.0
13,A15603006,0,0,17260,0,0,0,15286110,60715420,70070,29380070,202110.0
14,A15671801,0,0,-291980,291980,0,0,2178690,8911350,674540,3356000,202110.0
15,A15683901,0,0,0,0,0,0,1137914,16792180,0,0,202110.0
16,A15678101,0,0,0,0,0,0,1380730,5600730,0,0,202110.0
17,A15683402,0,0,0,0,0,0,2574487,23860080,165050,10589760,202110.0
18,A15603204,0,0,0,0,0,0,5391580,17462050,250,19976400,202110.0
19,A15678103,0,0,0,0,0,0,32701794,71506060,0,29606050,202110.0
20,A15603001,0,0,0,0,0,0,1457739,6471820,259210,2878740,202110.0
21,A15603203,0,0,0,0,0,0,3891686,12674560,50530,7306410,202110.0
22,A15603009,,,,,,,,,,,202110.0
23,A15603007,0,0,840,0,0,0,770990,2610190,63770,1777800,202110.0
24,A15678102,26112994,0,0,0,-9460000,9460000,7106330,17923140,3890790,7217870,202110.0
25,A10027472,0,0,0,0,0,0,2714200,6671070,709170,2997570,202110.0
26,A10027633,0,0,0,0,0,0,2074280,27116770,1636600,10621760,202110.0
27,A10025768,0,0,0,0,0,0,11932960,44644510,37170,13680600,202110.0
28,A10027424,0,0,0,0,0,0,3258128,21524770,363640,8276550,202110.0
29,A10024365,0,0,0,0,0,0,14213330,42803580,1870260,12085080,202110.0
30,A15606006,0,0,0,0,0,0,0,1755160,0,960990,202110.0
31,A15606002,0,0,0,0,0,0,2628880,8348660,0,0,202110.0
32,A15606007,0,0,0,0,0,0,8884340,22358730,0,8917850,202110.0
33,A15606001,0,0,0,0,0,0,2218999,7640120,0,4046780,202110.0
34,A15605102,0,0,0,0,0,0,2721409,8226210,534800,4471350,202110.0
35,A15606004,0,0,0,0,35903698,0,27784990,0,9790620,0,202110.0
36,A15676702,0,0,0,0,0,0,28800,2215490,0,1457100,202110.0
37,A15606003,0,0,0,0,0,0,1732480,20174140,0,9611710,202110.0
38,A15606005,0,0,0,0,0,0,1770760,4535170,0,2544160,202110.0
39,A10026873,,,,,,,,,,,202110.0
40,A15679103,0,0,0,0,-350070,350070,834084,6913280,0,3762840,202110.0
41,A15679109,0,0,0,0,0,0,9320930,52195370,0,18513570,202110.0
42,A15679104,0,0,2560,0,0,0,541114,6660240,308160,0,202110.0
43,A15679108,0,0,0,0,0,0,17159339,39275380,384160,14872440,202110.0
44,A15607001,0,0,0,0,0,0,4268120,13405890,652210,15847170,202110.0
45,A15679105,0,25085100,0,0,0,11371500,7788270,21862700,49830,12626100,202110.0
46,A15685702,35739930,0,0,0,-17401500,17401500,7601542,29363480,6228230,12671040,202110.0
47,A15679107,0,0,0,0,0,0,7111990,35949810,195900,11522430,202110.0
48,A10025770,0,0,0,0,0,0,4949750,49472890,77650,16389370,202110.0
49,A10025867,0,0,0,0,0,0,14407840,20706670,1664470,8446990,202110.0
50,A10023350,,,,,,,,,,,202110.0
51,A15608002,0,0,0,0,0,0,10879804,0,4980670,0,202110.0
52,A15608003,0,0,0,0,0,0,8209320,41833460,388030,13139120,202110.0
53,A15608001,0,0,0,0,0,0,568320,8588240,0,5642320,202110.0
54,A10025175,,,,,,,,,,,202110.0
55,A10023898,,,,,,,,,,,202110.0
56,A15609305,0,0,0,0,0,0,4919858,18200590,82430,8775650,202110.0
57,A15609003,0,0,0,0,0,0,2045920,19912130,0,9098290,202110.0
58,A15681802,0,0,0,0,0,0,2385145,0,0,0,202110.0
59,A15677204,4146500,9291800,0,0,3136970,12213500,5663460,23799730,382400,10795770,202110.0
60,A15609502,0,0,0,0,0,0,6172298,23984500,65780,11610830,202110.0
61,A15609303,0,0,62240,0,0,0,3930530,9688240,520200,0,202110.0
62,A15609001,0,0,0,0,0,0,1985650,6929730,-440120,0,202110.0
63,A15681501,3746620,20310450,0,0,0,13375000,4154410,26869460,118140,12394000,202110.0
64,A15609401,0,0,0,0,0,0,8267230,7466270,3570700,3566670,202110.0
65,A15609002,0,0,0,0,0,0,2493830,5933920,0,0,202110.0
66,A15681503,3201400,22212070,0,0,-900,27740620,8687670,44472080,1088890,21488750,202110.0
67,A15609005,5435630,13438670,0,0,0,25620000,8211210,35287010,2932690,0,202110.0
68,A15681502,13306720,0,0,0,0,19325000,4526005,34940580,0,18045005,202110.0
69,A15609301,0,0,67200,0,0,0,2045050,8716160,0,0,202110.0
70,A15677501,0,0,0,0,0,0,9787538,19335310,0,8289560,202110.0
71,A15609501,0,0,0,0,0,0,1383380,6783560,0,0,202110.0
72,A15609006,0,2442330,0,0,0,6438304,3824235,9376630,1821430,3385720,202110.0
73,A15609007,0,0,0,0,0,0,4848690,18522540,0,0,202110.0
74,A15609306,0,0,0,0,0,0,9487230,32406890,0,0,202110.0
75,A10026299,0,0,0,0,0,0,10243011,34933550,0,0,202110.0
76,A15609008,,,,,,,,,,,202110.0
77,A10024642,,,,,,,,,,,202110.0
78,A10024811,0,0,0,0,0,0,1024170,5142510,0,0,202110.0
79,A10025013,0,0,0,0,0,0,14406324,42998970,128690,13928010,202110.0
80,A10024245,0,0,0,0,0,0,8567620,21747510,639330,6562480,202110.0
81,A15681103,0,0,0,0,0,0,1384690,7079760,19910,7840870,202110.0
82,A15681106,0,0,0,0,0,0,3739119,15969910,0,0,202110.0
83,A15681104,0,0,0,0,0,0,1722865,8527210,0,5095790,202110.0
84,A15602007,0,0,1720,0,0,0,6221420,21099930,0,13805240,202110.0
85,A15602002,0,0,0,0,0,0,9252080,0,8175460,0,202110.0
86,A15676512,14847589,0,0,0,0,5595000,3708760,0,3757890,0,202110.0
87,A15681110,17277760,10667510,0,0,0,28314000,19357564,45256550,543440,33274290,202110.0
88,A15602001,0,0,0,0,0,0,1648200,6885240,173560,6306860,202110.0
89,A15681108,32411940,0,0,0,0,0,3134870,0,3573820,0,202110.0
90,A15681105,0,0,111320,0,0,0,6561799,16788760,125000,0,202110.0
91,A15601102,0,0,0,0,0,0,3329465,11077010,0,0,202110.0
92,A15672001,0,0,0,0,0,0,2252661,6220590,6020,0,202110.0
93,A15670001,0,0,0,0,0,0,9756950,39334430,1859510,11045250,202110.0
94,A15601201,0,0,2420,0,0,0,638950,0,50000,0,202110.0
95,A15685201,0,0,0,0,0,0,1454500,40440,17520,0,202110.0
96,A15601104,0,0,0,0,0,0,7696960,20558880,-60,31457940,202110.0
97,A15685503,0,0,0,0,0,0,2252090,17233190,0,0,202110.0
98,A15601105,0,0,0,0,0,0,7722780,25942790,1530020,17766260,202110.0
99,A15685206,0,0,0,0,0,0,9496776,44680940,1609300,24447850,202110.0
100,A15601003,0,0,0,0,0,0,4011198,21715100,517310,6803720,202110.0
101,A15601103,0,0,0,0,0,0,1458770,16829690,0,8600700,202110.0
102,A15183001,5180,0,0,0,0,0,3319280,7045820,258880,0,202110.0
103,A10025504,,,,,,,,,,,202110.0
104,A15601004,,,,,,,,,,,202110.0
105,A15601202,0,0,0,0,0,0,11018435,0,0,0,202110.0
106,A10024733,,,,,,,,,,,202110.0
107,A10024098,,,,,,,,,,,202110.0
