,kaptCode,heatC,heatP,gasC,gasP,waterHotC,waterHotP,electC,electP,waterCoolC,waterCoolP,Date
0,A15605103,4040,4979700,0,0,0,33780000,5214152,60307120,1509340,31376520,202106.0
1,A15676701,3414480,0,0,0,7828800,0,16570800,0,11524800,0,202106.0
2,A15605002,14274990,0,0,0,0,11354000,10387584,28001580,700000,0,202106.0
3,A15605003,0,0,0,0,0,0,6259933,11444110,898940,4988560,202106.0
4,A15603205,0,0,0,0,0,13050000,4639770,32251850,403720,15334040,202106.0
5,A15603401,0,0,0,0,0,0,477530,7432300,0,3514050,202106.0
6,A15603002,0,0,0,0,0,0,3273700,15746030,80220,6868510,202106.0
7,A15603008,0,0,0,0,0,0,10232261,53688370,-2360,16674230,202106.0
8,A15603003,0,0,0,0,0,0,0,7711810,0,6176160,202106.0
9,A15683601,0,0,0,0,0,0,1292467,10065950,0,0,202106.0
10,A15603004,0,0,0,0,0,0,2772220,11659200,42140,8632320,202106.0
11,A15603206,0,0,0,0,0,0,13532369,44347810,0,23049610,202106.0
12,A15603502,0,0,0,0,0,0,4500060,13501100,0,7286660,202106.0
13,A15603006,0,0,91620,0,0,0,14992980,58496610,70800,29854980,202106.0
14,A15671801,0,0,-360950,360950,0,0,2901040,9614470,190900,3238030,202106.0
15,A15683901,0,0,0,0,0,0,1433197,16862090,0,0,202106.0
16,A15678101,0,0,0,0,0,0,2487657,5751700,0,0,202106.0
17,A15683402,0,0,0,0,0,0,2577838,24397600,-179930,11820070,202106.0
18,A15603204,0,0,0,0,0,0,5083880,16369770,0,19144250,202106.0
19,A15678103,0,0,0,0,0,0,28647083,73100900,0,28232120,202106.0
20,A15603001,0,0,0,0,0,0,1531507,6042860,239280,2730640,202106.0
21,A15603203,0,0,0,0,0,0,2962251,14094710,29580,7359640,202106.0
22,A15603009,,,,,,,,,,,202106.0
23,A15603007,0,0,4310,0,0,0,1043040,2347810,66320,1562010,202106.0
24,A15678102,-11047988,0,0,0,-11063900,11063900,8377176,17683870,3635850,7079920,202106.0
25,A10027472,0,0,0,0,0,0,2380600,7156160,646230,3251570,202106.0
26,A10027633,0,0,0,0,0,0,3116170,26825520,2035470,10322130,202106.0
27,A10025768,0,0,0,0,0,0,11227180,40102780,-405240,13832490,202106.0
28,A10027424,0,0,0,0,0,0,3250872,22152450,-390080,8669850,202106.0
29,A10024365,0,0,0,0,0,0,56390260,0,12240120,0,202106.0
30,A15606006,0,0,0,0,0,0,0,1688760,0,1138680,202106.0
31,A15606002,0,0,0,0,0,0,3309410,8456840,0,0,202106.0
32,A15606007,0,0,0,0,0,0,11668200,25499640,0,8806030,202106.0
33,A15606001,0,0,0,0,0,0,2607875,7056480,118200,4347180,202106.0
34,A15605102,0,0,0,0,0,0,2815643,8473800,245110,4721400,202106.0
35,A15606004,0,0,0,0,5143590,15460050,-18508057,48352520,-1492270,12537430,202106.0
36,A15676702,0,0,0,0,0,0,49600,2009520,0,1561200,202106.0
37,A15606003,0,0,0,0,0,0,1993410,20373870,0,9761530,202106.0
38,A15606005,0,0,0,0,0,0,1723880,4621220,0,2695050,202106.0
39,A10026873,,,,,,,,,,,202106.0
40,A15679103,0,0,0,0,0,0,7970530,0,4021860,0,202106.0
41,A15679109,0,0,0,0,0,0,12308830,55652430,700000,16630600,202106.0
42,A15679104,0,0,26250,0,0,0,622195,6754500,299460,0,202106.0
43,A15679108,0,0,0,0,0,0,18076558,43212030,158050,15433850,202106.0
44,A15607001,0,0,0,0,0,0,4442830,13516530,163880,15360020,202106.0
45,A15679105,0,3502950,0,0,0,12136500,7635290,23128620,60690,13085490,202106.0
46,A15685702,18450110,0,0,0,-18036000,18036000,8062021,29277940,4781040,13531810,202106.0
47,A15679107,0,0,0,0,0,0,8824980,39362520,0,11348970,202106.0
48,A10025770,0,0,0,0,0,0,8986470,57892440,93750,16777230,202106.0
49,A10025867,0,0,0,0,0,0,13594670,21763020,1973570,7819380,202106.0
50,A10023350,,,,,,,,,,,202106.0
51,A15608002,0,0,0,0,0,0,11451537,0,5311270,0,202106.0
52,A15608003,0,0,0,0,0,0,11345110,46836800,739840,13266550,202106.0
53,A15608001,0,0,0,0,0,0,536750,8234530,0,5730740,202106.0
54,A10025175,,,,,,,,,,,202106.0
55,A10023898,,,,,,,,,,,202106.0
56,A15609305,0,0,0,0,0,0,8235640,18198290,101150,9851320,202106.0
57,A15609003,0,0,0,0,0,0,3231820,18305750,0,9090010,202106.0
58,A15681802,0,0,0,0,0,0,2205658,6984510,0,0,202106.0
59,A15677204,0,0,0,0,3299430,11116130,-458980,21791390,382400,10637520,202106.0
60,A15609502,0,0,0,0,0,0,6699317,22061620,-1295880,13066010,202106.0
61,A15609303,0,0,86450,0,0,0,3211630,10535730,631470,0,202106.0
62,A15609001,0,0,0,0,0,0,2859330,7045200,46400,0,202106.0
63,A15681501,1656310,0,0,0,0,14864760,4700080,21176170,77770,10997640,202106.0
64,A15609401,0,0,0,0,0,0,8418840,7637460,3874930,3875030,202106.0
65,A15609002,0,0,0,0,0,0,2090090,6645240,0,0,202106.0
66,A15681503,0,0,0,0,-2000,30381090,13387780,44115800,860,21241450,202106.0
67,A15609005,2724950,258710,0,0,0,28735200,7429440,36849590,3717200,0,202106.0
68,A15681502,5989120,0,0,0,0,16450000,3669380,32696730,0,19017631,202106.0
69,A15609301,0,0,55600,0,0,0,1681730,9075390,0,0,202106.0
70,A15677501,0,0,0,0,0,0,9723110,19189910,0,9297860,202106.0
71,A15609501,0,0,0,0,0,0,1814938,6569572,0,0,202106.0
72,A15609006,0,-35540,0,0,0,6478520,3489325,8865120,1389120,3709420,202106.0
73,A15609007,0,0,0,0,0,0,4325380,18565270,0,0,202106.0
74,A15609306,0,0,0,0,0,0,8337910,31886800,0,0,202106.0
75,A10026299,0,0,0,0,0,0,11264848,38679730,0,0,202106.0
76,A15609008,,,,,,,,,,,202106.0
77,A10024642,,,,,,,,,,,202106.0
78,A10024811,0,0,0,0,0,0,1362700,5322160,0,0,202106.0
79,A10025013,0,0,0,0,0,0,14091508,39088770,-159350,14199070,202106.0
80,A10024245,,,,,,,,,,,202106.0
81,A15681103,0,0,0,0,0,0,2740050,6245620,0,7347750,202106.0
82,A15681106,0,0,0,0,0,0,4224549,16135890,0,0,202106.0
83,A15681104,0,0,0,0,0,0,2287297,7971460,0,4990430,202106.0
84,A15602007,0,0,2830,0,0,0,6119158,21943340,0,12816830,202106.0
85,A15602002,0,0,-328490,328490,0,0,2356500,7090510,0,8038380,202106.0
86,A15676512,816651,0,0,0,0,7359000,5086150,0,4293300,0,202106.0
87,A15681110,4968163,140220,0,0,0,20427000,13608332,45233620,0,32538340,202106.0
88,A15602001,0,0,0,0,0,0,2057480,7308080,44570,6031400,202106.0
89,A15681108,12784820,0,0,0,0,0,4090450,0,4883160,0,202106.0
90,A15681105,0,0,3090,0,0,0,5609803,15916620,295450,0,202106.0
91,A15601102,0,0,0,0,0,0,3454343,10265600,0,0,202106.0
92,A15672001,0,0,0,0,0,0,2383146,6480850,0,0,202106.0
93,A15670001,0,0,0,0,0,0,10348110,35005770,2003190,11287860,202106.0
94,A15601201,0,0,1100,0,0,0,709030,0,50000,0,202106.0
95,A15685201,0,0,0,0,0,0,1952040,24960,307340,0,202106.0
96,A15601104,0,0,0,0,0,0,5926392,21280830,-1770,26682740,202106.0
97,A15685503,0,0,0,0,0,0,3095400,17218930,0,0,202106.0
98,A15601105,0,0,0,0,0,0,7085820,27874390,548930,18631650,202106.0
99,A15685206,0,0,0,0,0,0,10418707,44926980,2849340,24488420,202106.0
100,A15601003,0,0,0,0,0,0,5524648,22908680,87660,6755790,202106.0
101,A15601103,0,0,0,0,0,0,2595760,16479010,0,8615370,202106.0
102,A15183001,12890,0,0,0,0,0,3489170,7198830,257180,0,202106.0
103,A10025504,,,,,,,,,,,202106.0
104,A15601004,,,,,,,,,,,202106.0
105,A15601202,0,0,0,0,0,0,11563562,0,0,0,202106.0
106,A10024733,,,,,,,,,,,202106.0
107,A10024098,,,,,,,,,,,202106.0
