,kaptCode,heatC,heatP,gasC,gasP,waterHotC,waterHotP,electC,electP,waterCoolC,waterCoolP,Date
0,A15605103,5355,4147820,0,0,0,27995000,0,63728520,1887850,33015650,202109.0
1,A15676701,3956990,0,0,0,6308400,1490390,594083,14817330,0,11139180,202109.0
2,A15605002,9381950,0,0,0,0,10264800,7981594,29560000,700000,0,202109.0
3,A15605003,0,0,0,0,0,0,4922919,12529420,0,4984630,202109.0
4,A15603205,0,0,0,0,0,10614000,4136591,32211360,746530,14908310,202109.0
5,A15603401,0,0,0,0,0,0,417890,7698500,0,3896590,202109.0
6,A15603002,0,0,0,0,0,0,3149620,15889090,173710,6936810,202109.0
7,A15603008,0,0,0,0,0,0,9978907,52283640,-930,17724390,202109.0
8,A15603003,0,0,0,0,0,0,0,7796670,0,6267990,202109.0
9,A15683601,0,0,0,0,0,0,490776,9949430,0,0,202109.0
10,A15603004,0,0,0,0,0,0,2688010,13251230,40610,9380130,202109.0
11,A15603206,0,0,0,0,0,0,7486208,63525880,0,23778860,202109.0
12,A15603502,0,0,0,0,0,0,3483160,13567360,0,7557060,202109.0
13,A15603006,0,0,13960,0,0,0,9616970,68266450,67960,31285610,202109.0
14,A15671801,0,0,-356370,356370,0,0,-4363020,15214150,212030,3409180,202109.0
15,A15683901,0,0,0,0,0,0,1944447,15489550,195410,16521570,202109.0
16,A15678101,0,0,0,0,0,0,2071360,4979850,0,0,202109.0
17,A15683402,0,0,0,0,0,0,3166769,25077690,204220,12220200,202109.0
18,A15603204,0,0,0,0,0,0,5397790,16987890,0,0,202109.0
19,A15678103,0,0,0,0,0,0,31077083,70990710,0,29156480,202109.0
20,A15603001,0,0,0,0,0,0,2508808,8502710,262690,2955510,202109.0
21,A15603203,0,0,0,0,0,0,1864121,14828500,0,8498260,202109.0
22,A15603009,,,,,,,,,,,202109.0
23,A15603007,0,0,800,0,0,0,-413490,3860020,-23210,1778830,202109.0
24,A15678102,6660397,0,0,0,-9460000,9460000,7917693,17923140,3825550,7217870,202109.0
25,A10027472,0,0,0,0,0,0,2450470,6919770,647430,2928750,202109.0
26,A10027633,0,0,0,0,0,0,1918370,30618870,1881660,10344320,202109.0
27,A10025768,0,0,0,0,0,0,17045120,67416680,86140,13448610,202109.0
28,A10027424,0,0,0,0,0,0,1871370,22231770,-73950,8805180,202109.0
29,A10024365,0,0,0,0,0,0,15571820,48228880,1488210,12589650,202109.0
30,A15606006,0,0,0,0,0,0,0,1698790,0,1199750,202109.0
31,A15606002,0,0,0,0,0,0,1942500,9380300,0,0,202109.0
32,A15606007,0,0,0,0,0,0,8896750,24202220,0,9968670,202109.0
33,A15606001,0,0,0,0,0,0,1925145,10495000,0,4302720,202109.0
34,A15605102,0,0,0,0,0,0,2490303,8783420,398130,4868070,202109.0
35,A15606004,0,0,0,0,-15391200,36314050,1932341,23812110,1231570,9790620,202109.0
36,A15676702,0,0,0,0,0,0,32000,2203230,0,1818260,202109.0
37,A15606003,0,0,0,0,0,0,2476430,21412580,0,10342620,202109.0
38,A15606005,0,0,0,0,0,0,1697290,4567100,216230,2748580,202109.0
39,A10026873,,,,,,,,,,,202109.0
40,A15679103,0,0,0,0,0,0,7843402,0,4386900,0,202109.0
41,A15679109,0,0,0,0,0,0,9244350,57613040,308810,17461410,202109.0
42,A15679104,0,0,4890,0,0,0,461953,6959380,0,0,202109.0
43,A15679108,0,0,0,0,0,0,18010267,44066940,335700,15666500,202109.0
44,A15607001,0,0,0,0,0,0,3860930,14050280,0,0,202109.0
45,A15679105,0,2141400,0,0,0,10359000,6196030,24895880,80900,16207540,202109.0
46,A15685702,15934080,0,0,0,-14638500,14638500,9238995,29958210,1417600,14452090,202109.0
47,A15679107,0,0,0,0,0,0,7501490,39409320,0,11855340,202109.0
48,A10025770,0,0,0,0,0,0,3723640,62532350,76720,17218970,202109.0
49,A10025867,0,0,0,0,0,0,16824210,17965480,2452230,7535220,202109.0
50,A10023350,,,,,,,,,,,202109.0
51,A15608002,0,0,0,0,0,0,11732090,0,5453700,0,202109.0
52,A15608003,0,0,0,0,0,0,9469950,46904920,439980,13818200,202109.0
53,A15608001,0,0,0,0,0,0,505090,11536500,0,0,202109.0
54,A10025175,,,,,,,,,,,202109.0
55,A10023898,,,,,,,,,,,202109.0
56,A15609305,0,0,0,0,0,0,7962359,19371070,103270,9921030,202109.0
57,A15609003,0,0,0,0,0,0,1078070,20411280,0,9180760,202109.0
58,A15681802,0,0,0,0,0,0,1498638,8466420,0,0,202109.0
59,A15677204,0,0,0,0,1961300,10204490,1438140,34397720,382400,11788980,202109.0
60,A15609502,0,0,0,0,0,0,5694825,22768490,112460,13017280,202109.0
61,A15609303,0,0,14500,0,0,0,3215310,10480600,0,0,202109.0
62,A15609001,0,0,0,0,0,0,2063750,7106630,0,0,202109.0
63,A15681501,1362140,0,0,0,0,12256020,1057620,39796180,93870,13488960,202109.0
64,A15609401,0,0,0,0,0,0,8125880,7548730,3884390,3880230,202109.0
65,A15609002,0,0,0,0,0,0,984710,7496000,0,8225570,202109.0
66,A15681503,0,0,0,0,-190,24557090,6668750,45106220,1490,23247220,202109.0
67,A15609005,1066760,276180,0,0,0,23653200,6866850,37458520,3815980,0,202109.0
68,A15681502,1828290,0,0,0,0,16270000,5193227,40216770,0,19829938,202109.0
69,A15609301,0,0,25390,0,0,0,1703720,8971630,8309740,0,202109.0
70,A15677501,0,0,0,0,0,0,9090580,19903370,0,8553650,202109.0
71,A15609501,0,0,0,0,0,0,1552400,7037440,0,0,202109.0
72,A15609006,0,-147800,0,0,0,4995586,1210110,10113740,1237260,3911840,202109.0
73,A15609007,0,0,0,0,0,0,4437860,18707250,0,16200880,202109.0
74,A15609306,0,0,0,0,0,0,7166560,36459040,0,35141080,202109.0
75,A10026299,0,0,0,0,0,0,9563698,36480130,3613600,21975680,202109.0
76,A15609008,,,,,,,,,,,202109.0
77,A10024642,,,,,,,,,,,202109.0
78,A10024811,0,0,0,0,0,0,1297380,5375940,658240,4911030,202109.0
79,A10025013,0,0,0,0,0,0,19766307,61191140,648950,14485540,202109.0
80,A10024245,0,0,0,0,0,0,7616800,21383160,79910,6338840,202109.0
81,A15681103,0,0,0,0,0,0,1868970,6769350,0,0,202109.0
82,A15681106,0,0,0,0,0,0,3180346,17599310,349520,0,202109.0
83,A15681104,0,0,0,0,0,0,1184944,10773850,0,5440880,202109.0
84,A15602007,0,0,0,0,0,0,5060671,22606860,0,14563830,202109.0
85,A15602002,0,0,-292810,292810,0,0,2065390,10538580,0,0,202109.0
86,A15676512,1014028,0,0,0,0,5862000,3322930,0,0,0,202109.0
87,A15681110,5620080,0,0,0,0,20331500,14854350,52452250,146350,32736930,202109.0
88,A15602001,0,0,0,0,0,0,1868420,7670090,0,0,202109.0
89,A15681108,10484130,0,0,0,0,0,2634340,0,1500000,0,202109.0
90,A15681105,0,0,2420,0,0,0,5791468,15932440,125000,0,202109.0
91,A15601102,0,0,0,0,0,0,5329341,15495000,-83280,13020720,202109.0
92,A15672001,0,0,0,0,0,0,2349583,6395130,0,0,202109.0
93,A15670001,0,0,0,0,0,0,13943480,63165350,535960,11679810,202109.0
94,A15601201,0,0,2420,0,0,0,763420,0,62900,0,202109.0
95,A15685201,0,0,0,0,0,0,1640110,36720,0,0,202109.0
96,A15601104,0,0,0,0,0,0,4934735,22176070,0,0,202109.0
97,A15685503,0,0,0,0,0,0,2732440,17254290,0,17942060,202109.0
98,A15601105,0,0,0,0,0,0,7295500,27288930,1819830,18402930,202109.0
99,A15685206,0,0,0,0,0,0,3419354,52418490,3385300,26763540,202109.0
100,A15601003,0,0,0,0,0,0,4526648,24343050,162500,7109230,202109.0
101,A15601103,0,0,0,0,0,0,707620,17654080,0,9255810,202109.0
102,A15183001,0,0,0,0,0,0,3273210,7548030,22220,0,202109.0
103,A10025504,,,,,,,,,,,202109.0
104,A15601004,,,,,,,,,,,202109.0
105,A15601202,0,0,690,0,0,0,2529223,8653960,0,0,202109.0
106,A10024733,,,,,,,,,,,202109.0
107,A10024098,,,,,,,,,,,202109.0
