,kaptCode,heatC,heatP,gasC,gasP,waterHotC,waterHotP,electC,electP,waterCoolC,waterCoolP,Date
0,A15605103,2542,5135100,0,0,0,24760000,837851,119338690,1976120,33308800,202107.0
1,A15676701,3794550,0,0,0,1481200,3844400,-9153120,25989010,-40760,11388010,202107.0
2,A15605002,10706425,0,0,0,0,8666000,10414620,39654390,700000,0,202107.0
3,A15605003,0,0,0,0,0,0,5029160,12311220,0,5400440,202107.0
4,A15603205,0,0,0,0,0,9846000,2736040,49264070,1214080,16102510,202107.0
5,A15603401,0,0,0,0,0,0,548370,12502300,0,4519440,202107.0
6,A15603002,0,0,0,0,0,0,4175030,23501690,116580,7510570,202107.0
7,A15603008,0,0,0,0,0,0,12663515,109867430,-2200,17186360,202107.0
8,A15603003,0,0,0,0,0,0,0,8569930,0,5649740,202107.0
9,A15683601,0,0,0,0,0,0,540589,10733080,0,0,202107.0
10,A15603004,0,0,0,0,0,0,4020190,12528710,30050,8616100,202107.0
11,A15603206,0,0,0,0,0,0,6059013,58009100,0,21713730,202107.0
12,A15603502,0,0,0,0,0,0,3526430,14849500,0,8094110,202107.0
13,A15603006,0,0,42140,0,0,0,15544570,58617440,70000,30710940,202107.0
14,A15671801,0,0,-397240,397240,0,0,3213510,18838610,250000,3777830,202107.0
15,A15683901,0,0,0,0,0,0,-882392,33383440,738780,13732640,202107.0
16,A15678101,0,0,0,0,0,0,1431841,6015190,0,0,202107.0
17,A15683402,0,0,0,0,0,0,2972430,26251050,595740,10991100,202107.0
18,A15603204,0,0,0,0,0,0,8044770,29792480,0,0,202107.0
19,A15678103,0,0,0,0,0,0,24231578,166568380,0,32521390,202107.0
20,A15603001,0,0,0,0,0,0,1279554,6406500,236600,2908190,202107.0
21,A15603203,0,0,0,0,0,0,2908911,15174890,0,9056560,202107.0
22,A15603009,,,,,,,,,,,202107.0
23,A15603007,0,0,2150,0,0,0,1310390,2426040,-16500,1553310,202107.0
24,A15678102,5170465,0,0,0,-7886200,7886200,,,4293030,7618360,202107.0
25,A10027472,0,0,0,0,0,0,3707990,14631830,829940,3577040,202107.0
26,A10027633,0,0,0,0,0,0,3727480,29064000,2066190,11103690,202107.0
27,A10025768,0,0,0,0,0,0,14459570,46205830,-34310,14441820,202107.0
28,A10027424,0,0,0,0,0,0,2638821,43912490,258830,8680900,202107.0
29,A10024365,0,0,0,0,0,0,19527670,48608130,1788170,11283990,202107.0
30,A15606006,0,0,0,0,0,0,0,2139680,0,1193890,202107.0
31,A15606002,0,0,0,0,0,0,2596100,10311550,0,0,202107.0
32,A15606007,0,0,0,0,0,0,14864640,57028030,0,10012360,202107.0
33,A15606001,0,0,0,0,0,0,2218767,7808380,0,4362060,202107.0
34,A15605102,0,0,0,0,0,0,2254419,9673740,370990,4653930,202107.0
35,A15606004,0,0,0,0,15342410,0,53369100,0,12537430,0,202107.0
36,A15676702,0,0,0,0,0,0,49600,2147680,0,1671420,202107.0
37,A15606003,0,0,0,0,0,0,2827820,23037030,0,10012990,202107.0
38,A15606005,0,0,0,0,0,0,1731270,8771260,-402510,2664850,202107.0
39,A10026873,,,,,,,,,,,202107.0
40,A15679103,0,0,0,0,0,0,-531053,8707750,184140,4232590,202107.0
41,A15679109,0,0,0,0,0,0,14505260,92970240,631080,17496690,202107.0
42,A15679104,0,0,6600,0,0,0,395863,7274050,0,0,202107.0
43,A15679108,0,0,0,0,0,0,17082986,77629260,260840,15373960,202107.0
44,A15607001,0,0,0,0,0,0,3987280,14612430,0,0,202107.0
45,A15679105,0,3689100,0,0,0,8428500,9504170,35510140,74620,13928630,202107.0
46,A15685702,13988210,0,0,0,-12960000,12960000,11397553,40421460,1373400,15233570,202107.0
47,A15679107,0,0,0,0,0,0,9454480,63953270,0,11784360,202107.0
48,A10025770,0,0,0,0,0,0,7074400,89641120,87180,17075790,202107.0
49,A10025867,0,0,0,0,0,0,18385450,41079350,2550210,8512230,202107.0
50,A10023350,,,,,,,,,,,202107.0
51,A15608002,0,0,0,0,0,0,15391850,0,5339010,0,202107.0
52,A15608003,0,0,0,0,0,0,12131420,72684710,1403640,13638160,202107.0
53,A15608001,0,0,0,0,0,0,69380,8699850,0,0,202107.0
54,A10025175,,,,,,,,,,,202107.0
55,A10023898,,,,,,,,,,,202107.0
56,A15609305,0,0,0,0,0,0,6796775,18285630,111080,11378240,202107.0
57,A15609003,0,0,0,0,0,0,875980,37539350,0,9180370,202107.0
58,A15681802,0,0,0,0,0,0,1835463,7570730,0,0,202107.0
59,A15677204,0,0,0,0,2906110,8624990,523206,22089620,382400,12960630,202107.0
60,A15609502,0,0,0,0,0,0,12455243,35690210,-610440,12995280,202107.0
61,A15609303,0,0,14520,0,0,0,3050670,14061300,0,0,202107.0
62,A15609001,0,0,0,0,0,0,2959090,9302450,0,0,202107.0
63,A15681501,883450,0,0,0,0,7946240,6046530,23297210,104490,11450150,202107.0
64,A15609401,0,0,0,0,0,0,8882730,8621030,3832960,3832980,202107.0
65,A15609002,0,0,0,0,0,0,849610,9664500,0,8289330,202107.0
66,A15681503,0,0,0,0,2270,20241510,19088280,77377380,2586360,24257590,202107.0
67,A15609005,75570,68120,0,0,0,21160000,9906370,50291290,4455950,0,202107.0
68,A15681502,4150130,0,0,0,0,7305000,6076029,36542990,0,18041929,202107.0
69,A15609301,0,0,32280,0,0,0,3616740,17590320,8187610,0,202107.0
70,A15677501,0,0,0,0,0,0,7489600,48574510,0,7983710,202107.0
71,A15609501,0,0,0,0,0,0,1483860,9144340,0,0,202107.0
72,A15609006,0,0,0,0,0,0,2587090,0,1135660,0,202107.0
73,A15609007,0,0,0,0,0,0,7994890,33993860,0,17337830,202107.0
74,A15609306,0,0,0,0,0,0,8653610,32633290,0,34504710,202107.0
75,A10026299,0,0,0,0,0,0,7848383,76608270,3499830,22442450,202107.0
76,A15609008,,,,,,,,,,,202107.0
77,A10024642,,,,,,,,,,,202107.0
78,A10024811,0,0,0,0,0,0,1411780,8241690,495870,5015040,202107.0
79,A10025013,0,0,0,0,0,0,18237893,43080890,-1197080,14707960,202107.0
80,A10024245,0,0,0,0,0,0,12967600,17354660,14870,1569400,202107.0
81,A15681103,0,0,0,0,0,0,1749320,7528340,0,0,202107.0
82,A15681106,0,0,0,0,0,0,3732311,17506920,478020,0,202107.0
83,A15681104,0,0,0,0,0,0,1929776,8178270,0,4741670,202107.0
84,A15602007,0,0,1480,0,0,0,5392860,23766920,0,13662530,202107.0
85,A15602002,0,0,-326670,326670,0,0,2034380,7038540,0,0,202107.0
86,A15676512,1632183,0,0,0,0,5061000,4166910,0,0,0,202107.0
87,A15681110,5834530,0,0,0,0,14042000,9568166,81353960,3494840,34268040,202107.0
88,A15602001,0,0,0,0,0,0,2229430,8411580,0,0,202107.0
89,A15681108,10653540,0,0,0,0,0,3465240,0,1000000,0,202107.0
90,A15681105,0,0,23710,0,0,0,39706633,0,205360,0,202107.0
91,A15601102,0,0,0,0,0,0,3152306,11094770,-82630,12691970,202107.0
92,A15672001,0,0,0,0,0,0,2021163,0,0,0,202107.0
93,A15670001,0,0,0,0,0,0,13287530,39357540,1842610,11406210,202107.0
94,A15601201,0,0,1100,0,0,0,793930,0,350200,0,202107.0
95,A15685201,0,0,0,0,0,0,1686880,62040,0,0,202107.0
96,A15601104,0,0,0,0,0,0,11019574,36219760,0,0,202107.0
97,A15685503,0,0,0,0,0,0,4032400,21409100,0,17541920,202107.0
98,A15601105,0,0,0,0,0,0,8646220,39036920,1441430,18313470,202107.0
99,A15685206,0,0,0,0,0,0,28302541,44926980,4371380,24488420,202107.0
100,A15601003,0,0,0,0,0,0,5307200,30837480,19530,6668820,202107.0
101,A15601103,,,0,0,0,0,1775090,20135790,0,9227460,202107.0
102,A15183001,3720,0,0,0,0,0,3355630,10336910,,,202107.0
103,A10025504,,,,,,,,,,,202107.0
104,A15601004,,,,,,,,,,,202107.0
105,A15601202,0,0,0,0,0,0,15327342,0,0,0,202107.0
106,A10024733,,,,,,,,,,,202107.0
107,A10024098,,,,,,,,,,,202107.0
