,kaptCode,heatC,heatP,gasC,gasP,waterHotC,waterHotP,electC,electP,waterCoolC,waterCoolP,Date
0,A15605103,1770,204018520,0,0,0,50295000,25419810,74389270,2311790,30731600,202101.0
1,A15676701,66090770,0,0,0,-131600,10239600,10806916,17073190,-100740,10368460,202101.0
2,A15605002,114592280,0,0,0,0,17612000,23392550,36713900,700000,0,202101.0
3,A15605003,0,0,0,0,0,0,8837220,14105420,0,5018100,202101.0
4,A15603205,-529030,89496720,0,0,0,18501000,8252756,36814680,813250,14218950,202101.0
5,A15603401,0,0,0,0,0,0,439430,9770800,0,3701620,202101.0
6,A15603002,0,0,0,0,0,0,7077910,17651020,85510,6889550,202101.0
7,A15603008,0,0,0,0,0,0,16143927,63345160,-2210,17120050,202101.0
8,A15603003,0,0,0,0,0,0,0,10408300,0,5689860,202101.0
9,A15683601,0,0,88940,0,0,0,1596375,12851310,0,0,202101.0
10,A15603004,0,0,0,0,0,0,5668650,14596230,30050,9293310,202101.0
11,A15603206,0,0,0,0,0,0,28387844,54272040,0,21215380,202101.0
12,A15603502,0,0,0,0,0,0,4856870,17946360,0,7166690,202101.0
13,A15603006,0,0,193410,0,0,0,22037430,76262940,71470,20778330,202101.0
14,A15671801,0,0,-340340,340340,0,0,4775310,10426120,292926,3122880,202101.0
15,A15683901,0,0,0,0,0,0,4389404,20053890,408540,13777890,202101.0
16,A15678101,0,0,0,0,0,0,1848296,7853970,0,0,202101.0
17,A15683402,0,0,0,0,0,0,6668552,30357480,57220,11082620,202101.0
18,A15603204,0,0,0,0,0,0,7212650,22487280,0,0,202101.0
19,A15678103,0,0,0,0,0,0,35741211,87959090,0,28572310,202101.0
20,A15603001,0,0,0,0,0,0,2576524,7971520,133030,2934500,202101.0
21,A15603203,0,0,0,0,0,0,4834757,15983010,0,8302300,202101.0
22,A15603009,,,,,,,,,,,202101.0
23,A15603007,0,0,26580,0,0,0,2578810,2597560,-138040,1577400,202101.0
24,A15678102,168103526,0,0,0,-15252100,15252100,44601892,20167490,15717410,5732740,202101.0
25,A10027472,0,0,0,0,0,0,7405920,7666970,629700,3214710,202101.0
26,A10027633,0,0,0,0,0,0,8779430,33121140,1011730,10417340,202101.0
27,A10025768,0,0,0,0,0,0,15827630,45991980,-636140,13221070,202101.0
28,A10027424,0,0,0,0,0,0,9638191,24366620,-304530,8530490,202101.0
29,A10024365,,,,,,,,,,,202101.0
30,A15606006,0,0,0,0,0,0,1201960,2423390,0,1037070,202101.0
31,A15606002,0,0,0,0,0,0,3749230,10545570,0,0,202101.0
32,A15606007,0,0,0,0,0,0,12723960,25436850,0,9238660,202101.0
33,A15606001,0,0,0,0,0,0,3039712,9289970,0,4153740,202101.0
34,A15605102,0,0,0,0,0,0,4874992,10377690,260810,4642020,202101.0
35,A15606004,75772560,0,0,0,29355260,0,30064496,0,9621230,0,202101.0
36,A15676702,0,0,0,0,0,0,46400,2790150,0,1488090,202101.0
37,A15606003,0,0,0,0,0,0,4415930,25541300,0,9679720,202101.0
38,A15606005,0,0,0,0,0,0,3101060,4682970,106300,2628600,202101.0
39,A10026873,,,,,,,,,,,202101.0
40,A15679103,0,0,0,0,0,0,2022846,7885780,5948950,4134210,202101.0
41,A15679109,0,0,0,0,0,0,15389130,64333800,0,15441310,202101.0
42,A15679104,0,0,245090,0,0,0,1811326,8154320,0,0,202101.0
43,A15679108,0,0,0,0,0,0,27375638,48748810,25430,15762620,202101.0
44,A15607001,0,0,0,0,0,0,5561673,17098960,0,0,202101.0
45,A15679105,0,112314450,0,0,0,17028000,18654054,28507620,33130,14156510,202101.0
46,A15685702,126057560,0,0,0,-24304500,24304500,22826336,32801370,5810110,10961130,202101.0
47,A15679107,0,0,0,0,0,0,11038390,44422830,0,11447760,202101.0
48,A10025770,0,0,0,0,0,0,32131910,58407830,62820,16540770,202101.0
49,A10025867,0,0,0,0,0,0,22178320,21197100,1320270,7702430,202101.0
50,A10023350,,,,,,,,,,,202101.0
51,A15608002,0,0,0,0,0,0,14394195,0,5352170,0,202101.0
52,A15608003,0,0,0,0,0,0,13822610,52080290,755060,11964420,202101.0
53,A15608001,0,0,0,0,0,0,1994630,10427990,0,0,202101.0
54,A10025175,,,,,,,,,,,202101.0
55,A10023898,,,,,,,,,,,202101.0
56,A15609305,0,0,0,0,0,0,10444263,21703940,61750,7987320,202101.0
57,A15609003,0,0,0,0,0,0,5919470,23355050,0,8920900,202101.0
58,A15681802,0,0,0,0,0,0,2996105,8786920,0,0,202101.0
59,A15677204,4146900,82593040,0,0,4448890,16858180,-2206798,27318500,383790,9144560,202101.0
60,A15609502,0,0,0,0,0,0,11034802,25954970,1165170,11152890,202101.0
61,A15609303,0,0,217900,0,0,0,4396440,12846120,0,0,202101.0
62,A15609001,0,0,0,0,0,0,3709070,9497690,0,0,202101.0
63,A15681501,13351060,99272250,0,0,0,20880000,10766070,24674850,63440,10795380,202101.0
64,A15609401,0,0,0,0,0,0,11572535,10194050,3534550,3534460,202101.0
65,A15609002,0,0,0,0,0,0,2316637,8593910,-400,7503950,202101.0
66,A15681503,14388280,154103830,0,0,0,31371930,0,51656700,3687390,16390470,202101.0
67,A15609005,9697000,117589440,0,0,0,39276000,16581310,48269620,5412300,0,202101.0
68,A15681502,133905090,0,0,0,0,27605000,14227635,41229680,0,19238655,202101.0
69,A15609301,0,0,210740,0,0,0,3909410,9928880,7801590,0,202101.0
70,A15677501,0,0,0,0,0,0,16303940,23002690,0,8461370,202101.0
71,A15609501,0,0,0,0,0,0,2862500,7886180,0,0,202101.0
72,A15609006,0,26476190,0,0,0,11041950,5650760,11686050,2516210,3092300,202101.0
73,A15609007,0,0,0,0,0,0,10703720,21576070,0,15571470,202101.0
74,A15609306,0,0,0,0,0,0,14667060,42349210,0,33796030,202101.0
75,A10026299,0,0,0,0,0,0,12790013,40325640,1251840,22131390,202101.0
76,A15609008,,,,,,,,,,,202101.0
77,A10024642,,,,,,,,,,,202101.0
78,A10024811,0,0,0,0,0,0,1749600,6498530,550140,4829600,202101.0
79,A10025013,0,0,0,0,0,0,20703638,47237010,-1070390,14230820,202101.0
80,A10024245,,,,,,,,,,,202101.0
81,A15681103,0,0,0,0,0,0,3238030,7490570,0,0,202101.0
82,A15681106,0,0,0,0,0,0,4818337,20736210,92520,0,202101.0
83,A15681104,0,0,0,0,0,0,2702433,9928310,112700,4681920,202101.0
84,A15602007,0,0,204430,0,0,0,10890960,27194300,0,12193110,202101.0
85,A15602002,0,0,0,0,0,0,12643650,0,0,0,202101.0
86,A15676512,37803360,0,0,0,0,9879000,6880440,0,0,0,202101.0
87,A15681110,19449650,159033810,0,0,0,47436900,5090052,49415370,1360270,30817140,202101.0
88,A15602001,0,0,0,0,0,0,2528940,8172440,0,0,202101.0
89,A15681108,90795200,0,0,0,0,0,6792940,0,1000000,0,202101.0
90,A15681105,0,0,497300,0,0,0,12613592,20570460,402910,0,202101.0
91,A15601102,0,0,0,0,0,0,5596778,13821860,-84510,12022440,202101.0
92,A15672001,0,0,0,0,0,0,4344110,8668720,35820,0,202101.0
93,A15670001,0,0,0,0,0,0,14075180,40696710,2517130,10667880,202101.0
94,A15601201,0,0,26510,0,0,0,1398920,0,58100,0,202101.0
95,A15685201,0,0,3820,0,0,0,2258300,67800,0,0,202101.0
96,A15601104,0,0,0,0,0,0,12312879,24727140,0,0,202101.0
97,A15685503,0,0,0,0,0,0,4886610,23540880,0,16126470,202101.0
98,A15601105,0,0,0,0,0,0,15176080,27588550,3061300,16542600,202101.0
99,A15685206,0,0,0,0,0,0,18133944,62321220,4335550,24330700,202101.0
100,A15601003,0,0,0,0,0,0,7405582,27521040,11160,7183980,202101.0
101,A15601103,0,0,0,0,0,0,2147030,20995460,0,8347020,202101.0
102,A15183001,164910,0,0,0,0,0,3748240,9416420,9870,0,202101.0
103,A10025504,,,,,,,,,,,202101.0
104,A15601004,,,,,,,,,,,202101.0
105,A15601202,0,0,356820,0,0,0,17351975,0,0,0,202101.0
106,A10024733,,,,,,,,,,,202101.0
107,A10024098,,,,,,,,,,,202101.0
