,kaptCode,heatC,heatP,gasC,gasP,waterHotC,waterHotP,electC,electP,waterCoolC,waterCoolP,Date
0,A15605103,-924,115270260,0,0,0,37070000,9979955,61533120,2311060,31291110,202111.0
1,A15676701,0,0,0,0,0,0,431907,14679500,0,12076810,202111.0
2,A15605002,52699815,0,0,0,0,14848400,12777143,29197680,700000,0,202111.0
3,A15605003,0,0,0,0,0,0,5910098,12029190,0,4802300,202111.0
4,A15603205,-151200,51885760,0,0,0,13941000,8774863,29719050,1706810,13555260,202111.0
5,A15603401,0,0,0,0,0,0,441830,8161700,0,3508340,202111.0
6,A15603002,0,0,0,0,0,0,4003150,15505980,119200,6782990,202111.0
7,A15603008,0,0,0,0,0,0,12258220,53265820,-800,17428700,202111.0
8,A15603003,0,0,0,0,0,0,0,7443280,0,8752140,202111.0
9,A15683601,0,0,34070,0,0,0,933727,10543570,0,0,202111.0
10,A15603004,0,0,0,0,0,0,14444180,0,8458430,0,202111.0
11,A15603206,0,0,0,0,0,0,2828718,56168760,0,21457870,202111.0
12,A15603502,0,0,0,0,0,0,4210632,0,0,0,202111.0
13,A15603006,0,0,25780,0,0,0,16317220,60374300,69840,29536930,202111.0
14,A15671801,0,0,-318260,318260,0,0,2746040,9419850,365150,3078500,202111.0
15,A15683901,0,0,0,0,0,0,1725354,16026920,1083930,13916330,202111.0
16,A15678101,0,0,0,0,0,0,1331610,6042260,0,0,202111.0
17,A15683402,0,0,0,0,0,0,3095264,24040910,558850,10874240,202111.0
18,A15603204,0,0,0,0,0,0,5264900,17914450,0,0,202111.0
19,A15678103,0,0,0,0,0,0,32936960,72425070,0,28849160,202111.0
20,A15603001,0,0,0,0,0,0,1640072,6600480,254560,2935760,202111.0
21,A15603203,0,0,0,0,0,0,1628771,15206800,0,8255700,202111.0
22,A15603009,,,,,,,,,,,202111.0
23,A15603007,0,0,870,0,0,0,1589030,2328750,-370810,1878300,202111.0
24,A15678102,45114084,0,0,0,-13532100,13532100,9756255,18399470,4722230,5593370,202111.0
25,A10027472,0,0,0,0,0,0,2844970,6583500,727190,2999970,202111.0
26,A10027633,0,0,0,0,0,0,2182290,27008650,1363520,10057410,202111.0
27,A10025768,0,0,0,0,0,0,11323060,41935870,139430,12012330,202111.0
28,A10027424,0,0,0,0,0,0,3823194,20848930,96520,8387760,202111.0
29,A10024365,0,0,0,0,0,0,17372490,43109330,912810,12915970,202111.0
30,A15606006,0,0,0,0,0,0,0,1681340,0,1013430,202111.0
31,A15606002,0,0,0,0,0,0,3040360,8120620,0,0,202111.0
32,A15606007,0,0,0,0,0,0,10947000,21485040,0,9184110,202111.0
33,A15606001,0,0,0,0,0,0,2529737,7636360,366150,4098120,202111.0
34,A15605102,0,0,0,0,0,0,2989156,8609340,343060,4592130,202111.0
35,A15606004,45857862,0,0,0,26845500,0,27824522,0,9394040,0,202111.0
36,A15676702,0,0,0,0,0,0,24000,2098750,0,1557940,202111.0
37,A15606003,0,0,0,0,0,0,2484500,20455700,0,9793160,202111.0
38,A15606005,0,0,0,0,0,0,1853270,4300340,440080,2761670,202111.0
39,A10026873,,,,,,,,,,,202111.0
40,A15679103,0,0,0,0,-354130,354130,926149,6660260,-114140,4015610,202111.0
41,A15679109,0,0,0,0,0,0,12087180,54972340,138080,17017680,202111.0
42,A15679104,0,0,81030,0,0,0,795187,6770040,0,0,202111.0
43,A15679108,0,0,0,0,0,0,19147084,41613740,399850,15105810,202111.0
44,A15607001,0,0,0,0,0,0,5551910,14012230,0,0,202111.0
45,A15679105,0,58305150,0,0,0,13590000,9865500,22179600,80450,14370550,202111.0
46,A15685702,78924920,0,0,0,-20047500,20047500,12807809,28444460,4753690,12488240,202111.0
47,A15679107,0,0,0,0,0,0,9152210,38001150,0,11958140,202111.0
48,A10025770,0,0,0,0,0,0,8815970,50889830,79890,16661310,202111.0
49,A10025867,0,0,0,0,0,0,14035600,20188570,1386000,8204710,202111.0
50,A10023350,,,,,,,,,,,202111.0
51,A15608002,0,0,0,0,0,0,11552399,0,5061490,0,202111.0
52,A15608003,0,0,0,0,0,0,10804400,43980610,465270,13030050,202111.0
53,A15608001,0,0,0,0,0,0,510750,8498170,0,0,202111.0
54,A10025175,,,,,,,,,,,202111.0
55,A10023898,,,,,,,,,,,202111.0
56,A15609305,0,0,0,0,0,0,5996183,17303160,88010,8302630,202111.0
57,A15609003,0,0,0,0,0,0,1891290,20171690,0,9006190,202111.0
58,A15681802,0,0,0,0,0,0,1811539,7785510,0,0,202111.0
59,A15677204,4146500,37834220,0,0,3867600,15667300,5152530,22032910,382400,10520110,202111.0
60,A15609502,0,0,0,0,0,0,8198171,22071190,760070,12079780,202111.0
61,A15609303,0,0,180650,0,0,0,3821050,10089940,0,0,202111.0
62,A15609001,0,0,0,0,0,0,2610020,7605390,0,0,202111.0
63,A15681501,6493470,42294150,0,0,0,16125000,6822970,23414970,126400,12133840,202111.0
64,A15609401,0,0,0,0,0,0,8769790,6259940,3628130,3626100,202111.0
65,A15609002,0,0,0,0,0,0,1912510,7147820,0,7936120,202111.0
66,A15681503,9473920,84990950,0,0,-4870,41123110,9499220,47461650,3311800,18864540,202111.0
67,A15609005,4396270,55961570,0,0,0,32855000,8904090,39009720,3664660,0,202111.0
68,A15681502,66950750,0,0,0,0,20175000,7175746,33909750,0,17353815,202111.0
69,A15609301,0,0,179170,0,0,0,2032200,8606740,8212230,0,202111.0
70,A15677501,0,0,0,0,0,0,10161540,19496470,0,8265480,202111.0
71,A15609501,0,0,0,0,0,0,2186650,6351610,0,0,202111.0
72,A15609006,0,7946480,0,0,0,7929700,3763809,10224890,1645290,3359140,202111.0
73,A15609007,0,0,0,0,0,0,4976020,18309230,0,16655840,202111.0
74,A15609306,0,0,0,0,0,0,10473790,32984070,0,33313090,202111.0
75,A10026299,0,0,0,0,0,0,9083463,35376290,2467950,20369820,202111.0
76,A15609008,,,,,,,,,,,202111.0
77,A10024642,,,,,,,,,,,202111.0
78,A10024811,0,0,0,0,0,0,1722470,5014320,748440,4670060,202111.0
79,A10025013,0,0,0,0,0,0,56677210,0,14252580,0,202111.0
80,A10024245,0,0,0,0,0,0,11186420,21947030,34160,6966500,202111.0
81,A15681103,0,0,0,0,0,0,2673090,5811280,0,0,202111.0
82,A15681106,0,0,0,0,0,0,4665606,16153800,585960,0,202111.0
83,A15681104,0,0,0,0,0,0,2074181,8357270,39760,5006120,202111.0
84,A15602007,0,0,3630,0,0,0,6801484,22450630,0,13572130,202111.0
85,A15602002,0,0,-308160,308160,0,0,2082890,7234570,0,0,202111.0
86,A15676512,21197865,0,0,0,0,9924000,5062940,0,0,0,202111.0
87,A15681110,15251590,69631870,0,0,0,43312100,23943670,45668520,85460,32328380,202111.0
88,A15602001,0,0,0,0,0,0,2035850,7075140,0,0,202111.0
89,A15681108,50071350,0,0,0,0,0,4491320,0,1410000,0,202111.0
90,A15681105,0,0,186600,0,0,0,7045199,16879000,0,0,202111.0
91,A15601102,0,0,0,0,0,0,3921049,10911870,-79800,12341040,202111.0
92,A15672001,0,0,0,0,0,0,2405848,7059750,6070,0,202111.0
93,A15670001,0,0,0,0,0,0,10274030,36366700,1911870,11233410,202111.0
94,A15601201,0,0,1100,0,0,0,675380,0,50000,0,202111.0
95,A15685201,0,0,0,0,0,0,1690040,60360,0,0,202111.0
96,A15601104,0,0,0,0,0,0,3990514,24059840,0,0,202111.0
97,A15685503,0,0,0,0,0,0,3486820,17774050,0,18826090,202111.0
98,A15601105,0,0,0,0,0,0,7163950,29354180,940250,18861310,202111.0
99,A15685206,0,0,0,0,0,0,6845361,51927680,2143760,23659800,202111.0
100,A15601003,0,0,0,0,0,0,5216645,22830380,24000,6805830,202111.0
101,A15601103,0,0,0,0,0,0,2039010,16663780,0,8846370,202111.0
102,A15183001,25720,0,0,0,0,0,3411260,7590560,12630,0,202111.0
103,A10025504,,,,,,,,,,,202111.0
104,A15601004,,,,,,,,,,,202111.0
105,A15601202,0,0,99430,0,0,0,12154592,0,0,0,202111.0
106,A10024733,,,,,,,,,,,202111.0
107,A10024098,0,0,0,0,0,0,0,1422420,374790,3971090,202111.0
