,kaptCode,heatC,heatP,gasC,gasP,waterHotC,waterHotP,electC,electP,waterCoolC,waterCoolP,Date
0,A15605103,3907,1413080,0,0,0,17405000,0,83613950,1895570,33498600,202108.0
1,A15676701,3844400,0,0,0,3511120,0,25082465,0,11461870,0,202108.0
2,A15605002,7285015,0,0,0,0,7316400,8495040,53772150,700000,0,202108.0
3,A15605003,0,0,0,0,0,0,6592824,25694030,120640,5170630,202108.0
4,A15603205,0,0,0,0,0,7980000,3981688,43557710,884370,15563000,202108.0
5,A15603401,0,0,0,0,0,0,558370,8676200,0,3222220,202108.0
6,A15603002,0,0,0,0,0,0,6256210,26488980,130030,7298410,202108.0
7,A15603008,0,0,0,0,0,0,9737764,71247690,-1480,18106260,202108.0
8,A15603003,0,0,0,0,0,0,0,11599350,0,6612620,202108.0
9,A15683601,0,0,0,0,0,0,483804,17173730,0,0,202108.0
10,A15603004,0,0,0,0,0,0,1827820,22995230,30980,9485350,202108.0
11,A15603206,0,0,0,0,0,0,-4779306,128221200,0,23069290,202108.0
12,A15603502,0,0,0,0,0,0,5346370,25159690,0,7639980,202108.0
13,A15603006,0,0,28130,0,0,0,29956930,122321740,71090,31758800,202108.0
14,A15671801,0,0,-356370,356370,0,0,2161050,15214150,212030,3409180,202108.0
15,A15683901,0,0,0,0,0,0,-105349,23655870,0,0,202108.0
16,A15678101,0,0,0,0,0,0,807640,11518610,0,0,202108.0
17,A15683402,0,0,0,0,0,0,3606537,47294260,265430,11167660,202108.0
18,A15603204,0,0,0,0,0,0,3090990,23360580,850,20047930,202108.0
19,A15678103,0,0,0,0,0,0,40915154,85698080,1722000,29814510,202108.0
20,A15603001,0,0,0,0,0,0,2280727,12172450,238880,3149800,202108.0
21,A15603203,0,0,0,0,0,0,2288949,29373510,15060,7773620,202108.0
22,A15603009,,,,,,,,,,,202108.0
23,A15603007,0,0,750,0,0,0,1483720,2972830,-199380,1782910,202108.0
24,A15678102,2635212,0,0,0,-5873800,5873800,8075065,19208630,3487230,7911390,202108.0
25,A10027472,0,0,0,0,0,0,2384940,8730500,775150,3284030,202108.0
26,A10027633,0,0,0,0,0,0,3116080,65263750,2060820,10841830,202108.0
27,A10025768,0,0,0,0,0,0,16216690,90319390,54800,14200380,202108.0
28,A10027424,0,0,0,0,0,0,3432479,32022910,-10090,8988470,202108.0
29,A10024365,0,0,0,0,0,0,21370000,79042470,1995390,12737100,202108.0
30,A15606006,0,0,0,0,0,0,0,2548150,0,1220460,202108.0
31,A15606002,0,0,0,0,0,0,3302580,19391590,0,0,202108.0
32,A15606007,0,0,0,0,0,0,13556290,40392570,0,10139720,202108.0
33,A15606001,0,0,0,0,0,0,3081121,14601930,182930,4409850,202108.0
34,A15605102,0,0,0,0,0,0,4094517,16569570,355950,4792050,202108.0
35,A15606004,0,0,0,0,17253310,0,29192080,0,11254070,0,202108.0
36,A15676702,0,0,0,0,0,0,36800,3671990,0,1693880,202108.0
37,A15606003,0,0,0,0,0,0,1291770,43606900,0,9933760,202108.0
38,A15606005,0,0,0,0,0,0,1859740,5481140,0,3039670,202108.0
39,A10026873,,,,,,,,,,,202108.0
40,A15679103,0,0,0,0,0,0,2893966,11623470,0,4487580,202108.0
41,A15679109,0,0,0,0,0,0,11227370,114447920,579920,18287160,202108.0
42,A15679104,0,0,4620,0,0,0,-383105,11387600,243610,0,202108.0
43,A15679108,0,0,0,0,0,0,14792844,87588010,314180,15687960,202108.0
44,A15607001,0,0,0,0,0,0,5005070,26822650,518710,16110290,202108.0
45,A15679105,0,1043100,0,0,0,6975000,9597410,42938160,80240,14117320,202108.0
46,A15685702,9904640,0,0,0,-9382500,9382500,9288333,56514550,3015460,15943410,202108.0
47,A15679107,0,0,0,0,0,0,9950610,70411440,0,12226450,202108.0
48,A10025770,0,0,0,0,0,0,9536770,96411520,83890,17554920,202108.0
49,A10025867,0,0,0,0,0,0,16852760,31607530,2495480,8367350,202108.0
50,A10023350,,,,,,,,,,,202108.0
51,A15608002,0,0,0,0,0,0,19249222,0,5434100,0,202108.0
52,A15608003,0,0,0,0,0,0,12540090,82506140,233650,13973760,202108.0
53,A15608001,0,0,0,0,0,0,0,16862990,24580,5792600,202108.0
54,A10025175,,,,,,,,,,,202108.0
55,A10023898,,,,,,,,,,,202108.0
56,A15609305,0,0,0,0,0,0,8162821,40686640,99350,9268560,202108.0
57,A15609003,0,0,0,0,0,0,1036490,22918080,0,9420580,202108.0
58,A15681802,0,0,0,0,0,0,2676763,15412690,0,0,202108.0
59,A15677204,0,0,0,0,2227850,6354100,3834244,38657310,382400,12692500,202108.0
60,A15609502,0,0,0,0,0,0,2532327,30642380,456400,14259800,202108.0
61,A15609303,0,0,7980,0,0,0,4701380,15883880,809200,0,202108.0
62,A15609001,0,0,0,0,0,0,2700790,10515590,6800330,0,202108.0
63,A15681501,1124040,0,0,0,0,10097620,6608330,31463920,103920,13745880,202108.0
64,A15609401,0,0,0,0,0,0,14468270,14469430,3944360,3938380,202108.0
65,A15609002,0,0,0,0,0,0,1716700,9086420,0,0,202108.0
66,A15681503,0,0,0,0,370,17233400,10549740,63788340,600170,24523620,202108.0
67,A15609005,633370,0,0,0,17332800,0,74873060,0,3948290,0,202108.0
68,A15681502,0,0,0,0,0,14285000,6384305,76873150,0,22201984,202108.0
69,A15609301,0,0,19010,0,0,0,1551610,10279930,0,0,202108.0
70,A15677501,0,0,0,0,0,0,9946010,27051150,0,9131870,202108.0
71,A15609501,0,0,0,0,0,0,1162000,10931330,0,0,202108.0
72,A15609006,0,-147740,0,0,0,4128460,2929070,11986580,1023310,4288610,202108.0
73,A15609007,0,0,0,0,0,0,7236410,25739300,0,0,202108.0
74,A15609306,0,0,0,0,0,0,15644030,69193470,0,0,202108.0
75,A10026299,0,0,0,0,0,0,12072356,49159240,0,0,202108.0
76,A15609008,,,,,,,,,,,202108.0
77,A10024642,,,,,,,,,,,202108.0
78,A10024811,0,0,0,0,0,0,2134910,8034210,0,0,202108.0
79,A10025013,0,0,0,0,0,0,18802018,80710500,1713200,14698970,202108.0
80,A10024245,0,0,0,0,0,0,12553780,25189120,180410,4649960,202108.0
81,A15681103,0,0,0,0,0,0,2259820,13490000,0,7809360,202108.0
82,A15681106,0,0,0,0,0,0,6106017,36643810,0,0,202108.0
83,A15681104,0,0,0,0,0,0,2892614,17016060,228980,5231980,202108.0
84,A15602007,0,0,0,0,0,0,9311245,47971620,0,14389130,202108.0
85,A15602002,0,0,-325410,325410,0,0,3116530,13771450,0,8228730,202108.0
86,A15676512,113691,0,0,0,0,4638000,4093680,0,3073010,0,202108.0
87,A15681110,5957690,0,0,0,0,12615750,30238281,88977860,83560,32646390,202108.0
88,A15602001,0,0,0,0,0,0,2331440,16449730,117770,6312660,202108.0
89,A15681108,8663600,0,0,0,0,0,3350750,0,3060800,0,202108.0
90,A15681105,0,0,1760,0,0,0,7347650,21921150,205350,0,202108.0
91,A15601102,0,0,0,0,0,0,4728547,22462200,0,0,202108.0
92,A15672001,0,0,0,0,0,0,2515354,11126340,0,0,202108.0
93,A15670001,0,0,0,0,0,0,14184770,82817160,1960770,11654850,202108.0
94,A15601201,0,0,1100,0,0,0,842200,0,50000,0,202108.0
95,A15685201,0,0,0,0,0,0,1766200,59880,348830,0,202108.0
96,A15601104,0,0,0,0,0,0,-249237,33315380,400,27659310,202108.0
97,A15685503,0,0,0,0,0,0,3903760,40198280,0,0,202108.0
98,A15601105,0,0,0,0,0,0,8885880,51193330,978850,19917950,202108.0
99,A15685206,0,0,0,0,0,0,10924710,84354290,2913020,26852050,202108.0
100,A15601003,0,0,0,0,0,0,6086960,44358220,19200,7152610,202108.0
101,A15601103,0,0,0,0,0,0,-2092440,40183460,0,9501490,202108.0
102,A15183001,0,0,0,0,0,0,4400600,13115730,310400,0,202108.0
103,A10025504,,,,,,,,,,,202108.0
104,A15601004,,,,,,,,,,,202108.0
105,A15601202,0,0,650,0,0,0,19365999,0,0,0,202108.0
106,A10024733,,,,,,,,,,,202108.0
107,A10024098,,,,,,,,,,,202108.0
