,kaptCode,heatC,heatP,gasC,gasP,waterHotC,waterHotP,electC,electP,waterCoolC,waterCoolP,Date
0,A15605103,3945,64447780,0,0,0,40865000,8068326,56101780,1776140,28903130,202104.0
1,A15676701,23079376,0,0,0,921200,8551200,5229490,13677560,-16220,9622670,202104.0
2,A15605002,34723755,0,0,0,0,15044400,11832807,26324210,700000,0,202104.0
3,A15605003,0,0,0,0,0,0,6891120,11717860,803130,4824830,202104.0
4,A15603205,-147130,20575220,0,0,0,15150000,6237115,24827810,701980,14100610,202104.0
5,A15603401,0,0,0,0,0,0,576660,7281600,0,3400220,202104.0
6,A15603002,0,0,0,0,0,0,3598200,14796460,40360,6535520,202104.0
7,A15603008,0,0,0,0,0,0,10825248,48078210,-15350,16546010,202104.0
8,A15603003,0,0,0,0,0,0,0,7332660,0,6139180,202104.0
9,A15683601,0,0,56200,0,0,0,974071,10645170,0,0,202104.0
10,A15603004,3980,0,0,0,0,0,3769710,10799900,37490,8227250,202104.0
11,A15603206,0,0,0,0,0,0,13557713,45512070,0,20036830,202104.0
12,A15603502,0,0,0,0,0,0,5322680,13648600,0,7327080,202104.0
13,A15603006,0,0,230980,0,0,0,14513050,60029540,70000,28778930,202104.0
14,A15671801,0,0,0,0,0,0,11057250,0,3168710,0,202104.0
15,A15683901,0,0,0,0,0,0,1767796,15425590,0,0,202104.0
16,A15678101,0,0,0,0,0,0,1688793,5735230,0,0,202104.0
17,A15683402,0,0,0,0,0,0,3174491,23937100,186850,10748190,202104.0
18,A15603204,0,0,0,0,0,0,4825820,15783130,490,17919250,202104.0
19,A15678103,0,0,0,0,0,0,27957646,64288530,0,26785250,202104.0
20,A15603001,0,0,0,0,0,0,1660074,6588120,210000,2893280,202104.0
21,A15603203,0,0,0,0,0,0,3140111,13623910,63950,7286180,202104.0
22,A15603009,,,,,,,,,,,202104.0
23,A15603007,0,0,11560,0,0,0,1290190,2314700,-311050,1683450,202104.0
24,A15678102,28026544,0,0,0,-14804900,14804900,6104750,16684340,4595370,5668400,202104.0
25,A10027472,0,0,0,0,0,0,2824280,5975150,571610,3058350,202104.0
26,A10027633,0,0,0,0,0,0,3205930,27014090,1800030,9927390,202104.0
27,A10025768,0,0,0,0,0,0,11250590,41143020,37950,12677320,202104.0
28,A10027424,0,0,0,0,0,0,4321661,19083420,-393790,8420680,202104.0
29,A10024365,0,0,0,0,0,0,25230450,0,0,0,202104.0
30,A15606006,0,0,0,0,0,0,0,1808640,0,1045980,202104.0
31,A15606002,0,0,0,0,0,0,3673570,7883740,0,0,202104.0
32,A15606007,0,0,0,0,0,0,8815370,20280650,0,8715120,202104.0
33,A15606001,0,0,0,0,0,0,2861416,7749640,145490,4287870,202104.0
34,A15605102,0,0,0,0,0,0,3076178,8214550,359320,4632660,202104.0
35,A15606004,17911460,0,0,0,27333790,0,22958169,0,9253420,0,202104.0
36,A15676702,0,0,0,0,0,0,49600,2294580,0,1374310,202104.0
37,A15606003,0,0,0,0,0,0,2661300,19898750,0,9186130,202104.0
38,A15606005,0,0,0,0,0,0,1620740,4557920,0,2512140,202104.0
39,A10026873,,,,,,,,,,,202104.0
40,A15679103,0,0,0,0,0,0,1492049,6285550,0,3918490,202104.0
41,A15679109,0,0,0,0,0,0,9054810,52615000,154310,16441500,202104.0
42,A15679104,0,0,170430,0,0,0,984668,6762430,657240,0,202104.0
43,A15679108,0,0,0,0,0,0,19571446,38999070,38110,15073050,202104.0
44,A15607001,0,0,0,0,0,0,5487610,13663220,119660,14693200,202104.0
45,A15679105,0,24657900,0,0,0,13509000,9452000,20787340,84090,15824190,202104.0
46,A15685702,45323480,0,0,0,-21501000,21501000,10881665,25641330,5332020,9990260,202104.0
47,A15679107,0,0,0,0,0,0,6792870,36526340,0,11200400,202104.0
48,A10025770,0,0,0,0,0,0,4320360,49034760,75890,16427810,202104.0
49,A10025867,0,0,0,0,0,0,9984040,18309330,1644970,7697400,202104.0
50,A10023350,,,,,,,,,,,202104.0
51,A15608002,0,0,0,0,0,0,11085135,0,5161670,0,202104.0
52,A15608003,0,0,0,0,0,0,8047020,42960800,737340,12739020,202104.0
53,A15608001,0,0,0,0,0,0,1641260,8938800,0,5279260,202104.0
54,A10025175,,,,,,,,,,,202104.0
55,A10023898,,,,,,,,,,,202104.0
56,A15609305,0,0,0,0,0,0,9108298,17687300,104060,9056060,202104.0
57,A15609003,0,0,0,0,0,0,2540140,18466170,0,9099310,202104.0
58,A15681802,0,0,0,0,0,0,2354176,7250340,0,0,202104.0
59,A15677204,4146500,8653930,0,0,3313770,15125160,282280,23767320,382400,8972620,202104.0
60,A15609502,0,0,0,0,0,0,6470540,21513710,-325290,12044410,202104.0
61,A15609303,0,0,166180,0,0,0,3843590,9925440,1703400,0,202104.0
62,A15609001,0,0,0,0,0,0,2140780,7172290,5872990,0,202104.0
63,A15681501,4675700,23732400,0,0,0,18285000,6479580,20342070,23180,10774600,202104.0
64,A15609401,0,0,0,0,0,0,8306905,7811670,3568590,3568620,202104.0
65,A15609002,0,0,0,0,0,0,1883710,6947300,0,0,202104.0
66,A15681503,3494930,18170590,0,0,-2300,36885410,11552260,41395030,1069010,18298030,202104.0
67,A15609005,3290930,14904930,0,0,0,38102400,8897930,36690000,2661050,0,202104.0
68,A15681502,25980620,0,0,0,0,21555000,5213218,32389830,0,17756508,202104.0
69,A15609301,0,0,142270,0,0,0,2320610,7972380,0,0,202104.0
70,A15677501,0,0,0,0,0,0,9347160,17761310,0,7870760,202104.0
71,A15609501,0,0,0,0,0,0,1886350,6256100,0,0,202104.0
72,A15609006,0,1658380,0,0,0,7644450,2937025,8310250,1902630,3074580,202104.0
73,A15609007,0,0,0,0,0,0,5153210,16904780,0,0,202104.0
74,A15609306,0,0,0,0,0,0,9755160,33161160,0,0,202104.0
75,A10026299,0,0,0,0,0,0,3147834,31601610,0,0,202104.0
76,A15609008,,,,,,,,,,,202104.0
77,A10024642,,,,,,,,,,,202104.0
78,A10024811,0,0,0,0,0,0,1198970,5428360,0,0,202104.0
79,A10025013,0,0,0,0,0,0,14147778,40718040,-1155550,14041990,202104.0
80,A10024245,,,,,,,,,,,202104.0
81,A15681103,0,0,0,0,0,0,2675710,6173120,0,6399300,202104.0
82,A15681106,0,0,0,0,0,0,4710845,16228060,0,0,202104.0
83,A15681104,0,0,0,0,0,0,2539071,8379530,258010,4542500,202104.0
84,A15602007,0,0,219900,0,0,0,6498507,21573080,0,13495650,202104.0
85,A15602002,0,0,-324570,324570,0,0,3496860,6534590,7147320,0,202104.0
86,A15676512,10958393,0,0,0,0,9660000,4168490,0,11057380,0,202104.0
87,A15681110,6132369,14237480,0,0,0,38056200,10895190,34658710,420210,30997180,202104.0
88,A15602001,0,0,0,0,0,0,1929260,7050060,46680,5829250,202104.0
89,A15681108,40270960,0,0,0,0,0,3785990,0,12961220,0,202104.0
90,A15681105,0,0,63860,0,0,0,6135213,15327720,535180,0,202104.0
91,A15601102,0,0,0,0,0,0,4061103,11022280,0,0,202104.0
92,A15672001,0,0,0,0,0,0,2275944,6706040,0,0,202104.0
93,A15670001,0,0,0,0,0,0,10676420,35980590,2082240,10598580,202104.0
94,A15601201,0,0,30300,0,0,0,752320,0,50000,0,202104.0
95,A15685201,0,0,0,0,0,0,1948160,38400,274730,0,202104.0
96,A15601104,0,0,0,0,0,0,6580648,19899460,100,26835550,202104.0
97,A15685503,0,0,0,0,0,0,3145280,17356410,0,0,202104.0
98,A15601105,0,0,0,0,0,0,8614970,25153340,35510,17760360,202104.0
99,A15685206,0,0,0,0,0,0,10385292,45233480,2579800,23523690,202104.0
100,A15601003,0,0,0,0,0,0,4503717,22086030,16740,6676930,202104.0
101,A15601103,0,0,0,0,0,0,2864630,16184350,0,8020430,202104.0
102,A15183001,74360,0,0,0,0,0,3636510,7229900,350120,0,202104.0
103,A10025504,,,,,,,,,,,202104.0
104,A15601004,,,,,,,,,,,202104.0
105,A15601202,0,0,29860,0,0,0,11541547,0,0,0,202104.0
106,A10024733,,,,,,,,,,,202104.0
107,A10024098,,,,,,,,,,,202104.0
