,kaptCode,heatC,heatP,gasC,gasP,waterHotC,waterHotP,electC,electP,waterCoolC,waterCoolP,Date
0,A15605103,-4650.0,196477820.0,0.0,0.0,0.0,48590000.0,11999501.0,66381840.0,2579830.0,32169870.0,202210.0
1,A15676701,0.0,0.0,0.0,0.0,0.0,0.0,6300594.0,0.0,0.0,9338050.0,202210.0
2,A15605002,110925805.0,0.0,0.0,0.0,0.0,15957200.0,10101450.0,30785340.0,700000.0,0.0,202210.0
3,A15605003,0.0,0.0,0.0,0.0,0.0,0.0,4250911.0,12469860.0,0.0,4993920.0,202210.0
4,A15603205,-594500.0,108364320.0,0.0,0.0,0.0,17979000.0,11280883.0,32720240.0,2733240.0,13731880.0,202210.0
5,A15603401,0.0,0.0,0.0,0.0,0.0,0.0,893000.0,8972700.0,0.0,3582340.0,202210.0
6,A15603002,0.0,0.0,0.0,0.0,0.0,0.0,4764590.0,17633930.0,649450.0,6841140.0,202210.0
7,A15603008,0.0,0.0,0.0,0.0,0.0,0.0,21053987.0,60043390.0,-180.0,18049140.0,202210.0
8,A15603003,0.0,0.0,0.0,0.0,0.0,0.0,0.0,9324030.0,0.0,2789810.0,202210.0
9,A15683601,0.0,0.0,12900.0,0.0,0.0,0.0,-1450222.0,12910870.0,0.0,0.0,202210.0
10,A15603004,0.0,0.0,0.0,0.0,0.0,0.0,4173920.0,13507260.0,37730.0,8327660.0,202210.0
11,A15603206,0.0,0.0,0.0,0.0,0.0,0.0,9769431.0,64649990.0,0.0,22219640.0,202210.0
12,A15603502,0.0,0.0,0.0,0.0,0.0,0.0,5026523.0,14174150.0,0.0,7749890.0,202210.0
13,A15603006,0.0,0.0,50150.0,0.0,0.0,0.0,18193340.0,69424600.0,69960.0,30622650.0,202210.0
14,A15671801,0.0,0.0,-306860.0,306860.0,0.0,0.0,2891800.0,9388700.0,175910.0,3611240.0,202210.0
15,A15683901,0.0,0.0,0.0,0.0,0.0,0.0,2550833.0,18689720.0,1289550.0,13689700.0,202210.0
16,A15678101,0.0,0.0,0.0,0.0,0.0,0.0,1709570.0,6169490.0,0.0,0.0,202210.0
17,A15683402,0.0,0.0,0.0,0.0,0.0,0.0,4408689.0,24616710.0,543030.0,10743000.0,202210.0
18,A15603204,0.0,0.0,0.0,0.0,0.0,0.0,5927150.0,18691730.0,360.0,20095350.0,202210.0
19,A15678103,0.0,0.0,0.0,0.0,0.0,0.0,34772118.0,77989390.0,0.0,30287160.0,202210.0
20,A15603001,0.0,0.0,0.0,0.0,0.0,0.0,1600851.0,6948550.0,268200.0,3103690.0,202210.0
21,A15603203,0.0,0.0,0.0,0.0,0.0,0.0,3340725.0,14626560.0,22200.0,8422390.0,202210.0
22,A15603009,,,,,,,,,,,202210.0
23,A15603007,0.0,0.0,7670.0,0.0,0.0,0.0,1048770.0,2972460.0,-169290.0,1892090.0,202210.0
24,A15678102,40902914.0,0.0,0.0,0.0,-9864200.0,9864200.0,8642625.0,20308800.0,6230720.0,5770920.0,202210.0
25,A10027472,0.0,0.0,0.0,0.0,0.0,0.0,2949160.0,7638130.0,108570.0,3868530.0,202210.0
26,A10027633,0.0,0.0,0.0,0.0,0.0,0.0,3017000.0,28103010.0,3621030.0,11147520.0,202210.0
27,A10025768,0.0,0.0,0.0,0.0,0.0,0.0,12279492.0,49220330.0,-847940.0,15017710.0,202210.0
28,A10027424,0.0,0.0,0.0,0.0,0.0,0.0,4507614.0,23358190.0,-82960.0,8531320.0,202210.0
29,A10024365,0.0,0.0,0.0,0.0,0.0,0.0,11867155.0,46805860.0,1812870.0,14363050.0,202210.0
30,A15606006,0.0,0.0,0.0,0.0,0.0,0.0,122100.0,1744300.0,0.0,1016090.0,202210.0
31,A15606002,0.0,0.0,0.0,0.0,0.0,0.0,3381130.0,8592160.0,0.0,0.0,202210.0
32,A15606007,0.0,0.0,0.0,0.0,0.0,0.0,9922400.0,24569450.0,0.0,9605580.0,202210.0
33,A15606001,0.0,0.0,0.0,0.0,0.0,0.0,2508275.0,8755810.0,0.0,4369690.0,202210.0
34,A15605102,0.0,0.0,0.0,0.0,0.0,0.0,3052035.0,9003320.0,887680.0,4176900.0,202210.0
35,A15606004,0.0,0.0,0.0,0.0,22270870.0,25303160.0,4608600.0,27076260.0,0.0,11149270.0,202210.0
36,A15676702,0.0,0.0,0.0,0.0,0.0,0.0,19200.0,2246680.0,83750.0,1529420.0,202210.0
37,A15606003,0.0,0.0,0.0,0.0,0.0,0.0,3034660.0,20967010.0,0.0,9876350.0,202210.0
38,A15606005,0.0,0.0,0.0,0.0,0.0,0.0,2734900.0,4424030.0,0.0,2465030.0,202210.0
39,A10026873,,,,,,,,,,,202210.0
40,A15679103,0.0,0.0,0.0,0.0,-313880.0,313880.0,2273067.0,6662030.0,0.0,4340130.0,202210.0
41,A15679109,0.0,0.0,0.0,0.0,0.0,0.0,10698168.0,55092172.0,0.0,18882440.0,202210.0
42,A15679104,0.0,0.0,4850.0,0.0,0.0,0.0,352003.0,7679590.0,268090.0,0.0,202210.0
43,A15679108,0.0,0.0,0.0,0.0,0.0,0.0,19163684.0,41365110.0,497640.0,15545870.0,202210.0
44,A15607001,0.0,0.0,0.0,0.0,0.0,0.0,5478037.0,14570740.0,-92920.0,16545250.0,202210.0
45,A15679105,10379950.0,54488550.0,-936250.0,936250.0,-10480500.0,10480500.0,9009770.0,24091670.0,-739210.0,14101870.0,202210.0
46,A15685702,64931950.0,0.0,0.0,0.0,-17847000.0,17847000.0,10785583.0,30336010.0,6366450.0,12020870.0,202210.0
47,A15679107,0.0,0.0,0.0,0.0,0.0,0.0,8179340.0,36966280.0,0.0,12049480.0,202210.0
48,A10025770,0.0,0.0,0.0,0.0,0.0,0.0,6229070.0,54206460.0,69530.0,17576210.0,202210.0
49,A10025867,0.0,0.0,0.0,0.0,0.0,0.0,15126830.0,22907390.0,0.0,8362390.0,202210.0
50,A10023350,,,,,,,,,,,202210.0
51,A15608002,0.0,0.0,0.0,0.0,0.0,0.0,11432011.0,10844550.0,812440.0,4658350.0,202210.0
52,A15608003,0.0,0.0,0.0,0.0,0.0,0.0,9470720.0,43015700.0,280340.0,12945120.0,202210.0
53,A15608001,0.0,0.0,0.0,0.0,0.0,0.0,601980.0,9596530.0,0.0,6146510.0,202210.0
54,A10025175,,,,,,,,,,,202210.0
55,A10023898,0.0,0.0,0.0,0.0,0.0,0.0,24496380.0,0.0,5406440.0,0.0,202210.0
56,A15609305,0.0,0.0,0.0,0.0,0.0,0.0,6322433.0,18967970.0,95770.0,8928440.0,202210.0
57,A15609003,0.0,0.0,0.0,0.0,0.0,0.0,3171990.0,21368120.0,0.0,11180830.0,202210.0
58,A15681802,0.0,0.0,0.0,0.0,0.0,0.0,2099199.0,7771130.0,219950.0,0.0,202210.0
59,A15677204,4146500.0,15551550.0,0.0,0.0,2053820.0,16480770.0,10290540.0,27015240.0,383790.0,12127440.0,202210.0
60,A15609502,0.0,0.0,0.0,0.0,0.0,0.0,7461087.0,25659010.0,-443580.0,12530620.0,202210.0
61,A15609303,0.0,0.0,199310.0,0.0,0.0,0.0,4072570.0,10750850.0,1064700.0,0.0,202210.0
62,A15609001,0.0,0.0,0.0,0.0,0.0,0.0,2469040.0,7417260.0,1116860.0,0.0,202210.0
63,A15681501,4664230.0,28178400.0,0.0,0.0,0.0,13800000.0,5459630.0,27693880.0,183540.0,13097340.0,202210.0
64,A15609401,0.0,0.0,0.0,0.0,0.0,0.0,2244770.0,6649350.0,70.0,3761550.0,202210.0
65,A15609002,0.0,0.0,0.0,0.0,0.0,0.0,2326400.0,6931640.0,0.0,0.0,202210.0
66,A15681503,3174780.0,28627270.0,0.0,0.0,0.0,37990000.0,24350520.0,49342980.0,2806140.0,20062860.0,202210.0
67,A15609005,8158690.0,20106340.0,0.0,0.0,0.0,33396400.0,8437870.0,38893240.0,2541920.0,0.0,202210.0
68,A15681502,34988460.0,0.0,0.0,0.0,0.0,15115000.0,3313809.0,40839070.0,0.0,19648240.0,202210.0
69,A15609301,0.0,0.0,263180.0,0.0,0.0,0.0,2201230.0,9816080.0,0.0,0.0,202210.0
70,A15677501,0.0,0.0,0.0,0.0,0.0,0.0,21744440.0,21242690.0,8360970.0,8334010.0,202210.0
71,A15609501,0.0,0.0,0.0,0.0,0.0,0.0,1901120.0,7623840.0,0.0,0.0,202210.0
72,A15609006,1627750.0,2246180.0,0.0,0.0,0.0,7260500.0,3109790.0,11136520.0,-47570.0,5421890.0,202210.0
73,A15609007,0.0,0.0,0.0,0.0,0.0,0.0,6644420.0,20367670.0,0.0,0.0,202210.0
74,A15609306,0.0,0.0,0.0,0.0,0.0,0.0,11470980.0,34309750.0,0.0,0.0,202210.0
75,A10026299,0.0,0.0,0.0,0.0,0.0,0.0,9644899.0,38384550.0,0.0,0.0,202210.0
76,A15609008,,,,,,,,,,,202210.0
77,A10024642,,,,,,,,,,,202210.0
78,A10024811,,,,,,,,,,,202210.0
79,A10025013,0.0,0.0,0.0,0.0,0.0,0.0,14295690.0,47728770.0,-743680.0,14652800.0,202210.0
80,A10024245,0.0,0.0,0.0,0.0,0.0,0.0,8331560.0,25534090.0,11416.0,7668920.0,202210.0
81,A15681103,0.0,0.0,0.0,0.0,0.0,0.0,1707160.0,7369670.0,55670.0,8126110.0,202210.0
82,A15681106,0.0,0.0,0.0,0.0,0.0,0.0,4918677.0,16961570.0,0.0,0.0,202210.0
83,A15681104,0.0,0.0,0.0,0.0,0.0,0.0,2153762.0,9727350.0,0.0,5149810.0,202210.0
84,A15602007,0.0,0.0,1590.0,0.0,0.0,0.0,7011424.0,23336650.0,0.0,14085020.0,202210.0
85,A15602002,0.0,0.0,-233680.0,233680.0,0.0,0.0,1942060.0,7827960.0,0.0,8109180.0,202210.0
86,A15676512,19934683.0,0.0,0.0,0.0,0.0,6669000.0,3337280.0,0.0,3563970.0,0.0,202210.0
87,A15681110,12179810.0,19631700.0,-1057770.0,1057770.0,0.0,37630370.0,-56138160.0,55908810.0,861600.0,34055200.0,202210.0
88,A15602001,0.0,0.0,0.0,0.0,0.0,0.0,2117370.0,6196870.0,209320.0,6592310.0,202210.0
89,A15681108,48445430.0,0.0,0.0,0.0,9764000.0,9764000.0,682520.0,0.0,3105710.0,0.0,202210.0
90,A15681105,0.0,0.0,144480.0,0.0,0.0,0.0,6684281.0,18591230.0,205680.0,0.0,202210.0
91,A15601102,0.0,0.0,0.0,0.0,0.0,0.0,2547981.0,13015900.0,0.0,0.0,202210.0
92,A15672001,0.0,0.0,0.0,0.0,0.0,0.0,2217324.0,6863620.0,0.0,0.0,202210.0
93,A15670001,0.0,0.0,0.0,0.0,0.0,0.0,11794030.0,41686490.0,1283960.0,11579640.0,202210.0
94,A15601201,0.0,0.0,4280.0,0.0,0.0,0.0,774050.0,0.0,50000.0,0.0,202210.0
95,A15685201,0.0,0.0,0.0,0.0,0.0,0.0,1637820.0,53160.0,350060.0,0.0,202210.0
96,A15601104,0.0,0.0,0.0,0.0,0.0,0.0,10321548.0,21650410.0,-370.0,29865260.0,202210.0
97,A15685503,0.0,0.0,0.0,0.0,0.0,0.0,2220330.0,18504750.0,0.0,0.0,202210.0
98,A15601105,0.0,0.0,0.0,0.0,0.0,0.0,6151290.0,31025010.0,361370.0,19278050.0,202210.0
99,A15685206,0.0,0.0,0.0,0.0,0.0,0.0,4070759.0,54449580.0,1491850.0,20978320.0,202210.0
100,A15601003,0.0,0.0,0.0,0.0,0.0,0.0,4998833.0,21774680.0,37570.0,6676800.0,202210.0
101,A15601103,0.0,0.0,0.0,0.0,0.0,0.0,2642180.0,17316990.0,349760.0,8328970.0,202210.0
102,A15183001,0.0,0.0,0.0,0.0,0.0,0.0,3513320.0,7638370.0,179080.0,0.0,202210.0
103,A10025504,,,,,,,,,,,202210.0
104,A15601004,,,,,,,,,,,202210.0
105,A15601202,0.0,0.0,63000.0,0.0,0.0,0.0,3637565.0,8831880.0,0.0,0.0,202210.0
106,A10024733,,,,,,,,,,,202210.0
107,A10024098,0.0,0.0,0.0,0.0,0.0,0.0,8059560.0,40862310.0,30760.0,15217660.0,202210.0
