,kaptCode,heatC,heatP,gasC,gasP,waterHotC,waterHotP,electC,electP,waterCoolC,waterCoolP,Date
0,A15605103,-460.0,6417600.0,0.0,0.0,0.0,30940000.0,9445832.0,65417040.0,6694280.0,29420070.0,202206.0
1,A15676701,0.0,0.0,0.0,0.0,0.0,0.0,-518630.0,0.0,0.0,0.0,202206.0
2,A15605002,16341400.0,0.0,0.0,0.0,0.0,10536400.0,9204845.0,29800820.0,705280.0,0.0,202206.0
3,A15605003,0.0,0.0,0.0,0.0,0.0,0.0,4290699.0,11841630.0,1804650.0,4877650.0,202206.0
4,A15603205,0.0,0.0,0.0,0.0,0.0,11127000.0,6504280.0,30786450.0,2849920.0,13591960.0,202206.0
5,A15603401,0.0,0.0,0.0,0.0,0.0,0.0,481960.0,8984020.0,0.0,3907610.0,202206.0
6,A15603002,0.0,0.0,0.0,0.0,0.0,0.0,3517280.0,16322900.0,868460.0,7154330.0,202206.0
7,A15603008,0.0,0.0,0.0,0.0,0.0,0.0,10816605.0,67032070.0,-780680.0,19197810.0,202206.0
8,A15603003,0.0,0.0,0.0,0.0,0.0,0.0,0.0,7523860.0,0.0,6091700.0,202206.0
9,A15683601,0.0,0.0,40310.0,0.0,0.0,0.0,1602306.0,9754540.0,0.0,0.0,202206.0
10,A15603004,0.0,0.0,0.0,0.0,0.0,0.0,2816750.0,11895700.0,38090.0,9079460.0,202206.0
11,A15603206,0.0,0.0,0.0,0.0,0.0,0.0,4586177.0,53974820.0,0.0,24139180.0,202206.0
12,A15603502,0.0,0.0,0.0,0.0,0.0,0.0,4298956.0,13907520.0,0.0,7649440.0,202206.0
13,A15603006,0.0,0.0,48230.0,0.0,0.0,0.0,15630375.0,60435980.0,2880.0,32466350.0,202206.0
14,A15671801,0.0,0.0,-295230.0,295230.0,0.0,0.0,4250550.0,8791360.0,202230.0,3662170.0,202206.0
15,A15683901,0.0,0.0,0.0,0.0,0.0,0.0,1180828.0,17967570.0,0.0,0.0,202206.0
16,A15678101,0.0,0.0,0.0,0.0,0.0,0.0,2063220.0,5188780.0,0.0,0.0,202206.0
17,A15683402,0.0,0.0,0.0,0.0,0.0,0.0,3390334.0,24344200.0,234540.0,11518550.0,202206.0
18,A15603204,0.0,0.0,0.0,0.0,0.0,0.0,5708750.0,18334720.0,1180.0,20261720.0,202206.0
19,A15678103,0.0,0.0,0.0,0.0,0.0,0.0,36396884.0,90202070.0,845270.0,31556010.0,202206.0
20,A15603001,0.0,0.0,0.0,0.0,0.0,0.0,1583197.0,6283200.0,313210.0,3224310.0,202206.0
21,A15603203,0.0,0.0,0.0,0.0,0.0,0.0,2791635.0,14492200.0,36170.0,8747560.0,202206.0
22,A15603009,,,,,,,,,,,202206.0
23,A15603007,0.0,0.0,0.0,0.0,0.0,0.0,1146510.0,2704220.0,-132730.0,1752200.0,202206.0
24,A15678102,12287712.0,0.0,0.0,0.0,-8363500.0,8363500.0,7212810.0,22758890.0,4518030.0,6403790.0,202206.0
25,A10027472,0.0,0.0,0.0,0.0,0.0,0.0,2885900.0,8887270.0,144400.0,3961680.0,202206.0
26,A10027633,0.0,0.0,0.0,0.0,0.0,0.0,2924700.0,26275310.0,3096600.0,11240590.0,202206.0
27,A10025768,0.0,0.0,0.0,0.0,0.0,0.0,11530310.0,42390980.0,-365660.0,15030470.0,202206.0
28,A10027424,0.0,0.0,0.0,0.0,0.0,0.0,1940764.0,24421080.0,-224300.0,9035470.0,202206.0
29,A10024365,0.0,0.0,0.0,0.0,0.0,0.0,11808008.0,46090750.0,1403780.0,14699570.0,202206.0
30,A15606006,0.0,0.0,0.0,0.0,0.0,0.0,0.0,1642060.0,0.0,1029450.0,202206.0
31,A15606002,0.0,0.0,0.0,0.0,0.0,0.0,3166670.0,8358090.0,0.0,0.0,202206.0
32,A15606007,0.0,0.0,0.0,0.0,0.0,0.0,13445340.0,28200600.0,0.0,9904270.0,202206.0
33,A15606001,0.0,0.0,0.0,0.0,0.0,0.0,2547030.0,7564640.0,165480.0,4635440.0,202206.0
34,A15605102,0.0,0.0,0.0,0.0,0.0,0.0,2975909.0,8433880.0,844860.0,4566420.0,202206.0
35,A15606004,0.0,0.0,0.0,0.0,3480190.0,20718040.0,12989200.0,24515820.0,1493910.0,11045160.0,202206.0
36,A15676702,0.0,0.0,0.0,0.0,0.0,0.0,17600.0,2198010.0,94070.0,1598950.0,202206.0
37,A15606003,0.0,0.0,0.0,0.0,0.0,0.0,2856160.0,19496780.0,0.0,10688150.0,202206.0
38,A15606005,0.0,0.0,0.0,0.0,0.0,0.0,2080920.0,5024730.0,0.0,2575910.0,202206.0
39,A10026873,,,,,,,,,,,202206.0
40,A15679103,0.0,0.0,0.0,0.0,-341530.0,341530.0,1259083.0,7170790.0,0.0,4264560.0,202206.0
41,A15679109,0.0,0.0,0.0,0.0,0.0,0.0,13617930.0,57006240.0,0.0,18838230.0,202206.0
42,A15679104,0.0,0.0,9550.0,0.0,0.0,0.0,546574.0,6879900.0,1365000.0,0.0,202206.0
43,A15679108,0.0,0.0,0.0,0.0,0.0,0.0,19249823.0,44437260.0,550020.0,16137940.0,202206.0
44,A15607001,0.0,0.0,0.0,0.0,0.0,0.0,5140510.0,13696750.0,-114860.0,16592470.0,202206.0
45,A15679105,0.0,7416300.0,0.0,0.0,0.0,10026000.0,7679320.0,23676490.0,77680.0,15501920.0,202206.0
46,A15685702,23089380.0,0.0,0.0,0.0,-14152500.0,14152500.0,8898974.0,30680080.0,5516050.0,13083210.0,202206.0
47,A15679107,0.0,0.0,0.0,0.0,0.0,0.0,9152060.0,39194270.0,0.0,12247350.0,202206.0
48,A10025770,0.0,0.0,0.0,0.0,0.0,0.0,10094770.0,59281980.0,76900.0,18492710.0,202206.0
49,A10025867,0.0,0.0,0.0,0.0,0.0,0.0,15078420.0,26102800.0,1128130.0,8697840.0,202206.0
50,A10023350,,,,,,,,,,,202206.0
51,A15608002,0.0,0.0,0.0,0.0,0.0,0.0,11486981.0,10904720.0,4937920.0,4937920.0,202206.0
52,A15608003,0.0,0.0,0.0,0.0,0.0,0.0,11725800.0,47879550.0,180400.0,13964210.0,202206.0
53,A15608001,0.0,0.0,0.0,0.0,0.0,0.0,805220.0,8098280.0,50110.0,5764020.0,202206.0
54,A10025175,,,,,,,,,,,202206.0
55,A10023898,0.0,0.0,0.0,0.0,0.0,0.0,26016990.0,0.0,4870260.0,0.0,202206.0
56,A15609305,0.0,0.0,0.0,0.0,0.0,0.0,6226236.0,17817730.0,108590.0,9334110.0,202206.0
57,A15609003,0.0,0.0,0.0,0.0,0.0,0.0,731030.0,24257860.0,0.0,8975290.0,202206.0
58,A15681802,0.0,0.0,0.0,0.0,0.0,0.0,2091231.0,7144530.0,219950.0,0.0,202206.0
59,A15677204,0.0,0.0,0.0,0.0,1910860.0,11670900.0,9497830.0,23406740.0,382400.0,12706110.0,202206.0
60,A15609502,0.0,0.0,0.0,0.0,0.0,0.0,7180634.0,24187120.0,-354510.0,13630970.0,202206.0
61,A15609303,0.0,0.0,126310.0,0.0,0.0,0.0,3933520.0,10524650.0,711900.0,0.0,202206.0
62,A15609001,0.0,0.0,0.0,0.0,0.0,0.0,2759690.0,7271120.0,-152060.0,0.0,202206.0
63,A15681501,1663110.0,0.0,0.0,0.0,0.0,14956400.0,4546960.0,22298510.0,176600.0,11887310.0,202206.0
64,A15609401,0.0,0.0,0.0,0.0,0.0,0.0,2184980.0,6218090.0,110.0,3896100.0,202206.0
65,A15609002,0.0,0.0,0.0,0.0,0.0,0.0,837580.0,7942080.0,0.0,0.0,202206.0
66,A15681503,0.0,0.0,0.0,0.0,-90.0,33283860.0,23827080.0,47975190.0,139330.0,23624120.0,202206.0
67,A15609005,1071870.0,259940.0,0.0,0.0,0.0,27289600.0,7651520.0,37868100.0,4551800.0,0.0,202206.0
68,A15681502,7023670.0,0.0,0.0,0.0,0.0,16550000.0,2161609.0,34127110.0,0.0,19551515.0,202206.0
69,A15609301,0.0,0.0,65480.0,0.0,0.0,0.0,2923770.0,11498150.0,0.0,0.0,202206.0
70,A15677501,0.0,0.0,0.0,0.0,0.0,0.0,10601150.0,24824060.0,0.0,9029870.0,202206.0
71,A15609501,0.0,0.0,0.0,0.0,0.0,0.0,1913670.0,7290020.0,0.0,0.0,202206.0
72,A15609006,0.0,0.0,0.0,0.0,0.0,6576540.0,3702330.0,9672490.0,1436580.0,4022550.0,202206.0
73,A15609007,0.0,0.0,0.0,0.0,0.0,0.0,7714000.0,20967190.0,0.0,0.0,202206.0
74,A15609306,0.0,0.0,0.0,0.0,0.0,0.0,10780170.0,32081720.0,0.0,0.0,202206.0
75,A10026299,0.0,0.0,0.0,0.0,0.0,0.0,10723235.0,47083850.0,0.0,0.0,202206.0
76,A15609008,,,,,,,,,,,202206.0
77,A10024642,,,,,,,,,,,202206.0
78,A10024811,0.0,0.0,0.0,0.0,0.0,0.0,1567160.0,5201730.0,0.0,0.0,202206.0
79,A10025013,0.0,0.0,0.0,0.0,0.0,0.0,14220183.0,41030880.0,-1239280.0,15509870.0,202206.0
80,A10024245,0.0,0.0,0.0,0.0,0.0,0.0,9820880.0,26862360.0,55896.0,7942670.0,202206.0
81,A15681103,0.0,0.0,0.0,0.0,0.0,0.0,1927450.0,6355730.0,0.0,7680720.0,202206.0
82,A15681106,0.0,0.0,0.0,0.0,0.0,0.0,4313218.0,16061220.0,0.0,0.0,202206.0
83,A15681104,0.0,0.0,0.0,0.0,0.0,0.0,2267907.0,8455630.0,0.0,5278520.0,202206.0
84,A15602007,0.0,0.0,2120.0,0.0,0.0,0.0,6563547.0,21986510.0,0.0,14980610.0,202206.0
85,A15602002,0.0,0.0,-268680.0,268680.0,0.0,0.0,2116480.0,6883090.0,0.0,7983320.0,202206.0
86,A15676512,3064208.0,0.0,0.0,0.0,0.0,5613000.0,4082250.0,0.0,4923800.0,0.0,202206.0
87,A15681110,3348105.0,0.0,-15987060.0,15987060.0,0.0,30631480.0,-36009430.0,35562580.0,0.0,33102560.0,202206.0
88,A15602001,0.0,0.0,0.0,0.0,0.0,0.0,2438020.0,5817630.0,212470.0,6810350.0,202206.0
89,A15681108,12747700.0,0.0,0.0,0.0,0.0,0.0,568212.0,0.0,5494770.0,0.0,202206.0
90,A15681105,0.0,0.0,3330.0,0.0,0.0,0.0,6216046.0,17263280.0,152100.0,0.0,202206.0
91,A15601102,0.0,0.0,0.0,0.0,0.0,0.0,3650114.0,10611780.0,0.0,0.0,202206.0
92,A15672001,0.0,0.0,0.0,0.0,0.0,0.0,2030153.0,7244510.0,0.0,0.0,202206.0
93,A15670001,0.0,0.0,0.0,0.0,0.0,0.0,10990940.0,35181330.0,1721930.0,11722890.0,202206.0
94,A15601201,0.0,0.0,1100.0,0.0,0.0,0.0,770190.0,0.0,50000.0,0.0,202206.0
95,A15685201,0.0,0.0,0.0,0.0,0.0,0.0,1641200.0,39960.0,275920.0,0.0,202206.0
96,A15601104,0.0,0.0,0.0,0.0,0.0,0.0,7498246.0,23555600.0,-40.0,29613210.0,202206.0
97,A15685503,0.0,0.0,0.0,0.0,0.0,0.0,3708160.0,16677890.0,0.0,0.0,202206.0
98,A15601105,0.0,0.0,0.0,0.0,0.0,0.0,7929700.0,28996580.0,1126900.0,19831700.0,202206.0
99,A15685206,0.0,0.0,0.0,0.0,0.0,0.0,6947035.0,50915010.0,2770820.0,23671650.0,202206.0
100,A15601003,0.0,0.0,0.0,0.0,0.0,0.0,5701681.0,21874710.0,515960.0,6966870.0,202206.0
101,A15601103,0.0,0.0,0.0,0.0,0.0,0.0,2312880.0,16677680.0,176230.0,9195310.0,202206.0
102,A15183001,0.0,0.0,0.0,0.0,0.0,0.0,4248360.0,6530220.0,262680.0,0.0,202206.0
103,A10025504,,,,,,,,,,,202206.0
104,A15601004,,,,,,,,,,,202206.0
105,A15601202,0.0,0.0,14750.0,0.0,0.0,0.0,2957061.0,8800040.0,0.0,0.0,202206.0
106,A10024733,,,,,,,,,,,202206.0
107,A10024098,0.0,0.0,0.0,0.0,0.0,0.0,9889460.0,35767660.0,173890.0,14827970.0,202206.0
