,kaptCode,heatC,heatP,gasC,gasP,waterHotC,waterHotP,electC,electP,waterCoolC,waterCoolP,Date
0,A15605103,1710,129338320,0,0,0,43620000,10666823,65199360,5314310,27304740,202203.0
1,A15676701,0,0,0,0,0,0,4318782,14796330,0,7911440,202203.0
2,A15605002,67830245,0,0,0,0,15593200,12597716,26822870,700000,0,202203.0
3,A15605003,0,0,0,0,0,0,6423641,11542950,0,4937320,202203.0
4,A15603205,-605220,72028660,0,0,0,17889000,15556959,32305770,2148670,14842140,202203.0
5,A15603401,0,0,0,0,0,0,476090,8722300,0,4127100,202203.0
6,A15603002,0,0,0,0,0,0,5184780,14018130,125850,7087170,202203.0
7,A15603008,0,0,0,0,0,0,12761664,57371910,-2320,16110110,202203.0
8,A15603003,0,0,0,0,0,0,1362570,7175550,0,6004130,202203.0
9,A15683601,0,0,138210,0,0,0,1367343,10075460,0,0,202203.0
10,A15603004,0,0,0,0,0,0,3351820,10393030,30740,7854320,202203.0
11,A15603206,0,0,0,0,0,0,3232962,54020140,0,25220400,202203.0
12,A15603502,0,0,0,0,0,0,4408996,0,0,0,202203.0
13,A15603006,0,0,493680,0,0,0,16571090,58110060,68650,29330950,202203.0
14,A15671801,0,0,-290620,290620,0,0,2631340,9933530,382070,3601210,202203.0
15,A15683901,0,0,0,0,0,0,1747233,17373140,547300,14598920,202203.0
16,A15678101,0,0,0,0,0,0,1956470,5721830,0,0,202203.0
17,A15683402,0,0,0,0,0,0,4607979,22588660,69690,10573460,202203.0
18,A15603204,0,0,0,0,0,0,5610670,19177790,0,0,202203.0
19,A15678103,0,0,0,0,0,0,35551609,76413550,0,31197210,202203.0
20,A15603001,0,0,0,0,0,0,1693131,6443090,227390,2813630,202203.0
21,A15603203,0,0,0,0,0,0,2787127,13383740,0,7888490,202203.0
22,A15603009,,,,,,,,,,,202203.0
23,A15603007,0,0,50900,0,0,0,746390,3210200,-28770,1827170,202203.0
24,A15678102,66482787,0,0,0,-15127400,15127400,9660754,19223040,6617700,5997210,202203.0
25,A10027472,0,0,0,0,0,0,2829740,6897760,119930,3774820,202203.0
26,A10027633,0,0,0,0,0,0,2902240,25324880,2525740,11491030,202203.0
27,A10025768,0,0,0,0,0,0,21122540,34522970,-901620,15460920,202203.0
28,A10027424,0,0,0,0,0,0,6354810,22912720,-160080,8163810,202203.0
29,A10024365,0,0,0,0,0,0,13363310,41971560,2316680,11230480,202203.0
30,A15606006,0,0,0,0,0,0,391250,1621440,0,1162780,202203.0
31,A15606002,0,0,0,0,0,0,3163430,7751800,0,0,202203.0
32,A15606007,0,0,0,0,0,0,9403240,23842560,0,9644840,202203.0
33,A15606001,0,0,0,0,0,0,2779776,7919580,0,4181910,202203.0
34,A15605102,0,0,0,0,0,0,3278525,8016740,783310,4116210,202203.0
35,A15606004,52528010,0,0,0,30599670,0,26409408,0,8530660,0,202203.0
36,A15676702,0,0,0,0,0,0,14400,1934540,0,1475050,202203.0
37,A15606003,0,0,0,0,0,0,2157210,19533750,0,9196430,202203.0
38,A15606005,0,0,0,0,0,0,2218390,4452890,591370,2599700,202203.0
39,A10026873,,,,,,,,,,,202203.0
40,A15679103,0,0,0,0,-315350,315350,1289192,6874680,584700,4516520,202203.0
41,A15679109,0,0,0,0,0,0,10625260,48133490,0,19528210,202203.0
42,A15679104,0,0,329040,0,0,0,1002286,6367810,0,0,202203.0
43,A15679108,0,0,0,0,0,0,18041356,37791810,177470,14984600,202203.0
44,A15607001,0,0,0,0,0,0,6652590,13150170,0,0,202203.0
45,A15679105,0,63205650,0,0,0,16969500,10161220,20462160,74880,18484620,202203.0
46,A15685702,99453200,0,0,0,-27612000,27612000,14543337,25332970,4580110,11637890,202203.0
47,A15679107,0,0,0,0,0,0,5642400,38350640,0,11331740,202203.0
48,A10025770,0,0,0,0,0,0,7598430,47224060,49970,16454650,202203.0
49,A10025867,0,0,0,0,0,0,13543430,22068200,837720,9170130,202203.0
50,A10023350,,,,,,,,,,,202203.0
51,A15608002,0,0,0,0,0,0,10700550,0,4510860,0,202203.0
52,A15608003,0,0,0,0,0,0,8563990,39514580,560850,12435240,202203.0
53,A15608001,0,0,0,0,0,0,808300,8382840,0,0,202203.0
54,A10025175,,,,,,,,,,,202203.0
55,A10023898,0,0,0,0,0,0,14890500,0,1774250,0,202203.0
56,A15609305,0,0,0,0,0,0,5487032,17767110,95580,9218050,202203.0
57,A15609003,0,0,0,0,0,0,2269250,21304100,0,8656330,202203.0
58,A15681802,0,0,0,0,0,0,2147575,7519650,0,0,202203.0
59,A15677204,4146500,38319360,0,0,4715710,22695400,5784800,26187210,382400,9616290,202203.0
60,A15609502,0,0,0,0,0,0,7677327,25247820,-628310,12786530,202203.0
61,A15609303,0,0,437950,0,0,0,3697040,9495890,0,0,202203.0
62,A15609001,0,0,0,0,0,0,2173810,6890010,0,0,202203.0
63,A15681501,7789970,51877500,0,0,0,18185000,12865250,24271480,133130,10609980,202203.0
64,A15609401,0,0,0,0,0,0,8586620,6015410,3594840,3592650,202203.0
65,A15609002,0,0,0,0,0,0,2008330,6425440,0,7963890,202203.0
66,A15681503,10092110,90828450,0,0,-410,54105110,11100700,48749650,6475400,17390860,202203.0
67,A15609005,14035280,58115810,0,0,0,28216000,8787000,36613020,2439610,0,202203.0
68,A15681502,67230650,0,0,0,0,28540000,10675567,31329690,0,22367666,202203.0
69,A15609301,0,0,230910,0,0,0,2128610,9135070,8569700,0,202203.0
70,A15677501,0,0,0,0,0,0,13438100,17818900,0,8116920,202203.0
71,A15609501,0,0,0,0,0,0,1812550,6337360,0,0,202203.0
72,A15609006,1627750,0,0,0,0,0,13960840,0,5402800,0,202203.0
73,A15609007,0,0,0,0,0,0,8579040,20164100,0,17086490,202203.0
74,A15609306,0,0,0,0,0,0,10347970,32957990,0,31683950,202203.0
75,A10026299,0,0,0,0,0,0,9046440,38544730,3769440,20709980,202203.0
76,A15609008,,,,,,,,,,,202203.0
77,A10024642,,,,,,,,,,,202203.0
78,A10024811,0,0,0,0,0,0,1234800,4631920,1962820,4195200,202203.0
79,A10025013,0,0,0,0,0,0,19731506,40408370,-344900,14252520,202203.0
80,A10024245,0,0,0,0,0,0,6450520,25470830,27200,7084500,202203.0
81,A15681103,0,0,0,0,0,0,2078110,6197280,0,0,202203.0
82,A15681106,0,0,0,0,0,0,4280739,15960580,858380,0,202203.0
83,A15681104,0,0,0,0,0,0,2814623,8357390,247640,4580750,202203.0
84,A15602007,0,0,284390,0,0,0,6606358,21751380,0,13351710,202203.0
85,A15602002,0,0,0,0,0,0,9876750,0,0,0,202203.0
86,A15676512,27239441,0,0,0,0,8430000,4279560,0,0,0,202203.0
87,A15681110,8181410,81814840,-20416487,20416487,0,52188000,-28666020,26224170,836860,34161010,202203.0
88,A15602001,0,0,0,0,0,0,2233800,5371890,0,0,202203.0
89,A15681108,62835230,0,0,0,0,0,1426150,0,1500000,0,202203.0
90,A15681105,0,0,175050,0,0,0,10535372,18200180,1123670,0,202203.0
91,A15601102,0,0,0,0,0,0,6514372,11245760,-133280,12780000,202203.0
92,A15672001,0,0,0,0,0,0,2879477,6076950,0,0,202203.0
93,A15670001,0,0,0,0,0,0,14999390,33068850,2554130,11150910,202203.0
94,A15601201,0,0,1100,0,0,0,1041010,0,66030,0,202203.0
95,A15685201,0,0,9400,0,0,0,1649040,69480,0,0,202203.0
96,A15601104,0,0,0,0,0,0,5813216,24382780,0,0,202203.0
97,A15685503,0,0,0,0,0,0,3698390,16947900,0,19284210,202203.0
98,A15601105,0,0,0,0,0,0,7426610,26797050,1422240,17910960,202203.0
99,A15685206,0,0,0,0,0,0,6289194,48654720,2452020,24918810,202203.0
100,A15601003,0,0,0,0,0,0,4646244,20565340,365180,6331200,202203.0
101,A15601103,0,0,0,0,0,0,2117900,16597350,0,8449130,202203.0
102,A15183001,171690,0,0,0,0,0,3806960,6577170,9750,0,202203.0
103,A10025504,,,,,,,,,,,202203.0
104,A15601004,,,,,,,,,,,202203.0
105,A15601202,0,0,361570,0,0,0,2008144,9266220,0,0,202203.0
106,A10024733,,,,,,,,,,,202203.0
107,A10024098,0,0,0,0,0,0,14375560,30391490,43750,13998720,202203.0
