,kaptCode,heatC,heatP,gasC,gasP,waterHotC,waterHotP,electC,electP,waterCoolC,waterCoolP,Date
0,A15605103,1039.0,10626780.0,0.0,0.0,0.0,24360000.0,4028939.0,93180830.0,5110110.0,29559800.0,202207.0
1,A15676701,0.0,0.0,0.0,0.0,0.0,0.0,120426.0,0.0,0.0,0.0,202207.0
2,A15605002,13424175.0,0.0,0.0,0.0,0.0,8932000.0,7401916.0,44743790.0,700000.0,0.0,202207.0
3,A15605003,0.0,0.0,0.0,0.0,0.0,0.0,6654850.0,16788970.0,0.0,5186540.0,202207.0
4,A15603205,0.0,0.0,0.0,0.0,0.0,9084000.0,4733949.0,47282150.0,3349240.0,14194180.0,202207.0
5,A15603401,0.0,0.0,0.0,0.0,0.0,0.0,635990.0,12164100.0,0.0,4077400.0,202207.0
6,A15603002,0.0,0.0,0.0,0.0,0.0,0.0,3319450.0,22975050.0,913480.0,7359780.0,202207.0
7,A15603008,0.0,0.0,0.0,0.0,0.0,0.0,7455076.0,101229820.0,-885770.0,19199490.0,202207.0
8,A15603003,0.0,0.0,0.0,0.0,0.0,0.0,0.0,10088630.0,0.0,6179190.0,202207.0
9,A15683601,0.0,0.0,28600.0,0.0,0.0,0.0,1012854.0,13257040.0,0.0,0.0,202207.0
10,A15603004,0.0,0.0,0.0,0.0,0.0,0.0,3455680.0,16883010.0,47540.0,9303040.0,202207.0
11,A15603206,0.0,0.0,0.0,0.0,0.0,0.0,6840780.0,73970540.0,0.0,24013660.0,202207.0
12,A15603502,0.0,0.0,0.0,0.0,0.0,0.0,3820009.0,19235240.0,0.0,8146300.0,202207.0
13,A15603006,0.0,0.0,40380.0,0.0,0.0,0.0,35573775.0,58875400.0,1504060.0,30759940.0,202207.0
14,A15671801,0.0,0.0,-339540.0,339540.0,0.0,0.0,3468310.0,16589050.0,313880.0,3659230.0,202207.0
15,A15683901,0.0,0.0,0.0,0.0,0.0,0.0,194435.0,28318820.0,594560.0,15792650.0,202207.0
16,A15678101,0.0,0.0,0.0,0.0,0.0,0.0,1414710.0,7653380.0,0.0,0.0,202207.0
17,A15683402,0.0,0.0,0.0,0.0,0.0,0.0,3756065.0,33926630.0,254370.0,11555800.0,202207.0
18,A15603204,0.0,0.0,0.0,0.0,0.0,0.0,8724946.0,22616430.0,0.0,0.0,202207.0
19,A15678103,0.0,0.0,0.0,0.0,0.0,0.0,44782072.0,130130030.0,248200.0,32285130.0,202207.0
20,A15603001,0.0,0.0,0.0,0.0,0.0,0.0,1506321.0,7512520.0,313200.0,3169130.0,202207.0
21,A15603203,0.0,0.0,0.0,0.0,0.0,0.0,3914715.0,19642350.0,0.0,8300990.0,202207.0
22,A15603009,,,,,,,,,,,202207.0
23,A15603007,0.0,0.0,0.0,0.0,0.0,0.0,1937986.0,2658210.0,658310.0,1408890.0,202207.0
24,A15678102,13180195.0,0.0,0.0,0.0,-6746700.0,6746700.0,8086420.0,27998480.0,8056560.0,6997150.0,202207.0
25,A10027472,0.0,0.0,0.0,0.0,0.0,0.0,5395010.0,11523240.0,329000.0,3805460.0,202207.0
26,A10027633,0.0,0.0,0.0,0.0,0.0,0.0,4546016.0,39329160.0,3591010.0,11575430.0,202207.0
27,A10025768,0.0,0.0,0.0,0.0,0.0,0.0,18109540.0,52385820.0,115390.0,15039330.0,202207.0
28,A10027424,0.0,0.0,0.0,0.0,0.0,0.0,4135948.0,37216080.0,8540.0,8874640.0,202207.0
29,A10024365,0.0,0.0,0.0,0.0,0.0,0.0,17258005.0,66834810.0,946520.0,14461330.0,202207.0
30,A15606006,0.0,0.0,0.0,0.0,0.0,0.0,429020.0,2475310.0,0.0,1036410.0,202207.0
31,A15606002,0.0,0.0,0.0,0.0,0.0,0.0,2589290.0,13249570.0,0.0,0.0,202207.0
32,A15606007,0.0,0.0,0.0,0.0,0.0,0.0,15792230.0,48817650.0,0.0,9906370.0,202207.0
33,A15606001,0.0,0.0,0.0,0.0,0.0,0.0,2614934.0,9289030.0,0.0,4812960.0,202207.0
34,A15605102,0.0,0.0,0.0,0.0,0.0,0.0,3083991.0,12444803.0,858010.0,4423950.0,202207.0
35,A15606004,0.0,0.0,0.0,0.0,-100.0,22057390.0,4971590.0,40487500.0,0.0,13374880.0,202207.0
36,A15676702,0.0,0.0,0.0,0.0,0.0,0.0,20800.0,2814680.0,0.0,1790040.0,202207.0
37,A15606003,0.0,0.0,0.0,0.0,0.0,0.0,3644390.0,29506160.0,0.0,10466300.0,202207.0
38,A15606005,0.0,0.0,0.0,0.0,0.0,0.0,1508220.0,7188310.0,-308090.0,2833780.0,202207.0
39,A10026873,,,,,,,,,,,202207.0
40,A15679103,0.0,0.0,0.0,0.0,-388660.0,388660.0,407310.0,10498490.0,60430.0,4842080.0,202207.0
41,A15679109,0.0,0.0,0.0,0.0,0.0,0.0,15621730.0,95837770.0,0.0,17295350.0,202207.0
42,A15679104,0.0,0.0,5420.0,0.0,0.0,0.0,439673.0,9291700.0,0.0,0.0,202207.0
43,A15679108,0.0,0.0,0.0,0.0,0.0,0.0,20153575.0,74608930.0,583220.0,15923590.0,202207.0
44,A15607001,0.0,0.0,0.0,0.0,0.0,0.0,5653272.0,19800410.0,0.0,0.0,202207.0
45,A15679105,0.0,5992650.0,0.0,0.0,0.0,8235000.0,6746170.0,36027400.0,89130.0,18578980.0,202207.0
46,A15685702,20464470.0,0.0,0.0,0.0,-11560500.0,11560500.0,8670522.0,46362390.0,4114290.0,13467430.0,202207.0
47,A15679107,0.0,0.0,0.0,0.0,0.0,0.0,10561400.0,58753970.0,0.0,12661270.0,202207.0
48,A10025770,0.0,0.0,0.0,0.0,0.0,0.0,9380040.0,90897320.0,75320.0,18260880.0,202207.0
49,A10025867,0.0,0.0,0.0,0.0,0.0,0.0,19025080.0,40045260.0,1184800.0,9077910.0,202207.0
50,A10023350,,,,,,,,,,,202207.0
51,A15608002,0.0,0.0,0.0,0.0,0.0,0.0,15758904.0,15149520.0,4972160.0,4972160.0,202207.0
52,A15608003,0.0,0.0,0.0,0.0,0.0,0.0,15602630.0,72882490.0,542440.0,14032230.0,202207.0
53,A15608001,0.0,0.0,0.0,0.0,0.0,0.0,516980.0,9453060.0,0.0,0.0,202207.0
54,A10025175,,,,,,,,,,,202207.0
55,A10023898,0.0,0.0,0.0,0.0,0.0,0.0,39638900.0,0.0,5408100.0,0.0,202207.0
56,A15609305,0.0,0.0,0.0,0.0,0.0,0.0,8066846.0,25428450.0,132370.0,9589340.0,202207.0
57,A15609003,0.0,0.0,0.0,0.0,0.0,0.0,2258870.0,31570780.0,0.0,9025660.0,202207.0
58,A15681802,0.0,0.0,0.0,0.0,0.0,0.0,2262782.0,9203080.0,0.0,0.0,202207.0
59,A15677204,0.0,0.0,0.0,0.0,1391110.0,10553200.0,9821632.0,24882380.0,382400.0,12618360.0,202207.0
60,A15609502,0.0,0.0,0.0,0.0,0.0,0.0,4224313.0,35925370.0,-824250.0,13944590.0,202207.0
61,A15609303,0.0,0.0,55650.0,0.0,0.0,0.0,3313110.0,14628540.0,0.0,0.0,202207.0
62,A15609001,0.0,0.0,0.0,0.0,0.0,0.0,3193670.0,10468640.0,0.0,0.0,202207.0
63,A15681501,1373660.0,0.0,0.0,0.0,0.0,12346740.0,4569720.0,25700230.0,180010.0,12711360.0,202207.0
64,A15609401,0.0,0.0,0.0,0.0,0.0,0.0,2264270.0,8939880.0,-100.0,3915530.0,202207.0
65,A15609002,0.0,0.0,0.0,0.0,0.0,0.0,2182140.0,8761740.0,0.0,7989800.0,202207.0
66,A15681503,0.0,0.0,0.0,0.0,-4730.0,25322800.0,28338220.0,68583820.0,1360610.0,24629890.0,202207.0
67,A15609005,751810.0,104900.0,0.0,0.0,0.0,20457500.0,7847690.0,53763100.0,4081380.0,0.0,202207.0
68,A15681502,7100800.0,0.0,0.0,0.0,0.0,9340000.0,6663559.0,47636500.0,0.0,19869940.0,202207.0
69,A15609301,0.0,0.0,34230.0,0.0,0.0,0.0,3787500.0,14674850.0,9034140.0,0.0,202207.0
70,A15677501,0.0,0.0,0.0,0.0,0.0,0.0,38528940.0,37516790.0,8910600.0,8879680.0,202207.0
71,A15609501,0.0,0.0,0.0,0.0,0.0,0.0,1624820.0,10779510.0,0.0,0.0,202207.0
72,A15609006,0.0,-157910.0,0.0,0.0,0.0,5833960.0,34264.0,14288230.0,0.0,4613430.0,202207.0
73,A15609007,0.0,0.0,0.0,0.0,0.0,0.0,7731970.0,30719170.0,0.0,17852079.0,202207.0
74,A15609306,0.0,0.0,0.0,0.0,0.0,0.0,10028280.0,42377480.0,0.0,37952650.0,202207.0
75,A10026299,0.0,0.0,0.0,0.0,0.0,0.0,11390303.0,67931630.0,5049750.0,21621510.0,202207.0
76,A15609008,,,,,,,,,,,202207.0
77,A10024642,,,,,,,,,,,202207.0
78,A10024811,0.0,0.0,0.0,0.0,0.0,0.0,1787040.0,7940180.0,486390.0,4614160.0,202207.0
79,A10025013,0.0,0.0,0.0,0.0,0.0,0.0,21239519.0,49225520.0,99910.0,15310040.0,202207.0
80,A10024245,0.0,0.0,0.0,0.0,0.0,0.0,12991400.0,43867190.0,15324.0,7935000.0,202207.0
81,A15681103,0.0,0.0,0.0,0.0,0.0,0.0,589000.0,9955390.0,0.0,0.0,202207.0
82,A15681106,0.0,0.0,0.0,0.0,0.0,0.0,4463138.0,23033300.0,539700.0,0.0,202207.0
83,A15681104,0.0,0.0,0.0,0.0,0.0,0.0,2274430.0,10542930.0,0.0,5233320.0,202207.0
84,A15602007,0.0,0.0,1060.0,0.0,0.0,0.0,7900694.0,31600230.0,0.0,14661770.0,202207.0
85,A15602002,0.0,0.0,-287440.0,287440.0,0.0,0.0,2133740.0,8012550.0,0.0,0.0,202207.0
86,A15676512,2732397.0,0.0,0.0,0.0,0.0,4863000.0,4489650.0,0.0,0.0,0.0,202207.0
87,A15681110,7234770.0,0.0,-17158470.0,17158470.0,0.0,24783210.0,-74337530.0,73542830.0,3128240.0,35069490.0,202207.0
88,A15602001,0.0,0.0,0.0,0.0,0.0,0.0,3494430.0,8802350.0,0.0,0.0,202207.0
89,A15681108,11373370.0,0.0,0.0,0.0,0.0,0.0,501110.0,0.0,1500000.0,0.0,202207.0
90,A15681105,0.0,0.0,1890.0,0.0,0.0,0.0,9902333.0,25644260.0,461350.0,0.0,202207.0
91,A15601102,0.0,0.0,0.0,0.0,0.0,0.0,3776437.0,12764300.0,-226440.0,13151700.0,202207.0
92,A15672001,0.0,0.0,0.0,0.0,0.0,0.0,2482617.0,9977350.0,0.0,0.0,202207.0
93,A15670001,0.0,0.0,0.0,0.0,0.0,0.0,15356140.0,43351710.0,819840.0,11740540.0,202207.0
94,A15601201,0.0,0.0,1840.0,0.0,0.0,0.0,924240.0,0.0,41100.0,0.0,202207.0
95,A15685201,0.0,0.0,0.0,0.0,0.0,0.0,1794180.0,60000.0,0.0,0.0,202207.0
96,A15601104,0.0,0.0,0.0,0.0,0.0,0.0,8779817.0,31797560.0,0.0,0.0,202207.0
97,A15685503,0.0,0.0,0.0,0.0,0.0,0.0,4511430.0,27832630.0,0.0,19310700.0,202207.0
98,A15601105,0.0,0.0,0.0,0.0,0.0,0.0,10143610.0,41157150.0,2183830.0,18856470.0,202207.0
99,A15685206,0.0,0.0,0.0,0.0,0.0,0.0,5595238.0,72257720.0,2341180.0,24907480.0,202207.0
100,A15601003,0.0,0.0,0.0,0.0,0.0,0.0,6934628.0,32137120.0,19950.0,6877890.0,202207.0
101,A15601103,0.0,0.0,0.0,0.0,0.0,0.0,2309500.0,25268010.0,355430.0,8892220.0,202207.0
102,A15183001,0.0,0.0,0.0,0.0,0.0,0.0,3379580.0,10511000.0,259490.0,0.0,202207.0
103,A10025504,,,,,,,,,,,202207.0
104,A15601004,,,,,,,,,,,202207.0
105,A15601202,0.0,0.0,1020.0,0.0,0.0,0.0,3311401.0,12996410.0,0.0,0.0,202207.0
106,A10024733,,,,,,,,,,,202207.0
107,A10024098,0.0,0.0,0.0,0.0,0.0,0.0,8141540.0,52958820.0,179160.0,15645450.0,202207.0
