,kaptCode,heatC,heatP,gasC,gasP,waterHotC,waterHotP,electC,electP,waterCoolC,waterCoolP,Date
0,A15605103,550.0,167514920.0,0.0,0.0,0.0,48995000.0,11008047.0,62617650.0,5282480.0,30717340.0,202202.0
1,A15676701,0.0,0.0,0.0,0.0,0.0,0.0,5849744.0,12528630.0,0.0,5858200.0,202202.0
2,A15605002,92517665.0,0.0,0.0,0.0,0.0,19919200.0,21779278.0,33336100.0,700000.0,0.0,202202.0
3,A15605003,0.0,0.0,0.0,0.0,0.0,0.0,7972544.0,13860560.0,478880.0,4445010.0,202202.0
4,A15603205,-601890.0,79538500.0,0.0,0.0,0.0,16968000.0,13379271.0,29109000.0,1783010.0,13057700.0,202202.0
5,A15603401,0.0,0.0,0.0,0.0,0.0,0.0,389730.0,8127720.0,0.0,4205500.0,202202.0
6,A15603002,0.0,0.0,0.0,0.0,0.0,0.0,5851900.0,16336600.0,746360.0,6612250.0,202202.0
7,A15603008,0.0,0.0,0.0,0.0,0.0,0.0,17518473.0,51078490.0,-1220.0,17880590.0,202202.0
8,A15603003,0.0,0.0,0.0,0.0,0.0,0.0,0.0,9538580.0,0.0,6131260.0,202202.0
9,A15683601,0.0,0.0,128810.0,0.0,0.0,0.0,815230.0,13044220.0,0.0,0.0,202202.0
10,A15603004,0.0,0.0,0.0,0.0,0.0,0.0,4681950.0,13560360.0,35990.0,9160510.0,202202.0
11,A15603206,0.0,0.0,0.0,0.0,0.0,0.0,10465368.0,64696460.0,0.0,22817650.0,202202.0
12,A15603502,0.0,0.0,0.0,0.0,0.0,0.0,4947720.0,0.0,0.0,0.0,202202.0
13,A15603006,0.0,0.0,469350.0,0.0,0.0,0.0,16749510.0,71442220.0,71490.0,32107190.0,202202.0
14,A15671801,0.0,0.0,-264570.0,264570.0,0.0,0.0,3366670.0,9002550.0,523130.0,3180790.0,202202.0
15,A15683901,0.0,0.0,0.0,0.0,0.0,0.0,2489372.0,15801140.0,0.0,0.0,202202.0
16,A15678101,0.0,0.0,0.0,0.0,0.0,0.0,2098900.0,6911250.0,0.0,0.0,202202.0
17,A15683402,0.0,0.0,0.0,0.0,0.0,0.0,7444028.0,28879340.0,0.0,11852130.0,202202.0
18,A15603204,0.0,0.0,0.0,0.0,0.0,0.0,3492010.0,20538650.0,1030.0,20110270.0,202202.0
19,A15678103,0.0,0.0,0.0,0.0,0.0,0.0,32981070.0,69868480.0,2128940.0,26618590.0,202202.0
20,A15603001,0.0,0.0,0.0,0.0,0.0,0.0,2873998.0,7608020.0,231580.0,3179300.0,202202.0
21,A15603203,0.0,0.0,0.0,0.0,0.0,0.0,3395670.0,16038420.0,28360.0,8571550.0,202202.0
22,A15603009,,,,,,,,,,,202202.0
23,A15603007,0.0,0.0,57110.0,0.0,0.0,0.0,2015200.0,3343030.0,-147330.0,1786370.0,202202.0
24,A15678102,77350470.0,0.0,0.0,0.0,-15441300.0,15441300.0,10289119.0,17040110.0,5928270.0,5043990.0,202202.0
25,A10027472,0.0,0.0,0.0,0.0,0.0,0.0,2966260.0,6401560.0,251290.0,3283140.0,202202.0
26,A10027633,0.0,0.0,0.0,0.0,0.0,0.0,5657160.0,30050340.0,2007470.0,10297970.0,202202.0
27,A10025768,0.0,0.0,0.0,0.0,0.0,0.0,17164670.0,52354730.0,279510.0,13295080.0,202202.0
28,A10027424,0.0,0.0,0.0,0.0,0.0,0.0,8004059.0,20393170.0,-361720.0,9095160.0,202202.0
29,A10024365,1200.0,0.0,0.0,0.0,0.0,0.0,23084530.0,49358020.0,2337910.0,13193030.0,202202.0
30,A15606006,0.0,0.0,0.0,0.0,0.0,0.0,0.0,2187550.0,0.0,954560.0,202202.0
31,A15606002,0.0,0.0,0.0,0.0,0.0,0.0,3501730.0,9590720.0,0.0,0.0,202202.0
32,A15606007,0.0,0.0,0.0,0.0,0.0,0.0,11933300.0,21195060.0,0.0,8501260.0,202202.0
33,A15606001,0.0,0.0,0.0,0.0,0.0,0.0,3015459.0,9274960.0,869980.0,4621230.0,202202.0
34,A15605102,0.0,0.0,0.0,0.0,0.0,0.0,3802350.0,9548130.0,879610.0,4588920.0,202202.0
35,A15606004,61525910.0,0.0,0.0,0.0,50399250.0,0.0,25956046.0,0.0,6609530.0,0.0,202202.0
36,A15676702,0.0,0.0,0.0,0.0,0.0,0.0,16000.0,2496510.0,0.0,1736400.0,202202.0
37,A15606003,0.0,0.0,0.0,0.0,0.0,0.0,4583620.0,23577290.0,0.0,10297400.0,202202.0
38,A15606005,0.0,0.0,0.0,0.0,0.0,0.0,2194280.0,4034920.0,0.0,2621190.0,202202.0
39,A10026873,,,,,,,,,,,202202.0
40,A15679103,0.0,0.0,0.0,0.0,-297110.0,297110.0,1565863.0,8162220.0,0.0,3825030.0,202202.0
41,A15679109,0.0,0.0,0.0,0.0,0.0,0.0,14535450.0,61340300.0,0.0,19016760.0,202202.0
42,A15679104,0.0,0.0,427280.0,0.0,0.0,0.0,1529481.0,7727010.0,0.0,0.0,202202.0
43,A15679108,0.0,0.0,0.0,0.0,0.0,0.0,27123463.0,46091520.0,164470.0,16522180.0,202202.0
44,A15607001,0.0,0.0,0.0,0.0,0.0,0.0,7475970.0,15779670.0,215910.0,16285670.0,202202.0
45,A15679105,0.0,87643800.0,0.0,0.0,0.0,16758000.0,17463730.0,25753770.0,74910.0,16605830.0,202202.0
46,A15685702,124470410.0,0.0,0.0,0.0,-21294000.0,21294000.0,18886770.0,30648090.0,10131400.0,10618280.0,202202.0
47,A15679107,0.0,0.0,0.0,0.0,0.0,0.0,11046160.0,41819410.0,0.0,12621020.0,202202.0
48,A10025770,0.0,0.0,0.0,0.0,0.0,0.0,30476710.0,56863260.0,63630.0,18768340.0,202202.0
49,A10025867,0.0,0.0,0.0,0.0,0.0,0.0,14134470.0,19323610.0,756400.0,8282710.0,202202.0
50,A10023350,,,,,,,,,,,202202.0
51,A15608002,0.0,0.0,0.0,0.0,0.0,0.0,12803813.0,0.0,5069370.0,0.0,202202.0
52,A15608003,0.0,0.0,0.0,0.0,0.0,0.0,12574730.0,49313100.0,741420.0,13677460.0,202202.0
53,A15608001,0.0,0.0,0.0,0.0,0.0,0.0,1277650.0,11133300.0,48360.0,5499290.0,202202.0
54,A10025175,,,,,,,,,,,202202.0
55,A10023898,,,,,,,,,,,202202.0
56,A15609305,0.0,0.0,0.0,0.0,0.0,0.0,10033378.0,20906630.0,98020.0,8192680.0,202202.0
57,A15609003,0.0,0.0,0.0,0.0,0.0,0.0,3533760.0,19173850.0,0.0,9623740.0,202202.0
58,A15681802,0.0,0.0,0.0,0.0,0.0,0.0,3413784.0,8120210.0,262350.0,0.0,202202.0
59,A15677204,4146500.0,74465130.0,0.0,0.0,4182640.0,17426290.0,5938370.0,25674490.0,382400.0,11050710.0,202202.0
60,A15609502,0.0,0.0,0.0,0.0,0.0,0.0,9446560.0,23106490.0,-1002960.0,14444840.0,202202.0
61,A15609303,0.0,0.0,509300.0,0.0,0.0,0.0,4360920.0,11527340.0,809200.0,0.0,202202.0
62,A15609001,0.0,0.0,0.0,0.0,0.0,0.0,3308940.0,8516930.0,-136310.0,0.0,202202.0
63,A15681501,10105520.0,72119250.0,0.0,0.0,0.0,18790000.0,12784960.0,25263610.0,39560.0,11905740.0,202202.0
64,A15609401,0.0,0.0,0.0,0.0,0.0,0.0,10209250.0,7364110.0,3786990.0,3787040.0,202202.0
65,A15609002,0.0,0.0,0.0,0.0,0.0,0.0,2430550.0,8143880.0,0.0,0.0,202202.0
66,A15681503,15128110.0,136071180.0,0.0,0.0,250.0,47679430.0,9485320.0,48745000.0,5955870.0,15743720.0,202202.0
67,A15609005,1330030.0,129024790.0,0.0,0.0,0.0,28579800.0,10584610.0,46746610.0,2687020.0,0.0,202202.0
68,A15681502,116848700.0,0.0,0.0,0.0,0.0,22275000.0,13726659.0,37614780.0,0.0,17600644.0,202202.0
69,A15609301,0.0,0.0,388380.0,0.0,0.0,0.0,2201610.0,8148310.0,0.0,0.0,202202.0
70,A15677501,0.0,0.0,0.0,0.0,0.0,0.0,21620860.0,21294680.0,0.0,8844450.0,202202.0
71,A15609501,0.0,0.0,0.0,0.0,0.0,0.0,2386990.0,8092360.0,0.0,0.0,202202.0
72,A15609006,0.0,19635900.0,0.0,0.0,0.0,9723800.0,4336040.0,10768560.0,1440840.0,3234060.0,202202.0
73,A15609007,0.0,0.0,0.0,0.0,0.0,0.0,6198860.0,18070510.0,0.0,0.0,202202.0
74,A15609306,0.0,0.0,0.0,0.0,0.0,0.0,10680930.0,39680370.0,0.0,0.0,202202.0
75,A10026299,0.0,0.0,0.0,0.0,0.0,0.0,9975571.0,34389430.0,0.0,0.0,202202.0
76,A15609008,,,,,,,,,,,202202.0
77,A10024642,,,,,,,,,,,202202.0
78,A10024811,0.0,0.0,0.0,0.0,0.0,0.0,1786910.0,5813800.0,0.0,0.0,202202.0
79,A10025013,0.0,0.0,0.0,0.0,0.0,0.0,21032123.0,47718580.0,1660390.0,13767070.0,202202.0
80,A10024245,0.0,0.0,0.0,0.0,0.0,0.0,11446340.0,22324490.0,18620.0,7760590.0,202202.0
81,A15681103,0.0,0.0,0.0,0.0,0.0,0.0,2809420.0,7118720.0,0.0,8089230.0,202202.0
82,A15681106,0.0,0.0,0.0,0.0,0.0,0.0,5308869.0,18934330.0,0.0,0.0,202202.0
83,A15681104,0.0,0.0,0.0,0.0,0.0,0.0,3067851.0,9852510.0,380040.0,4610260.0,202202.0
84,A15602007,0.0,0.0,329180.0,0.0,0.0,0.0,6900640.0,26076580.0,0.0,14374680.0,202202.0
85,A15602002,0.0,0.0,-241880.0,241880.0,0.0,0.0,4295750.0,7931440.0,0.0,8117500.0,202202.0
86,A15676512,29651155.0,0.0,0.0,0.0,0.0,12084000.0,5691470.0,0.0,2902550.0,0.0,202202.0
87,A15681110,878390.0,157452560.0,-18993810.0,18993810.0,0.0,40852000.0,-35882130.0,34903980.0,262730.0,32058500.0,202202.0
88,A15602001,0.0,0.0,0.0,0.0,0.0,0.0,2527490.0,6295570.0,13560.0,6618860.0,202202.0
89,A15681108,75904620.0,0.0,0.0,0.0,0.0,0.0,5467320.0,0.0,3082470.0,0.0,202202.0
90,A15681105,0.0,0.0,407360.0,0.0,0.0,0.0,7718962.0,16982000.0,273860.0,0.0,202202.0
91,A15601102,0.0,0.0,0.0,0.0,0.0,0.0,7264100.0,13063370.0,0.0,0.0,202202.0
92,A15672001,0.0,0.0,0.0,0.0,0.0,0.0,4713953.0,8100930.0,0.0,0.0,202202.0
93,A15670001,0.0,0.0,0.0,0.0,0.0,0.0,16041250.0,39762960.0,2653550.0,12554380.0,202202.0
94,A15601201,0.0,0.0,3780.0,0.0,0.0,0.0,1448800.0,0.0,50000.0,0.0,202202.0
95,A15685201,0.0,0.0,21520.0,0.0,0.0,0.0,1982300.0,77400.0,120770.0,0.0,202202.0
96,A15601104,0.0,0.0,0.0,0.0,0.0,0.0,4159024.0,25151270.0,-960.0,27887820.0,202202.0
97,A15685503,0.0,0.0,0.0,0.0,0.0,0.0,4928740.0,22050390.0,0.0,0.0,202202.0
98,A15601105,0.0,0.0,0.0,0.0,0.0,0.0,9093790.0,32471450.0,1427110.0,19472890.0,202202.0
99,A15685206,0.0,0.0,0.0,0.0,0.0,0.0,68854206.0,0.0,28060240.0,0.0,202202.0
100,A15601003,0.0,0.0,0.0,0.0,0.0,0.0,7087595.0,25493290.0,549820.0,7198100.0,202202.0
101,A15601103,0.0,0.0,0.0,0.0,0.0,0.0,2079050.0,19995690.0,0.0,9300110.0,202202.0
102,A15183001,287180.0,0.0,0.0,0.0,0.0,0.0,4015160.0,8422600.0,259070.0,0.0,202202.0
103,A10025504,,,,,,,,,,,202202.0
104,A15601004,,,,,,,,,,,202202.0
105,A15601202,0.0,0.0,649470.0,0.0,0.0,0.0,14521322.0,0.0,0.0,0.0,202202.0
106,A10024733,,,,,,,,,,,202202.0
107,A10024098,0.0,0.0,0.0,0.0,0.0,0.0,19200800.0,32417000.0,-426580.0,11161300.0,202202.0
