,kaptCode,heatC,heatP,gasC,gasP,waterHotC,waterHotP,electC,electP,waterCoolC,waterCoolP,Date
0,A15605103,433,6223040,0,0,0,24150000,6708213,83497050,4267700,32474490,202208.0
1,A15676701,0,0,0,0,0,0,-1032146,0,0,0,202208.0
2,A15605002,11440035,0,0,0,0,5835200,12195591,51328330,711580,0,202208.0
3,A15605003,0,0,0,0,0,0,6532781,20021640,2213690,5127420,202208.0
4,A15603205,0,0,0,0,0,9204000,5788181,48623500,1868980,15015520,202208.0
5,A15603401,0,0,0,0,0,0,591940,10567500,0,3855480,202208.0
6,A15603002,0,0,0,0,0,0,6228110,26204880,802220,7210150,202208.0
7,A15603008,0,0,0,0,0,0,11777514,81146520,-1072330,19239640,202208.0
8,A15603003,0,0,0,0,0,0,0,11362220,0,6361940,202208.0
9,A15683601,0,0,0,0,0,0,700171,15003120,0,0,202208.0
10,A15603004,0,0,0,0,0,0,2347870,18779480,48590,9402970,202208.0
11,A15603206,0,0,0,0,0,0,7487528,96132260,0,23882640,202208.0
12,A15603502,0,0,0,0,0,0,3783810,22086350,0,7875140,202208.0
13,A15603006,0,0,23380,0,0,0,24209575,99386500,3840,34179970,202208.0
14,A15671801,0,0,-299050,299050,0,0,4035650,14944220,558820,3295940,202208.0
15,A15683901,0,0,0,0,0,0,-2551100,23963790,0,0,202208.0
16,A15678101,0,0,0,0,0,0,221800,9666660,0,0,202208.0
17,A15683402,0,0,0,0,0,0,4315993,40947290,425220,12126870,202208.0
18,A15603204,0,0,0,0,0,0,0,28978340,1080,21003170,202208.0
19,A15678103,,,,,0,0,,,33130390,0,202208.0
20,A15603001,,,,,,,2719713,10721790,122200,3247480,202208.0
21,A15603203,,,0,0,,,,,,,202208.0
22,A15603009,,,,,,,,,,,202208.0
23,A15603007,,,13700,0,0,0,,,-91360,1872530,202208.0
24,A15678102,,,0,0,,,,,,,202208.0
25,A10027472,,,,,0,0,,,,,202208.0
26,A10027633,0,0,,,,,,,3868860,11462750,202208.0
27,A10025768,,,,,0,0,,,-905130,15828390,202208.0
28,A10027424,0,0,0,0,0,0,4957439,34013780,,,202208.0
29,A10024365,,,0,0,,,19618209,77321510,,,202208.0
30,A15606006,,,,,,,0,2291050,,,202208.0
31,A15606002,0,0,0,0,,,2281810,15620200,,,202208.0
32,A15606007,0,0,,,0,0,15564900,44428660,0,9755770,202208.0
33,A15606001,0,0,0,0,0,0,,,,,202208.0
34,A15605102,,,,,,,3879129,14516920,786190,4537020,202208.0
35,A15606004,0,0,0,0,-860,17968810,,,,,202208.0
36,A15676702,0,0,,,,,,,30320,1899060,202208.0
37,A15606003,,,0,0,0,0,,,0,10325630,202208.0
38,A15606005,,,0,0,,,,,,,202208.0
39,A10026873,,,,,,,,,,,202208.0
40,A15679103,,,0,0,-367170,367170,,,0,4404230,202208.0
41,A15679109,,,,,,,15004920,118718200,,,202208.0
42,A15679104,0,0,11080,0,0,0,,,264770,0,202208.0
43,A15679108,0,0,0,0,,,19477431,90463580,517840,16170120,202208.0
44,A15607001,0,0,,,0,0,,,,,202208.0
45,A15679105,,,0,1073170,0,5998500,,,,,202208.0
46,A15685702,,,0,0,-10557000,10557000,12696438,53646630,3560690,14977350,202208.0
47,A15679107,0,0,,,0,0,,,,,202208.0
48,A10025770,,,,,,,9570130,106881470,72160,18602840,202208.0
49,A10025867,,,0,0,0,0,18717360,37098400,1631260,8921790,202208.0
50,A10023350,,,,,,,,,,,202208.0
51,A15608002,0,0,,,0,0,,,,,202208.0
52,A15608003,0,0,0,0,,,,,1180580,14430250,202208.0
53,A15608001,0,0,0,0,0,0,3065420,12100170,,,202208.0
54,A10025175,,,,,,,,,,,202208.0
55,A10023898,0,0,,,,,46116460,0,6174560,0,202208.0
56,A15609305,,,0,0,,,,,,,202208.0
57,A15609003,0,0,,,,,,,0,9126400,202208.0
58,A15681802,0,0,0,0,0,0,,,,,202208.0
59,A15677204,0,0,,,,,11038444,33545130,,,202208.0
60,A15609502,,,,,0,0,,,,,202208.0
61,A15609303,0,0,12870,0,0,0,2806330,17075080,919360,0,202208.0
62,A15609001,0,0,,,0,0,,,,,202208.0
63,A15681501,1166660,0,0,0,0,10497600,,,,,202208.0
64,A15609401,0,0,,,0,0,2651460,10286490,,,202208.0
65,A15609002,,,,,0,0,1282870,11109760,0,0,202208.0
66,A15681503,,,,,,,12990540,61462750,0,23803700,202208.0
67,A15609005,611370,88200,0,0,,,,,2744630,0,202208.0
68,A15681502,0,0,0,0,,,6272028,61762520,0,22432080,202208.0
69,A15609301,,,,,0,0,2117470,11111720,0,0,202208.0
70,A15677501,,,,,0,0,,,,,202208.0
71,A15609501,0,0,,,0,0,1586630,12426010,,,202208.0
72,A15609006,0,-163060,0,0,,,2643120,14285630,121010,5531180,202208.0
73,A15609007,0,0,0,0,,,,,,,202208.0
74,A15609306,,,0,0,0,0,,,0,0,202208.0
75,A10026299,0,0,0,0,0,0,13530360,56188870,0,0,202208.0
76,A15609008,,,,,,,,,,,202208.0
77,A10024642,,,,,,,,,,,202208.0
78,A10024811,,,,,0,0,1985420,9274690,0,0,202208.0
79,A10025013,0,0,0,0,0,0,23248757,75076490,387900,15604250,202208.0
80,A10024245,0,0,0,0,,,,,64620,8208280,202208.0
81,A15681103,,,0,0,0,0,,,,,202208.0
82,A15681106,0,0,0,0,0,0,3418122,27485040,,,202208.0
83,A15681104,0,0,0,0,0,0,,,0,5740110,202208.0
84,A15602007,,,1160,0,0,0,9796561,37002880,,,202208.0
85,A15602002,,,-249510,249510,0,0,3413860,11194990,,,202208.0
86,A15676512,,,0,0,,,,,,,202208.0
87,A15681110,,,-15636270,15636270,0,24920640,,,237960,34856300,202208.0
88,A15602001,,,0,0,0,0,,,,,202208.0
89,A15681108,,,0,0,0,8884000,,,,,202208.0
90,A15681105,0,0,2690,0,0,0,6644492,26331750,461350,0,202208.0
91,A15601102,,,0,0,0,0,,,0,0,202208.0
92,A15672001,,,,,,,3725974,11066370,,,202208.0
93,A15670001,,,,,0,0,,,1108950,11815870,202208.0
94,A15601201,0,0,,,,,,,50000,0,202208.0
95,A15685201,,,,,,,,,350890,0,202208.0
96,A15601104,0,0,,,,,0,38969590,-20,30382210,202208.0
97,A15685503,,,0,0,,,2847100,34557380,0,0,202208.0
98,A15601105,,,0,0,0,0,,,782150,20434770,202208.0
99,A15685206,0,0,0,0,0,0,11672975,84981610,,,202208.0
100,A15601003,0,0,0,0,0,0,,,18900,7079800,202208.0
101,A15601103,0,0,0,0,,,4152330,29871330,,,202208.0
102,A15183001,,,0,0,,,1434200,14189730,,,202208.0
103,A10025504,,,,,,,,,,,202208.0
104,A15601004,,,,,,,,,,,202208.0
105,A15601202,,,4660,0,0,0,,,,,202208.0
106,A10024733,,,,,,,,,,,202208.0
107,A10024098,,,0,0,,,,,112460,15312170,202208.0
