,kaptCode,heatC,heatP,gasC,gasP,waterHotC,waterHotP,electC,electP,waterCoolC,waterCoolP,Date
0,A15605103,1172,35112720,0,0,0,36550000,6261414,61735010,3128360,30170490,202205.0
1,A15676701,0,0,0,0,0,0,576430,0,0,0,202205.0
2,A15605002,20379650,0,0,0,0,12933200,9202606,26640240,708430,0,202205.0
3,A15605003,0,0,0,0,0,0,3586305,11327500,0,4929930,202205.0
4,A15603205,-150680,1817000,0,0,0,14025000,8435793,29452760,2419850,14164880,202205.0
5,A15603401,0,0,0,0,0,0,665560,7885800,0,3775340,202205.0
6,A15603002,0,0,0,0,0,0,3763480,14305650,477320,7729870,202205.0
7,A15603008,0,0,0,0,0,0,12332313,50552720,-854100,18336800,202205.0
8,A15603003,0,0,0,0,0,0,0,7256300,0,5809260,202205.0
9,A15683601,0,0,75880,0,0,0,1124834,9802800,0,0,202205.0
10,A15603004,0,0,0,0,0,0,3114090,11044620,43340,8215590,202205.0
11,A15603206,0,0,0,0,0,0,4161812,52618780,0,24259040,202205.0
12,A15603502,0,0,0,0,0,0,4269093,13073820,0,7640130,202205.0
13,A15603006,0,0,280560,0,0,0,15027995,58875400,1580,30759940,202205.0
14,A15671801,0,0,-295230,295230,0,0,2420480,8791360,399710,3662170,202205.0
15,A15683901,0,0,0,0,0,0,1914388,16053360,953780,15004240,202205.0
16,A15678101,0,0,0,0,0,0,938560,5985130,0,0,202205.0
17,A15683402,0,0,0,0,0,0,3200214,23205520,135840,11627750,202205.0
18,A15603204,0,0,0,0,0,0,5008380,17124910,0,0,202205.0
19,A15678103,0,0,0,0,0,0,31325842,69603930,68330,31743370,202205.0
20,A15603001,0,0,0,0,0,0,1614942,6382510,229490,3205030,202205.0
21,A15603203,0,0,0,0,0,0,1851078,14391100,0,8169870,202205.0
22,A15603009,,,,,,,,,,,202205.0
23,A15603007,0,0,0,0,0,0,636870,2988840,33980,1785420,202205.0
24,A15678102,24395539,0,0,0,-12637700,12637700,7467703,17972650,6053840,5924180,202205.0
25,A10027472,0,0,0,0,0,0,2256630,6601360,145520,3865310,202205.0
26,A10027633,0,0,0,0,0,0,2338000,25030050,2614520,11374830,202205.0
27,A10025768,0,0,0,0,0,0,11646060,40152310,-561080,15188660,202205.0
28,A10027424,0,0,0,0,0,0,3950052,20626750,-204790,8662580,202205.0
29,A10024365,0,0,0,0,0,0,8043463,42484810,305820,14613120,202205.0
30,A15606006,0,0,0,0,0,0,0,2263140,0,926210,202205.0
31,A15606002,0,0,0,0,0,0,2996910,7623790,0,0,202205.0
32,A15606007,0,0,0,0,0,0,9108650,22137520,0,10044890,202205.0
33,A15606001,0,0,0,0,0,0,2283154,7820880,0,4703760,202205.0
34,A15605102,0,0,0,0,0,0,3081029,7965020,890060,4366020,202205.0
35,A15606004,0,0,0,0,920,32626920,3664620,21859580,0,9567480,202205.0
36,A15676702,0,0,0,0,0,0,17600,1894870,0,1695030,202205.0
37,A15606003,0,0,0,0,0,0,3152520,18429590,0,9989670,202205.0
38,A15606005,0,0,0,0,0,0,1827530,4443860,688690,2939710,202205.0
39,A10026873,,,,,,,,,,,202205.0
40,A15679103,0,0,0,0,-320540,320540,1557565,6495290,-6460,4501170,202205.0
41,A15679109,0,0,0,0,0,0,9151460,49651150,0,19595600,202205.0
42,A15679104,0,0,97470,0,0,0,231203,6562300,0,0,202205.0
43,A15679108,0,0,0,0,0,0,17771157,37374690,657540,15406930,202205.0
44,A15607001,0,0,0,0,0,0,5458785,13025730,0,0,202205.0
45,A15679105,0,9428400,0,0,0,13140000,7582350,20720300,66890,15720610,202205.0
46,A15685702,31534290,0,0,0,-17154000,17154000,8332548,26368630,6667560,12445640,202205.0
47,A15679107,0,0,0,0,0,0,7347790,34438490,0,12333810,202205.0
48,A10025770,0,0,0,0,0,0,2368700,50209540,62700,17622810,202205.0
49,A10025867,0,0,0,0,0,0,11104860,19433820,1372090,8467780,202205.0
50,A10023350,,,,,,,,,,,202205.0
51,A15608002,0,0,0,0,0,0,10454032,0,4714210,0,202205.0
52,A15608003,0,0,0,0,0,0,7772600,39709750,457490,13327780,202205.0
53,A15608001,0,0,0,0,0,0,669050,8279990,0,0,202205.0
54,A10025175,,,,,,,,,,,202205.0
55,A10023898,0,0,0,0,0,0,19735760,0,4985510,0,202205.0
56,A15609305,0,0,0,0,0,0,6175540,17106500,99220,9110980,202205.0
57,A15609003,0,0,0,0,0,0,2221740,19646940,0,8733970,202205.0
58,A15681802,0,0,0,0,0,0,1882290,7389080,0,0,202205.0
59,A15677204,0,0,0,0,3745840,14993570,9593570,22779000,382400,12005400,202205.0
60,A15609502,0,0,0,0,0,0,6276683,23369400,-1188780,13800490,202205.0
61,A15609303,0,0,239290,0,0,0,3928270,9385120,0,0,202205.0
62,A15609001,0,0,0,0,0,0,1938970,6520590,0,0,202205.0
63,A15681501,2166010,0,0,0,0,19493880,8642610,22792090,148820,11604600,202205.0
64,A15609401,0,0,0,0,0,0,8311860,5957260,3765990,3761480,202205.0
65,A15609002,0,0,0,0,0,0,1637280,6421070,0,7768290,202205.0
66,A15681503,0,0,0,0,1140,41663100,22193190,44510130,2362360,21576440,202205.0
67,A15609005,2479220,3400360,0,0,0,37466100,7954640,34860920,3568640,0,202205.0
68,A15681502,10211110,0,0,0,0,20900000,2939885,32772440,0,20675049,202205.0
69,A15609301,0,0,134020,0,0,0,2221840,8629430,8587760,0,202205.0
70,A15677501,0,0,0,0,0,0,29701980,0,7727610,0,202205.0
71,A15609501,0,0,0,0,0,0,1497120,6814860,0,0,202205.0
72,A15609006,8604810,-165170,0,0,-8439630,8439630,2070220,9690970,1822670,3787200,202205.0
73,A15609007,0,0,0,0,0,0,4514450,17857900,16891980,16821550,202205.0
74,A15609306,0,0,0,0,0,0,10474020,31594650,0,31804320,202205.0
75,A10026299,0,0,0,0,0,0,8845342,35229240,3890190,21150500,202205.0
76,A15609008,,,,,,,,,,,202205.0
77,A10024642,,,,,,,,,,,202205.0
78,A10024811,0,0,0,0,0,0,1270050,4556280,1928440,4517450,202205.0
79,A10025013,0,0,0,0,0,0,13987984,41058780,-1226430,14803300,202205.0
80,A10024245,0,0,0,0,0,0,6231480,22751070,10236,7643210,202205.0
81,A15681103,0,0,0,0,0,0,2477930,5580630,0,0,202205.0
82,A15681106,0,0,0,0,0,0,4340107,15172790,1079400,0,202205.0
83,A15681104,0,0,0,0,0,0,2307366,8453780,0,5183940,202205.0
84,A15602007,0,0,13060,0,0,0,6668307,20676990,0,14690030,202205.0
85,A15602002,0,0,-264880,264880,0,0,2181730,6752530,0,0,202205.0
86,A15676512,4895824,0,0,0,0,7485000,3692120,0,0,0,202205.0
87,A15681110,10139453,3383910,-17577291,17577291,0,37083200,-24473390,24129740,798770,34440680,202205.0
88,A15602001,0,0,0,0,0,0,2298020,5464200,0,0,202205.0
89,A15681108,20509160,0,0,0,0,0,581910,0,1440000,0,202205.0
90,A15681105,0,0,4750,0,0,0,6248907,16137910,152110,0,202205.0
91,A15601102,0,0,0,0,0,0,4654600,10783590,-225600,12965850,202205.0
92,A15672001,0,0,0,0,0,0,2268740,5997680,0,0,202205.0
93,A15670001,0,0,0,0,0,0,11237630,33899450,2067380,11762560,202205.0
94,A15601201,0,0,1100,0,0,0,642070,0,55400,0,202205.0
95,A15685201,0,0,0,0,0,0,1523110,41760,0,0,202205.0
96,A15601104,0,0,0,0,0,0,3889646,23555600,-29679210,29613210,202205.0
97,A15685503,0,0,0,0,0,0,3101580,16515110,0,18600050,202205.0
98,A15601105,0,0,0,0,0,0,5668020,27315700,1104250,19485750,202205.0
99,A15685206,0,0,0,0,0,0,6368451,46256820,2141210,24633660,202205.0
100,A15601003,0,0,0,0,0,0,4230886,20167950,186560,6799400,202205.0
101,A15601103,0,0,0,0,0,0,2750240,15627870,420800,8323680,202205.0
102,A15183001,8120,0,0,0,0,0,3259100,6665800,16920,0,202205.0
103,A10025504,,,,,,,,,,,202205.0
104,A15601004,,,,,,,,,,,202205.0
105,A15601202,0,0,90950,0,0,0,2713267,8071920,0,0,202205.0
106,A10024733,,,,,,,,,,,202205.0
107,A10024098,0,0,0,0,0,0,9020260,32989380,150460,15010150,202205.0
