,kaptCode,heatC,heatP,gasC,gasP,waterHotC,waterHotP,electC,electP,waterCoolC,waterCoolP,Date
0,A15605103,-3982,64959760,0,0,0,39600000,13170656,55819070,5670500,30140440,202204.0
1,A15676701,0,0,0,0,0,0,3663710,0,0,0,202204.0
2,A15605002,36958605,0,0,0,0,15055600,11173491,30027350,700000,0,202204.0
3,A15605003,0,0,0,0,0,0,6825140,12775300,886480,4810820,202204.0
4,A15603205,-151360,30508560,0,0,0,15144000,13952669,26866400,2607470,13631580,202204.0
5,A15603401,0,0,0,0,0,0,748380,7896600,0,3346660,202204.0
6,A15603002,0,0,0,0,0,0,3015420,16586070,597800,7087690,202204.0
7,A15603008,0,0,0,0,0,0,12519166,49950020,-670070,18758710,202204.0
8,A15603003,0,0,0,0,0,0,1328950,8078370,0,5957920,202204.0
9,A15683601,0,0,92950,0,0,0,1106789,11049150,0,0,202204.0
10,A15603004,0,0,0,0,0,0,918540,13766650,45440,9383780,202204.0
11,A15603206,0,0,0,0,0,0,1969316,59563930,0,22484130,202204.0
12,A15603502,0,0,0,0,0,0,4690380,14874570,0,7583140,202204.0
13,A15603006,0,0,382200,0,0,0,14716420,64671170,-3130,32138190,202204.0
14,A15671801,0,0,-277240,277240,0,0,2508790,8789620,327830,3462460,202204.0
15,A15683901,0,0,0,0,0,0,2103338,15881080,0,0,202204.0
16,A15678101,0,0,0,0,0,0,1775770,6190600,0,0,202204.0
17,A15683402,0,0,0,0,0,0,3479782,25322220,185610,11645560,202204.0
18,A15603204,0,0,0,0,0,0,4860550,17422760,-200,19563770,202204.0
19,A15678103,0,0,0,0,0,0,30703843,68625900,642150,30927470,202204.0
20,A15603001,0,0,0,0,0,0,1571939,7143770,240550,3297980,202204.0
21,A15603203,0,0,0,0,0,0,3402927,14375950,70510,8492000,202204.0
22,A15603009,,,,,,,,,,,202204.0
23,A15603007,0,0,27060,0,0,0,1411520,2653110,-302290,1884390,202204.0
24,A15678102,42543292,0,0,0,-12835500,12835500,8318843,16987570,6688270,4090680,202204.0
25,A10027472,0,0,0,0,0,0,2310590,6296650,169050,3683050,202204.0
26,A10027633,0,0,0,0,0,0,2149740,28255250,2741320,11011750,202204.0
27,A10025768,0,0,0,0,0,0,12284550,45199830,-74000,14305930,202204.0
28,A10027424,0,0,0,0,0,0,3933689,20618300,-355080,9184660,202204.0
29,A10024365,0,0,0,0,0,0,7581751,49739160,751520,15181530,202204.0
30,A15606006,0,0,0,0,0,0,539980,1899900,0,997640,202204.0
31,A15606002,0,0,0,0,0,0,3275890,8498100,0,0,202204.0
32,A15606007,0,0,0,0,0,0,9151010,21520620,0,9337210,202204.0
33,A15606001,0,0,0,0,0,0,3071141,8176580,0,3959920,202204.0
34,A15605102,0,0,0,0,0,0,3410617,8962190,866610,4544670,202204.0
35,A15606004,32378500,0,0,0,0,24354000,2717425,21002980,0,8574030,202204.0
36,A15676702,0,0,0,0,0,0,16000,2388930,0,1559450,202204.0
37,A15606003,0,0,0,0,0,0,2448580,21250050,0,10351590,202204.0
38,A15606005,0,0,0,0,0,0,1632290,4536140,0,2250490,202204.0
39,A10026873,,,,,,,,,,,202204.0
40,A15679103,0,0,0,0,-292680,292680,1086689,7825610,43200,4153830,202204.0
41,A15679109,0,0,0,0,0,0,8569010,59380070,0,18163660,202204.0
42,A15679104,0,0,229710,0,0,0,1038765,7084630,0,0,202204.0
43,A15679108,0,0,0,0,0,0,19626288,41557050,314800,16202510,202204.0
44,A15607001,0,0,0,0,0,0,6670010,14466900,-457290,16789830,202204.0
45,A15679105,0,23999850,0,0,0,13882500,9040240,22261510,73270,13704530,202204.0
46,A15685702,53736260,0,0,0,-19323000,19323000,12752007,28067680,8139850,11174790,202204.0
47,A15679107,0,0,0,0,0,0,9603440,33963350,0,12398780,202204.0
48,A10025770,0,0,0,0,0,0,3756440,52962000,71910,19612570,202204.0
49,A10025867,0,0,0,0,0,0,9058790,20744470,315810,9167510,202204.0
50,A10023350,,,,,,,,,,,202204.0
51,A15608002,0,0,0,0,0,0,11604993,0,4930210,0,202204.0
52,A15608003,0,0,0,0,0,0,8304900,43908150,488530,13954800,202204.0
53,A15608001,0,0,0,0,0,0,1609110,9315330,185340,5516730,202204.0
54,A10025175,,,,,,,,,,,202204.0
55,A10023898,0,0,0,0,0,0,18929760,0,3794180,0,202204.0
56,A15609305,0,0,0,0,0,0,9193374,19009390,93160,8827510,202204.0
57,A15609003,0,0,0,0,0,0,2381740,19247490,0,9489430,202204.0
58,A15681802,0,0,0,0,0,0,3211033,7029480,442550,0,202204.0
59,A15677204,4146500,14396610,0,0,3943310,16891940,8868640,24852300,382400,10510560,202204.0
60,A15609502,0,0,0,0,0,0,8440941,21612550,-856390,13983790,202204.0
61,A15609303,0,0,361070,0,0,0,4154400,10281530,1210400,0,202204.0
62,A15609001,0,0,0,0,0,0,2194130,7265080,-163560,0,202204.0
63,A15681501,4546840,23381700,0,0,0,17645000,7207270,21726200,75020,12304000,202204.0
64,A15609401,0,0,0,0,0,0,9144720,6690580,3795700,3793370,202204.0
65,A15609002,0,0,0,0,0,0,2037120,7150900,0,0,202204.0
66,A15681503,2575280,23342450,0,0,0,43412100,26483810,42807550,1614520,19446080,202204.0
67,A15609005,4845240,16230100,0,0,0,33992400,8723630,39546150,2808660,0,202204.0
68,A15681502,19066390,0,0,0,0,24570000,5738789,35453270,0,19710764,202204.0
69,A15609301,0,0,214330,0,0,0,2105280,8370090,0,0,202204.0
70,A15677501,0,0,0,0,0,0,18941680,18574120,9413160,9393660,202204.0
71,A15609501,0,0,0,0,0,0,2277610,6724240,0,0,202204.0
72,A15609006,0,1894750,0,0,0,8541500,1890240,9802280,1852030,3514480,202204.0
73,A15609007,0,0,0,0,0,0,5808370,18051940,0,0,202204.0
74,A15609306,0,0,0,0,0,0,10286850,35635900,0,0,202204.0
75,A10026299,0,0,0,0,0,0,7956448,34220980,0,0,202204.0
76,A15609008,,,,,,,,,,,202204.0
77,A10024642,,,,,,,,,,,202204.0
78,A10024811,0,0,0,0,0,0,1332020,5146090,0,0,202204.0
79,A10025013,0,0,0,0,0,0,14311872,46115000,-1095820,15692340,202204.0
80,A10024245,0,0,0,0,0,0,7022800,22673860,6360,7827000,202204.0
81,A15681103,0,0,0,0,0,0,1479460,7570500,0,7859510,202204.0
82,A15681106,0,0,0,0,0,0,4750784,16711320,0,0,202204.0
83,A15681104,0,0,0,0,0,0,2573919,9305530,0,5382040,202204.0
84,A15602007,0,0,282530,0,0,0,6608328,23512680,0,14628960,202204.0
85,A15602002,0,0,-232320,232320,0,0,2451070,7637000,0,7815520,202204.0
86,A15676512,12221056,0,0,0,0,9381000,3981390,0,12259070,0,202204.0
87,A15681110,16845750,23260790,-19484146,19484146,0,40290650,-34778790,34386540,1083130,33702300,202204.0
88,A15602001,0,0,0,0,0,0,2536840,5953730,141280,6458420,202204.0
89,A15681108,32826120,0,0,0,3547,0,928660,0,14193050,0,202204.0
90,A15681105,0,0,10640,0,0,0,6890293,16356040,1123670,0,202204.0
91,A15601102,0,0,0,0,0,0,6789282,11980360,0,0,202204.0
92,A15672001,0,0,0,0,0,0,3000118,6488590,0,0,202204.0
93,A15670001,0,0,0,0,0,0,11417280,37599710,1733610,12167760,202204.0
94,A15601201,0,0,1100,0,0,0,736550,0,50000,0,202204.0
95,A15685201,0,0,0,0,0,0,1597250,61800,15810,0,202204.0
96,A15601104,0,0,0,0,0,0,6856905,21184360,330,29123400,202204.0
97,A15685503,0,0,0,0,0,0,3495260,18780250,0,0,202204.0
98,A15601105,0,0,0,0,0,0,9085190,28032880,1376840,19049760,202204.0
99,A15685206,0,0,0,0,0,0,12115704,46643470,3929590,22382630,202204.0
100,A15601003,0,0,0,0,0,0,4582927,22593920,27300,7232900,202204.0
101,A15601103,0,0,0,0,0,0,2124230,18314520,510190,8771760,202204.0
102,A15183001,40900,0,0,0,0,0,3373540,7767300,335140,0,202204.0
103,A10025504,,,,,,,,,,,202204.0
104,A15601004,,,,,,,,,,,202204.0
105,A15601202,0,0,94880,0,0,0,12309161,0,0,0,202204.0
106,A10024733,,,,,,,,,,,202204.0
107,A10024098,0,0,0,0,0,0,9873040,35684080,118240,13589660,202204.0
