,kaptCode,heatC,heatP,gasC,gasP,waterHotC,waterHotP,electC,electP,waterCoolC,waterCoolP,Date
0,A15605103,-4650.0,196477820.0,0.0,0.0,0.0,48590000.0,12640973.0,72681860.0,2579830.0,32169870.0,202201.0
1,A15676701,0.0,0.0,0.0,0.0,0.0,0.0,6300594.0,0.0,0.0,0.0,202201.0
2,A15605002,110925805.0,0.0,0.0,0.0,0.0,15957200.0,22594528.0,35180500.0,700000.0,0.0,202201.0
3,A15605003,0.0,0.0,0.0,0.0,0.0,0.0,7852150.0,13863190.0,0.0,4993920.0,202201.0
4,A15603205,-594500.0,108364320.0,0.0,0.0,0.0,17979000.0,17770838.0,35602880.0,3710620.0,14154930.0,202201.0
5,A15603401,0.0,0.0,0.0,0.0,0.0,0.0,742510.0,9063500.0,0.0,3582340.0,202201.0
6,A15603002,0.0,0.0,0.0,0.0,0.0,0.0,4764590.0,17633930.0,762100.0,6640010.0,202201.0
7,A15603008,0.0,0.0,0.0,0.0,0.0,0.0,21053987.0,60043390.0,-180.0,18049140.0,202201.0
8,A15603003,0.0,0.0,0.0,0.0,0.0,0.0,0.0,9324030.0,0.0,2789810.0,202201.0
9,A15683601,0.0,0.0,113690.0,0.0,0.0,0.0,992952.0,13187190.0,0.0,0.0,202201.0
10,A15603004,0.0,0.0,0.0,0.0,0.0,0.0,4173920.0,13507260.0,37730.0,8327660.0,202201.0
11,A15603206,0.0,0.0,0.0,0.0,0.0,0.0,9769431.0,64649990.0,0.0,22219640.0,202201.0
12,A15603502,0.0,0.0,0.0,0.0,0.0,0.0,4742055.0,0.0,0.0,0.0,202201.0
13,A15603006,0.0,0.0,271660.0,0.0,0.0,0.0,18193340.0,69424600.0,69960.0,30622650.0,202201.0
14,A15671801,0.0,0.0,-306860.0,306860.0,0.0,0.0,3806970.0,10539100.0,175910.0,3611240.0,202201.0
15,A15683901,0.0,0.0,0.0,0.0,0.0,0.0,2550833.0,18689720.0,1289550.0,13689700.0,202201.0
16,A15678101,0.0,0.0,0.0,0.0,0.0,0.0,2202920.0,6970850.0,0.0,0.0,202201.0
17,A15683402,0.0,0.0,0.0,0.0,0.0,0.0,7238996.0,28790550.0,220750.0,11324810.0,202201.0
18,A15603204,0.0,0.0,0.0,0.0,0.0,0.0,8477320.0,19476070.0,0.0,0.0,202201.0
19,A15678103,0.0,0.0,0.0,0.0,0.0,0.0,39735797.0,82613750.0,2387690.0,29424870.0,202201.0
20,A15603001,0.0,0.0,0.0,0.0,0.0,0.0,2154754.0,7971520.0,146190.0,2934500.0,202201.0
21,A15603203,0.0,0.0,0.0,0.0,0.0,0.0,3275022.0,16186050.0,0.0,7453290.0,202201.0
22,A15603009,,,,,,,,,,,202201.0
23,A15603007,0.0,0.0,7450.0,0.0,0.0,0.0,2567240.0,2892010.0,-174520.0,1653210.0,202201.0
24,A15678102,96502875.0,0.0,0.0,0.0,-18072900.0,18072900.0,11857410.0,20758490.0,7121860.0,5696860.0,202201.0
25,A10027472,0.0,0.0,0.0,0.0,0.0,0.0,3108840.0,7891920.0,1083400.0,2962090.0,202201.0
26,A10027633,0.0,0.0,0.0,0.0,0.0,0.0,4768730.0,30792870.0,2328130.0,11367320.0,202201.0
27,A10025768,0.0,0.0,0.0,0.0,0.0,0.0,17009390.0,45256670.0,-339530.0,14886710.0,202201.0
28,A10027424,0.0,0.0,0.0,0.0,0.0,0.0,9373684.0,24256760.0,-642600.0,9226440.0,202201.0
29,A10024365,4320.0,0.0,0.0,0.0,0.0,0.0,24597020.0,49847180.0,1325250.0,12741290.0,202201.0
30,A15606006,0.0,0.0,0.0,0.0,0.0,0.0,0.0,2238710.0,0.0,940220.0,202201.0
31,A15606002,0.0,0.0,0.0,0.0,0.0,0.0,3955200.0,9458390.0,0.0,0.0,202201.0
32,A15606007,0.0,0.0,0.0,0.0,0.0,0.0,13058560.0,24973960.0,0.0,9909970.0,202201.0
33,A15606001,0.0,0.0,0.0,0.0,0.0,0.0,2954484.0,8864870.0,0.0,3980010.0,202201.0
34,A15605102,0.0,0.0,0.0,0.0,0.0,0.0,3552695.0,9799550.0,721730.0,4427160.0,202201.0
35,A15606004,92447910.0,0.0,0.0,0.0,29551500.0,0.0,32964367.0,0.0,9165650.0,0.0,202201.0
36,A15676702,0.0,0.0,0.0,0.0,0.0,0.0,16000.0,2605300.0,0.0,1455720.0,202201.0
37,A15606003,0.0,0.0,0.0,0.0,0.0,0.0,4588210.0,24162420.0,0.0,10054900.0,202201.0
38,A15606005,0.0,0.0,0.0,0.0,0.0,0.0,2196290.0,4981840.0,387040.0,2542100.0,202201.0
39,A10026873,,,,,,,,,,,202201.0
40,A15679103,0.0,0.0,0.0,0.0,-343120.0,343120.0,1634055.0,8105260.0,623630.0,3458180.0,202201.0
41,A15679109,0.0,0.0,0.0,0.0,0.0,0.0,15471020.0,62587350.0,0.0,17394120.0,202201.0
42,A15679104,0.0,0.0,501880.0,0.0,0.0,0.0,1475815.0,7613120.0,0.0,0.0,202201.0
43,A15679108,0.0,0.0,0.0,0.0,0.0,0.0,27250196.0,47503050.0,345150.0,16002370.0,202201.0
44,A15607001,0.0,0.0,0.0,0.0,0.0,0.0,7555740.0,15932230.0,0.0,0.0,202201.0
45,A15679105,0.0,108127500.0,0.0,0.0,0.0,15840000.0,18525030.0,26604650.0,51500.0,14652940.0,202201.0
46,A15685702,160677440.0,0.0,0.0,0.0,-19786500.0,19786500.0,18842136.0,31483200.0,7659910.0,10394560.0,202201.0
47,A15679107,0.0,0.0,0.0,0.0,0.0,0.0,11416060.0,42593250.0,0.0,12513780.0,202201.0
48,A10025770,0.0,0.0,0.0,0.0,0.0,0.0,33227520.0,57406330.0,76790.0,18397520.0,202201.0
49,A10025867,0.0,0.0,0.0,0.0,0.0,0.0,18801440.0,22713660.0,299660.0,9034310.0,202201.0
50,A10023350,,,,,,,,,,,202201.0
51,A15608002,0.0,0.0,0.0,0.0,0.0,0.0,13306438.0,0.0,5042550.0,0.0,202201.0
52,A15608003,0.0,0.0,0.0,0.0,0.0,0.0,13947540.0,50765810.0,278420.0,13703000.0,202201.0
53,A15608001,0.0,0.0,0.0,0.0,0.0,0.0,1242150.0,10379900.0,0.0,0.0,202201.0
54,A10025175,,,,,,,,,,,202201.0
55,A10023898,,,,,,,,,,,202201.0
56,A15609305,0.0,0.0,0.0,0.0,0.0,0.0,9896611.0,20863020.0,104390.0,9160380.0,202201.0
57,A15609003,0.0,0.0,0.0,0.0,0.0,0.0,6512540.0,22932910.0,0.0,9342150.0,202201.0
58,A15681802,0.0,0.0,0.0,0.0,0.0,0.0,2720062.0,8919560.0,0.0,0.0,202201.0
59,A15677204,4146500.0,100287790.0,0.0,0.0,2995560.0,17192070.0,5554180.0,26707450.0,382400.0,11189230.0,202201.0
60,A15609502,0.0,0.0,0.0,0.0,0.0,0.0,10272400.0,27747500.0,1368530.0,11622690.0,202201.0
61,A15609303,0.0,0.0,449920.0,0.0,0.0,0.0,4373610.0,11724540.0,0.0,0.0,202201.0
62,A15609001,0.0,0.0,0.0,0.0,0.0,0.0,3243980.0,9123890.0,0.0,0.0,202201.0
63,A15681501,11984220.0,89765700.0,0.0,0.0,0.0,18055000.0,10194250.0,23260900.0,63670.0,10931300.0,202201.0
64,A15609401,0.0,0.0,0.0,0.0,0.0,0.0,11301680.0,7430360.0,3526050.0,3526070.0,202201.0
65,A15609002,0.0,0.0,0.0,0.0,0.0,0.0,3312380.0,7453570.0,0.0,7249810.0,202201.0
66,A15681503,18827800.0,169663010.0,0.0,0.0,1700.0,44953320.0,14927290.0,50480820.0,6703300.0,17670950.0,202201.0
67,A15609005,4236910.0,127676140.0,0.0,0.0,0.0,29162600.0,15007260.0,47991920.0,4106110.0,0.0,202201.0
68,A15681502,132437740.0,0.0,0.0,0.0,0.0,25020000.0,14086733.0,37555240.0,0.0,20101953.0,202201.0
69,A15609301,0.0,0.0,304610.0,0.0,0.0,0.0,2337520.0,9592130.0,8144610.0,0.0,202201.0
70,A15677501,0.0,0.0,0.0,0.0,0.0,0.0,15595380.0,22277520.0,0.0,8945790.0,202201.0
71,A15609501,0.0,0.0,0.0,0.0,0.0,0.0,2628740.0,7842070.0,0.0,0.0,202201.0
72,A15609006,0.0,29070590.0,0.0,0.0,0.0,8740800.0,5808481.0,11143290.0,2920760.0,2804440.0,202201.0
73,A15609007,0.0,0.0,0.0,0.0,0.0,0.0,10643250.0,21182390.0,0.0,16327370.0,202201.0
74,A15609306,0.0,0.0,0.0,0.0,0.0,0.0,11178860.0,38867310.0,0.0,29869850.0,202201.0
75,A10026299,0.0,0.0,0.0,0.0,0.0,0.0,11993209.0,40325640.0,2748470.0,22131390.0,202201.0
76,A15609008,,,,,,,,,,,202201.0
77,A10024642,,,,,,,,,,,202201.0
78,A10024811,0.0,0.0,0.0,0.0,0.0,0.0,1721050.0,6090290.0,1224690.0,4456470.0,202201.0
79,A10025013,0.0,0.0,0.0,0.0,0.0,0.0,19325050.0,46385510.0,522760.0,13828710.0,202201.0
80,A10024245,0.0,0.0,0.0,0.0,0.0,0.0,12972250.0,26447100.0,173960.0,7479030.0,202201.0
81,A15681103,0.0,0.0,0.0,0.0,0.0,0.0,1910590.0,7988060.0,0.0,0.0,202201.0
82,A15681106,0.0,0.0,0.0,0.0,0.0,0.0,5458020.0,18836940.0,292980.0,0.0,202201.0
83,A15681104,0.0,0.0,0.0,0.0,0.0,0.0,3018795.0,9593800.0,0.0,5171180.0,202201.0
84,A15602007,0.0,0.0,298250.0,0.0,0.0,0.0,7188492.0,25845320.0,0.0,14039760.0,202201.0
85,A15602002,0.0,0.0,-259920.0,259920.0,0.0,0.0,2761110.0,7825890.0,0.0,0.0,202201.0
86,A15676512,37473245.0,0.0,0.0,0.0,0.0,10473000.0,6384540.0,0.0,0.0,0.0,202201.0
87,A15681110,13314100.0,172598820.0,-23236280.0,23236280.0,0.0,48528000.0,-39555110.0,38534360.0,1919830.0,34458530.0,202201.0
88,A15602001,0.0,0.0,0.0,0.0,0.0,0.0,2507180.0,6316930.0,0.0,0.0,202201.0
89,A15681108,94727230.0,0.0,0.0,0.0,0.0,0.0,6165170.0,0.0,1000000.0,0.0,202201.0
90,A15681105,0.0,0.0,453620.0,0.0,0.0,0.0,12043682.0,19871800.0,118940.0,0.0,202201.0
91,A15601102,0.0,0.0,0.0,0.0,0.0,0.0,7437698.0,12778540.0,-78850.0,12367170.0,202201.0
92,A15672001,0.0,0.0,0.0,0.0,0.0,0.0,5847177.0,7981650.0,6890.0,0.0,202201.0
93,A15670001,0.0,0.0,0.0,0.0,0.0,0.0,15024980.0,39347250.0,1857420.0,11993710.0,202201.0
94,A15601201,0.0,0.0,1100.0,0.0,0.0,0.0,1309620.0,0.0,50000.0,0.0,202201.0
95,A15685201,0.0,0.0,0.0,0.0,0.0,0.0,1999680.0,99120.0,0.0,0.0,202201.0
96,A15601104,0.0,0.0,0.0,0.0,0.0,0.0,11617650.0,22111490.0,0.0,0.0,202201.0
97,A15685503,0.0,0.0,0.0,0.0,0.0,0.0,4796860.0,23080500.0,0.0,17364260.0,202201.0
98,A15601105,0.0,0.0,0.0,0.0,0.0,0.0,9479820.0,33344270.0,335350.0,19579450.0,202201.0
99,A15685206,0.0,0.0,0.0,0.0,0.0,0.0,15505897.0,54626480.0,7343790.0,20716450.0,202201.0
100,A15601003,0.0,0.0,0.0,0.0,0.0,0.0,5056162.0,25771350.0,26700.0,6660920.0,202201.0
101,A15601103,0.0,0.0,0.0,0.0,0.0,0.0,2112960.0,20310360.0,0.0,8806180.0,202201.0
102,A15183001,355230.0,0.0,0.0,0.0,0.0,0.0,3999040.0,8696690.0,298420.0,0.0,202201.0
103,A10025504,,,,,,,,,,,202201.0
104,A15601004,,,,,,,,,,,202201.0
105,A15601202,0.0,0.0,730830.0,0.0,0.0,0.0,16426066.0,0.0,0.0,0.0,202201.0
106,A10024733,,,,,,,,,,,202201.0
107,A10024098,0.0,0.0,0.0,0.0,0.0,0.0,18476030.0,27845980.0,1088300.0,10691190.0,202201.0
