,kaptCode,heatC,heatP,gasC,gasP,waterHotC,waterHotP,electC,electP,waterCoolC,waterCoolP,Date
0,A15605103,-1850.0,313308700.0,0.0,0.0,0.0,42525000.0,24801928.0,69928520.0,1367150.0,31094100.0,202212.0
1,A15676701,0.0,0.0,0.0,0.0,0.0,0.0,7061726.0,15424240.0,255110.0,9338050.0,202212.0
2,A15605002,148924075.0,0.0,0.0,0.0,0.0,15013600.0,17315415.0,35630580.0,703380.0,0.0,202212.0
3,A15605003,0.0,0.0,0.0,0.0,0.0,0.0,4788650.0,13560710.0,1747170.0,5512230.0,202212.0
4,A15603205,-855740.0,138207120.0,0.0,0.0,0.0,16584000.0,21261822.0,41836910.0,3168960.0,13435820.0,202212.0
5,A15603401,0.0,0.0,0.0,0.0,0.0,0.0,565700.0,10891840.0,0.0,3447000.0,202212.0
6,A15603002,0.0,0.0,0.0,0.0,0.0,0.0,5030740.0,17866690.0,903780.0,6059660.0,202212.0
7,A15603008,0.0,0.0,0.0,0.0,0.0,0.0,23471963.0,65338470.0,-1908070.0,18070030.0,202212.0
8,A15603003,0.0,0.0,0.0,0.0,0.0,0.0,1234350.0,9115240.0,0.0,5703150.0,202212.0
9,A15683601,0.0,0.0,236000.0,0.0,0.0,0.0,976986.0,12784490.0,0.0,0.0,202212.0
10,A15603004,0.0,0.0,0.0,0.0,0.0,0.0,18809020.0,0.0,8701850.0,0.0,202212.0
11,A15603206,0.0,0.0,0.0,0.0,0.0,0.0,5485972.0,61533800.0,0.0,24263830.0,202212.0
12,A15603502,0.0,0.0,0.0,0.0,0.0,0.0,5265296.0,16713110.0,0.0,7614560.0,202212.0
13,A15603006,0.0,0.0,295430.0,0.0,0.0,0.0,18637225.0,67738380.0,7100.0,28924890.0,202212.0
14,A15671801,0.0,0.0,-275850.0,275850.0,0.0,0.0,3921230.0,11300540.0,237110.0,3488520.0,202212.0
15,A15683901,0.0,0.0,0.0,0.0,0.0,0.0,3450920.0,20375660.0,0.0,0.0,202212.0
16,A15678101,0.0,0.0,0.0,0.0,0.0,0.0,2291940.0,6849630.0,0.0,0.0,202212.0
17,A15683402,0.0,0.0,0.0,0.0,0.0,0.0,5478135.0,27070040.0,304520.0,10810310.0,202212.0
18,A15603204,0.0,0.0,0.0,0.0,0.0,0.0,7671440.0,23592990.0,720.0,19186290.0,202212.0
19,A15678103,0.0,0.0,0.0,0.0,0.0,0.0,45721288.0,91846240.0,0.0,30312600.0,202212.0
20,A15603001,0.0,0.0,0.0,0.0,0.0,0.0,1789421.0,7318840.0,254430.0,3092680.0,202212.0
21,A15603203,0.0,0.0,0.0,0.0,0.0,0.0,3595381.0,16420990.0,41860.0,8496050.0,202212.0
22,A15603009,,,,,,,,,,,202212.0
23,A15603007,0.0,0.0,21810.0,0.0,0.0,0.0,2147600.0,3103170.0,-59400.0,1799410.0,202212.0
24,A15678102,138131360.0,0.0,0.0,0.0,-13712700.0,13712700.0,12232230.0,22881240.0,5447420.0,5472410.0,202212.0
25,A10027472,0.0,0.0,0.0,0.0,0.0,0.0,6830020.0,8950480.0,7930.0,3859320.0,202212.0
26,A10027633,0.0,0.0,0.0,0.0,0.0,0.0,3391180.0,30123810.0,2321190.0,10789070.0,202212.0
27,A10025768,0.0,0.0,0.0,0.0,0.0,0.0,16087211.0,45525990.0,809650.0,14573690.0,202212.0
28,A10027424,0.0,0.0,0.0,0.0,0.0,0.0,10951659.0,26730230.0,-208430.0,8385500.0,202212.0
29,A10024365,0.0,0.0,0.0,0.0,0.0,0.0,22501659.0,50066230.0,590390.0,14260840.0,202212.0
30,A15606006,0.0,0.0,0.0,0.0,0.0,0.0,612090.0,1933940.0,0.0,1108090.0,202212.0
31,A15606002,0.0,0.0,0.0,0.0,0.0,0.0,3713850.0,9614120.0,0.0,0.0,202212.0
32,A15606007,0.0,0.0,0.0,0.0,0.0,0.0,27696380.0,27559410.0,9156720.0,9106570.0,202212.0
33,A15606001,0.0,0.0,0.0,0.0,0.0,0.0,3023595.0,9083390.0,0.0,4300670.0,202212.0
34,A15605102,0.0,0.0,0.0,0.0,0.0,0.0,3686592.0,9687180.0,659650.0,3991110.0,202212.0
35,A15606004,0.0,0.0,0.0,0.0,124366180.0,29989250.0,5452190.0,33850550.0,0.0,10533910.0,202212.0
36,A15676702,0.0,0.0,0.0,0.0,0.0,0.0,9600.0,2656340.0,0.0,1564990.0,202212.0
37,A15606003,0.0,0.0,0.0,0.0,0.0,0.0,3833820.0,23418300.0,0.0,9276180.0,202212.0
38,A15606005,0.0,0.0,0.0,0.0,0.0,0.0,2108140.0,5956510.0,0.0,2436730.0,202212.0
39,A10026873,,,,,,,,,,,202212.0
40,A15679103,0.0,0.0,0.0,0.0,-301640.0,301640.0,2211782.0,8177000.0,0.0,4360160.0,202212.0
41,A15679109,0.0,0.0,0.0,0.0,0.0,0.0,15510070.0,62867600.0,0.0,19028280.0,202212.0
42,A15679104,0.0,0.0,367430.0,0.0,0.0,0.0,876724.0,8379160.0,398950.0,0.0,202212.0
43,A15679108,0.0,0.0,0.0,0.0,0.0,0.0,26674394.0,47683710.0,580730.0,14967950.0,202212.0
44,A15607001,0.0,0.0,0.0,0.0,0.0,0.0,7571377.0,16197030.0,31520.0,16154810.0,202212.0
45,A15679105,14833840.0,150895800.0,-992060.0,992060.0,-15205500.0,15205500.0,14823460.0,27728910.0,855890.0,13185910.0,202212.0
46,A15685702,207970470.0,0.0,0.0,0.0,-19570500.0,19570500.0,22375609.0,32476610.0,5127100.0,10641900.0,202212.0
47,A15679107,0.0,0.0,0.0,0.0,0.0,0.0,11800700.0,42232540.0,0.0,11997990.0,202212.0
48,A10025770,0.0,0.0,0.0,0.0,0.0,0.0,26552640.0,59591420.0,73740.0,17639380.0,202212.0
49,A10025867,0.0,0.0,0.0,0.0,0.0,0.0,21506920.0,25765530.0,638710.0,8734350.0,202212.0
50,A10023350,,,,,,,,,,,202212.0
51,A15608002,0.0,0.0,0.0,0.0,0.0,0.0,13450158.0,0.0,4525650.0,0.0,202212.0
52,A15608003,0.0,0.0,0.0,0.0,0.0,0.0,15614630.0,49224670.0,219010.0,12912240.0,202212.0
53,A15608001,0.0,0.0,0.0,0.0,0.0,0.0,1155300.0,9650780.0,0.0,5810510.0,202212.0
54,A10025175,,,,,,,,,,,202212.0
55,A10023898,0.0,0.0,0.0,0.0,0.0,0.0,30340540.0,0.0,5638620.0,0.0,202212.0
56,A15609305,0.0,0.0,0.0,0.0,0.0,0.0,6736761.0,20541180.0,100020.0,8888450.0,202212.0
57,A15609003,0.0,0.0,0.0,0.0,0.0,0.0,8214830.0,21781140.0,0.0,10436650.0,202212.0
58,A15681802,0.0,0.0,0.0,0.0,0.0,0.0,2315316.0,8482210.0,219950.0,0.0,202212.0
59,A15677204,4146500.0,120065640.0,0.0,0.0,2777190.0,20229170.0,5092050.0,29038290.0,382400.0,10754160.0,202212.0
60,A15609502,0.0,0.0,0.0,0.0,0.0,0.0,11707990.0,30468380.0,-765950.0,12776490.0,202212.0
61,A15609303,0.0,0.0,624900.0,0.0,0.0,0.0,4875720.0,12634240.0,919360.0,0.0,202212.0
62,A15609001,0.0,0.0,0.0,0.0,0.0,0.0,3389600.0,8828260.0,169680.0,0.0,202212.0
63,A15681501,15819150.0,124395600.0,0.0,0.0,0.0,17970000.0,8575150.0,26943640.0,222490.0,11723490.0,202212.0
64,A15609401,0.0,0.0,0.0,0.0,0.0,0.0,2648850.0,7316640.0,-70.0,3687000.0,202212.0
65,A15609002,0.0,0.0,0.0,0.0,0.0,0.0,2311909.0,8754760.0,0.0,0.0,202212.0
66,A15681503,25690630.0,231230370.0,0.0,0.0,0.0,59251800.0,40718500.0,55618820.0,4303790.0,18104250.0,202212.0
67,A15609005,2501220.0,164725560.0,0.0,0.0,0.0,31985000.0,11181690.0,48242120.0,2916650.0,0.0,202212.0
68,A15681502,171171940.0,0.0,0.0,0.0,22360000.0,22310000.0,9497399.0,37702831.0,1775500.0,18482780.0,202212.0
69,A15609301,0.0,0.0,577160.0,0.0,0.0,0.0,3558170.0,10844560.0,0.0,0.0,202212.0
70,A15677501,0.0,0.0,0.0,0.0,0.0,0.0,25535300.0,25847240.0,8397630.0,8363250.0,202212.0
71,A15609501,0.0,0.0,0.0,0.0,0.0,0.0,2375080.0,8445310.0,0.0,0.0,202212.0
72,A15609006,1627750.0,31540420.0,0.0,0.0,0.0,8891580.0,6303070.0,13136500.0,206370.0,5296180.0,202212.0
73,A15609007,0.0,0.0,0.0,0.0,0.0,0.0,35800060.0,0.0,0.0,0.0,202212.0
74,A15609306,0.0,0.0,0.0,0.0,0.0,0.0,12756210.0,37795370.0,0.0,0.0,202212.0
75,A10026299,0.0,0.0,0.0,0.0,0.0,0.0,15510785.0,45079150.0,0.0,0.0,202212.0
76,A15609008,,,,,,,,,,,202212.0
77,A10024642,,,,,,,,,,,202212.0
78,A10024811,,,,,,,,,,,202212.0
79,A10025013,0.0,0.0,0.0,0.0,0.0,0.0,21261835.0,45934960.0,-862000.0,14617500.0,202212.0
80,A10024245,0.0,0.0,0.0,0.0,0.0,0.0,13811360.0,29203020.0,18580.0,7408080.0,202212.0
81,A15681103,0.0,0.0,0.0,0.0,0.0,0.0,2455100.0,7675470.0,310130.0,7460120.0,202212.0
82,A15681106,0.0,0.0,0.0,0.0,0.0,0.0,5598070.0,19120850.0,0.0,0.0,202212.0
83,A15681104,0.0,0.0,0.0,0.0,0.0,0.0,2542620.0,9983080.0,0.0,5008590.0,202212.0
84,A15602007,0.0,0.0,135360.0,0.0,0.0,0.0,8202515.0,25444160.0,0.0,13422820.0,202212.0
85,A15602002,0.0,0.0,-155360.0,155360.0,0.0,0.0,2384300.0,7789320.0,0.0,7479900.0,202212.0
86,A15676512,58991642.0,0.0,0.0,0.0,0.0,8178000.0,6696700.0,0.0,2496830.0,0.0,202212.0
87,A15681110,10287070.0,252941560.0,-23890380.0,23890380.0,0.0,56001000.0,-53303820.0,53121720.0,1373750.0,35940680.0,202212.0
88,A15602001,0.0,0.0,0.0,0.0,0.0,0.0,2510920.0,6584800.0,136250.0,6340040.0,202212.0
89,A15681108,135734170.0,0.0,0.0,0.0,-16096000.0,16096000.0,2570320.0,0.0,1650420.0,0.0,202212.0
90,A15681105,0.0,0.0,526260.0,0.0,0.0,0.0,11363245.0,21920930.0,205670.0,0.0,202212.0
91,A15601102,0.0,0.0,0.0,0.0,0.0,0.0,10857671.0,10779370.0,0.0,0.0,202212.0
92,A15672001,0.0,0.0,0.0,0.0,0.0,0.0,11337768.0,0.0,0.0,0.0,202212.0
93,A15670001,0.0,0.0,0.0,0.0,0.0,0.0,16128170.0,36568790.0,810770.0,11103110.0,202212.0
94,A15601201,0.0,0.0,1100.0,0.0,0.0,0.0,1002210.0,0.0,50000.0,0.0,202212.0
95,A15685201,0.0,0.0,0.0,0.0,0.0,0.0,1994070.0,96120.0,136910.0,0.0,202212.0
96,A15601104,0.0,0.0,0.0,0.0,0.0,0.0,11294994.0,27784450.0,-360.0,29075230.0,202212.0
97,A15685503,0.0,0.0,0.0,0.0,0.0,0.0,5039500.0,19476850.0,0.0,0.0,202212.0
98,A15601105,0.0,0.0,0.0,0.0,0.0,0.0,10538270.0,33898020.0,1736860.0,17349680.0,202212.0
99,A15685206,0.0,0.0,0.0,0.0,0.0,0.0,72422342.0,0.0,27554610.0,0.0,202212.0
100,A15601003,0.0,0.0,0.0,0.0,0.0,0.0,7440434.0,24889590.0,343090.0,6492590.0,202212.0
101,A15601103,0.0,0.0,0.0,0.0,0.0,0.0,2089920.0,21009400.0,185220.0,8000840.0,202212.0
102,A15183001,310750.0,0.0,0.0,0.0,0.0,0.0,4269130.0,8876500.0,192920.0,0.0,202212.0
103,A10025504,,,,,,,,,,,202212.0
104,A15601004,,,,,,,,,,,202212.0
105,A15601202,0.0,0.0,415740.0,0.0,0.0,0.0,4097985.0,10521660.0,0.0,0.0,202212.0
106,A10024733,,,,,,,,,,,202212.0
107,A10024098,0.0,0.0,0.0,0.0,0.0,0.0,10750230.0,40964810.0,48390.0,14941160.0,202212.0
