,kaptCode,heatC,heatP,gasC,gasP,waterHotC,waterHotP,electC,electP,waterCoolC,waterCoolP,Date
0,A15605103,640,130338700,0,0,0,36975000,12892318,65409690,3538910,30871440,202211.0
1,A15676701,0,0,0,0,0,0,3326113,17006480,0,10111970,202211.0
2,A15605002,67738625,0,0,0,0,12751200,13622802,32612900,710530,0,202211.0
3,A15605003,0,0,0,0,0,0,4896712,12856360,0,4630950,202211.0
4,A15603205,-150510,78427180,0,0,0,14109000,15730749,33107330,1648010,14384930,202211.0
5,A15603401,0,0,0,0,0,0,767390,9068800,0,3755200,202211.0
6,A15603002,0,0,0,0,0,0,4569220,17083790,1190920,7082340,202211.0
7,A15603008,0,0,0,0,0,0,14646554,57015870,-529620,18038010,202211.0
8,A15603003,0,0,0,0,0,0,1006930,8531480,0,5729460,202211.0
9,A15683601,0,0,73300,0,0,0,1575294,11437710,0,0,202211.0
10,A15603004,0,0,0,0,0,0,4194310,13276290,47540,8754780,202211.0
11,A15603206,0,0,0,0,0,0,9074286,56576530,0,22276910,202211.0
12,A15603502,0,0,0,0,0,0,5227602,15804390,0,7207720,202211.0
13,A15603006,0,0,97920,0,0,0,17868978,66570640,130,31026960,202211.0
14,A15671801,0,0,-297330,297330,0,0,2991480,10118300,390540,3283860,202211.0
15,A15683901,0,0,0,0,0,0,1775073,16926550,98500,14570050,202211.0
16,A15678101,0,0,0,0,0,0,1898160,6600160,0,0,202211.0
17,A15683402,0,0,0,0,0,0,5164464,25856360,154530,11702220,202211.0
18,A15603204,0,0,0,0,0,0,4983290,20021670,0,0,202211.0
19,A15678103,0,0,0,0,0,0,35508786,80364210,0,29781670,202211.0
20,A15603001,0,0,0,0,0,0,1996096,7175640,268200,3156200,202211.0
21,A15603203,0,0,0,0,0,0,3296935,15674500,0,7525710,202211.0
22,A15603009,,,,,,,,,,,202211.0
23,A15603007,0,0,4930,0,0,0,1706640,2900710,-25870,1817540,202211.0
24,A15678102,64464192,0,0,0,-11287500,11287500,9135945,20074130,6268180,5804830,202211.0
25,A10027472,0,0,0,0,0,0,3524560,7852920,242450,3814520,202211.0
26,A10027633,0,0,0,0,0,0,3321540,28805030,2833980,10768430,202211.0
27,A10025768,0,0,0,0,0,0,13055667,47368320,-1279090,14420140,202211.0
28,A10027424,0,0,0,0,0,0,4571784,23362710,-93440,8804260,202211.0
29,A10024365,0,0,0,0,0,0,15927941,49097730,1265730,14693990,202211.0
30,A15606006,0,0,0,0,0,0,584500,1851090,0,1093390,202211.0
31,A15606002,0,0,0,0,0,0,3418760,9258360,0,0,202211.0
32,A15606007,0,0,0,0,0,0,24130980,23998330,8898880,8846670,202211.0
33,A15606001,0,0,0,0,0,0,2916299,8999610,0,4488510,202211.0
34,A15605102,0,0,0,0,0,0,3457278,9460110,826090,4290180,202211.0
35,A15606004,0,0,0,0,61301180,25087410,40350480,26722010,0,10523750,202211.0
36,A15676702,0,0,0,0,0,0,11200,2421330,19740,1749260,202211.0
37,A15606003,0,0,0,0,0,0,3611300,22406360,0,9726340,202211.0
38,A15606005,0,0,0,0,0,0,2009580,4938200,88040,2549580,202211.0
39,A10026873,,,,,,,,,,,202211.0
40,A15679103,0,0,0,0,-334120,334120,1507843,8219670,197320,4111090,202211.0
41,A15679109,0,0,0,0,0,0,13660970,59753490,0,17678180,202211.0
42,A15679104,0,0,197130,0,0,0,756626,8051950,0,0,202211.0
43,A15679108,0,0,0,0,0,0,21043623,44727730,456570,15464870,202211.0
44,A15607001,0,0,0,0,0,0,6510476,15570940,0,0,202211.0
45,A15679105,11510990,70607100,-1054560,1054560,-11614500,11614500,11231250,25330530,3457940,13213210,202211.0
46,A15685702,105388360,0,0,0,-17622000,17622000,15924316,31821990,4037500,11026620,202211.0
47,A15679107,0,0,0,0,0,0,10234710,40108540,0,12265060,202211.0
48,A10025770,0,0,0,0,0,0,7016730,57309840,76900,18141760,202211.0
49,A10025867,0,0,0,0,0,0,14850430,22702550,933010,8513510,202211.0
50,A10023350,,,,,,,,,,,202211.0
51,A15608002,0,0,0,0,0,0,12443996,11793430,4761060,4761060,202211.0
52,A15608003,0,0,0,0,0,0,12331790,46381060,262040,13595680,202211.0
53,A15608001,0,0,0,0,0,0,1029810,9549950,0,0,202211.0
54,A10025175,,,,,,,,,,,202211.0
55,A10023898,0,0,0,0,0,0,27055240,0,5867320,0,202211.0
56,A15609305,0,0,0,0,0,0,7203997,19346550,92410,8695300,202211.0
57,A15609003,0,0,0,0,0,0,3191940,21793850,0,12781990,202211.0
58,A15681802,0,0,0,0,0,0,1390606,9027790,0,0,202211.0
59,A15677204,4146500,37471830,0,0,2567150,18790210,9824540,26356620,382400,11488440,202211.0
60,A15609502,0,0,0,0,0,0,8638857,25087520,-949750,13862520,202211.0
61,A15609303,0,0,522400,0,0,0,4499940,11619200,0,0,202211.0
62,A15609001,0,0,0,0,0,0,3158120,8068780,0,0,202211.0
63,A15681501,7669350,52600650,0,0,0,16420000,6544030,25351610,128400,12567550,202211.0
64,A15609401,0,0,0,0,0,0,2492130,7182140,-240,3838730,202211.0
65,A15609002,0,0,0,0,0,0,2173393,7875000,0,7989960,202211.0
66,A15681503,6847600,61715980,0,0,0,41454600,31272540,49124290,1639210,19799090,202211.0
67,A15609005,10476950,48644790,0,0,0,35481600,9569850,43520070,3528660,0,202211.0
68,A15681502,114246590,0,0,0,0,17990000,3385270,39320840,0,18085110,202211.0
69,A15609301,0,0,352040,0,0,0,2524050,9896400,8566800,0,202211.0
70,A15677501,0,0,0,0,0,0,22216180,21727980,9203700,9178380,202211.0
71,A15609501,0,0,0,0,0,0,2180600,8088790,0,0,202211.0
72,A15609006,1627750,8978030,0,0,0,7710240,5503020,10714880,13430,4862130,202211.0
73,A15609007,0,0,0,0,0,0,27458220,20302340,17060510,16991140,202211.0
74,A15609306,0,0,0,0,0,0,11943060,36917560,0,34451340,202211.0
75,A10026299,0,0,0,0,0,0,10301184,39912240,5439240,21065500,202211.0
76,A15609008,,,,,,,,,,,202211.0
77,A10024642,,,,,,,,,,,202211.0
78,A10024811,,,,,,,,,,,202211.0
79,A10025013,0,0,0,0,0,0,17063433,46608810,198570,15263790,202211.0
80,A10024245,0,0,0,0,0,0,10507770,24826370,41990,7754370,202211.0
81,A15681103,0,0,0,0,0,0,2635940,6948630,0,0,202211.0
82,A15681106,0,0,0,0,0,0,6043166,17530100,642500,0,202211.0
83,A15681104,0,0,0,0,0,0,2347980,9658890,0,5376340,202211.0
84,A15602007,0,0,25050,0,0,0,7993994,24584420,0,14125270,202211.0
85,A15602002,0,0,-263210,263210,0,0,2491600,7734590,0,0,202211.0
86,A15676512,28895002,0,0,0,0,7947000,4063890,0,0,0,202211.0
87,A15681110,22298456,49662960,0,0,0,44572000,-62472550,62271400,2396470,30816810,202211.0
88,A15602001,0,0,0,0,0,0,2349370,6574890,0,0,202211.0
89,A15681108,63845720,0,0,0,12288000,12288000,1583420,0,1910000,0,202211.0
90,A15681105,0,0,64940,0,0,0,6995868,18582170,205680,0,202211.0
91,A15601102,0,0,0,0,0,0,5454567,10555010,-223920,12594150,202211.0
92,A15672001,0,0,0,0,0,0,2816493,7191480,0,0,202211.0
93,A15670001,0,0,0,0,0,0,13178330,37354520,760700,10948980,202211.0
94,A15601201,0,0,5330,0,0,0,870220,0,50000,0,202211.0
95,A15685201,0,0,0,0,0,0,1871330,72840,0,0,202211.0
96,A15601104,0,0,0,0,0,0,3321375,28011280,0,0,202211.0
97,A15685503,0,0,0,0,0,0,3899590,19142660,0,18600190,202211.0
98,A15601105,0,0,0,0,0,0,11798940,31043890,1727970,18372310,202211.0
99,A15685206,0,0,0,0,0,0,64486417,0,24570100,0,202211.0
100,A15601003,0,0,0,0,0,0,6334029,23675080,258850,6779060,202211.0
101,A15601103,0,0,0,0,0,0,3805530,17854420,287290,8615380,202211.0
102,A15183001,13340,0,0,0,0,0,4020890,8290750,172500,0,202211.0
103,A10025504,,,,,,,,,,,202211.0
104,A15601004,,,,,,,,,,,202211.0
105,A15601202,0,0,222880,0,0,0,3590049,9914120,0,0,202211.0
106,A10024733,,,,,,,,,,,202211.0
107,A10024098,0,0,0,0,0,0,8541340,39556670,88380,14803690,202211.0
