,kaptCode,heatC,heatP,gasC,gasP,waterHotC,waterHotP,electC,electP,waterCoolC,waterCoolP,Date
0,A15605103,918.0,13283200.0,0.0,0.0,0.0,25985000.0,12640973.0,72681860.0,5095660.0,30926700.0,202209.0
1,A15676701,0.0,0.0,0.0,0.0,0.0,0.0,-417098.0,17825440.0,0.0,9952520.0,202209.0
2,A15605002,110925805.0,0.0,0.0,0.0,0.0,15957200.0,22594528.0,35180500.0,708460.0,0.0,202209.0
3,A15605003,0.0,0.0,0.0,0.0,0.0,0.0,7852150.0,13863190.0,0.0,4797680.0,202209.0
4,A15603205,-1451.0,0.0,0.0,0.0,0.0,10599000.0,10716817.0,32895540.0,3710620.0,14154930.0,202209.0
5,A15603401,0.0,0.0,0.0,0.0,0.0,0.0,742510.0,9063500.0,0.0,3730830.0,202209.0
6,A15603002,0.0,0.0,0.0,0.0,0.0,0.0,4758060.0,16257400.0,762100.0,6640010.0,202209.0
7,A15603008,0.0,0.0,0.0,0.0,0.0,0.0,13234911.0,54485230.0,-180.0,18049140.0,202209.0
8,A15603003,0.0,0.0,0.0,0.0,0.0,0.0,0.0,11362220.0,0.0,2789810.0,202209.0
9,A15683601,0.0,0.0,113690.0,0.0,0.0,0.0,992952.0,13187190.0,0.0,0.0,202209.0
10,A15603004,0.0,0.0,0.0,0.0,0.0,0.0,3825100.0,14672810.0,37730.0,8327660.0,202209.0
11,A15603206,0.0,0.0,0.0,0.0,0.0,0.0,10256665.0,69759840.0,0.0,22219640.0,202209.0
12,A15603502,0.0,0.0,0.0,0.0,0.0,0.0,3846872.0,16025230.0,0.0,0.0,202209.0
13,A15603006,0.0,0.0,271660.0,0.0,0.0,0.0,11420445.0,76897710.0,810.0,32415920.0,202209.0
14,A15671801,0.0,0.0,-306860.0,306860.0,0.0,0.0,12110460.0,0.0,3594750.0,0.0,202209.0
15,A15683901,0.0,0.0,0.0,0.0,0.0,0.0,2758263.0,16570480.0,491000.0,15732930.0,202209.0
16,A15678101,0.0,0.0,0.0,0.0,0.0,0.0,2150320.0,6068380.0,0.0,0.0,202209.0
17,A15683402,0.0,0.0,0.0,0.0,0.0,0.0,3715713.0,29280850.0,220750.0,11324810.0,202209.0
18,A15603204,0.0,0.0,0.0,0.0,0.0,0.0,8477320.0,19476070.0,0.0,0.0,202209.0
19,A15678103,0.0,0.0,0.0,0.0,0.0,0.0,39735797.0,82613750.0,2387690.0,29424870.0,202209.0
20,A15603001,0.0,0.0,0.0,0.0,0.0,0.0,2154754.0,7971520.0,237400.0,3256960.0,202209.0
21,A15603203,0.0,0.0,0.0,0.0,0.0,0.0,2528373.0,17167750.0,0.0,7927280.0,202209.0
22,A15603009,0.0,0.0,7450.0,0.0,0.0,0.0,2567240.0,2892010.0,-174520.0,1653210.0,202209.0
23,A15603007,96502875.0,0.0,2960.0,0.0,0.0,0.0,596535.0,3687350.0,7121860.0,5696860.0,202209.0
24,A15678102,0.0,0.0,0.0,0.0,-8793500.0,8793500.0,7577830.0,19019140.0,1083400.0,2962090.0,202209.0
25,A10027472,0.0,0.0,0.0,0.0,0.0,0.0,2946130.0,7602560.0,2328130.0,11367320.0,202209.0
26,A10027633,0.0,0.0,0.0,0.0,0.0,0.0,17009390.0,45256670.0,3263400.0,10819950.0,202209.0
27,A10025768,0.0,0.0,0.0,0.0,0.0,0.0,9373684.0,24256760.0,375920.0,14247310.0,202209.0
28,A10027424,0.0,0.0,0.0,0.0,0.0,0.0,24597020.0,49847180.0,225880.0,9108720.0,202209.0
29,A10024365,0.0,0.0,0.0,0.0,0.0,0.0,15162317.0,55244090.0,0.0,940220.0,202209.0
30,A15606006,0.0,0.0,0.0,0.0,0.0,0.0,3955200.0,9458390.0,0.0,0.0,202209.0
31,A15606002,0.0,0.0,0.0,0.0,0.0,0.0,13058560.0,24973960.0,0.0,0.0,202209.0
32,A15606007,0.0,0.0,0.0,0.0,0.0,0.0,2954484.0,8864870.0,0.0,8952790.0,202209.0
33,A15606001,0.0,0.0,0.0,0.0,0.0,0.0,3552695.0,9799550.0,721730.0,4427160.0,202209.0
34,A15605102,92447910.0,0.0,0.0,0.0,29551500.0,0.0,2629404.0,9833050.0,840230.0,4457100.0,202209.0
35,A15606004,0.0,0.0,0.0,0.0,0.0,0.0,3016610.0,24418360.0,0.0,11061220.0,202209.0
36,A15676702,0.0,0.0,0.0,0.0,0.0,0.0,24000.0,2430510.0,0.0,10054900.0,202209.0
37,A15606003,0.0,0.0,0.0,0.0,0.0,0.0,1536600.0,23710620.0,0.0,10376960.0,202209.0
38,A15606005,0.0,0.0,,,0.0,0.0,,,,,202209.0
39,A10026873,0.0,0.0,0.0,0.0,-343120.0,343120.0,1634055.0,8105260.0,623630.0,3458180.0,202209.0
40,A15679103,0.0,0.0,0.0,0.0,-317640.0,317640.0,15471020.0,62587350.0,-469070.0,4410890.0,202209.0
41,A15679109,0.0,0.0,501880.0,0.0,0.0,0.0,11398600.0,60914500.0,0.0,0.0,202209.0
42,A15679104,0.0,0.0,4490.0,0.0,0.0,0.0,27250196.0,47503050.0,345150.0,16002370.0,202209.0
43,A15679108,0.0,0.0,0.0,0.0,0.0,0.0,7555740.0,15932230.0,0.0,0.0,202209.0
44,A15607001,0.0,108127500.0,0.0,0.0,0.0,15840000.0,4286049.0,15947170.0,0.0,0.0,202209.0
45,A15679105,-94050.0,8736000.0,0.0,0.0,0.0,9454500.0,18842136.0,31483200.0,526410.0,14497130.0,202209.0
46,A15685702,0.0,0.0,0.0,0.0,0.0,0.0,8616319.0,33730070.0,3336850.0,12482870.0,202209.0
47,A15679107,0.0,0.0,0.0,0.0,0.0,0.0,33227520.0,57406330.0,0.0,12326980.0,202209.0
48,A10025770,0.0,0.0,0.0,0.0,0.0,0.0,9663500.0,63588440.0,75320.0,18294460.0,202209.0
49,A10025867,,,,,,,,,2185810.0,8516190.0,202209.0
50,A10023350,0.0,0.0,0.0,0.0,0.0,0.0,13306438.0,0.0,5042550.0,0.0,202209.0
51,A15608002,0.0,0.0,0.0,0.0,0.0,0.0,12283467.0,11690180.0,278420.0,13703000.0,202209.0
52,A15608003,0.0,0.0,0.0,0.0,0.0,0.0,11130530.0,48872100.0,380210.0,14017480.0,202209.0
53,A15608001,0.0,0.0,,,0.0,0.0,-936290.0,15370120.0,0.0,0.0,202209.0
54,A10025175,,,,,,,,,,,202209.0
55,A10023898,0.0,0.0,0.0,0.0,0.0,0.0,28527890.0,0.0,104390.0,9160380.0,202209.0
56,A15609305,0.0,0.0,0.0,0.0,0.0,0.0,6512540.0,22932910.0,0.0,9342150.0,202209.0
57,A15609003,0.0,0.0,0.0,0.0,0.0,0.0,2345660.0,20748670.0,0.0,9025660.0,202209.0
58,A15681802,0.0,0.0,0.0,0.0,0.0,0.0,5554180.0,26707450.0,0.0,0.0,202209.0
59,A15677204,0.0,0.0,0.0,0.0,0.0,0.0,10782264.0,42147300.0,1368530.0,11622690.0,202209.0
60,A15609502,0.0,0.0,449920.0,0.0,0.0,0.0,4373610.0,11724540.0,0.0,0.0,202209.0
61,A15609303,0.0,0.0,53400.0,0.0,0.0,0.0,3684370.0,11303310.0,0.0,0.0,202209.0
62,A15609001,11984220.0,89765700.0,0.0,0.0,0.0,18055000.0,10194250.0,23260900.0,0.0,0.0,202209.0
63,A15681501,1733900.0,0.0,0.0,0.0,0.0,15583930.0,4386480.0,40219970.0,3526050.0,3526070.0,202209.0
64,A15609401,0.0,0.0,0.0,0.0,0.0,0.0,3312380.0,7453570.0,-50.0,3973120.0,202209.0
65,A15609002,18827800.0,169663010.0,0.0,0.0,1700.0,44953320.0,1417140.0,7868300.0,0.0,8078050.0,202209.0
66,A15681503,0.0,0.0,0.0,0.0,0.0,29162600.0,23838000.0,47541140.0,4106110.0,0.0,202209.0
67,A15609005,4557400.0,279300.0,0.0,0.0,0.0,22090500.0,14086733.0,37555240.0,3221110.0,0.0,202209.0
68,A15681502,0.0,0.0,304610.0,0.0,0.0,0.0,4204997.0,47564530.0,8144610.0,0.0,202209.0
69,A15609301,0.0,0.0,110990.0,0.0,0.0,0.0,15595380.0,22277520.0,0.0,8945790.0,202209.0
70,A15677501,0.0,0.0,0.0,0.0,0.0,0.0,22101710.0,21452500.0,9350340.0,9322690.0,202209.0
71,A15609501,0.0,29070590.0,0.0,0.0,0.0,8740800.0,5808481.0,11143290.0,0.0,0.0,202209.0
72,A15609006,0.0,-165170.0,0.0,0.0,0.0,6056120.0,10643250.0,21182390.0,-93770.0,5570990.0,202209.0
73,A15609007,0.0,0.0,0.0,0.0,0.0,0.0,5734390.0,19949920.0,0.0,29869850.0,202209.0
74,A15609306,0.0,0.0,0.0,0.0,0.0,0.0,11993209.0,40325640.0,0.0,36761460.0,202209.0
75,A10026299,,,0.0,0.0,,,10496029.0,39257960.0,5792480.0,20990800.0,202209.0
76,A15609008,,,,,,,,,,,202209.0
77,A10024642,0.0,0.0,0.0,0.0,0.0,0.0,1721050.0,6090290.0,1224690.0,4456470.0,202209.0
78,A10024811,0.0,0.0,0.0,0.0,0.0,0.0,19325050.0,46385510.0,-117370.0,6013540.0,202209.0
79,A10025013,0.0,0.0,0.0,0.0,0.0,0.0,28386164.0,69780740.0,452530.0,15543550.0,202209.0
80,A10024245,0.0,0.0,0.0,0.0,0.0,0.0,8097730.0,26484620.0,0.0,0.0,202209.0
81,A15681103,0.0,0.0,0.0,0.0,0.0,0.0,1737080.0,8096620.0,0.0,0.0,202209.0
82,A15681106,0.0,0.0,0.0,0.0,0.0,0.0,3392735.0,19833890.0,0.0,5171180.0,202209.0
83,A15681104,0.0,0.0,298250.0,0.0,0.0,0.0,7188492.0,25845320.0,0.0,14039760.0,202209.0
84,A15602007,0.0,0.0,0.0,0.0,0.0,0.0,2761110.0,7825890.0,0.0,0.0,202209.0
85,A15602002,0.0,0.0,0.0,0.0,0.0,10473000.0,6384540.0,0.0,0.0,0.0,202209.0
86,A15676512,13314100.0,172598820.0,0.0,0.0,0.0,6000000.0,-39555110.0,38534360.0,1919830.0,34458530.0,202209.0
87,A15681110,0.0,0.0,-8950500.0,8950500.0,0.0,30142980.0,-50774420.0,50374820.0,0.0,0.0,202209.0
88,A15602001,0.0,0.0,0.0,0.0,0.0,0.0,6165170.0,0.0,1000000.0,0.0,202209.0
89,A15681108,0.0,0.0,0.0,0.0,0.0,0.0,12043682.0,19871800.0,118940.0,0.0,202209.0
90,A15681105,0.0,0.0,15430.0,0.0,0.0,0.0,7437698.0,12778540.0,205670.0,0.0,202209.0
91,A15601102,0.0,0.0,0.0,0.0,0.0,0.0,6499433.0,16613380.0,6890.0,0.0,202209.0
92,A15672001,0.0,0.0,0.0,0.0,0.0,0.0,15024980.0,39347250.0,1857420.0,11993710.0,202209.0
93,A15670001,0.0,0.0,0.0,0.0,0.0,0.0,1309620.0,0.0,922020.0,11778300.0,202209.0
94,A15601201,0.0,0.0,0.0,0.0,0.0,0.0,1999680.0,99120.0,0.0,0.0,202209.0
95,A15685201,0.0,0.0,0.0,0.0,0.0,0.0,1701080.0,40680.0,0.0,0.0,202209.0
96,A15601104,0.0,0.0,0.0,0.0,0.0,0.0,4384343.0,23678280.0,0.0,0.0,202209.0
97,A15685503,0.0,0.0,0.0,0.0,0.0,0.0,9479820.0,33344270.0,0.0,19577260.0,202209.0
98,A15601105,0.0,0.0,0.0,0.0,0.0,0.0,15505897.0,54626480.0,2155800.0,18681970.0,202209.0
99,A15685206,0.0,0.0,0.0,0.0,0.0,0.0,5056162.0,25771350.0,26700.0,6660920.0,202209.0
100,A15601003,0.0,0.0,0.0,0.0,0.0,0.0,2112960.0,20310360.0,0.0,8806180.0,202209.0
101,A15601103,355230.0,0.0,0.0,0.0,0.0,0.0,3999040.0,8696690.0,298420.0,0.0,202209.0
102,A15183001,0.0,0.0,,,,,3481800.0,8008860.0,181430.0,0.0,202209.0
103,A10025504,,,,,,,,,,,202209.0
104,A15601004,0.0,0.0,730830.0,0.0,0.0,0.0,16426066.0,0.0,0.0,0.0,202209.0
105,A15601202,0.0,0.0,,,,,,,,,202209.0
106,A10024733,,,,,,,,,,,202209.0
107,A10024098,0.0,0.0,0.0,0.0,0.0,0.0,8744410.0,48288550.0,120610.0,14724210.0,202209.0
