,kaptCode,heatC,heatP,gasC,gasP,waterHotC,waterHotP,electC,electP,waterCoolC,waterCoolP,Date
0,A12287204,0,0,0,0,0,0,3395930,59246850,0,0,202107.0
1,A12287203,0,0,0,0,0,0,1504242,4773050,0,6883610,202107.0
2,A12287202,0,0,0,0,0,0,2035580,15849720,57770,4646310,202107.0
3,A12209001,0,0,0,0,0,0,2027820,14228790,46440,6470160,202107.0
4,A10024828,0,0,0,0,0,0,65250157,0,18022380,0,202107.0
5,A10024086,,,,,,,,,,,202107.0
6,A12283603,0,0,0,0,0,0,3176905,11828290,0,0,202107.0
7,A12283602,0,0,0,0,0,0,1052647,12810520,0,5744310,202107.0
8,A12283601,0,0,0,0,0,0,9293190,0,4310390,0,202107.0
9,A10027816,0,0,3760,0,0,0,7720030,74249540,1096640,19448600,202107.0
10,A10025836,0,0,0,0,0,0,11983935,37758120,1088420,12668740,202107.0
11,A10025846,0,0,0,0,0,0,10376220,107029230,184510,18006760,202107.0
12,A10024774,,,,,,,,,,,202107.0
13,A12284701,0,0,0,0,0,0,2606370,10604030,171110,3524620,202107.0
14,A12285703,5030592,0,0,0,11200200,11200200,5403932,57808980,1161550,23254990,202107.0
15,A12204002,0,0,0,0,0,0,2669773,10240190,0,0,202107.0
16,A12204004,0,0,0,0,0,0,6094270,104554580,1856450,20921050,202107.0
17,A12204006,0,0,0,0,0,0,11587760,30439730,0,8193660,202107.0
18,A12204001,0,0,0,0,0,0,724340,5825770,0,2614050,202107.0
19,A12204003,0,0,0,0,0,0,8638270,26541860,-355200,11193990,202107.0
20,A12204102,32530,0,0,0,0,0,3519560,25849830,0,12064280,202107.0
21,A12275201,0,0,0,0,0,0,12280915,54409530,0,11643140,202107.0
22,A12275202,0,0,0,0,0,0,18425711,70885010,484550,17268100,202107.0
23,A10028056,0,0,0,0,0,0,469470,4718190,72870,2180930,202107.0
24,A12204005,,,,,,,,,,,202107.0
25,A10026061,,,,,,,,,,,202107.0
26,A10027568,,,,,,,,,,,202107.0
27,A10027569,,,,,,,,,,,202107.0
28,A10024026,0,0,0,0,0,0,4327090,1006580,0,0,202107.0
29,A10024198,0,0,0,0,0,0,609140,1889090,75680,745590,202107.0
30,A12281801,0,0,0,0,0,0,2386470,6414250,461790,0,202107.0
31,A12281702,0,0,0,0,0,0,2175931,11163180,499880,5372440,202107.0
32,A12205001,0,0,2320,0,0,0,2453640,6340440,4190,3686050,202107.0
33,A12281701,0,0,0,0,0,0,195910,0,23220,0,202107.0
34,A10024128,,,,,,,,,,,202107.0
35,A12282201,0,0,0,0,0,0,1256000,7262360,0,0,202107.0
36,A12282203,0,0,0,0,0,0,2566760,35764760,0,0,202107.0
37,A12282102,0,0,0,0,0,0,12540910,9472517,3774180,3990020,202107.0
38,A12205004,0,0,0,0,0,0,1971540,14435560,-1410,7203070,202107.0
39,A12205003,0,0,0,0,0,0,2929150,11216410,0,6885260,202107.0
40,A12276901,0,0,0,0,0,0,4004240,0,1397670,0,202107.0
41,A10023734,,,,,,,,,,,202107.0
42,A12284501,0,0,1150,0,0,0,4526120,17745130,-487750,6283230,202107.0
43,A10023467,,,,,,,,,,,202107.0
44,A12201101,0,0,0,0,0,0,998210,0,0,0,202107.0
45,A12201103,0,0,0,0,0,0,0,14581500,106700,8008380,202107.0
46,A12201001,0,0,0,0,0,0,2325697,8446170,0,4105430,202107.0
47,A12201102,0,0,0,0,0,0,4811450,15310270,0,5452660,202107.0
48,A12201301,0,0,0,0,0,0,1342880,0,457000,0,202107.0
49,A12293002,0,0,0,0,0,0,2564450,12303980,0,0,202107.0
50,A12201002,0,0,0,0,0,0,15670407,41524740,0,17174470,202107.0
51,A12290901,0,0,0,0,0,0,16001100,70199890,0,15210240,202107.0
52,A12201003,0,0,0,0,0,0,6159795,106087719,-123850,20494630,202107.0
53,A12201005,0,0,0,0,0,0,6104870,16939940,0,6395350,202107.0
54,A12201004,0,0,0,0,0,0,1151847,6450750,0,4511770,202107.0
55,A10025310,0,0,0,0,0,0,5953910,102960190,803450,17921450,202107.0
56,A10025683,0,0,0,0,0,0,11375880,27087450,131440,10990750,202107.0
57,A10027551,,,,,,,,,,,202107.0
58,A10026834,0,0,1290,0,0,0,6231940,41472000,746420,16884820,202107.0
59,A10025018,,,,,,,,,,,202107.0
60,A10024947,0,0,0,0,0,0,10320836,25344070,-140840,11490430,202107.0
61,A10023994,,,,,,,,,,,202107.0
62,A10024831,0,0,0,0,0,0,31182690,124191510,1274000,35959870,202107.0
63,A10024313,0,0,0,0,0,0,-1820000,60653540,0,12505870,202107.0
64,A12289501,0,0,0,0,0,0,3863190,16405890,0,7997620,202107.0
65,A12289401,0,0,0,0,0,0,1605550,8062030,0,0,202107.0
66,A12208001,0,0,0,0,0,0,614200,8053880,346430,6647170,202107.0
67,A12208203,0,0,0,0,0,0,621640,10347640,247260,4060380,202107.0
68,A12208205,0,0,3780,0,0,0,2785420,22653500,260610,10451430,202107.0
69,A12208103,0,0,3330,0,0,0,184770,21066440,89000,5968160,202107.0
70,A12208204,0,0,0,0,0,0,1898830,29305550,201980,11420570,202107.0
71,A12208002,0,0,0,0,0,0,12297780,0,4087370,0,202107.0
72,A12208102,0,0,0,0,0,0,5279000,11807530,0,4662180,202107.0
73,A12208104,0,0,0,0,0,0,2314590,15307720,30120,0,202107.0
74,A12289402,0,0,0,0,0,0,10794360,8906340,3467940,3607580,202107.0
75,A12208101,0,0,0,0,0,0,408730,5151030,0,2618600,202107.0
76,A12208105,0,0,0,0,0,0,25729480,0,7525520,0,202107.0
77,A10025659,0,0,0,0,0,0,195320,34733870,607960,6385760,202107.0
78,A12294102,0,0,0,0,0,0,3567844,31254690,0,8104510,202107.0
79,A10024581,,,,,,,,,,,202107.0
80,A10024769,,,,,,,,,,,202107.0
81,A10023875,,,,,,,,,,,202107.0
82,A41279902,1694590,0,0,0,80850,3711750,5006950,25286070,0,6725660,202107.0
83,A12220002,2480110,4000,0,0,0,3684240,4741770,16226580,-218470,7245660,202107.0
84,A41279917,2403410,0,0,0,0,4353300,6757940,25874310,-328250,7554180,202107.0
85,A41279927,2405250,0,0,0,4100,3646950,5742620,15943450,125810,7248420,202107.0
86,A41279924,4519580,0,0,0,0,7509100,6578570,60534218,655270,11927430,202107.0
87,A41279915,8039960,0,0,0,-5202140,5194250,5714620,33736190,36650,9051350,202107.0
88,A41279925,1326400,0,0,0,0,2480000,568430,19312043,16300,3943500,202107.0
89,A41279922,3145100,15400,0,0,-1823800,1823800,-516210,18545470,31240,3633780,202107.0
90,A12220005,2681920,0,640,0,6733070,0,48521130,0,12049410,0,202107.0
91,A41279910,4510330,0,0,0,0,9240000,6472212,29615120,23590,17863490,202107.0
92,A12220003,1990460,0,0,0,4240500,0,28973683,0,7635400,0,202107.0
93,A41279926,,,,,,,,,,,202107.0
94,A41279913,2514980,24960,0,0,0,5299250,3273600,16412990,18380,8476230,202107.0
95,A41279905,1472930,0,0,0,-70,3055450,1437220,9078070,45610,5363300,202107.0
96,A41279916,1643110,0,0,0,0,4568230,1430080,30830800,0,7411430,202107.0
97,A41279923,2685740,0,0,0,0,3694920,6103560,36905850,61320,7185130,202107.0
98,A41279912,4438720,2000,0,0,0,9025200,5545090,24514190,203670,12769360,202107.0
99,A41279920,0,0,0,0,6286340,6277020,43718650,43701460,12699790,12676540,202107.0
100,A12220004,2349580,455820,0,0,0,6031590,2480310,20438430,0,9334590,202107.0
101,A41279908,1541530,13720,0,0,0,1849600,2275160,9708640,-103900,5339120,202107.0
102,A41279931,3441510,0,0,0,0,7363590,6085320,46146260,-1460,15202500,202107.0
103,A41279918,10384620,346110,0,0,0,0,7847129,47894880,170640,10282660,202107.0
104,A41279904,1306180,0,0,0,0,3057320,1226090,26731170,297150,7735930,202107.0
105,A41279929,2934760,0,0,0,0,4159140,-841224,48080380,-473370,9612600,202107.0
106,A41279914,2899710,0,0,0,0,4735550,330728,19817690,0,8837660,202107.0
107,A41279906,1300660,3700,0,0,0,2805980,2324783,9528377,-196490,5181100,202107.0
108,A41279911,2540040,92950,0,0,0,6935500,1944420,25139050,79910,12694110,202107.0
109,A41279909,3104360,0,0,0,0,0,22315100,0,5080360,0,202107.0
110,A41279930,0,0,0,0,-3265850,3248650,4406280,23126490,0,6637900,202107.0
111,A41279903,1929470,700,0,0,0,3985880,1684224,31132290,345320,7158000,202107.0
112,A41279907,869820,0,0,0,0,1948920,1601960,5577260,-206470,3574880,202107.0
113,A12220001,3302630,0,0,0,1214830,2082600,3548120,13546050,-19120,3985680,202107.0
114,A41279928,2144740,0,0,0,0,4122550,3148885,13017140,0,8344220,202107.0
115,A41279901,2532340,160800,0,0,0,3984260,4229369,16279470,1330,7204240,202107.0
116,A41279932,6578840,0,0,0,-4335780,4310130,3035873,28755680,702600,7363690,202107.0
117,A41279919,,,,,,,,,,,202107.0
118,A41279921,13202200,2550,3220,0,0,6643500,78205610,37343560,22960110,22241710,202107.0
119,A10025677,0,0,0,0,0,1747730,1619140,6833340,0,3399730,202107.0
120,A10025765,2203260,0,0,0,0,3177500,6344650,17945570,-140210,6359230,202107.0
121,A10026376,1759950,0,0,0,0,0,1541620,4640920,71080,2105010,202107.0
