,kaptCode,heatC,heatP,gasC,gasP,waterHotC,waterHotP,electC,electP,waterCoolC,waterCoolP,Date
0,A12287204,0,0,0,0,0,0,3481540,35844560,0,0,202103.0
1,A12287203,0,0,0,0,0,0,1530160,4570580,0,5811760,202103.0
2,A12287202,0,0,0,0,0,0,1098690,10303060,62540,4716610,202103.0
3,A12209001,0,0,0,0,0,0,1477330,7066250,46350,6088530,202103.0
4,A10024828,0,0,0,0,0,0,19773270,32330290,-1177420,15724120,202103.0
5,A10024086,,,,,,,,,,,202103.0
6,A12283603,0,0,0,0,0,0,3402361,10297490,0,0,202103.0
7,A12283602,0,0,0,0,0,0,2489690,8447490,0,4898170,202103.0
8,A12283601,0,0,0,0,0,0,9554020,0,3554130,0,202103.0
9,A10027816,0,0,259900,0,0,0,4004760,54691920,470370,17050110,202103.0
10,A10025836,0,0,0,0,0,0,10952739,26270240,790,12070260,202103.0
11,A10025846,0,0,0,0,0,0,8065490,55774230,54260,15987030,202103.0
12,A10024774,,,,,,,,,,,202103.0
13,A12284701,0,0,0,0,0,0,2554320,5320650,108880,3032940,202103.0
14,A12285703,76593710,0,0,0,31152000,31152000,47433276,30605140,22959300,23776550,202103.0
15,A12204002,0,0,0,0,0,0,2739727,9862220,0,0,202103.0
16,A12204004,0,0,0,0,0,0,15423830,55297920,351390,18000110,202103.0
17,A12204006,0,0,0,0,0,0,10393860,17367010,0,7091470,202103.0
18,A12204001,0,0,0,0,0,0,998350,4639600,0,2332110,202103.0
19,A12204003,0,0,0,0,0,0,8845280,26290810,-455540,9775050,202103.0
20,A12204102,491220,0,0,0,0,0,5366290,25020350,7440,10419860,202103.0
21,A12275201,0,0,0,0,0,0,9499671,30404920,0,11002200,202103.0
22,A12275202,0,0,0,0,0,0,14743883,41351550,222290,14283660,202103.0
23,A10028056,0,0,0,0,0,0,1063730,1063730,0,242720,202103.0
24,A12204005,,,,,,,,,,,202103.0
25,A10026061,,,,,,,,,,,202103.0
26,A10027568,,,,,,,,,,,202103.0
27,A10027569,,,,,,,,,,,202103.0
28,A10024026,,,,,,,,,,,202103.0
29,A10024198,0,0,0,0,0,0,1222890,1289810,61910,624900,202103.0
30,A12281801,0,0,0,0,0,0,2136100,5705550,535680,0,202103.0
31,A12281702,0,0,0,0,0,0,2995655,6927950,244740,4867480,202103.0
32,A12205001,0,0,56010,0,0,0,2396580,5609730,-221950,3292510,202103.0
33,A12281701,0,0,0,0,0,0,1124400,0,7662990,0,202103.0
34,A10024128,,,,,,,,,,,202103.0
35,A12282201,0,0,0,0,0,0,1213680,6201470,0,0,202103.0
36,A12282203,0,0,0,0,0,0,353030,22507800,0,0,202103.0
37,A12282102,0,0,0,0,0,0,10220940,7536060,3576050,3687610,202103.0
38,A12205004,0,0,0,0,0,0,3803820,9767990,-150,5965660,202103.0
39,A12205003,0,0,0,0,0,0,3933172,11035940,0,6553420,202103.0
40,A12276901,0,0,0,0,0,0,2343360,0,1481370,0,202103.0
41,A10023734,,,,,,,,,,,202103.0
42,A12284501,0,0,263190,0,0,0,3176690,10673540,135040,5941980,202103.0
43,A10023467,,,,,,,,,,,202103.0
44,A12201101,0,0,56020,0,0,0,896180,0,0,0,202103.0
45,A12201103,0,0,0,0,0,0,862110,13606260,159550,7270190,202103.0
46,A12201001,0,0,0,0,0,0,2589280,7871730,0,4051270,202103.0
47,A12201102,0,0,0,0,0,0,3642250,8709210,0,4593920,202103.0
48,A12201301,0,0,0,0,0,0,1303260,0,388660,0,202103.0
49,A12293002,0,0,0,0,0,0,2288810,8306500,0,0,202103.0
50,A12201002,0,0,0,0,0,0,13844343,37218930,0,15787480,202103.0
51,A12290901,0,0,0,0,0,0,9611568,39083760,0,14114190,202103.0
52,A12201003,0,0,0,0,0,0,16243541,48312810,-114550,18366350,202103.0
53,A12201005,0,0,0,0,0,0,5934714,15006240,521150,5668290,202103.0
54,A12201004,0,0,0,0,0,0,2108172,5809600,0,4572730,202103.0
55,A10025310,0,0,0,0,0,0,6344210,53697360,551510,16243460,202103.0
56,A10025683,0,0,0,0,0,0,10425360,21278750,376170,8576820,202103.0
57,A10027551,,,,,,,,,,,202103.0
58,A10026834,0,0,0,0,0,0,8997230,0,689300,0,202103.0
59,A10025018,,,,,,,,,,,202103.0
60,A10024947,0,0,0,0,0,0,10834864,20836690,346040,10076700,202103.0
61,A10023994,,,,,,,,,,,202103.0
62,A10024831,0,1013760,0,0,0,0,21481270,96170470,0,33536440,202103.0
63,A10024313,,,,,,,,,,,202103.0
64,A12289501,0,0,0,0,0,0,7221080,13138560,0,6390070,202103.0
65,A12289401,0,0,0,0,0,0,1739230,4760220,711420,0,202103.0
66,A12208001,0,0,0,0,0,0,1342970,7183720,545680,6507930,202103.0
67,A12208203,0,0,0,0,0,0,2110370,6232480,292830,3532140,202103.0
68,A12208205,0,0,33850,0,0,0,3484010,14515040,603870,9248200,202103.0
69,A12208103,0,0,281870,0,0,0,1336270,0,89000,0,202103.0
70,A12208204,0,0,0,0,0,0,1441860,17190515,126610,8791080,202103.0
71,A12208002,0,0,0,0,0,0,8714700,0,4660300,0,202103.0
72,A12208102,0,0,0,0,0,0,2416410,8510610,0,4232120,202103.0
73,A12208104,0,0,0,0,0,0,1803830,10149400,30060,0,202103.0
74,A12289402,0,0,0,0,0,0,8237490,0,3635100,0,202103.0
75,A12208101,0,0,0,0,0,0,1298650,4799550,0,2460500,202103.0
76,A12208105,0,0,38440,0,0,0,14937560,0,6538300,0,202103.0
77,A10025659,0,0,0,0,0,0,2062830,16205860,422580,6005580,202103.0
78,A12294102,0,0,0,0,0,0,5155957,14883150,0,6316840,202103.0
79,A10024581,,,,,,,,,,,202103.0
80,A10024769,,,,,,,,,,,202103.0
81,A10023875,,,,,,,,,,,202103.0
82,A41279902,1866900,12707570,0,0,115200,10202880,4508792,11156170,0,6303200,202103.0
83,A12220002,4397110,14761500,0,0,0,9135560,4783480,15519320,-244130,6733910,202103.0
84,A41279917,3852440,16261150,0,0,0,8131200,3456030,13510840,-567460,6642940,202103.0
85,A41279927,2532480,14561800,0,0,0,7395360,5908750,13753220,143340,6235160,202103.0
86,A41279924,5185700,25908400,0,0,0,17799600,9234136,34587320,480800,10783090,202103.0
87,A41279915,15556510,21122460,0,0,-12615750,12591450,5268320,16562730,137250,7463450,202103.0
88,A41279925,1907290,8924000,0,0,0,5323800,2431745,9422070,-146790,3924690,202103.0
89,A41279922,3469270,10942100,0,0,-1847300,1847300,1706840,8915090,-167940,3493910,202103.0
90,A12220005,17655850,7308900,2610,0,1755250,14085350,4628850,20244360,247840,10300380,202103.0
91,A41279910,7368900,32602500,0,0,0,16308380,16198841,27003170,850880,13926660,202103.0
92,A12220003,17859400,0,0,0,7859670,0,16964844,0,6340210,0,202103.0
93,A41279926,,,,,,,,,,,202103.0
94,A41279913,6392230,13339700,0,0,0,12381600,8272040,15594630,267850,7608280,202103.0
95,A41279905,1798470,10165050,0,0,0,5879940,2305140,9180730,-172980,4831280,202103.0
96,A41279916,2426710,11837520,0,0,0,11039000,2223821,14709410,0,6726900,202103.0
97,A41279923,4130720,18809700,0,0,0,6290850,4328563,17058110,62100,6327990,202103.0
98,A41279912,4472310,30253300,0,0,0,16159500,7553960,21671190,192540,11238940,202103.0
99,A41279920,19267110,19267110,0,0,12328400,12328400,21358500,22431000,10142990,10142990,202103.0
100,A12220004,2349580,23942440,0,0,0,9701100,3379090,18719160,0,8165640,202103.0
101,A41279908,1567290,11635260,0,0,0,5569500,5100830,7498080,2620,5028180,202103.0
102,A41279931,5639900,19480300,0,0,0,15138600,6345640,22696650,0,13406690,202103.0
103,A41279918,14605490,27510000,0,0,0,0,5905316,25748750,571170,9400230,202103.0
104,A41279904,1343790,11756700,0,0,0,9674830,761386,14779700,103970,6690880,202103.0
105,A41279929,4738770,16222800,0,0,0,9566600,4072408,19766280,-35430,8441320,202103.0
106,A41279914,3585250,18581940,0,0,0,9570300,1243783,18335680,0,8188990,202103.0
107,A41279906,1406440,11948850,0,0,0,3078000,3597090,9593650,-59410,4504650,202103.0
108,A41279911,5288550,16866390,0,0,0,15696000,5048080,21926800,0,10760830,202103.0
109,A41279909,12116540,0,0,0,0,0,11379400,0,3377960,0,202103.0
110,A41279930,-7628400,7415200,0,0,-9103500,9051000,3606610,10906280,0,6041900,202103.0
111,A41279903,2398770,12813150,650,0,0,12494300,8675104,13276450,33740,6505720,202103.0
112,A41279907,926760,8063440,0,0,0,2278000,2184390,5324630,-71780,2897950,202103.0
113,A12220001,1274490,6836810,0,0,0,5666200,3289380,6903220,150510,3316780,202103.0
114,A41279928,2169150,9740900,0,0,0,11292600,3491276,12636770,0,7994130,202103.0
115,A41279901,3703420,15189000,0,0,0,9924400,3928524,15507370,-525100,6532560,202103.0
116,A41279932,14583890,6594700,0,0,-11692000,11576000,5564611,18980750,175630,7366580,202103.0
117,A41279919,,,,,,,,,,,202103.0
118,A41279921,56408790,0,5850,0,0,0,40915040,0,20817720,0,202103.0
119,A10025677,0,2250590,0,0,0,6324000,2162590,4556440,0,3163320,202103.0
120,A10025765,2282490,7506160,0,0,0,9738750,6373970,14207250,-385040,5929910,202103.0
121,A10026376,5698370,477980,0,0,0,0,1357560,4059250,-63560,1952290,202103.0
