,kaptCode,heatC,heatP,gasC,gasP,waterHotC,waterHotP,electC,electP,waterCoolC,waterCoolP,Date
0,A12287204,0,0,0,0,0,0,3302990,35861980,-5840,36657830,202110.0
1,A12287203,0,0,0,0,0,0,671210,5496150,0,0,202110.0
2,A12287202,0,0,0,0,0,0,736740,9998640,50770,5225420,202110.0
3,A12209001,0,0,0,0,0,0,1555540,7195760,0,0,202110.0
4,A10024828,0,0,0,0,0,0,58149450,0,17209200,0,202110.0
5,A10024086,,,,,,,,,,,202110.0
6,A12283603,0,0,0,0,0,0,356579,13376290,0,0,202110.0
7,A12283602,0,0,0,0,0,0,2037787,8475350,0,5571440,202110.0
8,A12283601,0,0,0,0,0,0,9501350,0,4129910,0,202110.0
9,A10027816,0,0,1100,0,0,0,4588570,59620420,831330,18926160,202110.0
10,A10025836,0,0,0,0,0,0,13100496,30303730,1069580,12999630,202110.0
11,A10025846,0,0,0,0,0,0,7493130,56444960,254040,17495890,202110.0
12,A10024774,,,,,,,,,,,202110.0
13,A12284701,0,0,0,0,0,0,2153310,5938950,501130,3291020,202110.0
14,A12285703,36040410,0,0,0,0,12969000,6230333,34479160,1537340,22071450,202110.0
15,A12204002,0,0,0,0,0,0,1731897,10737950,0,9648750,202110.0
16,A12204004,0,0,0,0,0,0,7294750,55414460,1744330,20117000,202110.0
17,A12204006,0,0,0,0,0,0,7595210,17198050,630100,7882240,202110.0
18,A12204001,0,0,0,0,0,0,411880,5750420,0,2503440,202110.0
19,A12204003,0,0,0,0,0,0,6427880,26937260,404860,10707220,202110.0
20,A12204102,46130,0,0,0,0,0,3316870,26782360,0,11774010,202110.0
21,A12275201,0,0,0,0,0,0,9302211,30277590,0,11585870,202110.0
22,A12275202,0,0,0,0,0,0,12929311,44978340,209340,16360120,202110.0
23,A10028056,0,0,0,0,0,0,1124570,3435330,45180,2046180,202110.0
24,A12204005,,,,,,,,,,,202110.0
25,A10026061,,,,,,,,,,,202110.0
26,A10027568,,,,,,,,,,,202110.0
27,A10027569,,,,,,,,,,,202110.0
28,A10024026,0,0,0,0,0,0,3223450,1971480,89890,1252780,202110.0
29,A10024198,,,,,,,,,,,202110.0
30,A12281801,0,0,0,0,0,0,1749100,6063440,0,0,202110.0
31,A12281702,0,0,0,0,0,0,2724582,7726930,393500,5158850,202110.0
32,A12205001,0,0,690,0,0,0,2185739,6071111,114290,3633430,202110.0
33,A12281701,0,0,0,0,0,0,720060,0,0,0,202110.0
34,A10024128,,,,,,,,,,,202110.0
35,A12282201,0,0,0,0,0,0,1049740,6747710,0,0,202110.0
36,A12282203,0,0,0,0,0,0,713878,21188970,0,19262920,202110.0
37,A12282102,0,0,0,0,0,0,1875160,8344230,85220,4175360,202110.0
38,A12205004,0,0,0,0,0,0,3380390,10480320,-390,6690650,202110.0
39,A12205003,0,0,0,0,0,0,3536940,11293990,0,6031810,202110.0
40,A12276901,0,0,0,0,0,0,2366550,0,1433390,0,202110.0
41,A10023734,,,,,,,,,,,202110.0
42,A12284501,0,0,0,0,0,0,3413120,10949700,-60860,6404900,202110.0
43,A10023467,,,,,,,,,,,202110.0
44,A12201101,0,0,0,0,0,0,825050,0,18720,0,202110.0
45,A12201103,0,0,0,0,0,0,0,13722120,187080,6925760,202110.0
46,A12201001,0,0,0,0,0,0,2191765,7963300,0,4528160,202110.0
47,A12201102,0,0,0,0,0,0,2926380,8448980,0,5078950,202110.0
48,A12201301,0,0,0,0,0,0,1344520,0,163000,0,202110.0
49,A12293002,0,0,0,0,0,0,2130130,8813490,0,0,202110.0
50,A12201002,0,0,0,0,0,0,10090778,41698290,562770,17194590,202110.0
51,A12290901,0,0,0,0,0,0,9545688,38132800,0,15241890,202110.0
52,A12201003,0,0,0,0,0,0,15558044,51472880,-70040,20958210,202110.0
53,A12201005,0,0,0,0,0,0,3858598,16736580,0,6462990,202110.0
54,A12201004,0,0,0,0,0,0,4070049,4112670,0,4803780,202110.0
55,A10025310,0,0,0,0,0,0,6395617,54428610,495550,17007760,202110.0
56,A10025683,0,0,0,0,0,0,8869440,23995150,174240,10706760,202110.0
57,A10027551,,,,,,,,,,,202110.0
58,A10026834,0,0,0,0,0,0,6131750,39115690,641610,16117680,202110.0
59,A10025018,,,,,,,,,,,202110.0
60,A10024947,0,0,0,0,0,0,11578440,24375210,-666900,11852530,202110.0
61,A10023994,,,,,,,,,,,202110.0
62,A10024831,0,0,0,0,0,0,27480750,81524060,50540,35662000,202110.0
63,A10024313,0,0,0,0,0,0,-1847500,30909200,0,12355350,202110.0
64,A12289501,0,0,0,0,0,0,6805650,14359660,0,7876130,202110.0
65,A12289401,0,0,0,0,0,0,611820,5512140,0,0,202110.0
66,A12208001,0,0,0,0,0,0,526280,8303630,0,0,202110.0
67,A12208203,0,0,0,0,0,0,1466460,6309210,334840,3698610,202110.0
68,A12208205,0,0,3790,0,0,0,3021950,14092160,632820,9694790,202110.0
69,A12208103,0,0,1380,0,0,0,1055370,11265750,89000,5357400,202110.0
70,A12208204,0,0,0,0,0,0,1482150,16791160,119740,9544340,202110.0
71,A12208002,0,0,0,0,0,0,9333850,0,4548520,0,202110.0
72,A12208102,0,0,0,0,0,0,2736680,7198100,0,4891340,202110.0
73,A12208104,0,0,0,0,0,0,1507890,9742500,0,0,202110.0
74,A12289402,0,0,0,0,0,0,1135609,7455050,0,4130480,202110.0
75,A12208101,0,0,0,0,0,0,1044600,4672320,0,2628200,202110.0
76,A12208105,0,0,35980,0,0,0,14387350,0,7015480,0,202110.0
77,A10025659,0,0,0,0,0,0,1527160,16399190,239820,6460520,202110.0
78,A12294102,0,0,0,0,0,0,3387135,16894380,0,8245960,202110.0
79,A10024581,,,,,,,,,,,202110.0
80,A10024769,,,,,,,,,,,202110.0
81,A10023875,,,,,,,,,,,202110.0
82,A41279902,1740820,4624600,0,0,115440,5937360,4186600,11042520,0,6244570,202110.0
83,A12220002,3745790,6227550,0,0,0,5293800,3343010,16618710,-145830,6835170,202110.0
84,A41279917,2853690,5627000,0,0,0,5645100,3887440,13805990,479910,7126060,202110.0
85,A41279927,2441460,6484000,0,0,20480,2890240,6359580,15199760,113210,6980980,202110.0
86,A41279924,4814640,9574900,0,0,0,10757100,10229358,34828660,1405610,10960960,202110.0
87,A41279915,10235140,8955510,0,0,-7215700,7195050,4288210,18012200,26080,8418630,202110.0
88,A41279925,1498600,3335200,0,0,0,3155800,1236586,9068260,485360,3671680,202110.0
89,A41279922,2711860,4423750,0,0,-1370000,1370000,627900,8965880,424620,3380320,202110.0
90,A12220005,10459090,0,640,0,10257000,0,25791240,0,11144000,0,202110.0
91,A41279910,5082090,10428600,0,0,0,12193900,7107943,29690060,629260,17143230,202110.0
92,A12220003,7902300,0,0,0,5260000,0,16770158,0,7312580,0,202110.0
93,A41279926,,,,,,,,,,,202110.0
94,A41279913,2556230,5985950,0,0,0,6979500,3337282,16706820,85830,8497030,202110.0
95,A41279905,1548600,3177450,0,0,0,4358200,1755450,9573830,-1517400,6926690,202110.0
96,A41279916,1873570,4342810,0,0,0,6190200,0,15646630,109240,7302170,202110.0
97,A41279923,3166980,7992000,0,0,0,3834740,3523673,17821200,65650,7167340,202110.0
98,A41279912,4448870,12241240,0,0,0,10068000,6313920,24336560,522230,13369860,202110.0
99,A41279920,4946400,4946400,0,0,9775900,9775900,21123980,22201480,12248210,12248210,202110.0
100,A12220004,2349580,10046000,0,0,0,5736460,3213040,20320330,0,8700250,202110.0
101,A41279908,1563270,3846000,0,0,0,1976380,2234405,10005100,97340,5934940,202110.0
102,A41279931,4168960,6953170,0,0,0,9252440,6264900,23266400,-700,14408010,202110.0
103,A41279918,11663540,8825600,0,0,0,0,6387320,25847090,756740,9244280,202110.0
104,A41279904,1331830,3655520,0,0,0,4879600,1117130,14254230,44660,7143110,202110.0
105,A41279929,6104700,5882850,0,0,4655520,4653400,19738780,19596340,697750,9158370,202110.0
106,A41279914,2734410,7598000,0,0,0,5536800,814132,20183010,735770,8314450,202110.0
107,A41279906,1380300,3843300,0,0,0,3021600,1591160,9744890,193990,4996340,202110.0
108,A41279911,3044190,4781440,0,0,0,10222500,2240600,24960600,0,11850880,202110.0
109,A41279909,6634610,0,0,0,0,0,11289000,0,5725280,0,202110.0
110,A41279930,-1589700,1579900,0,0,-6132000,6108000,4157850,10615640,0,6191750,202110.0
111,A41279903,1993240,6355620,0,0,0,6379080,2952857,16285620,153940,6847310,202110.0
112,A41279907,927320,2589400,0,0,0,2170700,1771910,5968590,162490,3446800,202110.0
113,A12220001,1570310,3280820,0,0,0,3307700,3405240,7106300,51260,3857940,202110.0
114,A41279928,2638070,2846000,0,0,0,6256000,3688327,13672240,0,8135750,202110.0
115,A41279901,3092040,7132300,0,0,0,5254200,5947852,13435910,870,6656350,202110.0
116,A41279932,9312480,2387480,0,0,-7069289,7024640,4498180,19171170,178800,7568200,202110.0
117,A41279919,,,,,,,,,,,202110.0
118,A41279921,27670020,0,4500,0,0,0,41896960,0,21712680,0,202110.0
119,A10025677,0,322300,0,0,0,3753600,1284500,6374160,0,3226490,202110.0
120,A10025765,2296490,2617730,0,0,0,4730950,4528860,17757020,-115240,6163300,202110.0
121,A10026376,2654530,485240,0,0,0,0,1471170,3731090,69700,2023990,202110.0
