,kaptCode,heatC,heatP,gasC,gasP,waterHotC,waterHotP,electC,electP,waterCoolC,waterCoolP,Date
0,A12287204,0,0,0,0,0,0,2914380,44417480,0,0,202101.0
1,A12287203,0,0,0,0,0,0,2936220,7716590,0,7283190,202101.0
2,A12287202,0,0,0,0,0,0,1265770,12159290,58670,4356430,202101.0
3,A12209001,0,0,0,0,0,0,2430210,8454190,49120,6413020,202101.0
4,A10024828,0,0,0,0,0,0,41179230,41286060,257610,15559930,202101.0
5,A10024086,,,,,,,,,,,202101.0
6,A12283603,0,0,0,0,0,0,7335655,15516420,0,0,202101.0
7,A12283602,0,0,0,0,0,0,2835099,10293040,0,5627240,202101.0
8,A12283601,0,0,0,0,0,0,13432130,0,3960580,0,202101.0
9,A10027816,0,0,102090,0,0,0,17271860,76429520,74640,19731240,202101.0
10,A10025836,0,0,0,0,0,0,14167511,35259580,364750,13037540,202101.0
11,A10025846,0,0,0,0,0,0,22503670,65776220,26810,17610780,202101.0
12,A10024774,,,,,,,,,,,202101.0
13,A12284701,0,0,0,0,0,0,1378520,8057130,598640,2708690,202101.0
14,A12285703,217673620,0,218684620,0,16879500,16879500,47666398,36010140,22761800,20888670,202101.0
15,A12204002,0,0,0,0,0,0,3274600,13173750,0,0,202101.0
16,A12204004,0,0,0,0,0,0,18661400,70216480,360320,19759150,202101.0
17,A12204006,0,0,0,0,0,0,14182870,20223510,0,7950630,202101.0
18,A12204001,0,0,0,0,0,0,700510,7245970,0,2808970,202101.0
19,A12204003,0,0,0,0,0,0,10207080,35510570,-190810,10963100,202101.0
20,A12204102,475430,0,0,0,0,0,8428680,35356330,24180,11631350,202101.0
21,A12275201,0,0,0,0,0,0,12879626,37558030,0,11982380,202101.0
22,A12275202,0,0,0,0,0,0,20780443,58534260,250130,15158770,202101.0
23,A10028056,0,0,0,0,0,0,1311000,4635740,180000,1798800,202101.0
24,A12204005,,,,,,,,,,,202101.0
25,A10026061,,,,,,,,,,,202101.0
26,A10027568,,,,,,,,,,,202101.0
27,A10027569,,,,,,,,,,,202101.0
28,A10024026,,,,,,,,,,,202101.0
29,A10024198,0,0,0,0,0,0,2323020,1865760,82560,690340,202101.0
30,A12281801,0,0,0,0,0,0,2818610,7786380,531030,0,202101.0
31,A12281702,0,0,0,0,0,0,3665259,10266240,260750,4696430,202101.0
32,A12205001,0,0,82140,0,0,0,3718600,7361280,411570,3384870,202101.0
33,A12281701,0,0,0,0,0,0,2088810,0,7521080,0,202101.0
34,A10024128,,,,,,,,,,,202101.0
35,A12282201,0,0,0,0,0,0,1478160,8848530,0,0,202101.0
36,A12282203,0,0,0,0,0,0,2982310,27022690,0,0,202101.0
37,A12282102,0,0,0,0,0,0,13768930,10753110,3296410,3536800,202101.0
38,A12205004,0,0,0,0,0,0,4494870,14777400,-190,6587010,202101.0
39,A12205003,0,0,0,0,0,0,4977140,16039330,0,6801650,202101.0
40,A12276901,0,0,0,0,0,0,2946250,0,1670840,0,202101.0
41,A10023734,,,,,,,,,,,202101.0
42,A12284501,253810,0,0,0,0,0,4218540,13213080,3630,5841220,202101.0
43,A10023467,,,,,,,,,,,202101.0
44,A12201101,0,0,61880,0,0,0,1166470,0,0,0,202101.0
45,A12201103,0,0,0,0,0,0,1003460,17145070,106160,6988310,202101.0
46,A12201001,0,0,0,0,0,0,1971300,13275540,0,4129460,202101.0
47,A12201102,0,0,0,0,0,0,2985740,11486650,0,5141240,202101.0
48,A12201301,0,0,0,0,0,0,1294330,0,424520,0,202101.0
49,A12293002,0,0,0,0,0,0,2540870,11998120,0,0,202101.0
50,A12201002,0,0,0,0,0,0,16234463,50207840,857220,16475570,202101.0
51,A12290901,0,0,0,0,0,0,12902557,45829030,0,15161400,202101.0
52,A12201003,0,0,0,0,0,0,17882545,60278690,267690,20403660,202101.0
53,A12201005,0,0,0,0,0,0,8416280,19615650,0,6530460,202101.0
54,A12201004,0,0,0,0,0,0,4876258,8302640,0,4649340,202101.0
55,A10025310,0,0,0,0,0,0,15544730,61486390,50070,18740280,202101.0
56,A10025683,0,0,0,0,0,0,13483160,28106690,335040,10252140,202101.0
57,A10027551,,,,,,,,,,,202101.0
58,A10026834,0,0,0,0,0,0,11885150,46988160,560600,16856680,202101.0
59,A10025018,,,,,,,,,,,202101.0
60,A10024947,0,0,0,0,0,0,15011220,32839550,0,11223920,202101.0
61,A10023994,,,,,,,,,,,202101.0
62,A10024831,0,0,-2546780,2527950,0,0,52513100,108829860,0,32294040,202101.0
63,A10024313,,,,,,,,,,,202101.0
64,A12289501,0,0,0,0,0,0,9227830,18100250,0,6939000,202101.0
65,A12289401,0,0,0,0,0,0,2143840,5775280,0,0,202101.0
66,A12208001,0,0,0,0,0,0,2452830,9756330,353750,6963730,202101.0
67,A12208203,0,0,0,0,0,0,2841170,7154580,418200,3650250,202101.0
68,A12208205,0,0,62360,0,0,0,5873180,16319530,108770,9875080,202101.0
69,A12208103,0,0,150920,0,0,0,593930,14219840,89000,5465300,202101.0
70,A12208204,0,0,0,0,0,0,1802580,19977750,120420,8041030,202101.0
71,A12208002,0,0,0,0,0,0,11565350,0,3989340,0,202101.0
72,A12208102,0,0,0,0,0,0,3790690,11554680,0,4941740,202101.0
73,A12208104,0,0,0,0,0,0,50990,14519170,30060,0,202101.0
74,A12289402,0,0,0,0,0,0,12010050,0,3401080,0,202101.0
75,A12208101,0,0,0,0,0,0,1079340,6395300,0,2432600,202101.0
76,A12208105,0,0,37410,0,0,0,20776230,0,6855920,0,202101.0
77,A10025659,0,0,0,0,0,0,7570390,20527590,339330,6053610,202101.0
78,A12294102,0,0,0,0,0,0,7323849,19197250,0,7232790,202101.0
79,A10024581,,,,,,,,,,,202101.0
80,A10024769,,,,,,,,,,,202101.0
81,A10023875,,,,,,,,,,,202101.0
82,A41279902,2205890,32167260,0,0,124160,10944410,8320430,13738180,0,6725770,202101.0
83,A12220002,7179413,35166280,0,0,0,10568320,5785050,20337990,-163840,6910600,202101.0
84,A41279917,5646310,36612400,0,0,0,8741700,8009500,15367540,-88310,6753710,202101.0
85,A41279927,2701280,33577700,0,0,19800,10520400,8147130,18133120,169680,7181030,202101.0
86,A41279924,6988820,63994800,0,0,0,23154000,14524955,39716300,228320,10509340,202101.0
87,A41279915,3128730,46759650,0,0,0,17382600,7779750,19491130,141910,7747320,202101.0
88,A41279925,2422650,21227700,0,0,0,5736000,2771200,10682280,-81180,3861780,202101.0
89,A41279922,6936460,20957300,0,0,-1822600,1822600,2009093,10700217,-144680,3443550,202101.0
90,A12220005,7005110,51549480,2630,0,0,17168000,2251180,27750820,124650,11192760,202101.0
91,A41279910,10817820,76610430,0,0,0,17354820,11656485,35361880,982440,15390730,202101.0
92,A12220003,40070390,0,0,0,8738800,0,22227837,0,6803380,0,202101.0
93,A41279926,,,,,,,,,,,202101.0
94,A41279913,10253150,36597800,0,0,0,11814000,8883612,21016820,106540,8129190,202101.0
95,A41279905,1778720,26408170,0,0,0,5579060,4607820,11951980,-453490,5358370,202101.0
96,A41279916,4687850,30554730,0,0,0,13237050,2662621,16330590,0,7041300,202101.0
97,A41279923,5261990,34949100,0,0,0,5417390,7438766,19285670,61030,6435350,202101.0
98,A41279912,4585330,68685100,0,0,0,19520200,13015410,28659040,0,12577490,202101.0
99,A41279920,47252400,47252400,0,0,14630400,14630400,24332070,25404570,10458010,10458010,202101.0
100,A12220004,2349580,53922470,0,0,0,10433500,2720740,24341710,0,8218400,202101.0
101,A41279908,28393320,28208880,0,0,5946410,5897720,12608620,12530360,5121280,5071930,202101.0
102,A41279931,8101930,53147780,0,0,0,12471840,15188000,26519710,0,13784090,202101.0
103,A41279918,21003996,57246310,0,0,0,0,8808143,29881920,451980,9690700,202101.0
104,A41279904,1456550,28350900,0,0,0,11960880,1038361,17250680,0,7370940,202101.0
105,A41279929,6784570,39598760,0,0,0,12145000,8432480,22276160,-519240,9545090,202101.0
106,A41279914,5931940,40941450,0,0,0,14355520,4256554,23632010,0,8362440,202101.0
107,A41279906,1591620,25014150,0,0,0,4063400,4726850,13155360,-630320,5314460,202101.0
108,A41279911,9546340,38963300,0,0,0,22705200,8528692,28581250,0,11806260,202101.0
109,A41279909,23783580,0,0,0,0,0,16602250,0,3375340,0,202101.0
110,A41279930,-23109000,21963000,0,0,-9607500,9576000,9316170,12933030,0,5933450,202101.0
111,A41279903,2683330,34645980,1300,0,0,13426920,5619651,19905500,414600,6956740,202101.0
112,A41279907,1101320,18025090,0,0,0,2807200,3610640,7405160,-213870,3383050,202101.0
113,A12220001,3468120,16985160,0,0,0,6946600,5301400,8065270,-83620,3716470,202101.0
114,A41279928,2734600,26701750,0,0,0,14981400,3496780,17335070,0,8136780,202101.0
115,A41279901,5328530,37152040,0,0,0,11375800,4917493,19713790,-680680,8052070,202101.0
116,A41279932,15446650,22490300,0,0,-11294400,11200280,8039128,21519770,225620,7403790,202101.0
117,A41279919,,,,,,,,,,,202101.0
118,A41279921,111770350,0,7870,0,0,0,51170860,0,21345810,0,202101.0
119,A10025677,0,7735160,0,0,0,8715900,3075170,5785200,-110,3173140,202101.0
120,A10025765,2284530,22340690,0,0,0,11292150,7690180,18646030,95990,6271650,202101.0
121,A10026376,7807770,3620180,0,0,0,0,2307360,4645950,252160,1876270,202101.0
