,kaptCode,heatC,heatP,gasC,gasP,waterHotC,waterHotP,electC,electP,waterCoolC,waterCoolP,Date
0,A12287204,0,0,0,0,0,0,3657910,36007250,0,0,202111.0
1,A12287203,0,0,0,0,0,0,1461120,4981220,0,7179230,202111.0
2,A12287202,0,0,0,0,0,0,1483570,9607790,35120,4677370,202111.0
3,A12209001,0,0,0,0,0,0,1628490,7496320,33500,6651450,202111.0
4,A10024828,0,0,0,0,0,0,55834635,0,18044270,0,202111.0
5,A10024086,0,0,0,0,0,0,9555440,7282280,294300,2882060,202111.0
6,A12283603,0,0,0,0,0,0,561538,14019060,0,0,202111.0
7,A12283602,0,0,0,0,0,0,2253464,8344700,0,5637250,202111.0
8,A12283601,50530,0,0,0,0,0,2852820,8649610,0,4133290,202111.0
9,A10027816,0,0,1760,0,0,0,11184490,63198110,598360,19383480,202111.0
10,A10025836,0,0,0,0,0,0,13318814,31090130,918910,13261610,202111.0
11,A10025846,0,0,0,0,0,0,7693140,55832390,87080,17904680,202111.0
12,A10024774,,,,,,,,,,,202111.0
13,A12284701,0,0,0,0,0,0,1568350,6400090,218110,3137410,202111.0
14,A12285703,90453578,0,0,0,16737600,16737600,1425147,37255080,-636900,22809410,202111.0
15,A12204002,0,0,0,0,0,0,2077526,10870570,0,0,202111.0
16,A12204004,0,0,0,0,0,0,13272300,57505600,1429790,20297280,202111.0
17,A12204006,0,0,0,0,0,0,7791510,16908020,0,7935950,202111.0
18,A12204001,0,0,0,0,0,0,783630,5231910,0,2699940,202111.0
19,A12204003,0,0,0,0,0,0,7092980,27963150,592900,11211470,202111.0
20,A12204102,50890,0,0,0,0,0,3806730,27617020,0,12031680,202111.0
21,A12275201,0,0,0,0,0,0,12869615,29601060,0,12031890,202111.0
22,A12275202,0,0,0,0,0,0,17199423,48839690,324330,15738000,202111.0
23,A10028056,0,0,0,0,0,0,1253890,3647830,0,1864480,202111.0
24,A12204005,,,,,,,,,,,202111.0
25,A10026061,,,,,,,,,,,202111.0
26,A10027568,,,,,,,,,,,202111.0
27,A10027569,,,,,,,,,,,202111.0
28,A10024026,0,0,0,0,0,0,3492720,2049350,0,0,202111.0
29,A10024198,,,,,,,,,,,202111.0
30,A12281801,0,0,0,0,0,0,2082710,6263450,328520,0,202111.0
31,A12281702,0,0,0,0,0,0,3171838,8351080,873290,4601440,202111.0
32,A12205001,0,0,17750,0,0,0,2121100,6565850,164640,3314960,202111.0
33,A12281701,0,0,0,0,0,0,767060,0,244160,0,202111.0
34,A10024128,,,,,,,,,,,202111.0
35,A12282201,0,0,0,0,0,0,965310,7251330,0,0,202111.0
36,A12282203,0,0,0,0,0,0,851178,21170030,0,0,202111.0
37,A12282102,0,0,0,0,0,0,2320760,8789160,499480,3364270,202111.0
38,A12205004,0,0,0,0,0,0,3875600,11327150,-350,6821380,202111.0
39,A12205003,0,0,0,0,0,0,2121166,12943300,0,6905280,202111.0
40,A12276901,0,0,0,0,0,0,2299800,0,1400880,0,202111.0
41,A10023734,,,,,,,,,,,202111.0
42,A12284501,21160,0,0,0,0,0,3432320,11047270,-269040,6305880,202111.0
43,A10023467,,,,,,,,,,,202111.0
44,A12201101,0,0,2750,0,0,0,951990,0,0,0,202111.0
45,A12201103,0,0,0,0,0,0,0,15803430,273440,7115940,202111.0
46,A12201001,0,0,0,0,0,0,1978369,9031080,0,4411140,202111.0
47,A12201102,0,0,0,0,0,0,2724600,8639900,0,5479400,202111.0
48,A12201301,0,0,0,0,0,0,1346110,0,134600,0,202111.0
49,A12293002,0,0,0,0,0,0,2382250,9597860,0,0,202111.0
50,A12201002,0,0,0,0,0,0,20107890,32781468,0,17979470,202111.0
51,A12290901,0,0,0,0,0,0,13242989,38226170,0,15415240,202111.0
52,A12201003,0,0,0,0,0,0,15612026,53275500,-76350,19678060,202111.0
53,A12201005,0,0,0,0,0,0,4243423,16836180,393240,6569650,202111.0
54,A12201004,0,0,0,0,0,0,1271260,6673770,0,4502860,202111.0
55,A10025310,0,0,0,0,0,0,6949477,53298240,882760,17816740,202111.0
56,A10025683,0,0,0,0,0,0,9044280,24122670,129690,10795980,202111.0
57,A10027551,,,,,,,,,,,202111.0
58,A10026834,0,0,4350,0,0,0,6187520,38695820,1091850,16415910,202111.0
59,A10025018,,,,,,,,,,,202111.0
60,A10024947,0,0,0,0,0,0,10770115,23825280,-61590,11993390,202111.0
61,A10023994,0,0,0,0,0,0,0,0,0,1334400,202111.0
62,A10024831,0,0,0,0,0,0,27988190,79833590,-629420,33874720,202111.0
63,A10024313,0,0,0,0,0,0,-1965000,32423810,0,10885160,202111.0
64,A12289501,0,0,0,0,0,0,4805060,16745510,0,7399835,202111.0
65,A12289401,0,0,0,0,0,0,1163350,4945320,0,0,202111.0
66,A12208001,0,0,0,0,0,0,795430,8209300,548200,6678020,202111.0
67,A12208203,0,0,0,0,0,0,1575780,6175000,319210,3440070,202111.0
68,A12208205,0,0,18150,0,0,0,3507680,13740480,576640,9160040,202111.0
69,A12208103,0,0,53380,0,0,0,713380,12160940,89000,5218890,202111.0
70,A12208204,0,0,0,0,0,0,1520480,16911594,236820,9523500,202111.0
71,A12208002,0,0,0,0,0,0,10096280,0,4482940,0,202111.0
72,A12208102,0,0,0,0,0,0,2728860,8525630,0,4891740,202111.0
73,A12208104,0,0,0,0,0,0,-241920,11750020,37680,0,202111.0
74,A12289402,0,0,0,0,0,0,1857660,6898300,0,3129640,202111.0
75,A12208101,0,0,0,0,0,0,634730,4870100,0,2484200,202111.0
76,A12208105,0,0,47800,0,0,0,14558830,0,6432560,0,202111.0
77,A10025659,0,0,0,0,0,0,1997640,15890500,262470,6037500,202111.0
78,A12294102,0,0,0,0,0,0,5846846,15046560,0,7382640,202111.0
79,A10024581,,,,,,,,,,,202111.0
80,A10024769,,,,,,,,,,,202111.0
81,A10023875,,,,,,,,,,,202111.0
82,A41279902,1789170,13203120,0,0,63240,8183520,3874235,11651050,0,6300900,202111.0
83,A12220002,5335790,15610800,0,0,0,6919800,3957420,17009510,-21730,6325620,202111.0
84,A41279917,3690370,16701200,0,0,0,6577200,4145440,13758100,-386250,6746130,202111.0
85,A41279927,2672120,17400180,0,0,28600,3309800,7231580,14903740,90450,7103740,202111.0
86,A41279924,5239130,29277360,0,0,0,13169520,10781939,34664340,1431860,10319670,202111.0
87,A41279915,11885300,22827000,0,0,-8940750,8914750,4367590,17734550,22450,8206440,202111.0
88,A41279925,1687400,9230760,0,0,0,4347200,1333279,9057640,123660,3512340,202111.0
89,A41279922,2753330,11435600,0,0,-1429450,1429450,1796890,8965570,169740,3257410,202111.0
90,A12220005,26254380,0,0,0,12794600,0,26847640,0,10853620,0,202111.0
91,A41279910,5093910,32432400,0,0,0,14213500,9166725,29815490,171300,15977200,202111.0
92,A12220003,18763300,0,0,0,6310000,0,16569081,0,7206690,0,202111.0
93,A41279926,,,,,,,,,,,202111.0
94,A41279913,2618380,17864420,0,0,0,8366400,4541350,16923000,678410,8371710,202111.0
95,A41279905,1546860,10689420,0,0,0,4944670,2217700,9668260,1084320,4348470,202111.0
96,A41279916,2322570,13769100,0,0,0,7554700,1500840,14976620,0,6802160,202111.0
97,A41279923,2450070,17268940,0,0,0,8088600,5094600,16917350,19090,6661290,202111.0
98,A41279912,4422450,32447510,0,0,0,11697000,6977390,24499790,0,11031000,202111.0
99,A41279920,16146200,16146200,0,0,12875800,12875800,21126030,22203530,11396670,11396670,202111.0
100,A12220004,2669810,25816000,0,0,0,6229440,3137180,20519810,0,9713250,202111.0
101,A41279908,1558900,10861500,0,0,0,3101890,2626657,10204840,655010,5316020,202111.0
102,A41279931,3565040,23327570,0,0,0,11427240,6214610,23144360,140,13190870,202111.0
103,A41279918,14021230,23975640,0,0,0,0,7346592,25404520,151850,9306470,202111.0
104,A41279904,1326780,11830920,0,0,0,5786000,894905,14483610,534440,6850930,202111.0
105,A41279929,12897920,17377550,0,0,8233500,8223600,851519,20975400,55680,8101610,202111.0
106,A41279914,3722000,20886320,0,0,0,6261600,1012813,20417070,0,7705960,202111.0
107,A41279906,1466170,10790100,0,0,0,3518400,2120480,10448120,-428140,5001520,202111.0
108,A41279911,5228210,15495750,0,0,0,14128400,2885030,24290080,646480,11109180,202111.0
109,A41279909,12051960,0,0,0,0,0,11574550,0,6037640,0,202111.0
110,A41279930,-8418300,8179600,0,0,-7436800,7404800,5637740,11633740,0,5931520,202111.0
111,A41279903,2282530,16538570,640,0,0,8090760,3031644,16284250,268260,6892810,202111.0
112,A41279907,986860,7439250,0,0,0,2476800,2221250,6142630,-299960,3477050,202111.0
113,A12220001,1268880,7594500,0,0,0,4623500,3590180,6762030,198190,3730940,202111.0
114,A41279928,2852140,9625790,0,0,0,9617820,4173397,14299360,0,8898360,202111.0
115,A41279901,3789920,17668240,0,0,0,6856100,6417011,13403440,601500,6012120,202111.0
116,A41279932,11385360,8319500,0,0,-8234800,8155220,7063529,18979180,217430,7235930,202111.0
117,A41279919,,,,,,,,,,,202111.0
118,A41279921,53598150,0,6440,0,0,0,44611650,0,20714550,0,202111.0
119,A10025677,0,2975740,0,0,0,5065300,1646630,5640590,0,2861590,202111.0
120,A10025765,2317640,8379580,0,0,0,6816040,5166620,16489290,-83030,6338710,202111.0
121,A10026376,3761460,2026710,0,0,0,0,841400,3522000,71890,2021800,202111.0
