,kaptCode,heatC,heatP,gasC,gasP,waterHotC,waterHotP,electC,electP,waterCoolC,waterCoolP,Date
0,A12287204,0,0,0,0,0,0,3451560,33666990,0,0,202109.0
1,A12287203,0,0,0,0,0,0,1280940,5575870,0,8608260,202109.0
2,A12287202,0,0,0,0,0,0,722720,10116760,35270,4784590,202109.0
3,A12209001,0,0,0,0,0,0,1617510,7109200,34950,7326490,202109.0
4,A10024828,0,0,0,0,0,0,49285441,0,20606840,0,202109.0
5,A10024086,,,,,,,,,,,202109.0
6,A12283603,0,0,0,0,0,0,-603409,14262860,0,0,202109.0
7,A12283602,0,0,0,0,0,0,1515236,8240590,0,5704630,202109.0
8,A12283601,0,0,0,0,0,0,10268720,0,4262250,0,202109.0
9,A10027816,0,0,3090,0,0,0,8009220,64193290,397320,20206740,202109.0
10,A10025836,0,0,0,0,0,0,10364663,34879860,1158440,13366390,202109.0
11,A10025846,0,0,0,0,0,0,5478150,57857410,130050,18352430,202109.0
12,A10024774,,,,,,,,,,,202109.0
13,A12284701,0,0,0,0,0,0,2151900,5798480,411480,3361680,202109.0
14,A12285703,7826468,0,0,0,11513700,11513700,-108195,40491770,1024730,21879530,202109.0
15,A12204002,0,0,0,0,0,0,2337228,11021710,0,0,202109.0
16,A12204004,0,0,0,0,0,0,6880710,53430490,1713840,19579090,202109.0
17,A12204006,0,0,0,0,0,0,5979530,17655970,0,8312120,202109.0
18,A12204001,0,0,0,0,0,0,391050,5677640,0,2697930,202109.0
19,A12204003,0,0,0,0,0,0,8729950,28301500,489660,11429970,202109.0
20,A12204102,22460,0,0,0,0,0,1889200,28128020,0,12477340,202109.0
21,A12275201,0,0,0,0,0,0,7793347,30419180,0,13209460,202109.0
22,A12275202,0,0,0,0,0,0,14028394,48794290,410370,16497120,202109.0
23,A10028056,0,0,0,0,0,0,927500,3927550,172800,2505,202109.0
24,A12204005,,,,,,,,,,,202109.0
25,A10026061,,,,,,,,,,,202109.0
26,A10027568,,,,,,,,,,,202109.0
27,A10027569,,,,,,,,,,,202109.0
28,A10024026,0,0,0,0,0,0,4074030,2078100,0,0,202109.0
29,A10024198,0,0,0,0,0,0,1001360,1592430,95960,770640,202109.0
30,A12281801,0,0,0,0,0,0,1883320,6986340,368630,0,202109.0
31,A12281702,0,0,0,0,0,0,2644964,7854330,471930,5053770,202109.0
32,A12205001,0,0,0,0,0,0,2244340,5815760,-98900,3693380,202109.0
33,A12281701,0,0,0,0,0,0,120260,0,497480,0,202109.0
34,A10024128,,,,,,,,,,,202109.0
35,A12282201,0,0,0,0,0,0,1683580,6474530,0,0,202109.0
36,A12282203,0,0,0,0,0,0,-64667,20747300,0,0,202109.0
37,A12282102,0,0,0,0,0,0,2908372,7908970,422500,3801970,202109.0
38,A12205004,0,0,0,0,0,0,3040170,10842840,-80,7041220,202109.0
39,A12205003,0,0,0,0,0,0,2794079,11928520,0,6734720,202109.0
40,A12276901,0,0,0,0,0,0,2345200,0,1417720,0,202109.0
41,A10023734,,,,,,,,,,,202109.0
42,A12284501,0,0,0,0,0,0,2880430,10588510,204470,6516160,202109.0
43,A10023467,,,,,,,,,,,202109.0
44,A12201101,0,0,0,0,0,0,905060,0,0,0,202109.0
45,A12201103,0,0,0,0,0,0,0,16098500,215380,7243060,202109.0
46,A12201001,0,0,0,0,0,0,2487511,9212570,0,4781850,202109.0
47,A12201102,0,0,0,0,0,0,2336200,8477690,0,5536750,202109.0
48,A12201301,0,0,0,0,0,0,1406340,0,34400,0,202109.0
49,A12293002,0,0,0,0,0,0,1656360,9328670,0,0,202109.0
50,A12201002,0,0,0,0,0,0,15050718,45394650,0,17898450,202109.0
51,A12290901,0,0,0,0,0,0,7442113,38101430,0,15961370,202109.0
52,A12201003,0,0,0,0,0,0,14869814,49851940,-123800,20442560,202109.0
53,A12201005,0,0,0,0,0,0,5071943,18544390,0,6697860,202109.0
54,A12201004,0,0,0,0,0,0,-1406900,10626790,0,5122920,202109.0
55,A10025310,0,0,0,0,0,0,3734606,55918080,788130,19468260,202109.0
56,A10025683,0,0,0,0,0,0,11136440,27493700,131060,11421990,202109.0
57,A10027551,,,,,,,,,,,202109.0
58,A10026834,0,0,0,0,0,0,4860920,47539540,725170,17153540,202109.0
59,A10025018,,,,,,,,,,,202109.0
60,A10024947,0,0,0,0,0,0,13263577,28634340,154140,12221710,202109.0
61,A10023994,,,,,,,,,,,202109.0
62,A10024831,0,0,0,0,0,0,17135050,81388440,152400,34819220,202109.0
63,A10024313,0,0,0,0,0,0,-1817500,30159110,0,13370180,202109.0
64,A12289501,0,0,0,0,0,0,6871750,16334580,0,8705000,202109.0
65,A12289401,0,0,0,0,0,0,650040,5218920,0,0,202109.0
66,A12208001,0,0,0,0,0,0,440310,9244150,617010,7002730,202109.0
67,A12208203,0,0,0,0,0,0,1100980,6143640,241200,3723720,202109.0
68,A12208205,0,0,2790,0,0,0,2596260,13554760,358500,9518250,202109.0
69,A12208103,0,0,0,0,0,0,491180,10905020,89000,5559120,202109.0
70,A12208204,0,0,0,0,0,0,1653450,15644691,605780,10128750,202109.0
71,A12208002,0,0,0,0,0,0,9356250,0,4723310,0,202109.0
72,A12208102,0,0,0,0,0,0,2139420,7029020,0,5141680,202109.0
73,A12208104,0,0,0,0,0,0,-25010,10692000,34800,0,202109.0
74,A12289402,0,0,0,0,0,0,8745460,6384210,3975180,3975180,202109.0
75,A12208101,0,0,0,0,0,0,-156060,6253930,0,2642600,202109.0
76,A12208105,0,0,0,0,0,0,13120340,0,7234080,0,202109.0
77,A10025659,0,0,0,0,0,0,652070,16852870,286730,6304450,202109.0
78,A12294102,0,0,0,0,0,0,3407134,15732400,0,7917080,202109.0
79,A10024581,,,,,,,,,,,202109.0
80,A10024769,,,,,,,,,,,202109.0
81,A10023875,,,,,,,,,,,202109.0
82,A41279902,1655270,211400,0,0,131040,3873240,3285451,11052700,0,6166310,202109.0
83,A12220002,2787990,634100,0,0,0,3685200,4329550,17678240,-7990,6572950,202109.0
84,A41279917,2411180,130200,0,0,0,4684050,3710400,13548810,88140,7084910,202109.0
85,A41279927,2425760,0,0,0,6150,3925750,6862290,19613690,138990,7507780,202109.0
86,A41279924,4542540,462060,0,0,0,7992720,7362674,34240610,1350540,10904760,202109.0
87,A41279915,8226520,0,0,0,-5416960,5411840,4142010,17256940,14210,8522360,202109.0
88,A41279925,1394080,0,0,0,0,2505600,961451,8949170,503580,3637020,202109.0
89,A41279922,3282480,0,0,0,-1977800,1977800,304960,8781630,218690,3362370,202109.0
90,A12220005,2713330,0,640,0,7038900,0,23018839,0,10969360,0,202109.0
91,A41279910,4877800,304700,0,0,0,10071900,5333415,35652850,-360,16947000,202109.0
92,A12220003,2730790,0,0,0,4332500,0,15654641,0,7514790,0,202109.0
93,A41279926,,,,,,,,,,,202109.0
94,A41279913,2484200,0,0,0,0,5649720,2527190,19051930,188030,8941960,202109.0
95,A41279905,1472930,0,,,0,3251050,2600920,10832990,72780,5448350,202109.0
96,A41279916,1642900,0,0,0,0,4743810,0,15466100,0,6831770,202109.0
97,A41279923,2713430,571200,0,0,0,3754350,3765427,15678770,59990,7013190,202109.0
98,A41279912,4424340,756000,0,0,0,9896400,6792380,27767930,530730,12318510,202109.0
99,A41279920,0,0,0,0,6486720,6472740,21135530,22213030,11759840,11759840,202109.0
100,A12220004,2349580,618120,0,0,0,5022000,1459400,23442920,0,9709860,202109.0
101,A41279908,1539150,163660,0,0,0,1611960,1909450,11786520,768700,5508680,202109.0
102,A41279931,3480490,0,0,0,0,7953390,5039600,22290930,80,14202150,202109.0
103,A41279918,10357610,0,0,0,0,0,5258023,25697190,567320,9569420,202109.0
104,A41279904,1324190,105050,0,0,0,3443700,950751,12876540,405570,7108670,202109.0
105,A41279929,3117270,154700,0,0,0,4203960,2104154,19058070,298650,8651940,202109.0
106,A41279914,2844990,479000,0,0,0,4971400,1998803,23251680,255430,8246540,202109.0
107,A41279906,1292380,90650,0,0,0,2889000,2235330,11008160,-95030,4999560,202109.0
108,A41279911,2540040,142740,0,0,0,7179250,1081380,30310610,0,11695120,202109.0
109,A41279909,3513350,0,0,0,0,0,10944920,0,4836300,0,202109.0
110,A41279930,-240800,240800,0,0,-3590400,3572800,3411930,10446070,0,6105880,202109.0
111,A41279903,1932450,6600,0,0,0,4142190,2426971,15913180,315410,7229320,202109.0
112,A41279907,874840,31450,0,0,0,2035800,1359410,6387980,12510,3440210,202109.0
113,A12220001,1265690,1200,0,0,0,2107500,2515290,6962680,321230,3629780,202109.0
114,A41279928,2122200,0,0,0,0,4544850,2784999,15487230,0,8785120,202109.0
115,A41279901,2572200,1261700,0,0,0,4076800,5498393,14304480,272370,6822350,202109.0
116,A41279932,6600480,0,0,0,-4358400,4331160,4139493,19289000,614540,6892040,202109.0
117,A41279919,,,,,,,,,,,202109.0
118,A41279921,14868970,0,5140,0,0,0,40881570,0,21726640,0,202109.0
119,A10025677,0,30220,0,0,0,1922580,1808760,8184490,0,3091710,202109.0
120,A10025765,2236040,0,0,0,0,3095100,6084740,20877580,-36500,6427490,202109.0
121,A10026376,1772510,1800,0,0,0,0,1735160,5461600,187330,2091950,202109.0
