,kaptCode,heatC,heatP,gasC,gasP,waterHotC,waterHotP,electC,electP,waterCoolC,waterCoolP,Date
0,A12287204,0,0,0,0,0,0,3479360,40749770,-7320,35329380,202108.0
1,A12287203,0,0,0,0,0,0,-687192,9845500,0,0,202108.0
2,A12287202,0,0,0,0,0,0,586720,12088170,27630,4658010,202108.0
3,A12209001,0,0,0,0,0,0,1740980,9476720,0,0,202108.0
4,A10024828,0,0,0,0,0,0,117034042,0,17980220,0,202108.0
5,A10024086,,,,,,,,,,,202108.0
6,A12283603,0,0,0,0,0,0,3387501,21157240,0,0,202108.0
7,A12283602,0,0,0,0,0,0,1110962,10093620,0,6002860,202108.0
8,A12283601,0,0,0,0,0,0,19119250,0,4685780,0,202108.0
9,A10027816,0,0,3090,0,0,0,3546500,122981250,488450,20709230,202108.0
10,A10025836,0,0,0,0,0,0,38617636,37758120,2495270,12668740,202108.0
11,A10025846,0,0,0,0,0,0,15810880,80471180,113850,18880600,202108.0
12,A10024774,,,,,,,,,,,202108.0
13,A12284701,0,0,0,0,0,0,1671860,6516780,630380,3408560,202108.0
14,A12285703,3696380,0,0,0,7646100,7646100,3177858,45638550,1842490,22350410,202108.0
15,A12204002,0,0,0,0,0,0,2668959,20225140,0,10236990,202108.0
16,A12204004,0,0,0,0,0,0,10504780,64059950,1592170,20599160,202108.0
17,A12204006,0,0,0,0,0,0,8437330,24297420,0,8171410,202108.0
18,A12204001,0,0,0,0,0,0,477530,10572470,0,2828770,202108.0
19,A12204003,0,0,0,0,0,0,9807890,49861580,1162190,11622690,202108.0
20,A12204102,23250,0,0,0,0,0,3073930,52392580,0,12920660,202108.0
21,A12275201,0,0,0,0,0,0,11944876,39325290,0,13288130,202108.0
22,A12275202,0,0,0,0,0,0,18589584,87442440,169400,16991730,202108.0
23,A10028056,0,0,0,0,0,0,306760,5834890,20850,2157310,202108.0
24,A12204005,,,,,,,,,,,202108.0
25,A10026061,,,,,,,,,,,202108.0
26,A10027568,,,,,,,,,,,202108.0
27,A10027569,,,,,,,,,,,202108.0
28,A10024026,0,0,0,0,0,0,4597900,2264060,7180,225780,202108.0
29,A10024198,0,0,0,0,0,0,695420,2260620,111670,774130,202108.0
30,A12281801,0,0,0,0,0,0,2717532,13052088,0,0,202108.0
31,A12281702,0,0,0,0,0,0,2233647,12358400,396770,5288900,202108.0
32,A12205001,0,0,0,0,0,0,2220400,11744590,364040,3613480,202108.0
33,A12281701,0,0,0,0,0,0,145370,0,0,0,202108.0
34,A10024128,,,,,,,,,,,202108.0
35,A12282201,0,0,0,0,0,0,988150,14138410,0,0,202108.0
36,A12282203,0,0,0,0,0,0,-1824978,29655590,0,20538400,202108.0
37,A12282102,0,0,0,0,0,0,2043680,19348120,32860,4238040,202108.0
38,A12205004,0,0,0,0,0,0,2087680,16031480,-620,7533010,202108.0
39,A12205003,0,0,0,0,0,0,4423190,22723540,0,7545300,202108.0
40,A12276901,0,0,0,0,0,0,2949280,0,1564780,0,202108.0
41,A10023734,,,,,,,,,,,202108.0
42,A12284501,0,0,1200,0,0,0,2334160,12898440,-834040,6971720,202108.0
43,A10023467,,,,,,,,,,,202108.0
44,A12201101,0,0,0,0,0,0,994580,0,16520,0,202108.0
45,A12201103,0,0,0,0,0,0,0,29784430,169060,7462190,202108.0
46,A12201001,0,0,0,0,0,0,2817255,18392310,0,4243900,202108.0
47,A12201102,0,0,0,0,0,0,1338960,11907290,0,5737440,202108.0
48,A12201301,0,0,0,0,0,0,1392340,0,34400,0,202108.0
49,A12293002,0,0,0,0,0,0,1934160,16440150,0,0,202108.0
50,A12201002,0,0,0,0,0,0,16837212,88248870,0,18645930,202108.0
51,A12290901,0,0,0,0,0,0,12557620,59822130,0,16021570,202108.0
52,A12201003,0,0,0,0,0,0,-35936032,106087719,1599350,20494630,202108.0
53,A12201005,0,0,0,0,0,0,6060698,34816650,0,7296430,202108.0
54,A12201004,0,0,0,0,0,0,-352783,12433280,0,4630700,202108.0
55,A10025310,0,0,0,0,0,0,6285006,77914250,1839190,18939230,202108.0
56,A10025683,0,0,0,0,0,0,12576620,55756630,177860,11246720,202108.0
57,A10027551,,,,,,,,,,,202108.0
58,A10026834,0,0,1350,0,0,0,8096190,89513200,720630,17153130,202108.0
59,A10025018,,,,,,,,,,,202108.0
60,A10024947,0,0,0,0,0,0,20354511,53723980,522310,12423010,202108.0
61,A10023994,,,,,,,,,,,202108.0
62,A10024831,0,0,0,0,0,0,27544920,108130060,-119610,36569430,202108.0
63,A10024313,0,0,0,0,0,0,-1825000,38336010,0,11651430,202108.0
64,A12289501,0,0,0,0,0,0,10118840,32254750,0,8433910,202108.0
65,A12289401,0,0,0,0,0,0,-133800,7145200,0,0,202108.0
66,A12208001,0,0,0,0,0,0,63420,16650910,0,0,202108.0
67,A12208203,0,0,0,0,0,0,823150,7722030,160260,3964590,202108.0
68,A12208205,0,0,3360,0,0,0,743820,18312320,1074750,10260190,202108.0
69,A12208103,0,0,0,0,0,0,-567510,11860290,89000,5801430,202108.0
70,A12208204,0,0,0,0,0,0,1556990,18834255,120170,8688730,202108.0
71,A12208002,0,0,0,0,0,0,14233400,0,4898120,0,202108.0
72,A12208102,0,0,0,0,0,0,2011250,9845410,0,5364200,202108.0
73,A12208104,0,0,0,0,0,0,-2144000,14622480,0,0,202108.0
74,A12289402,0,0,0,0,0,0,15435009,12744760,3630060,3630060,202108.0
75,A12208101,0,0,0,0,0,0,27300,10275050,0,2623980,202108.0
76,A12208105,0,0,0,0,0,0,16217770,0,7343360,0,202108.0
77,A10025659,0,0,0,0,0,0,1152370,25869830,331850,6661870,202108.0
78,A12294102,0,0,0,0,0,0,6710864,18224890,0,9027120,202108.0
79,A10024581,,,,,,,,,,,202108.0
80,A10024769,,,,,,,,,,,202108.0
81,A10023875,,,,,,,,,,,202108.0
82,A41279902,1628780,0,0,0,139080,2957160,4934763,11967930,0,6514030,202108.0
83,A12220002,2501800,50920,0,0,0,2993540,5033780,31421507,-313660,7128070,202108.0
84,A41279917,2308580,19950,0,0,0,3720150,4456910,15048310,823710,7327540,202108.0
85,A41279927,2444120,0,0,0,1800,2964600,5980890,37427200,122980,7586860,202108.0
86,A41279924,4516100,0,0,0,0,6346240,5000315,37562670,857660,11565520,202108.0
87,A41279915,7114350,0,0,0,-4303530,4301100,4055250,18435900,25640,8979440,202108.0
88,A41279925,1320860,0,0,0,0,2090900,1424564,9903800,207080,3802010,202108.0
89,A41279922,2816080,0,0,0,-1617000,1617000,816730,9297780,424230,3464660,202108.0
90,A12220005,2608990,0,640,0,5586200,0,25764380,0,11792580,0,202108.0
91,A41279910,4476240,0,0,0,0,7542900,11985661,67491660,610900,17709150,202108.0
92,A12220003,2106480,0,0,0,3450000,0,22576048,0,7803670,0,202108.0
93,A41279926,,,,,,,,,,,202108.0
94,A41279913,2470080,0,0,0,0,4407620,4547990,34925600,398510,9008990,202108.0
95,A41279905,1472930,0,0,0,230,2546130,3273220,18892220,115880,5483060,202108.0
96,A41279916,1643100,0,0,0,0,3786290,1332030,12406250,0,7224060,202108.0
97,A41279923,2576090,0,0,0,0,3345000,5060335,18943220,64760,7761350,202108.0
98,A41279912,4492220,0,0,0,0,7606800,11119960,51970770,165590,13881570,202108.0
99,A41279920,0,0,0,0,5118640,5118640,24901530,25979030,13173910,12392810,202108.0
100,A12220004,2349580,0,0,0,0,5754550,1245840,41441020,0,11248630,202108.0
101,A41279908,1535110,4900,0,0,0,1012860,3727080,20329970,-107320,5631510,202108.0
102,A41279931,3325690,0,0,0,0,6080760,6822990,31834940,-80,14820390,202108.0
103,A41279918,9101940,0,0,0,0,0,7092574,28230630,85240,10006250,202108.0
104,A41279904,1303010,0,0,0,0,2400360,764680,14837070,238210,7585390,202108.0
105,A41279929,2614430,0,0,0,0,3636090,2903796,24493810,31260,10014460,202108.0
106,A41279914,2724700,0,0,0,0,4025350,483736,41103010,637880,8658900,202108.0
107,A41279906,1302180,0,0,0,0,2334000,2956670,20447320,224620,5175290,202108.0
108,A41279911,2540040,68930,0,0,0,5660800,237770,58249510,0,12109950,202108.0
109,A41279909,2795820,0,640,0,0,0,16080630,0,5139090,0,202108.0
110,A41279930,-8400,8400,0,0,-2708000,2690000,3863520,11258160,0,6108500,202108.0
111,A41279903,1921640,88040,640,0,0,3354050,1760914,17925020,234010,7385030,202108.0
112,A41279907,875730,0,0,0,0,1592850,3023230,11451200,43460,3657380,202108.0
113,A12220001,1205820,0,0,0,0,1692500,2848450,7226700,169140,3759230,202108.0
114,A41279928,2108810,0,0,0,0,3435400,5254304,29585420,0,9072700,202108.0
115,A41279901,2509050,370800,0,0,0,3218400,6192931,25496450,184130,6972500,202108.0
116,A41279932,6062330,0,0,0,-3819140,3800850,6564476,25060430,782270,7175090,202108.0
117,A41279919,,,,,,,,,,,202108.0
118,A41279921,11532110,0,6420,0,0,0,43860410,0,22436080,0,202108.0
119,A10025677,0,3500,0,0,0,1433360,1758420,12620960,0,3237600,202108.0
120,A10025765,2242730,0,0,0,0,2335800,6712290,34684060,-173170,6492470,202108.0
121,A10026376,1630800,0,0,0,0,0,1908110,8858970,-25310,2168500,202108.0
