,kaptCode,heatC,heatP,gasC,gasP,waterHotC,waterHotP,electC,electP,waterCoolC,waterCoolP,Date
0,A12287204,0,0,0,0,0,0,3291740,33188040,-5340,34915020,202106.0
1,A12287203,0,0,0,0,0,0,1115610,4695130,0,0,202106.0
2,A12287202,0,0,0,0,0,0,1167590,9661460,84530,5006680,202106.0
3,A12209001,0,0,0,0,0,0,2484010,6407820,0,0,202106.0
4,A10024828,0,0,0,0,0,0,55057259,0,17873340,0,202106.0
5,A10024086,,,,,,,,,,,202106.0
6,A12283603,0,0,0,0,0,0,2095291,11273140,0,0,202106.0
7,A12283602,0,0,0,0,0,0,2257289,7764140,0,5468590,202106.0
8,A12283601,0,0,0,0,0,0,9375550,0,3918320,0,202106.0
9,A10027816,0,0,1760,0,0,0,3986480,60563120,16760,19749920,202106.0
10,A10025836,0,0,0,0,0,0,11422429,29685170,834770,13250690,202106.0
11,A10025846,0,0,0,0,0,0,7506300,55551730,142850,17654580,202106.0
12,A10024774,,,,,,,,,,,202106.0
13,A12284701,0,0,0,0,0,0,2113640,5260200,264520,3081740,202106.0
14,A12285703,7831402,0,0,0,13632300,13632300,30133590,33021090,21556320,21556320,202106.0
15,A12204002,0,0,0,0,0,0,2446117,10164140,0,9388750,202106.0
16,A12204004,0,0,0,0,0,0,5304990,53762550,1329160,19548250,202106.0
17,A12204006,0,0,0,0,0,0,7003440,16773800,0,8243250,202106.0
18,A12204001,0,0,0,0,0,0,914580,5567840,0,2502600,202106.0
19,A12204003,0,0,0,0,0,0,6820170,26906320,-530000,11246380,202106.0
20,A12204102,43950,0,0,0,0,0,3900050,26504540,0,11691510,202106.0
21,A12275201,0,0,0,0,0,0,11587336,29866630,0,12166410,202106.0
22,A12275202,0,0,0,0,0,0,17977567,46343670,415680,15168940,202106.0
23,A10028056,0,0,0,0,0,0,1052870,3455850,262170,2199770,202106.0
24,A12204005,,,,,,,,,,,202106.0
25,A10026061,,,,,,,,,,,202106.0
26,A10027568,,,,,,,,,,,202106.0
27,A10027569,,,,,,,,,,,202106.0
28,A10024026,0,0,0,0,0,0,0,0,0,0,202106.0
29,A10024198,0,0,0,0,0,0,1063560,1470970,76780,765520,202106.0
30,A12281801,0,0,0,0,0,0,2003030,6042020,0,0,202106.0
31,A12281702,0,0,0,0,0,0,3487959,7511140,309470,4971990,202106.0
32,A12205001,0,0,2230,0,0,0,2106220,6362770,-298720,3506470,202106.0
33,A12281701,0,0,0,0,0,0,738720,0,0,0,202106.0
34,A10024128,,,,,,,,,,,202106.0
35,A12282201,0,0,0,0,0,0,933010,7005820,0,0,202106.0
36,A12282203,0,0,0,0,0,0,1349800,19929460,0,17595200,202106.0
37,A12282102,0,0,0,0,0,0,10962660,7590960,3768350,3661760,202106.0
38,A12205004,0,0,0,0,0,0,3849730,10716350,520,6855910,202106.0
39,A12205003,0,0,0,0,0,0,3856401,11131780,0,6986220,202106.0
40,A12276901,0,0,0,0,0,0,2155070,0,1496270,0,202106.0
41,A10023734,,,,,,,,,,,202106.0
42,A12284501,0,0,6450,0,0,0,3192570,0,-438320,0,202106.0
43,A10023467,,,,,,,,,,,202106.0
44,A12201101,0,0,0,0,0,0,913430,0,13740,0,202106.0
45,A12201103,0,0,0,0,0,0,1684860,13161820,58980,7411750,202106.0
46,A12201001,0,0,0,0,0,0,2354436,7599580,0,4316020,202106.0
47,A12201102,0,0,0,0,0,0,3074580,8319420,0,5425160,202106.0
48,A12201301,0,0,0,0,0,0,1298220,0,413400,0,202106.0
49,A12293002,0,0,0,0,0,0,2409150,8963190,0,0,202106.0
50,A12201002,0,0,0,0,0,0,11952040,38545080,0,17322000,202106.0
51,A12290901,0,0,0,0,0,0,12936953,37794540,0,14897060,202106.0
52,A12201003,0,0,0,0,0,0,11520142,50377054,-123750,30703120,202106.0
53,A12201005,0,0,0,0,0,0,5376336,15663560,15950,6560210,202106.0
54,A12201004,0,0,0,0,0,0,934580,6163360,0,4660050,202106.0
55,A10025310,0,0,0,0,0,0,3133490,57387570,484200,17307530,202106.0
56,A10025683,0,0,0,0,0,0,9383270,23950550,137210,10546190,202106.0
57,A10027551,,,,,,,,,,,202106.0
58,A10026834,0,0,550,0,0,0,8185890,38046830,548270,17126280,202106.0
59,A10025018,,,,,,,,,,,202106.0
60,A10024947,0,0,0,0,0,0,10887824,22724110,-638250,11540070,202106.0
61,A10023994,,,,,,,,,,,202106.0
62,A10024831,0,0,0,0,0,0,22955010,82539120,-234280,34385390,202106.0
63,A10024313,0,0,0,0,0,0,0,37482700,0,9251310,202106.0
64,A12289501,0,0,0,0,0,0,7206520,14131230,0,8964100,202106.0
65,A12289401,0,0,0,0,0,0,1008940,5134620,0,0,202106.0
66,A12208001,0,0,0,0,0,0,900410,7854060,0,0,202106.0
67,A12208203,0,0,0,0,0,0,1522300,5969550,166630,3785100,202106.0
68,A12208205,0,0,5620,0,0,0,2978400,13490980,724980,9558080,202106.0
69,A12208103,0,0,4260,0,0,0,454250,10704770,89000,5459020,202106.0
70,A12208204,0,0,0,0,0,0,2024330,15151410,121220,7998480,202106.0
71,A12208002,0,0,0,0,0,0,9332190,0,4422240,0,202106.0
72,A12208102,0,0,0,0,0,0,2680420,8533380,0,4901670,202106.0
73,A12208104,0,0,0,0,0,0,-98580,10994310,0,0,202106.0
74,A12289402,0,0,0,0,0,0,8582460,0,3467940,0,202106.0
75,A12208101,0,0,0,0,0,0,979880,4757260,0,2418650,202106.0
76,A12208105,0,0,2980,0,0,0,13567270,0,7057870,0,202106.0
77,A10025659,0,0,0,0,0,0,1491300,16580140,550670,5904360,202106.0
78,A12294102,0,0,0,0,0,0,5332554,15404760,0,7431910,202106.0
79,A10024581,,,,,,,,,,,202106.0
80,A10024769,,,,,,,,,,,202106.0
81,A10023875,,,,,,,,,,,202106.0
82,A41279902,1724170,368020,0,0,59400,5043600,3675105,10925720,0,6213380,202106.0
83,A12220002,2541250,457920,0,0,0,5509400,4142410,16554170,-213420,6610580,202106.0
84,A41279917,2932010,405300,0,0,0,5341300,2912320,13426190,-208630,6865790,202106.0
85,A41279927,2486360,49500,0,0,4600,5037000,6539840,14458760,130350,7158240,202106.0
86,A41279924,4863220,669760,0,0,0,9400560,6355308,33532090,460170,10865210,202106.0
87,A41279915,10580470,609450,0,0,-7741370,7728210,3396820,17035410,27980,7841800,202106.0
88,A41279925,1438040,99000,0,0,0,3187800,594988,9040410,246790,3630630,202106.0
89,A41279922,3681410,433400,0,0,-2239600,2239600,-111570,8877440,-31370,3320010,202106.0
90,A12220005,2829430,0,640,0,8903180,0,23522910,0,11336080,0,202106.0
91,A41279910,6002700,637200,0,0,0,11586000,6354951,28823760,799190,16534780,202106.0
92,A12220003,2842700,0,0,0,5670000,0,15936696,0,7441090,0,202106.0
93,A41279926,,,,,,,,,,,202106.0
94,A41279913,2942340,375100,0,0,0,7980800,4148390,16324200,633830,8529150,202106.0
95,A41279905,1483020,48450,0,0,0,4069660,1914220,9217660,43750,5291390,202106.0
96,A41279916,1643130,0,0,0,0,5973810,1455050,14941130,0,6968240,202106.0
97,A41279923,2670030,800040,0,0,0,5013900,5689176,16370810,66870,6326430,202106.0
98,A41279912,4433790,748000,0,0,0,12319600,6729890,23879260,108880,12046040,202106.0
99,A41279920,441600,372000,0,0,8017500,7997500,20477110,20651580,12018910,11958470,202106.0
100,A12220004,2349580,1293600,0,0,0,7545420,3657520,19663010,0,9745000,202106.0
101,A41279908,1550210,240100,0,0,0,3841110,2982960,9536830,30220,5438030,202106.0
102,A41279931,3685080,166600,0,0,0,10132080,5715170,21517080,0,13886390,202106.0
103,A41279918,12318910,1777030,0,0,0,0,7672665,24755740,286210,9322780,202106.0
104,A41279904,1303430,192090,0,0,0,4726380,995736,13363840,427650,7016320,202106.0
105,A41279929,3128690,263250,0,0,0,5668890,3158584,20157870,-785550,9044510,202106.0
106,A41279914,3060740,722520,0,0,0,6162750,764861,19753370,0,8110570,202106.0
107,A41279906,1352670,205350,0,0,0,3565000,2311600,9496570,-417480,4731780,202106.0
108,A41279911,2540040,342370,0,0,0,9278600,2443000,23628190,0,11802510,202106.0
109,A41279909,3929520,0,0,0,0,0,11707930,0,4744870,0,202106.0
110,A41279930,-76300,76300,0,0,-4722500,4695000,2973010,10003040,0,6119380,202106.0
111,A41279903,1941960,241500,640,0,0,5702690,1762036,15940120,327490,7093500,202106.0
112,A41279907,924690,90650,0,0,0,2439000,2019120,5654750,-126530,3098970,202106.0
113,A12220001,1348000,90400,0,0,0,2913000,2037130,6859130,383780,3592910,202106.0
114,A41279928,2371000,0,0,0,0,5508800,3337684,13407230,0,8243530,202106.0
115,A41279901,2618380,1397220,0,0,0,4944000,3400639,16486300,248080,6681340,202106.0
116,A41279932,8250800,0,0,0,-6007610,5925150,6639064,18596370,311530,7256550,202106.0
117,A41279919,,,,,,,,,,,202106.0
118,A41279921,17111730,0,7100,0,0,0,38592480,0,20783110,0,202106.0
119,A10025677,0,93160,0,0,0,2427600,1561420,5279020,0,3052460,202106.0
120,A10025765,2204840,104590,0,0,0,4805240,5480430,15811190,-179330,6211890,202106.0
121,A10026376,2050550,0,0,0,0,0,5437690,0,2081270,0,202106.0
