,kaptCode,heatC,heatP,gasC,gasP,waterHotC,waterHotP,electC,electP,waterCoolC,waterCoolP,Date
0,A12287204,0,0,0,0,0,0,3032830,33225620,0,0,202105.0
1,A12287203,0,0,0,0,0,0,1417340,4185820,0,6484860,202105.0
2,A12287202,0,0,0,0,0,0,1002280,9856880,71960,5321700,202105.0
3,A12209001,0,0,0,0,0,0,1283350,7153940,51330,6464960,202105.0
4,A10024828,0,0,0,0,0,0,11591585,37938190,-8250,16548860,202105.0
5,A10024086,,,,,,,,,,,202105.0
6,A12283603,0,0,0,0,0,0,2859700,10064540,0,0,202105.0
7,A12283602,0,0,0,0,0,0,2201943,7846950,0,5341950,202105.0
8,A12283601,0,0,0,0,0,0,9059610,0,4114770,0,202105.0
9,A10027816,0,0,61270,0,0,0,3774680,56017520,220770,18643250,202105.0
10,A10025836,0,0,0,0,0,0,10900700,26846840,433950,12702740,202105.0
11,A10025846,0,0,0,0,0,0,7067230,52437940,104800,16572340,202105.0
12,A10024774,,,,,,,,,,,202105.0
13,A12284701,0,0,0,0,0,0,1523570,5756740,144210,3367660,202105.0
14,A12285703,13106116,0,0,0,14737800,14737800,44844912,30294620,21849510,19958740,202105.0
15,A12204002,0,0,0,0,0,0,2126393,9795530,0,0,202105.0
16,A12204004,0,0,0,0,0,0,6323950,53294020,350170,19870490,202105.0
17,A12204006,0,0,0,0,0,0,6950750,16423870,0,7628280,202105.0
18,A12204001,0,0,0,0,0,0,717930,5364280,0,2619450,202105.0
19,A12204003,0,0,0,0,0,0,6047110,25710470,-481450,10639080,202105.0
20,A12204102,58540,0,0,0,0,0,3574720,25736230,0,11545500,202105.0
21,A12275201,0,0,0,0,0,0,8201049,30060210,0,11547530,202105.0
22,A12275202,0,0,0,0,0,0,13169608,42456780,328180,15895000,202105.0
23,A10028056,0,0,0,0,0,0,1197920,3131910,38490,2000580,202105.0
24,A12204005,,,,,,,,,,,202105.0
25,A10026061,,,,,,,,,,,202105.0
26,A10027568,,,,,,,,,,,202105.0
27,A10027569,,,,,,,,,,,202105.0
28,A10024026,,,,,,,,,,,202105.0
29,A10024198,0,0,0,0,0,0,1120650,1393530,106120,689680,202105.0
30,A12281801,0,0,0,0,0,0,1645310,5475880,355260,0,202105.0
31,A12281702,0,0,0,0,0,0,2844639,6996400,196940,4955370,202105.0
32,A12205001,0,0,3040,0,0,0,2247390,5524340,204060,3559890,202105.0
33,A12281701,0,0,0,0,0,0,913960,0,7485600,0,202105.0
34,A10024128,,,,,,,,,,,202105.0
35,A12282201,0,0,0,0,0,0,1110060,5722870,0,0,202105.0
36,A12282203,0,0,0,0,0,0,1218860,20106370,0,0,202105.0
37,A12282102,0,0,0,0,0,0,10618580,8753260,3785850,4060780,202105.0
38,A12205004,0,0,0,0,0,0,3839680,10091200,-40,7060420,202105.0
39,A12205003,0,0,0,0,0,0,2587095,12027900,0,6012290,202105.0
40,A12276901,0,0,0,0,0,0,2210810,0,1557530,0,202105.0
41,A10023734,,,,,,,,,,,202105.0
42,A12284501,51000,0,0,0,0,0,3521170,10144970,-796340,6109470,202105.0
43,A10023467,,,,,,,,,,,202105.0
44,A12201101,0,0,0,0,0,0,808150,0,0,0,202105.0
45,A12201103,0,0,0,0,0,0,0,14111040,157540,7091170,202105.0
46,A12201001,0,0,0,0,0,0,1609582,8282690,0,3862150,202105.0
47,A12201102,0,0,0,0,0,0,3087070,8251560,0,5094010,202105.0
48,A12201301,0,0,0,0,0,0,1294800,0,413400,0,202105.0
49,A12293002,0,0,0,0,0,0,1903430,8751860,0,0,202105.0
50,A12201002,0,0,0,0,0,0,9401396,36406720,0,17513160,202105.0
51,A12290901,0,0,0,0,0,0,9202773,36350050,0,14503960,202105.0
52,A12201003,0,0,0,0,0,0,13326001,49636411,-116520,20455990,202105.0
53,A12201005,0,0,0,0,0,0,4535543,14724240,764830,5819430,202105.0
54,A12201004,0,0,0,0,0,0,981450,5847700,0,4348250,202105.0
55,A10025310,0,0,0,0,0,0,5219029,52044180,1557470,17723330,202105.0
56,A10025683,0,0,0,0,0,0,7307110,21481430,139000,10850460,202105.0
57,A10027551,,,,,,,,,,,202105.0
58,A10026834,0,0,620,0,0,0,6879720,35982170,0,16446800,202105.0
59,A10025018,,,,,,,,,,,202105.0
60,A10024947,0,0,175080,0,0,0,9399783,21199550,1217490,10950980,202105.0
61,A10023994,,,,,,,,,,,202105.0
62,A10024831,0,0,0,0,0,0,22324520,92392940,879410,34725430,202105.0
63,A10024313,0,0,0,0,0,0,1521650,1521650,4051920,4051920,202105.0
64,A12289501,0,0,0,0,0,0,6997700,13441180,0,8072100,202105.0
65,A12289401,0,0,0,0,0,0,1018680,5003600,0,0,202105.0
66,A12208001,0,0,0,0,0,0,1158480,7505810,596950,6423650,202105.0
67,A12208203,0,0,0,0,0,0,1695480,5796210,168760,3700470,202105.0
68,A12208205,0,0,7310,0,0,0,3137770,13392440,242940,9484000,202105.0
69,A12208103,0,0,78680,0,0,0,837880,11133280,89000,5612850,202105.0
70,A12208204,0,0,0,0,0,0,1535400,15844940,119320,9694620,202105.0
71,A12208002,0,0,0,0,0,0,8753790,0,4027850,0,202105.0
72,A12208102,0,0,0,0,0,0,2287080,7940960,0,4759010,202105.0
73,A12208104,0,0,0,0,0,0,755780,10239190,32850,0,202105.0
74,A12289402,0,0,0,0,0,0,7737330,0,3434520,0,202105.0
75,A12208101,0,0,0,0,0,0,1289810,4259790,0,2474450,202105.0
76,A12208105,0,0,6780,0,0,0,13583600,0,6837360,0,202105.0
77,A10025659,0,0,0,0,0,0,2160420,15114310,402300,6025860,202105.0
78,A12294102,0,0,0,0,0,0,3870138,15504720,0,7993460,202105.0
79,A10024581,,,,,,,,,,,202105.0
80,A10024769,,,,,,,,,,,202105.0
81,A10023875,,,,,,,,,,,202105.0
82,A41279902,1695240,2687230,0,0,89600,7107200,4321411,10715590,0,6171650,202105.0
83,A12220002,2991580,3390550,0,0,0,7296200,3487430,15230850,-219340,6692120,202105.0
84,A41279917,3239140,3961980,0,0,0,6417200,3285470,13402700,329260,6914120,202105.0
85,A41279927,2540490,2178000,0,0,7500,6475000,6054710,13632970,116590,6737140,202105.0
86,A41279924,5079060,4870840,0,0,0,12503640,9219622,33716140,229240,11050910,202105.0
87,A41279915,12707290,4834080,0,0,-9863000,9835000,3582640,17607560,180910,8680350,202105.0
88,A41279925,1422980,2129600,0,0,0,3920400,1086387,8887990,169990,3825820,202105.0
89,A41279922,3515510,2838000,0,0,-1836000,1836000,609030,8516160,476440,3519440,202105.0
90,A12220005,6647320,0,1940,0,12418450,0,24642040,0,10817380,0,202105.0
91,A41279910,6289650,6454800,0,0,0,13980000,13203808,27283140,787440,16735360,202105.0
92,A12220003,5797230,0,0,0,6862800,0,16100340,0,7207330,0,202105.0
93,A41279926,,,,,,,,,,,202105.0
94,A41279913,2660280,3801600,0,0,0,9072000,4029500,15374190,21130,8148940,202105.0
95,A41279905,1496350,1478400,0,0,0,5349200,2186610,8934180,93460,5081870,202105.0
96,A41279916,1747460,1988120,0,0,0,7743800,1912409,14557010,0,7242590,202105.0
97,A41279923,2951810,4654720,0,0,0,5694850,4576825,16020630,67550,7667230,202105.0
98,A41279912,4430310,6002080,0,0,0,15155200,6824710,21831150,317840,13172040,202105.0
99,A41279920,3273600,3222400,0,0,10307880,10285960,21594800,21799650,10812510,10744840,202105.0
100,A12220004,2349580,5876000,0,0,0,8909600,3468820,18707690,0,8868910,202105.0
101,A41279908,1588500,2600920,0,0,0,4901160,1923010,10073650,-401380,4983550,202105.0
102,A41279931,4104820,2917880,0,0,0,13198570,5959130,21450990,0,13824100,202105.0
103,A41279918,13558560,6851650,0,0,0,0,5787494,25226630,347100,9388410,202105.0
104,A41279904,1324370,1948880,0,0,0,7081620,943909,13839500,245990,7155980,202105.0
105,A41279929,3562100,3135200,0,0,0,7417800,1714444,19336870,523620,9379060,202105.0
106,A41279914,2897900,4260600,0,0,0,7642250,814770,18842600,626990,8239550,202105.0
107,A41279906,1359520,3139980,0,0,0,3307400,2702260,9236730,631910,4537140,202105.0
108,A41279911,2924520,3060000,0,0,0,11772000,2723900,22229440,437340,11809980,202105.0
109,A41279909,6096460,0,0,0,0,0,10889930,0,3353680,0,202105.0
110,A41279930,-763700,686700,0,0,-6630000,6594000,3351620,10299780,0,6108160,202105.0
111,A41279903,1939720,2373160,0,0,0,8682960,2594955,15689080,257030,6938300,202105.0
112,A41279907,903780,1723040,0,0,0,2420000,2075840,5226290,385190,2981340,202105.0
113,A12220001,1700380,1717380,0,0,0,4154400,2869610,6650500,276610,3533860,202105.0
114,A41279928,2493780,909880,0,0,0,7641960,3359098,12740300,0,7750940,202105.0
115,A41279901,2849040,4108800,0,0,0,6884500,3018997,15381380,81760,6753220,202105.0
116,A41279932,10440340,641900,0,0,-7689500,7618000,4978327,18192280,163630,7264300,202105.0
117,A41279919,,,,,,,,,,,202105.0
118,A41279921,27087280,0,5810,0,0,0,39840230,0,20972380,0,202105.0
119,A10025677,0,225460,0,0,0,3861200,1454930,4667570,0,3086320,202105.0
120,A10025765,105633,932150,0,0,0,6700050,4022810,14258470,-225810,6060200,202105.0
121,A10026376,2998850,1000,0,0,0,0,1075780,4013520,18450,1978920,202105.0
