,kaptCode,heatC,heatP,gasC,gasP,waterHotC,waterHotP,electC,electP,waterCoolC,waterCoolP,Date
0,A12287204,0,0,0,0,0,0,3262750,31663710,-4510,35497100,202104.0
1,A12287203,0,0,0,0,0,0,1119278,4990740,0,0,202104.0
2,A12287202,0,0,0,0,0,0,1005800,9345340,55140,4281930,202104.0
3,A12209001,0,0,0,0,0,0,1225500,6620650,0,0,202104.0
4,A10024828,0,0,0,0,0,0,53208114,0,15577940,0,202104.0
5,A10024086,,,,,,,,,,,202104.0
6,A12283603,0,0,0,0,0,0,2902830,11367020,0,0,202104.0
7,A12283602,0,0,0,0,0,0,2223676,7540030,0,5436850,202104.0
8,A12283601,0,0,0,0,0,0,9782580,0,3757840,0,202104.0
9,A10027816,0,0,92040,0,0,0,2673420,61201570,506140,19163620,202104.0
10,A10025836,0,0,0,0,0,0,11521516,29297010,333230,13047220,202104.0
11,A10025846,0,0,0,0,0,0,7166320,50481530,72170,17379590,202104.0
12,A10024774,,,,,,,,,,,202104.0
13,A12284701,0,0,0,0,0,0,1186580,5887520,16220,3254330,202104.0
14,A12285703,36019725,0,0,0,18371100,18371100,42441578,36023000,21527170,22400140,202104.0
15,A12204002,0,0,0,0,0,0,2216190,10541900,0,8983500,202104.0
16,A12204004,0,0,0,0,0,0,4569150,53294020,460190,19870490,202104.0
17,A12204006,0,0,0,0,0,0,6929270,15638780,0,7958600,202104.0
18,A12204001,0,0,0,0,0,0,974870,5015700,0,2567850,202104.0
19,A12204003,0,0,0,0,0,0,6637600,28199960,-848790,10894780,202104.0
20,A12204102,75940,0,0,0,0,0,4432470,26977020,0,11439360,202104.0
21,A12275201,0,0,0,0,0,0,8530555,28164090,0,11219010,202104.0
22,A12275202,0,0,0,0,0,0,13911355,45888260,412110,16386490,202104.0
23,A10028056,0,0,0,0,0,0,1316210,3341030,0,2034220,202104.0
24,A12204005,,,,,,,,,,,202104.0
25,A10026061,,,,,,,,,,,202104.0
26,A10027568,,,,,,,,,,,202104.0
27,A10027569,,,,,,,,,,,202104.0
28,A10024026,,,,,,,,,,,202104.0
29,A10024198,0,0,0,0,0,0,1176640,1467680,65180,712020,202104.0
30,A12281801,0,0,0,0,0,0,1764460,6079690,0,0,202104.0
31,A12281702,0,0,0,0,0,0,2753080,7614600,142640,4803050,202104.0
32,A12205001,0,0,3220,0,0,0,2370180,6200840,-28470,3477270,202104.0
33,A12281701,0,0,0,0,0,0,1048570,0,0,0,202104.0
34,A10024128,,,,,,,,,,,202104.0
35,A12282201,0,0,0,0,0,0,999380,6522090,0,0,202104.0
36,A12282203,0,0,0,0,0,0,1225470,19429490,0,17966520,202104.0
37,A12282102,0,0,0,0,0,0,10718550,8313130,3550350,3405770,202104.0
38,A12205004,0,0,0,0,0,0,4124780,10802870,-240,7026620,202104.0
39,A12205003,0,0,0,0,0,0,4145577,11543350,0,6183220,202104.0
40,A12276901,0,0,0,0,0,0,2181930,0,1690010,0,202104.0
41,A10023734,,,,,,,,,,,202104.0
42,A12284501,0,0,119370,0,0,0,3412190,9730650,94420,6213660,202104.0
43,A10023467,,,,,,,,,,,202104.0
44,A12201101,0,0,14930,0,0,0,842750,0,10950,0,202104.0
45,A12201103,0,0,0,0,0,0,733860,14726690,135650,6660010,202104.0
46,A12201001,0,0,0,0,0,0,1740684,9092380,0,3824300,202104.0
47,A12201102,0,0,0,0,0,0,3083090,7884160,0,5177360,202104.0
48,A12201301,0,0,0,0,0,0,1345970,0,418600,0,202104.0
49,A12293002,0,0,0,0,0,0,2304670,9123360,0,0,202104.0
50,A12201002,0,0,0,0,0,0,10481560,40808460,0,15839360,202104.0
51,A12290901,0,0,0,0,0,0,9182781,34616240,0,14300660,202104.0
52,A12201003,0,0,0,0,0,0,12693059,47157450,-116180,18859400,202104.0
53,A12201005,0,0,0,0,0,0,4885819,16384260,0,6328020,202104.0
54,A12201004,0,0,0,0,0,0,1010710,6368040,0,4369320,202104.0
55,A10025310,0,0,0,0,0,0,7965080,46579640,471220,16521610,202104.0
56,A10025683,0,0,0,0,0,0,11699770,23569230,123170,10684620,202104.0
57,A10027551,,,,,,,,,,,202104.0
58,A10026834,0,0,640,0,0,0,6811650,39940650,0,16351300,202104.0
59,A10025018,,,,,,,,,,,202104.0
60,A10024947,0,0,0,0,0,0,9989060,23049660,-543660,11135970,202104.0
61,A10023994,,,,,,,,,,,202104.0
62,A10024831,0,0,0,0,0,0,17907830,85720270,-2955190,32820770,202104.0
63,A10024313,,,,,,,,,,,202104.0
64,A12289501,0,0,0,0,0,0,7487580,14888910,0,6803820,202104.0
65,A12289401,0,0,0,0,0,0,1008310,4722980,0,0,202104.0
66,A12208001,0,0,0,0,0,0,1155840,7896880,0,0,202104.0
67,A12208203,0,0,0,0,0,0,1723160,5517780,276460,3504240,202104.0
68,A12208205,0,0,19990,0,0,0,3265990,12613070,573760,9021760,202104.0
69,A12208103,0,0,137170,0,0,0,1028100,10641160,89000,5090620,202104.0
70,A12208204,0,0,0,0,0,0,1502400,15226097,118510,9256050,202104.0
71,A12208002,0,0,0,0,0,0,9312300,0,4112510,0,202104.0
72,A12208102,0,0,0,0,0,0,2243340,7442000,0,4769030,202104.0
73,A12208104,0,0,0,0,0,0,1331830,9340820,0,0,202104.0
74,A12289402,0,0,0,0,0,0,8685320,0,3050040,0,202104.0
75,A12208101,0,0,0,0,0,0,1123190,4959900,0,2181500,202104.0
76,A12208105,0,0,29570,0,0,0,13061360,0,6705460,0,202104.0
77,A10025659,0,0,0,0,0,0,2181650,14451110,417040,5761710,202104.0
78,A12294102,0,0,0,0,0,0,3942025,14696180,0,7312460,202104.0
79,A10024581,,,,,,,,,,,202104.0
80,A10024769,,,,,,,,,,,202104.0
81,A10023875,,,,,,,,,,,202104.0
82,A41279902,1828750,5351670,0,0,100050,8266200,4445131,10278510,0,6036600,202104.0
83,A12220002,3413090,6733440,0,0,0,7785330,3898650,16755790,-202100,6357090,202104.0
84,A41279917,3192870,7589340,0,0,0,7068800,3392650,12485730,117750,6542200,202104.0
85,A41279927,2638610,5992800,0,0,18560,6217600,6813050,14975090,115640,6986580,202104.0
86,A41279924,4745680,10988220,0,0,0,14601510,8643102,31389560,397960,10497410,202104.0
87,A41279915,13405850,10070350,0,0,-10556000,10521000,4390710,15864880,84420,7561050,202104.0
88,A41279925,1426750,3793900,0,0,0,4469500,1232780,8550529,-3350,3765360,202104.0
89,A41279922,3386820,5198200,0,0,-1810200,1810200,783360,8105740,-106220,3391530,202104.0
90,A12220005,10963500,0,3270,0,14151050,0,25095300,0,10476860,0,202104.0
91,A41279910,6339800,13464980,0,0,0,14487450,14010306,29922080,1046370,15905390,202104.0
92,A12220003,9149400,0,0,0,6911720,0,15379545,0,6974670,0,202104.0
93,A41279926,,,,,,,,,,,202104.0
94,A41279913,3120110,6076800,0,0,0,11233600,4742760,17121190,174780,8514110,202104.0
95,A41279905,1566630,3829350,0,0,0,5592400,2300070,9919720,-59440,5196260,202104.0
96,A41279916,1893970,4822730,0,0,0,8695500,2078600,13575230,0,7012390,202104.0
97,A41279923,3198290,8745000,0,0,0,6128640,4178934,15271430,64130,6266370,202104.0
98,A41279912,4489990,12769920,0,0,0,15176550,7432890,23821460,292720,11870570,202104.0
99,A41279920,7334080,7201640,0,0,11040400,11015200,20327120,20529680,11559290,11518190,202104.0
100,A12220004,2349580,11224480,0,0,0,8894690,3333460,20654820,0,8923280,202104.0
101,A41279908,1774530,5040000,0,0,0,4935000,3637410,10887050,-371200,5014460,202104.0
102,A41279931,4507570,6786570,0,0,0,14352120,5954250,20098930,0,13475300,202104.0
103,A41279918,13313390,13698090,0,0,0,0,5360664,23649700,631180,8989750,202104.0
104,A41279904,1335680,4688000,0,0,0,8062350,873774,13054570,483260,6829380,202104.0
105,A41279929,3764090,6651900,0,0,0,8064900,1868713,18201910,-282420,8653800,202104.0
106,A41279914,3031460,8079480,0,0,0,8134500,614006,20508040,0,7831860,202104.0
107,A41279906,1349330,5886160,0,0,0,2874700,2697080,10432540,-23790,4718800,202104.0
108,A41279911,3644070,6610480,0,0,0,12868600,2540960,24672790,335360,11137850,202104.0
109,A41279909,7818530,0,0,0,0,0,10370560,0,3533880,0,202104.0
110,A41279930,-1668800,1641600,0,0,-8204000,8158500,3332450,9729830,0,5885730,202104.0
111,A41279903,1973840,5627520,650,0,0,9896040,2138671,15495540,264890,7059370,202104.0
112,A41279907,893020,3776220,0,0,0,2127300,2272960,5681330,120770,2876160,202104.0
113,A12220001,1865030,3052180,0,0,0,4658800,2748587,6252410,155160,3723220,202104.0
114,A41279928,2132190,2819830,0,0,0,9267000,3535608,13953700,0,6924140,202104.0
115,A41279901,2978320,7314000,0,0,0,7607200,3153192,16883690,184100,6333020,202104.0
116,A41279932,12078120,2060800,0,0,-9129120,9034480,5158431,17080600,128220,7051740,202104.0
117,A41279919,,,,,,,,,,,202104.0
118,A41279921,34609490,0,5890,0,0,0,37290920,0,19914020,0,202104.0
119,A10025677,0,390920,0,0,0,4885800,1690850,5122770,0,3138600,202104.0
120,A10025765,2270300,2427460,0,0,0,7821150,5338810,15715590,-108300,6147370,202104.0
121,A10026376,3739220,136730,0,0,0,0,1936120,3637070,130470,1914840,202104.0
