,kaptCode,heatC,heatP,gasC,gasP,waterHotC,waterHotP,electC,electP,waterCoolC,waterCoolP,Date
0,A12287204,0,0,0,0,0,0,3404620,41724820,-1220,33722540,202112.0
1,A12287203,0,0,0,0,0,0,1160040,5870620,0,0,202112.0
2,A12287202,0,0,0,0,0,0,1811630,11895560,38570,4566520,202112.0
3,A12209001,0,0,0,0,0,0,2572400,7665210,0,0,202112.0
4,A10024828,0,0,0,0,0,0,74584390,0,16799320,0,202112.0
5,A10024086,0,0,0,0,0,0,12545650,14230270,37950,5531040,202112.0
6,A12283603,0,0,0,0,0,0,719256,15034040,0,0,202112.0
7,A12283602,0,0,0,0,0,0,2658659,9663290,0,5310400,202112.0
8,A12283601,0,0,0,0,0,0,2232800,7441000,0,3717090,202112.0
9,A10027816,0,0,158970,0,0,0,12400650,65841970,506830,18678000,202112.0
10,A10025836,0,0,0,0,0,0,14210649,32058210,883850,12666370,202112.0
11,A10025846,0,0,0,0,0,0,19156430,64750380,144960,17609760,202112.0
12,A10024774,,,,,,,,,,,202112.0
13,A12284701,0,0,0,0,0,0,2470340,6734850,316280,2849400,202112.0
14,A12285703,146457180,0,0,0,16717800,16717800,2120409,38887930,606400,21772170,202112.0
15,A12204002,0,0,0,0,0,0,2620472,11472520,0,9237940,202112.0
16,A12204004,0,0,0,0,0,0,16736300,67456010,116720,21218240,202112.0
17,A12204006,0,0,0,0,0,0,13760140,19256020,0,7472270,202112.0
18,A12204001,0,0,0,0,0,0,683060,5675800,0,2468040,202112.0
19,A12204003,0,0,0,0,0,0,9062630,28479560,255440,10222080,202112.0
20,A12204102,90060,0,0,0,0,0,4285570,27954460,0,11020810,202112.0
21,A12275201,0,0,0,0,0,0,12220124,36332000,0,11144520,202112.0
22,A12275202,0,0,0,0,0,0,19351484,50846750,937740,15825000,202112.0
23,A10028056,0,0,0,0,0,0,1211020,3826110,160,1908430,202112.0
24,A12204005,,,,,,,,,,,202112.0
25,A10026061,,,,,,,,,,,202112.0
26,A10027568,,,,,,,,,,,202112.0
27,A10027569,,,,,,,,,,,202112.0
28,A10024026,0,0,0,0,0,0,4458880,2387890,196920,2107010,202112.0
29,A10024198,,,,,,,,,,,202112.0
30,A12281801,0,0,0,0,0,0,2536330,6541570,0,0,202112.0
31,A12281702,0,0,0,0,0,0,2600548,9630150,471080,4870270,202112.0
32,A12205001,0,0,74160,0,0,0,2606076,6354414,-316640,3451480,202112.0
33,A12281701,0,0,0,0,0,0,842870,0,0,0,202112.0
34,A10024128,,,,,,,,,,,202112.0
35,A12282201,0,0,0,0,0,0,8377780,0,0,0,202112.0
36,A12282203,0,0,0,0,0,0,35858,24541230,0,17553910,202112.0
37,A12282102,0,0,0,0,0,0,2591520,8848240,-406700,4087770,202112.0
38,A12205004,0,0,0,0,0,0,4079040,11974080,140,6575260,202112.0
39,A12205003,0,0,0,0,0,0,3451798,12224440,0,5629240,202112.0
40,A12276901,0,0,0,0,0,0,2604030,0,1333170,0,202112.0
41,A10023734,,,,,,,,,,,202112.0
42,A12284501,0,0,148590,0,0,0,4573140,12346480,-133830,5861590,202112.0
43,A10023467,,,,,,,,,,,202112.0
44,A12201101,0,0,19490,0,0,0,1061220,0,16800,0,202112.0
45,A12201103,0,0,0,0,0,0,667920,15095810,419790,6664960,202112.0
46,A12201001,0,0,0,0,0,0,2720204,8796290,0,4137920,202112.0
47,A12201102,0,0,0,0,0,0,3121010,9603930,-540,4906580,202112.0
48,A12201301,0,0,0,0,0,0,1314200,0,77600,0,202112.0
49,A12293002,0,0,0,0,0,0,2533150,9951520,0,0,202112.0
50,A12201002,0,0,0,0,0,0,19851613,33781100,0,16836240,202112.0
51,A12290901,0,0,0,0,0,0,14161500,43977970,0,14842520,202112.0
52,A12201003,0,0,0,0,0,0,19243797,61376840,-70220,19973670,202112.0
53,A12201005,0,0,0,0,0,0,5562517,16969830,-52780,6293730,202112.0
54,A12201004,0,0,0,0,0,0,1953378,6845360,0,4101100,202112.0
55,A10025310,0,0,0,0,0,0,7313970,60468310,853160,16851490,202112.0
56,A10025683,0,0,0,0,0,0,10957250,24651580,181460,10562770,202112.0
57,A10027551,,,,,,,,,,,202112.0
58,A10026834,0,0,54280,0,0,0,6875040,39950460,597390,15717700,202112.0
59,A10025018,,,,,,,,,,,202112.0
60,A10024947,0,0,0,0,0,0,11705977,24394520,-411710,11524080,202112.0
61,A10023994,0,0,0,0,0,0,4153890,0,0,3320940,202112.0
62,A10024831,0,0,0,0,0,0,-24921880,108829860,2194580,32294040,202112.0
63,A10024313,0,0,0,0,0,0,40592430,38077730,13009470,12962790,202112.0
64,A12289501,0,0,0,0,0,0,22467390,0,7263630,0,202112.0
65,A12289401,0,0,0,0,0,0,1264850,5878200,0,0,202112.0
66,A12208001,0,0,0,0,0,0,850790,8445040,0,0,202112.0
67,A12208203,0,0,0,0,0,0,2017730,6913410,447890,3602820,202112.0
68,A12208205,0,0,54400,0,0,0,3640960,17002670,576640,9160040,202112.0
69,A12208103,0,0,229260,0,0,0,338700,14254470,89000,5301680,202112.0
70,A12208204,0,0,0,0,0,0,1502690,19425197,119630,8418320,202112.0
71,A12208002,0,0,0,0,0,0,10267030,0,4330000,0,202112.0
72,A12208102,0,0,0,0,0,0,2726110,10906850,0,4585360,202112.0
73,A12208104,0,0,0,0,0,0,751250,12469410,0,0,202112.0
74,A12289402,0,0,0,0,0,0,2105966,7607810,0,3319440,202112.0
75,A12208101,0,0,0,0,0,0,719410,5323490,0,2613800,202112.0
76,A12208105,0,0,77190,0,0,0,17069090,0,6989590,0,202112.0
77,A10025659,0,0,0,0,0,0,1667600,18599610,362730,6167110,202112.0
78,A12294102,0,0,0,0,0,0,5756509,18157480,0,7300400,202112.0
79,A10024581,,,,,,,,,,,202112.0
80,A10024769,,,,,,,,,,,202112.0
81,A10023875,,,,,,,,,,,202112.0
82,A41279902,1935700,26346680,0,0,93250,9488900,6393805,13378590,0,6292750,202112.0
83,A12220002,6774040,30163600,0,0,0,8062420,5150440,16828430,-129390,6631680,202112.0
84,A41279917,4920790,30076640,0,0,0,7890300,7285300,15294330,-171570,6843590,202112.0
85,A41279927,2947200,27741400,0,0,24880,8322770,7650790,15486550,135160,6898770,202112.0
86,A41279924,6354900,53457000,0,0,0,18108000,12537573,37941250,1269080,10511120,202112.0
87,A41279915,13493470,40891760,0,0,-10663050,10639600,7215280,20162880,18840,8236090,202112.0
88,A41279925,2126300,17629920,0,0,0,5368000,2727096,10105120,-33330,3661220,202112.0
89,A41279922,3286190,20036900,0,0,-1827800,1827800,2426570,10101950,25980,3299840,202112.0
90,A12220005,6527040,41915520,650,0,0,15062700,1095320,26673060,330500,10541390,202112.0
91,A41279910,8040460,63059360,0,0,0,16795800,8992116,30068390,450,16329440,202112.0
92,A12220003,33620800,0,0,0,7632800,0,20939394,0,7011590,0,202112.0
93,A41279926,,,,,,,,,,,202112.0
94,A41279913,5064720,32187100,0,0,0,10563000,4937401,16893670,25110,8076220,202112.0
95,A41279905,1812140,21788140,0,0,0,4809600,3793160,10068100,-54310,5311300,202112.0
96,A41279916,4289630,24058000,0,0,0,11280000,2067020,16575710,0,7024990,202112.0
97,A41279923,2907640,32742670,0,0,64,9621090,5950372,17918900,69370,6885740,202112.0
98,A41279912,4437330,57610560,0,0,0,16916400,7347530,24659560,0,12733130,202112.0
99,A41279920,31578000,0,0,0,21210750,0,23953900,0,11640050,0,202112.0
100,A12220004,43452000,43452000,0,0,9711360,9711360,20097730,20233530,0,9182090,202112.0
101,A41279908,1570780,22685000,0,0,0,3389760,2875831,10323620,-167420,5483360,202112.0
102,A41279931,3005460,46351620,0,0,0,12896180,6806558,26533200,0,13974300,202112.0
103,A41279918,18583910,43191900,0,0,0,0,8523055,28643480,298620,9159700,202112.0
104,A41279904,1346610,22296120,0,0,0,7771650,1048829,16383230,41000,6801310,202112.0
105,A41279929,15896960,33793620,0,0,-9923200,9910400,6542571,20563180,-12030,8461210,202112.0
106,A41279914,5016180,35926800,0,0,0,10576500,749117,20689470,0,8119810,202112.0
107,A41279906,1800510,20561250,0,0,0,3948000,2961090,10691590,-272900,4668060,202112.0
108,A41279911,7658390,31036200,0,0,0,19546400,3509040,23617110,0,11489440,202112.0
109,A41279909,19808460,0,0,0,0,0,13066220,0,4058020,0,202112.0
110,A41279930,-18141500,17421300,0,0,-9191000,9128000,7981960,12919330,0,5799580,202112.0
111,A41279903,2554020,29580300,0,0,0,9771050,5522664,18509620,34630,6732420,202112.0
112,A41279907,1007120,14587300,0,0,0,2805250,2450940,6207820,-175210,3283470,202112.0
113,A12220001,2041130,14647970,0,0,0,5524000,4897620,7239600,76800,3705360,202112.0
114,A41279928,3413680,21023750,0,0,0,12861200,4016722,14979520,0,8424900,202112.0
115,A41279901,4841580,32242000,0,0,0,8761700,6593904,13177980,150,6342490,202112.0
116,A41279932,13950320,17790500,0,0,-10665580,10586780,8220866,20596030,236540,7370970,202112.0
117,A41279919,,,,,,,,,,,202112.0
118,A41279921,91600450,0,6460,0,0,0,51403590,0,20790580,0,202112.0
119,A10025677,0,6345990,0,0,0,7200000,2318620,5711775,0,3421360,202112.0
120,A10025765,2340950,17266500,0,0,0,9119950,6583270,16460200,-184720,6165770,202112.0
121,A10026376,4942420,4538160,0,0,0,0,688640,3550400,72310,2046130,202112.0
