,kaptCode,heatC,heatP,gasC,gasP,waterHotC,waterHotP,electC,electP,waterCoolC,waterCoolP,Date
0,A12287204,0,0,0,0,0,0,3214840,34336940,-2090,33391200,202102.0
1,A12287203,0,0,0,0,0,0,2550520,7008360,0,0,202102.0
2,A12287202,0,0,0,0,0,0,1294680,9790460,56270,4514860,202102.0
3,A12209001,0,0,0,0,0,0,2098030,6676330,0,0,202102.0
4,A10024828,0,0,0,0,0,0,34786480,39785930,363670,15681760,202102.0
5,A10024086,,,,,,,,,,,202102.0
6,A12283603,0,0,0,0,0,0,4108025,14084640,0,0,202102.0
7,A12283602,0,0,0,0,0,0,2550638,7867540,0,5437690,202102.0
8,A12283601,0,0,0,0,0,0,13152790,0,3718930,0,202102.0
9,A10027816,0,0,82840,0,0,0,15200090,70995090,-23060,19486170,202102.0
10,A10025836,0,0,0,0,0,0,14614526,32705130,832450,12478100,202102.0
11,A10025846,0,0,0,0,0,0,9622770,53059870,34300,17469660,202102.0
12,A10024774,,,,,,,,,,,202102.0
13,A12284701,0,0,0,0,0,0,2560400,4811970,105300,3422720,202102.0
14,A12285703,144023913,0,0,0,16783800,16783800,29476880,32396880,20912970,20931570,202102.0
15,A12204002,0,0,0,0,0,0,3224627,12518710,0,8551140,202102.0
16,A12204004,0,0,0,0,0,0,9796630,50742600,2246980,17536960,202102.0
17,A12204006,0,0,0,0,0,0,8052980,15930390,0,8012810,202102.0
18,A12204001,0,0,0,0,0,0,966440,5623450,0,2455110,202102.0
19,A12204003,0,0,0,0,0,0,11290390,34153580,-502110,11162750,202102.0
20,A12204102,801360,0,0,0,0,0,11336500,31217710,27900,11814750,202102.0
21,A12275201,0,0,0,0,0,0,12538976,28250520,0,11823360,202102.0
22,A12275202,0,0,0,0,0,0,21890955,53827580,1576250,14560770,202102.0
23,A10028056,0,0,0,0,0,0,1405450,4075330,0,1899570,202102.0
24,A12204005,,,,,,,,,,,202102.0
25,A10026061,,,,,,,,,,,202102.0
26,A10027568,,,,,,,,,,,202102.0
27,A10027569,,,,,,,,,,,202102.0
28,A10024026,,,,,,,,,,,202102.0
29,A10024198,0,0,0,0,0,0,1953410,1670250,106450,680050,202102.0
30,A12281801,0,0,0,0,0,0,2800570,7185040,0,0,202102.0
31,A12281702,0,0,0,0,0,0,3552546,9091400,0,4621230,202102.0
32,A12205001,0,0,67160,0,0,0,3259480,6792100,215450,3135430,202102.0
33,A12281701,0,0,0,0,0,0,1729567,0,0,0,202102.0
34,A10024128,,,,,,,,,,,202102.0
35,A12282201,0,0,0,0,0,0,1532070,8214210,0,0,202102.0
36,A12282203,0,0,0,0,0,0,843570,20756070,0,17916130,202102.0
37,A12282102,0,0,0,0,0,0,13165150,9934710,4013080,3856420,202102.0
38,A12205004,0,0,0,0,0,0,4778530,13108970,140,6688680,202102.0
39,A12205003,0,0,0,0,0,0,8765066,12235270,0,5793830,202102.0
40,A12276901,0,0,0,0,0,0,2129670,0,1628710,0,202102.0
41,A10023734,,,,,,,,,,,202102.0
42,A12284501,282680,0,0,0,0,0,4188640,9931350,184390,5660460,202102.0
43,A10023467,,,,,,,,,,,202102.0
44,A12201101,0,0,63480,0,0,0,1118190,0,13740,0,202102.0
45,A12201103,0,0,0,0,0,0,0,18425630,246280,6281530,202102.0
46,A12201001,0,0,0,0,0,0,3604080,10207920,0,4656460,202102.0
47,A12201102,0,0,0,0,0,0,3574950,8098940,0,5149580,202102.0
48,A12201301,0,0,0,0,0,0,1309170,0,443340,0,202102.0
49,A12293002,0,0,0,0,0,0,2557750,10829140,0,0,202102.0
50,A12201002,0,0,0,0,0,0,17833574,48147390,0,16626190,202102.0
51,A12290901,0,0,0,0,0,0,12522861,35060500,0,15091200,202102.0
52,A12201003,0,0,0,0,0,0,7610577,46609230,-109100,19173830,202102.0
53,A12201005,0,0,0,0,0,0,8212431,18957060,64600,6227760,202102.0
54,A12201004,0,0,0,0,0,0,5978778,7770340,0,4901240,202102.0
55,A10025310,0,0,0,0,0,0,8343590,48194540,622900,17668280,202102.0
56,A10025683,0,0,0,0,0,0,14761000,26870720,296930,10930260,202102.0
57,A10027551,,,,,,,,,,,202102.0
58,A10026834,0,0,0,0,0,0,7647660,44460160,344580,16718210,202102.0
59,A10025018,,,,,,,,,,,202102.0
60,A10024947,0,0,0,0,0,0,22134070,25847000,0,11214880,202102.0
61,A10023994,,,,,,,,,,,202102.0
62,A10024831,0,0,-2340280,2315950,0,0,39856650,86309050,0,29854750,202102.0
63,A10024313,,,,,,,,,,,202102.0
64,A12289501,0,0,0,0,0,0,9703680,16847640,0,8984530,202102.0
65,A12289401,0,0,0,0,0,0,392800,6013630,0,0,202102.0
66,A12208001,0,0,0,0,0,0,2343250,9322270,0,0,202102.0
67,A12208203,0,0,0,0,0,0,2201210,5838960,321840,3259650,202102.0
68,A12208205,0,0,71670,0,0,0,3798090,13536280,153360,8679380,202102.0
69,A12208103,0,0,176560,0,0,0,1249850,10881730,89000,4789280,202102.0
70,A12208204,0,0,0,0,0,0,1520360,16103304,120310,8578400,202102.0
71,A12208002,0,0,0,0,0,0,10788540,0,3983340,0,202102.0
72,A12208102,0,0,0,0,0,0,3322080,8055290,0,4636270,202102.0
73,A12208104,0,0,0,0,0,0,557940,11158550,0,0,202102.0
74,A12289402,0,0,0,0,0,0,11059400,0,3501380,0,202102.0
75,A12208101,0,0,0,0,0,0,1005080,6564960,0,2488400,202102.0
76,A12208105,0,0,55550,0,0,0,14067010,0,6150080,0,202102.0
77,A10025659,0,0,0,0,0,0,2829400,15222690,352920,5405160,202102.0
78,A12294102,0,0,0,0,0,0,4081926,18456600,0,8905460,202102.0
79,A10024581,,,,,,,,,,,202102.0
80,A10024769,,,,,,,,,,,202102.0
81,A10023875,,,,,,,,,,,202102.0
82,A41279902,1927620,21673550,0,0,104220,9673160,4695724,10250640,0,5548040,202102.0
83,A12220002,5652130,23448960,0,0,0,9116760,6045840,19937050,-78620,6134480,202102.0
84,A41279917,4588970,24685040,0,0,0,8000200,4204350,12457710,1232800,5991810,202102.0
85,A41279927,2637580,22375550,0,0,26400,8778000,8601250,17667440,167580,6996770,202102.0
86,A41279924,5857790,41587180,0,0,0,19467180,9791057,31239080,864360,10505580,202102.0
87,A41279915,16599300,32330100,0,0,-13463300,13441800,3520580,16635130,96610,8500060,202102.0
88,A41279925,1862270,14622400,0,0,0,5080600,1312345,8528680,668000,3558830,202102.0
89,A41279922,3565090,16270800,0,0,-1778400,1778400,619360,8100800,537460,3154470,202102.0
90,A12220005,5387790,33967200,3300,0,0,15373500,1680567,21102250,100810,9772000,202102.0
91,A41279910,8347920,52502100,0,0,0,15438170,17621209,33822900,1826860,16212280,202102.0
92,A12220003,28020010,0,0,0,7479000,0,15623113,0,7176540,0,202102.0
93,A41279926,,,,,,,,,,,202102.0
94,A41279913,9087510,21786600,0,0,0,11988900,9518771,19762130,1318300,8855020,202102.0
95,A41279905,1824240,17374040,0,0,0,5244000,-468340,11949950,168450,4935680,202102.0
96,A41279916,3174680,20092550,0,0,0,11617200,2062395,13476140,0,6684460,202102.0
97,A41279923,5105090,30666360,0,0,0,6631200,5251560,15157860,60780,6890330,202102.0
98,A41279912,4576350,45596620,0,0,0,18053000,14312190,28325550,1225530,12224890,202102.0
99,A41279920,32654400,32654400,0,0,11376400,11376400,19067260,20139760,12822170,12822170,202102.0
100,A12220004,2349580,37056450,0,0,0,9336250,3230720,23808430,0,10203840,202102.0
101,A41279908,18941400,18810840,0,0,5439010,5381150,11852330,12366220,5511020,5460020,202102.0
102,A41279931,6644820,34385050,0,0,32880,13371200,7092330,20536140,0,12005480,202102.0
103,A41279918,17090710,38614800,0,0,0,0,7101863,23510060,521900,8660930,202102.0
104,A41279904,1410140,18977700,0,0,0,10208550,1064830,13566730,91470,7513760,202102.0
105,A41279929,5315500,26238300,0,0,0,10396800,2157996,17679570,474510,8738660,202102.0
106,A41279914,4769650,26985400,0,0,0,12470150,4614326,23263340,438220,7392450,202102.0
107,A41279906,1664380,17599560,0,0,0,2899800,4482760,12834600,-43040,5757360,202102.0
108,A41279911,7108940,26225630,0,0,0,18134400,12103680,27742830,1124930,10324460,202102.0
109,A41279909,16959860,0,0,0,0,0,11790110,0,3603230,0,202102.0
110,A41279930,-14749800,13616200,0,0,-8470000,8414000,4390830,10067200,0,5778200,202102.0
111,A41279903,2414340,21511640,1320,0,0,12631600,2720057,15188970,986960,6534310,202102.0
112,A41279907,1152910,12274600,0,0,0,2260000,3894480,7006920,436140,3094710,202102.0
113,A12220001,2754420,10885350,0,0,0,6222800,3431750,6236310,348380,3490510,202102.0
114,A41279928,2812300,16865550,0,0,0,12320000,4561132,16536550,0,8052900,202102.0
115,A41279901,2751520,24404350,0,0,1625710,10166000,5056839,19583970,656930,6492060,202102.0
116,A41279932,13473100,14292600,0,0,-9916000,9834600,7390231,16722220,353680,6453740,202102.0
117,A41279919,,,,,,,,,,,202102.0
118,A41279921,80407560,0,7920,0,0,0,39726740,0,18784140,0,202102.0
119,A10025677,1370,4679120,0,0,0,7120500,3210470,6182590,480,2812340,202102.0
120,A10025765,2294640,14944530,0,0,0,9014720,7857140,18325740,-271930,6138910,202102.0
121,A10026376,8219880,0,0,0,0,0,6937810,0,2045310,0,202102.0
