,kaptCode,heatC,heatP,gasC,gasP,waterHotC,waterHotP,electC,electP,waterCoolC,waterCoolP,Date
0,A12287204,0.0,0.0,0.0,0.0,0.0,0.0,3693270.0,36165940.0,-10190.0,35521390.0,202202.0
1,A12287203,0.0,0.0,0.0,0.0,0.0,0.0,9690570.0,7988340.0,0.0,0.0,202202.0
2,A12287202,0.0,0.0,0.0,0.0,0.0,0.0,971130.0,10095390.0,72420.0,5093490.0,202202.0
3,A12209001,0.0,0.0,0.0,0.0,0.0,0.0,2091320.0,6941020.0,0.0,0.0,202202.0
4,A10024828,0.0,0.0,0.0,0.0,0.0,0.0,53529626.0,0.0,18836140.0,0.0,202202.0
5,A10024086,0.0,0.0,0.0,0.0,0.0,0.0,16905390.0,27807190.0,-128050.0,7551130.0,202202.0
6,A12283603,0.0,0.0,0.0,0.0,0.0,0.0,599242.0,17331730.0,0.0,0.0,202202.0
7,A12283602,0.0,0.0,0.0,0.0,0.0,0.0,2598287.0,8557340.0,0.0,6077750.0,202202.0
8,A12283601,0.0,0.0,0.0,0.0,0.0,0.0,4258390.0,8672210.0,0.0,4755340.0,202202.0
9,A10027816,0.0,0.0,293640.0,0.0,0.0,0.0,17996240.0,73135070.0,370300.0,21704230.0,202202.0
10,A10025836,0.0,0.0,0.0,0.0,0.0,0.0,14929900.0,35605040.0,2324860.0,12539710.0,202202.0
11,A10025846,0.0,0.0,0.0,0.0,0.0,0.0,11674520.0,55693390.0,125870.0,19963010.0,202202.0
12,A10024774,,,,,,,,,,,202202.0
13,A12284701,0.0,0.0,0.0,0.0,0.0,0.0,2241380.0,6045790.0,114240.0,3738240.0,202202.0
14,A12285703,164111720.0,0.0,0.0,0.0,16932300.0,16932300.0,69493.0,35409490.0,1095300.0,21177620.0,202202.0
15,A12204002,0.0,0.0,0.0,0.0,0.0,0.0,3154505.0,12898040.0,-10.0,9718330.0,202202.0
16,A12204004,0.0,0.0,0.0,0.0,0.0,0.0,16617940.0,56870910.0,276190.0,19370690.0,202202.0
17,A12204006,0.0,0.0,0.0,0.0,0.0,0.0,13250830.0,16608030.0,0.0,8618760.0,202202.0
18,A12204001,0.0,0.0,0.0,0.0,0.0,0.0,645950.0,6112500.0,0.0,2742780.0,202202.0
19,A12204003,0.0,0.0,0.0,0.0,0.0,0.0,12840640.0,33320440.0,334340.0,12112680.0,202202.0
20,A12204102,420410.0,0.0,0.0,0.0,0.0,0.0,10677280.0,30973600.0,0.0,12795150.0,202202.0
21,A12275201,0.0,0.0,0.0,0.0,0.0,0.0,12181275.0,29514360.0,0.0,12433430.0,202202.0
22,A12275202,0.0,0.0,0.0,0.0,0.0,0.0,21140069.0,55443180.0,528210.0,14695010.0,202202.0
23,A10028056,0.0,0.0,0.0,0.0,0.0,0.0,1751040.0,4201680.0,485730.0,2104230.0,202202.0
24,A12204005,,,,,,,,,,,202202.0
25,A10026061,,,,,,,,,,,202202.0
26,A10027568,,,,,,,,,,,202202.0
27,A10027569,,,,,,,,,,,202202.0
28,A10024026,0.0,0.0,0.0,0.0,0.0,0.0,4763920.0,2989350.0,390820.0,2503520.0,202202.0
29,A10024198,,,,,,,,,,,202202.0
30,A12281801,0.0,0.0,0.0,0.0,0.0,0.0,3727890.0,6117340.0,0.0,0.0,202202.0
31,A12281702,0.0,0.0,0.0,0.0,0.0,0.0,4084472.0,9566080.0,666710.0,4730160.0,202202.0
32,A12205001,0.0,0.0,192300.0,0.0,0.0,0.0,3039210.0,7250140.0,312200.0,3077980.0,202202.0
33,A12281701,0.0,0.0,0.0,0.0,0.0,0.0,2172700.0,0.0,0.0,0.0,202202.0
34,A10024128,,,,,,,,,,,202202.0
35,A12282201,0.0,0.0,0.0,0.0,0.0,0.0,1323820.0,8815170.0,0.0,0.0,202202.0
36,A12282203,0.0,0.0,0.0,0.0,0.0,0.0,307656.0,21773770.0,0.0,19519810.0,202202.0
37,A12282102,0.0,0.0,0.0,0.0,0.0,0.0,3399900.0,9324300.0,57950.0,3853540.0,202202.0
38,A12205004,0.0,0.0,0.0,0.0,0.0,0.0,4614450.0,13647640.0,640.0,7379050.0,202202.0
39,A12205003,0.0,0.0,0.0,0.0,0.0,0.0,7262500.0,13310790.0,0.0,7710260.0,202202.0
40,A12276901,0.0,0.0,0.0,0.0,0.0,0.0,2248890.0,0.0,1285230.0,0.0,202202.0
41,A10023734,,,,,,,,,,,202202.0
42,A12284501,359990.0,0.0,0.0,0.0,0.0,0.0,4609360.0,10863440.0,137100.0,6484400.0,202202.0
43,A10023467,,,,,,,,,,,202202.0
44,A12201101,0.0,0.0,100400.0,0.0,0.0,0.0,1093880.0,0.0,14960.0,0.0,202202.0
45,A12201103,0.0,0.0,0.0,0.0,0.0,0.0,0.0,16821800.0,209780.0,6788960.0,202202.0
46,A12201001,0.0,0.0,0.0,0.0,0.0,0.0,2490114.0,11621870.0,0.0,4300210.0,202202.0
47,A12201102,0.0,0.0,0.0,0.0,0.0,0.0,2816020.0,8835100.0,170.0,5797600.0,202202.0
48,A12201301,0.0,0.0,0.0,0.0,0.0,0.0,1389010.0,0.0,284800.0,0.0,202202.0
49,A12293002,0.0,0.0,0.0,0.0,0.0,0.0,2597880.0,11044940.0,0.0,0.0,202202.0
50,A12201002,0.0,0.0,0.0,0.0,0.0,0.0,27647230.0,38771720.0,0.0,18598390.0,202202.0
51,A12290901,0.0,0.0,0.0,0.0,0.0,0.0,11899816.0,37315910.0,0.0,16476210.0,202202.0
52,A12201003,0.0,0.0,0.0,0.0,0.0,0.0,15326889.0,50849310.0,-1560.0,21971520.0,202202.0
53,A12201005,0.0,0.0,0.0,0.0,0.0,0.0,7176153.0,19239590.0,75940.0,7126090.0,202202.0
54,A12201004,0.0,0.0,0.0,0.0,0.0,0.0,6751384.0,7944330.0,0.0,4359910.0,202202.0
55,A10025310,0.0,0.0,0.0,0.0,0.0,0.0,8286320.0,52440420.0,496080.0,20223770.0,202202.0
56,A10025683,0.0,0.0,0.0,0.0,0.0,0.0,15583010.0,27937040.0,171450.0,11869900.0,202202.0
57,A10027551,,,,,,,,,,,202202.0
58,A10026834,0.0,0.0,239490.0,0.0,0.0,0.0,5711240.0,46531660.0,222640.0,18030780.0,202202.0
59,A10025018,,,,,,,,,,,202202.0
60,A10024947,0.0,0.0,0.0,0.0,0.0,0.0,25134616.0,28117200.0,712620.0,12770550.0,202202.0
61,A10023994,0.0,0.0,0.0,0.0,0.0,0.0,24041250.0,0.0,237590.0,4048370.0,202202.0
62,A10024831,0.0,0.0,0.0,0.0,0.0,0.0,34831550.0,80755300.0,0.0,35052020.0,202202.0
63,A10024313,0.0,0.0,0.0,0.0,0.0,0.0,35434170.0,33402470.0,13351100.0,13319600.0,202202.0
64,A12289501,0.0,0.0,0.0,0.0,0.0,0.0,26540380.0,0.0,8230480.0,0.0,202202.0
65,A12289401,0.0,0.0,0.0,0.0,0.0,0.0,1902910.0,4800240.0,0.0,0.0,202202.0
66,A12208001,0.0,0.0,0.0,0.0,0.0,0.0,1470620.0,0.0,0.0,0.0,202202.0
67,A12208203,0.0,0.0,0.0,0.0,0.0,0.0,2051270.0,5974610.0,667940.0,3100620.0,202202.0
68,A12208205,0.0,0.0,137680.0,0.0,0.0,0.0,4487930.0,14095110.0,911760.0,9194080.0,202202.0
69,A12208103,0.0,0.0,505100.0,0.0,0.0,0.0,679380.0,11791240.0,89000.0,4698370.0,202202.0
70,A12208204,0.0,0.0,0.0,0.0,0.0,0.0,1590810.0,17071854.0,429280.0,8328920.0,202202.0
71,A12208002,0.0,0.0,0.0,0.0,0.0,0.0,11270520.0,0.0,4752210.0,0.0,202202.0
72,A12208102,0.0,0.0,0.0,0.0,0.0,0.0,2572820.0,9953710.0,0.0,5223690.0,202202.0
73,A12208104,0.0,0.0,0.0,0.0,0.0,0.0,-1062410.0,12986120.0,0.0,0.0,202202.0
74,A12289402,0.0,0.0,0.0,0.0,0.0,0.0,2500413.0,8419480.0,0.0,3928180.0,202202.0
75,A12208101,0.0,0.0,0.0,0.0,0.0,0.0,554005.0,6755250.0,0.0,2627340.0,202202.0
76,A12208105,0.0,0.0,64480.0,0.0,0.0,0.0,14828730.0,0.0,6659440.0,0.0,202202.0
77,A10025659,0.0,0.0,144240.0,0.0,0.0,0.0,1858920.0,16504280.0,340490.0,6055390.0,202202.0
78,A12294102,0.0,0.0,0.0,0.0,0.0,0.0,5498153.0,16297310.0,0.0,8568000.0,202202.0
79,A10024581,,,,,,,,,,,202202.0
80,A10024769,,,,,,,,,,,202202.0
81,A10023875,,,,,,,,,,,202202.0
82,A41279902,2245090.0,26947390.0,0.0,0.0,100360.0,9348260.0,4580941.0,10335610.0,0.0,6124290.0,202202.0
83,A12220002,6659420.0,29501460.0,0.0,0.0,0.0,8848560.0,5757310.0,19266970.0,522320.0,6375720.0,202202.0
84,A41279917,4978140.0,30464100.0,0.0,0.0,0.0,7806400.0,4333029.0,12763930.0,1708060.0,6546830.0,202202.0
85,A41279927,2771670.0,27939250.0,0.0,0.0,16800.0,7578570.0,10049650.0,17865660.0,168280.0,7542200.0,202202.0
86,A41279924,5140760.0,55895160.0,0.0,0.0,0.0,17156160.0,11616454.0,31493483.0,1386590.0,10435060.0,202202.0
87,A41279915,14473030.0,41460860.0,0.0,0.0,-11625900.0,11590800.0,3857780.0,16641960.0,43100.0,8101170.0,202202.0
88,A41279925,1758400.0,17985740.0,0.0,0.0,0.0,5054000.0,1388713.0,8325060.0,342290.0,3574560.0,202202.0
89,A41279922,1788270.0,19420170.0,0.0,0.0,0.0,1831620.0,932700.0,8257390.0,653900.0,2740060.0,202202.0
90,A12220005,6886050.0,42737820.0,0.0,0.0,0.0,15110800.0,710000.0,21707780.0,-373880.0,10810760.0,202202.0
91,A41279910,10721250.0,61866250.0,0.0,0.0,0.0,16318400.0,14190388.0,33375610.0,527040.0,16108450.0,202202.0
92,A12220003,34315950.0,0.0,0.0,0.0,7587400.0,0.0,19678750.0,0.0,7571350.0,0.0,202202.0
93,A41279926,,,,,,,,,,,202202.0
94,A41279913,5452230.0,32131000.0,0.0,0.0,0.0,11480700.0,11967310.0,18857380.0,1182550.0,9030340.0,202202.0
95,A41279905,1821050.0,21277740.0,0.0,0.0,0.0,4885400.0,4027510.0,12400360.0,308680.0,5644340.0,202202.0
96,A41279916,3316390.0,25481070.0,0.0,0.0,0.0,11537400.0,1817230.0,13909550.0,0.0,6888830.0,202202.0
97,A41279923,2894690.0,31499460.0,0.0,0.0,0.0,10875800.0,5476950.0,15159700.0,57600.0,6569160.0,202202.0
98,A41279912,4561090.0,57093700.0,0.0,0.0,0.0,16539000.0,13201320.0,28629800.0,402390.0,14795960.0,202202.0
99,A41279920,31665900.0,31665900.0,0.0,0.0,19505000.0,19505000.0,19288750.0,21043080.0,12782640.0,12782640.0,202202.0
100,A12220004,47418650.0,43365300.0,0.0,0.0,8839620.0,8825970.0,25772740.0,23997050.0,10337480.0,10330550.0,202202.0
101,A41279908,1565760.0,23202000.0,0.0,0.0,0.0,3042640.0,6795440.0,10468890.0,-17980.0,5438420.0,202202.0
102,A41279931,4876890.0,45459700.0,0.0,0.0,-36400.0,13169000.0,8187150.0,22403280.0,0.0,12931780.0,202202.0
103,A41279918,18907930.0,44422000.0,0.0,0.0,0.0,0.0,7187371.0,23586500.0,570380.0,9057630.0,202202.0
104,A41279904,1401910.0,22739400.0,0.0,0.0,0.0,8597300.0,1028730.0,13458030.0,273910.0,7601720.0,202202.0
105,A41279929,15773590.0,33586560.0,0.0,0.0,-9896700.0,9886800.0,2774346.0,18589370.0,511420.0,8435120.0,202202.0
106,A41279914,4485210.0,35045400.0,0.0,0.0,0.0,11997550.0,4582095.0,22638210.0,724380.0,9239920.0,202202.0
107,A41279906,1580740.0,20821600.0,0.0,0.0,0.0,3883200.0,3074839.0,12104520.0,218070.0,4979850.0,202202.0
108,A41279911,6705500.0,32727630.0,0.0,0.0,0.0,19391400.0,7086430.0,25815430.0,1086870.0,10774480.0,202202.0
109,A41279909,19618710.0,0.0,0.0,0.0,0.0,0.0,11722210.0,0.0,4115510.0,0.0,202202.0
110,A41279930,-18501000.0,17629500.0,0.0,0.0,-8979900.0,8909600.0,6972250.0,10635650.0,0.0,5877810.0,202202.0
111,A41279903,2521270.0,27971080.0,0.0,0.0,0.0,12223180.0,3663452.0,14991270.0,373320.0,7032610.0,202202.0
112,A41279907,1125470.0,15233820.0,0.0,0.0,0.0,2746450.0,2668990.0,6750080.0,65100.0,3413750.0,202202.0
113,A12220001,2936300.0,13568500.0,0.0,0.0,0.0,6546400.0,3128270.0,6111450.0,554450.0,3535670.0,202202.0
114,A41279928,2761370.0,21708640.0,0.0,0.0,0.0,13244000.0,8619429.0,16959030.0,0.0,9191570.0,202202.0
115,A41279901,5095190.0,31284540.0,0.0,0.0,0.0,8928000.0,8171300.0,15189080.0,1067910.0,5830070.0,202202.0
116,A41279932,14555230.0,18475100.0,0.0,0.0,-11199040.0,11137020.0,7892694.0,16951930.0,937310.0,7057710.0,202202.0
117,A41279919,,,,,,,,,,,202202.0
118,A41279921,63893350.0,0.0,6630.0,0.0,28343300.0,0.0,42564000.0,0.0,19725650.0,0.0,202202.0
119,A10025677,0.0,6058080.0,0.0,0.0,0.0,7479800.0,2801710.0,6202280.0,0.0,3090160.0,202202.0
120,A10025765,19776410.0,0.0,0.0,0.0,10004060.0,0.0,25962240.0,0.0,6624570.0,0.0,202202.0
121,A10026376,4806840.0,4707520.0,0.0,0.0,0.0,0.0,781110.0,4085100.0,282630.0,2141050.0,202202.0
