,kaptCode,heatC,heatP,gasC,gasP,waterHotC,waterHotP,electC,electP,waterCoolC,waterCoolP,Date
0,A12287204,0.0,0.0,0.0,0.0,0.0,0.0,3066070.0,43228180.0,0.0,0.0,202201.0
1,A12287203,0.0,0.0,0.0,0.0,0.0,0.0,2847370.0,7135400.0,0.0,7076150.0,202201.0
2,A12287202,0.0,0.0,0.0,0.0,0.0,0.0,1433790.0,10077780.0,40670.0,4553160.0,202201.0
3,A12209001,0.0,0.0,0.0,0.0,0.0,0.0,1849090.0,9223050.0,34220.0,6581870.0,202201.0
4,A10024828,0.0,0.0,0.0,0.0,0.0,0.0,72997690.0,0.0,20718320.0,0.0,202201.0
5,A10024086,0.0,0.0,0.0,0.0,0.0,0.0,16439440.0,23337220.0,370850.0,7970470.0,202201.0
6,A12283603,0.0,0.0,0.0,0.0,0.0,0.0,122646.0,18224540.0,0.0,0.0,202201.0
7,A12283602,0.0,0.0,0.0,0.0,0.0,0.0,2950905.0,10064610.0,0.0,5585390.0,202201.0
8,A12283601,0.0,0.0,0.0,0.0,0.0,0.0,3911110.0,8649610.0,0.0,4133290.0,202201.0
9,A10027816,0.0,0.0,178430.0,0.0,0.0,0.0,17355210.0,74133060.0,-158580.0,21166490.0,202201.0
10,A10025836,0.0,0.0,0.0,0.0,0.0,0.0,15531009.0,36027460.0,1974610.0,12487740.0,202201.0
11,A10025846,0.0,0.0,0.0,0.0,0.0,0.0,21521260.0,65892970.0,144980.0,19416880.0,202201.0
12,A10024774,,,,,,,,,,,202201.0
13,A12284701,0.0,0.0,0.0,0.0,0.0,0.0,3229750.0,6515850.0,346100.0,3253800.0,202201.0
14,A12285703,219651920.0,0.0,0.0,0.0,5131.0,16932300.0,6305808.0,34737760.0,4297740.0,21150510.0,202201.0
15,A12204002,0.0,0.0,0.0,0.0,0.0,0.0,3010622.0,12879390.0,0.0,0.0,202201.0
16,A12204004,0.0,0.0,0.0,0.0,0.0,0.0,19593700.0,68388410.0,37860.0,23081700.0,202201.0
17,A12204006,0.0,0.0,0.0,0.0,0.0,0.0,16470460.0,19672520.0,0.0,8602410.0,202201.0
18,A12204001,0.0,0.0,0.0,0.0,0.0,0.0,610560.0,6187680.0,0.0,2557980.0,202201.0
19,A12204003,0.0,0.0,0.0,0.0,0.0,0.0,12011830.0,33134740.0,114540.0,11938800.0,202201.0
20,A12204102,251380.0,0.0,0.0,0.0,0.0,0.0,8383700.0,32447330.0,0.0,12835070.0,202201.0
21,A12275201,0.0,0.0,0.0,0.0,0.0,0.0,13672805.0,35619950.0,0.0,11709950.0,202201.0
22,A12275202,0.0,0.0,0.0,0.0,0.0,0.0,21644283.0,56616210.0,579060.0,17705600.0,202201.0
23,A10028056,0.0,0.0,0.0,0.0,0.0,0.0,1724990.0,4413160.0,361380.0,1788060.0,202201.0
24,A12204005,,,,,,,,,,,202201.0
25,A10026061,,,,,,,,,,,202201.0
26,A10027568,,,,,,,,,,,202201.0
27,A10027569,,,,,,,,,,,202201.0
28,A10024026,0.0,0.0,0.0,0.0,0.0,0.0,5375480.0,2739790.0,0.0,0.0,202201.0
29,A10024198,,,,,,,,,,,202201.0
30,A12281801,0.0,0.0,0.0,0.0,0.0,0.0,3172900.0,7602420.0,145160.0,0.0,202201.0
31,A12281702,0.0,0.0,0.0,0.0,0.0,0.0,5091716.0,8865050.0,451880.0,5761970.0,202201.0
32,A12205001,0.0,0.0,131650.0,0.0,0.0,0.0,3099660.0,7139230.0,370830.0,3752670.0,202201.0
33,A12281701,0.0,0.0,0.0,0.0,0.0,0.0,2151720.0,9842390.0,280780.0,7164930.0,202201.0
34,A10024128,,,,,,,,,,,202201.0
35,A12282201,0.0,0.0,0.0,0.0,0.0,0.0,1758480.0,7768750.0,0.0,0.0,202201.0
36,A12282203,0.0,0.0,0.0,0.0,0.0,0.0,2972638.0,25393240.0,0.0,0.0,202201.0
37,A12282102,0.0,0.0,0.0,0.0,0.0,0.0,2170830.0,11392070.0,586900.0,3328710.0,202201.0
38,A12205004,0.0,0.0,0.0,0.0,0.0,0.0,4879710.0,13985050.0,-220.0,7360560.0,202201.0
39,A12205003,0.0,0.0,0.0,0.0,0.0,0.0,5535580.0,14784870.0,0.0,6848070.0,202201.0
40,A12276901,0.0,0.0,0.0,0.0,0.0,0.0,2669530.0,0.0,1378990.0,0.0,202201.0
41,A10023734,,,,,,,,,,,202201.0
42,A12284501,0.0,0.0,259840.0,0.0,0.0,0.0,5299170.0,12623670.0,-184590.0,6032030.0,202201.0
43,A10023467,,,,,,,,,,,202201.0
44,A12201101,0.0,0.0,76790.0,0.0,0.0,0.0,1126880.0,0.0,0.0,0.0,202201.0
45,A12201103,0.0,0.0,0.0,0.0,0.0,0.0,0.0,18314720.0,283560.0,7368600.0,202201.0
46,A12201001,0.0,0.0,0.0,0.0,0.0,0.0,3576463.0,9458590.0,0.0,3942800.0,202201.0
47,A12201102,0.0,0.0,0.0,0.0,0.0,0.0,3294730.0,10250480.0,-40.0,5175030.0,202201.0
48,A12201301,0.0,0.0,0.0,0.0,0.0,0.0,1384070.0,0.0,77600.0,0.0,202201.0
49,A12293002,0.0,0.0,0.0,0.0,0.0,0.0,2491870.0,11340380.0,0.0,0.0,202201.0
50,A12201002,0.0,0.0,0.0,0.0,0.0,0.0,25943403.0,38983170.0,982070.0,17059840.0,202201.0
51,A12290901,0.0,0.0,0.0,0.0,0.0,0.0,14916058.0,44690980.0,0.0,16124680.0,202201.0
52,A12201003,0.0,0.0,0.0,0.0,0.0,0.0,20352378.0,60764410.0,-260.0,21620790.0,202201.0
53,A12201005,0.0,0.0,0.0,0.0,0.0,0.0,6831310.0,19149730.0,106330.0,6515270.0,202201.0
54,A12201004,0.0,0.0,0.0,0.0,0.0,0.0,5266206.0,7956560.0,0.0,4147050.0,202201.0
55,A10025310,0.0,0.0,0.0,0.0,0.0,0.0,7338400.0,62191590.0,642500.0,18451620.0,202201.0
56,A10025683,0.0,0.0,0.0,0.0,0.0,0.0,15599320.0,28047800.0,73290.0,11418170.0,202201.0
57,A10027551,,,,,,,,,,,202201.0
58,A10026834,0.0,0.0,34340.0,0.0,0.0,0.0,6556219.0,45608281.0,280550.0,17944040.0,202201.0
59,A10025018,,,,,,,,,,,202201.0
60,A10024947,0.0,0.0,0.0,0.0,0.0,0.0,21205775.0,27987680.0,-660010.0,12763570.0,202201.0
61,A10023994,0.0,0.0,0.0,0.0,0.0,0.0,22643930.0,0.0,354480.0,4177220.0,202201.0
62,A10024831,0.0,0.0,0.0,0.0,0.0,0.0,41118740.0,93963630.0,-2400430.0,39432720.0,202201.0
63,A10024313,0.0,0.0,0.0,0.0,0.0,0.0,44814910.0,39258760.0,14750530.0,14711130.0,202201.0
64,A12289501,0.0,0.0,0.0,0.0,0.0,0.0,26293170.0,0.0,7687070.0,0.0,202201.0
65,A12289401,0.0,0.0,0.0,0.0,0.0,0.0,838000.0,6849820.0,0.0,0.0,202201.0
66,A12208001,0.0,0.0,0.0,0.0,0.0,0.0,2682100.0,8801520.0,841980.0,6126130.0,202201.0
67,A12208203,0.0,0.0,0.0,0.0,0.0,0.0,2430300.0,7039070.0,796440.0,3521910.0,202201.0
68,A12208205,0.0,0.0,98970.0,0.0,0.0,0.0,6525260.0,15256460.0,643650.0,9952310.0,202201.0
69,A12208103,0.0,0.0,287550.0,0.0,0.0,0.0,736680.0,14225090.0,89000.0,5376660.0,202201.0
70,A12208204,0.0,0.0,0.0,0.0,0.0,0.0,1991530.0,19789660.0,120170.0,9757690.0,202201.0
71,A12208002,0.0,0.0,0.0,0.0,0.0,0.0,11368610.0,0.0,4428720.0,0.0,202201.0
72,A12208102,0.0,0.0,0.0,0.0,0.0,0.0,5434320.0,8167460.0,0.0,4745140.0,202201.0
73,A12208104,0.0,0.0,0.0,0.0,0.0,0.0,2654130.0,11437280.0,25240.0,0.0,202201.0
74,A12289402,0.0,0.0,0.0,0.0,0.0,0.0,3175156.0,7996280.0,0.0,3308390.0,202201.0
75,A12208101,0.0,0.0,0.0,0.0,0.0,0.0,1501610.0,5657080.0,0.0,2426600.0,202201.0
76,A12208105,0.0,0.0,26400.0,0.0,0.0,0.0,19777140.0,0.0,7177500.0,0.0,202201.0
77,A10025659,0.0,0.0,187050.0,0.0,0.0,0.0,3934410.0,19522250.0,468530.0,6723670.0,202201.0
78,A12294102,0.0,0.0,0.0,0.0,0.0,0.0,6213574.0,18872790.0,0.0,8069060.0,202201.0
79,A10024581,,,,,,,,,,,202201.0
80,A10024769,,,,,,,,,,,202201.0
81,A10023875,,,,,,,,,,,202201.0
82,A41279902,2401780.0,31979440.0,0.0,0.0,85360.0,10437200.0,7719170.0,12989450.0,0.0,7107800.0,202201.0
83,A12220002,7522663.0,35541660.0,0.0,0.0,0.0,9586150.0,5636650.0,18788620.0,-503860.0,7292870.0,202201.0
84,A41279917,5338080.0,36145800.0,0.0,0.0,0.0,8571400.0,7908610.0,15356490.0,-630890.0,7338240.0,202201.0
85,A41279927,2984920.0,33761700.0,0.0,0.0,2900.0,8763750.0,8595430.0,17859850.0,124210.0,7699010.0,202201.0
86,A41279924,5665710.0,63279150.0,0.0,0.0,0.0,21116700.0,13672983.0,38201500.0,1284880.0,11667920.0,202201.0
87,A41279915,13922710.0,50794980.0,0.0,0.0,-10947800.0,10924350.0,6812490.0,20323570.0,21780.0,9013980.0,202201.0
88,A41279925,1939370.0,21871080.0,0.0,0.0,0.0,5662000.0,2878654.0,10151560.0,458440.0,3771270.0,202201.0
89,A41279922,1752120.0,23490460.0,0.0,0.0,0.0,2026920.0,2381140.0,10532310.0,791450.0,3551470.0,202201.0
90,A12220005,7561310.0,51498440.0,0.0,0.0,0.0,16368800.0,219175.0,27052790.0,148850.0,12006700.0,202201.0
91,A41279910,9834510.0,75112500.0,0.0,0.0,0.0,17958300.0,11146124.0,33058140.0,294350.0,17944420.0,202201.0
92,A12220003,40561980.0,0.0,0.0,0.0,8261560.0,0.0,24696973.0,0.0,7714850.0,0.0,202201.0
93,A41279926,,,,,,,,,,,202201.0
94,A41279913,5737070.0,38810160.0,0.0,0.0,0.0,12214400.0,10407367.0,18996270.0,25420.0,9052260.0,202201.0
95,A41279905,1783600.0,24874500.0,0.0,0.0,0.0,6111360.0,3996040.0,11489170.0,-347850.0,5805390.0,202201.0
96,A41279916,4328370.0,29809130.0,0.0,0.0,0.0,12461400.0,1518800.0,16378290.0,0.0,7728510.0,202201.0
97,A41279923,3207816.0,36670670.0,0.0,0.0,0.0,13156500.0,5516518.0,19103940.0,57240.0,7974920.0,202201.0
98,A41279912,4558310.0,67947810.0,0.0,0.0,0.0,18115200.0,12469430.0,27725510.0,17290.0,11797720.0,202201.0
99,A41279920,38720790.0,38460200.0,0.0,0.0,21855000.0,21805000.0,23820030.0,24905030.0,11807980.0,11819890.0,202201.0
100,A12220004,55632610.0,52962800.0,0.0,0.0,9805320.0,9805320.0,24771170.0,23061010.0,9277420.0,9277420.0,202201.0
101,A41279908,1581320.0,26692600.0,0.0,0.0,0.0,4327900.0,5436007.0,11935670.0,70400.0,5136020.0,202201.0
102,A41279931,4757600.0,54533120.0,0.0,0.0,0.0,13917760.0,12479650.0,26622220.0,0.0,13543990.0,202201.0
103,A41279918,21121750.0,51596400.0,0.0,0.0,0.0,0.0,8672801.0,28715180.0,377720.0,10091340.0,202201.0
104,A41279904,1468490.0,27781240.0,0.0,0.0,0.0,8744400.0,1187990.0,16101050.0,510820.0,7629420.0,202201.0
105,A41279929,16989590.0,40607910.0,0.0,0.0,-10152000.0,10130400.0,7170425.0,20288050.0,1952680.0,8632640.0,202201.0
106,A41279914,5900970.0,41763800.0,0.0,0.0,0.0,12227250.0,3526896.0,22943900.0,0.0,8177160.0,202201.0
107,A41279906,1645360.0,25045200.0,0.0,0.0,0.0,4356000.0,3526960.0,12142190.0,-684970.0,5355700.0,202201.0
108,A41279911,8100510.0,38882880.0,0.0,0.0,0.0,21249000.0,4763740.0,25592350.0,301250.0,11283420.0,202201.0
109,A41279909,23015820.0,0.0,0.0,0.0,0.0,0.0,13929020.0,0.0,3490570.0,0.0,202201.0
110,A41279930,-22307600.0,21163800.0,0.0,0.0,-9835200.0,9763200.0,8850410.0,12690260.0,175450.0,7177540.0,202201.0
111,A41279903,2702210.0,35553960.0,650.0,0.0,0.0,11425050.0,6260651.0,18707420.0,357860.0,7428010.0,202201.0
112,A41279907,1100020.0,17817020.0,0.0,0.0,0.0,3077200.0,2876380.0,6701500.0,-485950.0,3704780.0,202201.0
113,A12220001,3307210.0,16993600.0,0.0,0.0,0.0,6757400.0,4855280.0,7301360.0,31760.0,4219900.0,202201.0
114,A41279928,2751930.0,26096880.0,0.0,0.0,0.0,15208200.0,7110028.0,17144230.0,0.0,8665660.0,202201.0
115,A41279901,5199040.0,37517300.0,0.0,0.0,0.0,10485000.0,7459659.0,14848420.0,119310.0,6876290.0,202201.0
116,A41279932,16068420.0,21582400.0,0.0,0.0,-12812800.0,12735450.0,9226678.0,20135410.0,370110.0,7827710.0,202201.0
117,A41279919,,,,,,,,,,,202201.0
118,A41279921,76774600.0,0.0,5300.0,0.0,31236000.0,0.0,52433730.0,0.0,22546620.0,0.0,202201.0
119,A10025677,0.0,7230260.0,0.0,0.0,0.0,8374300.0,2620750.0,6187780.0,0.0,3246490.0,202201.0
120,A10025765,2334720.0,20723420.0,0.0,0.0,0.0,10913850.0,7194170.0,18331990.0,-248420.0,6843640.0,202201.0
121,A10026376,5355310.0,5683020.0,0.0,0.0,0.0,0.0,834590.0,4120110.0,77420.0,2228280.0,202201.0
