,kaptCode,heatC,heatP,gasC,gasP,waterHotC,waterHotP,electC,electP,waterCoolC,waterCoolP,Date
0,A12287204,0,0,0,0,0,0,4075170,39707660,0,0,202211.0
1,A12287203,0,0,0,0,0,0,1420831,6241600,0,6683430,202211.0
2,A12287202,0,0,0,0,0,0,1127400,11168580,51760,5053240,202211.0
3,A12209001,0,0,0,0,0,0,2307410,7541270,43080,6465680,202211.0
4,A10024828,0,0,0,0,0,0,63994890,0,20721370,0,202211.0
5,A10024086,0,0,0,0,0,0,11976330,28233140,52820,8905030,202211.0
6,A12283603,0,0,0,0,0,0,1010594,15340920,0,0,202211.0
7,A12283602,0,0,0,0,0,0,3166247,9848190,0,5764970,202211.0
8,A12283601,0,0,0,0,0,0,2434560,7938400,0,3993790,202211.0
9,A10027816,0,0,25970,0,0,0,6584750,69097170,716980,20304910,202211.0
10,A10025836,0,0,0,0,0,0,14774033,35431140,650810,14895500,202211.0
11,A10025846,0,0,48130,0,0,0,8568960,62416470,56120,18406010,202211.0
12,A10024774,,,,,,,,,,,202211.0
13,A12284701,0,0,0,0,0,0,2347330,6652220,153920,3334630,202211.0
14,A12285703,118153060,0,0,0,0,13995300,9510674,38101680,220000,22628910,202211.0
15,A12204002,0,0,0,0,0,0,2395894,11530180,0,0,202211.0
16,A12204004,0,0,0,0,0,0,10161276,62455330,41490,22141640,202211.0
17,A12204006,0,0,0,0,0,0,8765730,20117160,0,8421010,202211.0
18,A12204001,0,0,0,0,0,0,729870,5967190,0,2496120,202211.0
19,A12204003,0,0,0,0,0,0,8522870,29833010,557500,11669380,202211.0
20,A12204102,158550,0,0,0,0,0,6384794,29184240,0,11960180,202211.0
21,A12275201,0,0,0,0,0,0,13799803,33505390,0,11772210,202211.0
22,A12275202,0,0,0,0,0,0,19450293,51965348,367940,14675130,202211.0
23,A10028056,0,0,0,0,0,0,1353840,4019080,479770,2156790,202211.0
24,A12204005,,,,,,,,,,,202211.0
25,A10026061,,,,,,,,,,,202211.0
26,A10027568,,,,,,,,,,,202211.0
27,A10027569,,,,,,,,,,,202211.0
28,A10024026,0,0,0,0,0,0,3694610,3842570,0,0,202211.0
29,A10024198,,,,,,,,,,,202211.0
30,A12281801,0,0,0,0,0,0,2201902,6123700,403200,0,202211.0
31,A12281702,0,0,0,0,0,0,3968241,9281220,341010,5032570,202211.0
32,A12205001,0,0,45920,0,0,0,2345980,7512410,109920,3420280,202211.0
33,A12281701,0,0,0,0,0,0,1117500,9657950,509800,7870740,202211.0
34,A10024128,,,,,,,,,,,202211.0
35,A12282201,0,0,0,0,0,0,675450,8947910,0,0,202211.0
36,A12282203,0,0,0,0,0,0,2077162,23160490,0,0,202211.0
37,A12282102,0,0,0,0,0,0,4021150,8653170,-150670,4211820,202211.0
38,A12205004,0,0,0,0,0,0,4693550,12618320,120,6863020,202211.0
39,A12205003,0,0,0,0,0,0,5174616,11919510,0,7171730,202211.0
40,A12276901,0,0,0,0,0,0,3553940,0,1561360,0,202211.0
41,A10023734,0,0,0,0,0,0,3454950,4107150,286170,2576490,202211.0
42,A12284501,49780,0,0,0,0,0,3972730,12199590,88310,6614320,202211.0
43,A10023467,,,,,,,,,,,202211.0
44,A12201101,0,0,50140,0,0,0,882830,0,0,0,202211.0
45,A12201103,0,0,0,0,0,0,0,18056870,180480,7467530,202211.0
46,A12201001,0,0,0,0,0,0,2683094,9251490,0,4295840,202211.0
47,A12201102,0,0,0,0,0,0,3331960,9881420,310,5757440,202211.0
48,A12201301,0,0,0,0,0,0,1512230,0,149460,0,202211.0
49,A12293002,0,0,0,0,0,0,2617250,10598020,0,0,202211.0
50,A12201002,0,0,0,0,0,0,18164813,36636240,0,18409170,202211.0
51,A12290901,0,0,0,0,0,0,11737060,41263190,0,14972640,202211.0
52,A12201003,0,0,0,0,0,0,14164310,59462850,0,21390490,202211.0
53,A12201005,0,0,0,0,0,0,5465340,17403030,597090,6573630,202211.0
54,A12201004,0,0,0,0,0,0,1609814,7426460,-2580,4270020,202211.0
55,A10025310,0,0,0,0,0,0,10169049,58719710,262120,19181500,202211.0
56,A10025683,0,0,0,0,0,0,8829760,30740000,153360,11438980,202211.0
57,A10027551,,,,,,,,,,,202211.0
58,A10026834,0,0,55330,0,0,0,8573590,44180120,542160,17877920,202211.0
59,A10025018,,,,,,,,,,,202211.0
60,A10024947,0,0,0,0,0,0,11890504,27732180,-176560,12712620,202211.0
61,A10023994,0,0,0,0,0,0,22145230,0,45160,0,202211.0
62,A10024831,0,0,0,0,0,0,127982722,93343440,36115070,58284210,202211.0
63,A10024313,0,0,0,0,0,0,44326270,37975980,13453200,13393260,202211.0
64,A12289501,0,0,0,0,0,0,24627120,0,8169730,0,202211.0
65,A12289401,0,0,0,0,0,0,1107920,5724980,68610,0,202211.0
66,A12208001,0,0,0,0,0,0,1750970,8513110,74510,7311300,202211.0
67,A12208203,0,0,0,0,0,0,1527850,6948010,651170,3373110,202211.0
68,A12208205,0,0,36620,0,0,0,3688938,15612260,6120,9049810,202211.0
69,A12208103,0,0,117510,0,0,0,1633510,13188980,89000,5505970,202211.0
70,A12208204,0,0,0,0,0,0,2038430,18445240,645830,9563920,202211.0
71,A12208002,0,0,0,0,0,0,11037200,0,4664770,0,202211.0
72,A12208102,0,0,0,0,0,0,3381530,10026600,0,5090190,202211.0
73,A12208104,0,0,0,0,0,0,1085390,12008100,33660,0,202211.0
74,A12289402,0,0,0,0,0,0,2311510,7119120,0,3827500,202211.0
75,A12208101,0,0,0,0,0,0,1837458,4867300,0,2549380,202211.0
76,A12208105,0,0,20490,0,0,0,16380010,0,6894360,0,202211.0
77,A10025659,0,0,0,0,0,0,2809390,17653900,301130,6098880,202211.0
78,A12294102,0,0,0,0,0,0,6035543,17430520,0,7652410,202211.0
79,A10024581,,,,,,,,,,,202211.0
80,A10024769,,,,,,,,,,,202211.0
81,A10023875,0,0,0,0,0,0,29390360,80247520,2309150,17858880,202211.0
82,A41279902,2373800,18844320,0,0,75670,6635930,4594850,12680170,0,5991110,202211.0
83,A12220002,5721920,19454750,0,0,0,6924350,4953790,17237330,-225060,7033310,202211.0
84,A41279917,4119490,18991440,0,0,0,7820000,4940715,15220020,-92980,6813670,202211.0
85,A41279927,2573960,16726080,0,0,7300,8781900,7644870,16661730,241790,7390340,202211.0
86,A41279924,5705810,34864500,0,0,0,16943850,11483734,36483780,663410,11137670,202211.0
87,A41279915,27214310,24215440,0,0,14146200,14111400,24514830,19306020,8257340,8211150,202211.0
88,A41279925,2026170,11498080,0,0,0,4668300,1944063,10048690,146610,3816840,202211.0
89,A41279922,1431110,12371580,0,0,0,1721250,1134550,9446610,16360,3294560,202211.0
90,A12220005,18967180,27529040,900,0,-13183100,13142400,2529586,25256140,258390,11000820,202211.0
91,A41279910,8312480,35835800,0,0,0,15397800,8918859,33629350,443010,16934760,202211.0
92,A12220003,23127600,0,0,0,7966800,0,18535895,0,7232460,0,202211.0
93,A41279926,,,,,,,,,,,202211.0
94,A41279913,4188660,17707400,0,0,0,11281300,5411250,18132000,12120,9083010,202211.0
95,A41279905,1576020,11893000,0,0,-31200,5932500,2832796,10538780,22600,5371770,202211.0
96,A41279916,1593576,15389290,0,0,0,8876800,1564410,15642240,150540,6917440,202211.0
97,A41279923,2970280,20937150,0,0,0,8087360,5362579,18082800,50070,6380660,202211.0
98,A41279912,4664720,31778000,0,0,0,15260400,8291290,27332610,0,12000570,202211.0
99,A41279920,20196000,20196000,0,0,14175000,14175000,23381240,24453740,11354070,11354070,202211.0
100,A12220004,2129740,25206720,0,0,0,14383240,3304160,23378660,0,10171360,202211.0
101,A41279908,1568120,13821600,0,0,0,3171100,4482940,10370570,195650,5387580,202211.0
102,A41279931,6225490,25020800,0,0,0,14602500,7692460,24770090,252930,13901870,202211.0
103,A41279918,17116280,27932300,0,0,0,0,8692987,27657070,643720,9139630,202211.0
104,A41279904,1661650,14047020,0,0,0,7819500,1291080,15770140,834090,6639650,202211.0
105,A41279929,34234470,0,0,0,0,0,30181914,0,8653230,0,202211.0
106,A41279914,4146740,23112000,0,0,0,8780350,1988797,21070030,291050,8011450,202211.0
107,A41279906,1341820,12300950,0,0,0,4907000,3091750,10355760,-34630,4945940,202211.0
108,A41279911,6757500,18824300,0,0,0,16918000,3794948,25567770,0,12841800,202211.0
109,A41279909,13395080,0,0,0,0,0,12218880,0,2991000,0,202211.0
110,A41279930,-7339050,7306850,0,0,-9926400,9847200,4902320,13370460,0,6701450,202211.0
111,A41279903,2404030,20480250,770,0,0,7802420,3729918,17274310,348210,6855300,202211.0
112,A41279907,917440,8472000,0,0,0,3260600,2637914,6461540,-208190,3441640,202211.0
113,A12220001,2724628,9151700,0,0,0,4751500,3962185,7655235,343920,3488310,202211.0
114,A41279928,2935460,9573220,0,0,0,12874950,4744742,15722630,0,8184330,202211.0
115,A41279901,3507230,22348800,0,0,0,7749000,6709729,14438850,640110,5978780,202211.0
116,A41279932,12367200,10683680,0,0,-8948000,8836000,8468943,20491590,562450,7473650,202211.0
117,A41279919,,,,,,,,,,,202211.0
118,A41279921,7079460,29445410,7250,0,0,24436000,10123340,38877040,596910,20103250,202211.0
119,A10025677,0,3473500,0,0,0,6367500,1682750,7100490,0,3294290,202211.0
120,A10025765,2310080,8402550,0,0,0,8845100,4484830,18400140,-149760,6165550,202211.0
121,A10026376,3964430,3422400,0,0,0,0,849580,4548180,115200,2173670,202211.0
