,kaptCode,heatC,heatP,gasC,gasP,waterHotC,waterHotP,electC,electP,waterCoolC,waterCoolP,Date
0,A12287204,0,0,0,0,0,0,3437800,39925760,-410,35807380,202210.0
1,A12287203,0,0,0,0,0,0,570314,6337150,0,0,202210.0
2,A12287202,0,0,0,0,0,0,977380,11180510,42150,4739710,202210.0
3,A12209001,0,0,0,0,0,0,1889680,7250970,0,0,202210.0
4,A10024828,0,0,0,0,0,0,64829202,0,20631870,0,202210.0
5,A10024086,0,0,0,0,0,0,9970370,29407700,87310,9441080,202210.0
6,A12283603,0,0,0,0,0,0,600387,13699640,0,0,202210.0
7,A12283602,0,0,0,0,0,0,2617152,9845160,0,5549900,202210.0
8,A12283601,0,0,0,0,0,0,2406610,7522740,0,4324150,202210.0
9,A10027816,0,0,21020,0,0,0,7714950,61959580,525290,19483740,202210.0
10,A10025836,0,0,0,0,0,0,14684253,32596200,666570,14153560,202210.0
11,A10025846,0,0,10100,0,0,0,7646860,61872300,126390,18341950,202210.0
12,A10024774,,,,,,,,,,,202210.0
13,A12284701,0,0,0,0,0,0,2327190,6480320,383110,3354650,202210.0
14,A12285703,86099030,0,0,0,0,12332100,12601331,37172790,2984050,20497250,202210.0
15,A12204002,0,0,0,0,0,0,2001466,10745780,0,9828840,202210.0
16,A12204004,0,0,0,0,0,0,10430082,59821200,960,22941050,202210.0
17,A12204006,0,0,0,0,0,0,9401220,19078710,0,7913070,202210.0
18,A12204001,0,0,0,0,0,0,711480,5754610,0,2860790,202210.0
19,A12204003,0,0,0,0,0,0,7257130,28431200,359340,11425870,202210.0
20,A12204102,108160,0,0,0,0,0,4305270,28853290,0,11578140,202210.0
21,A12275201,0,0,0,0,0,0,10539022,33884040,0,11685630,202210.0
22,A12275202,0,0,0,0,0,0,15432992,46930215,386690,17511610,202210.0
23,A10028056,0,0,0,0,0,0,1233800,3705420,334730,1857940,202210.0
24,A12204005,,,,,,,,,,,202210.0
25,A10026061,,,,,,,,,,,202210.0
26,A10027568,,,,,,,,,,,202210.0
27,A10027569,,,,,,,,,,,202210.0
28,A10024026,0,0,0,0,0,0,3040270,4378920,292790,2589520,202210.0
29,A10024198,,,,,,,,,,,202210.0
30,A12281801,0,0,0,0,0,0,2368360,5642620,0,0,202210.0
31,A12281702,0,0,0,0,0,0,2979125,8517250,249230,5620360,202210.0
32,A12205001,0,0,0,0,0,0,2338360,6333390,182040,3390100,202210.0
33,A12281701,0,0,0,0,0,0,861520,8987640,0,0,202210.0
34,A10024128,,,,,,,,,,,202210.0
35,A12282201,0,0,0,0,0,0,667140,7641440,0,0,202210.0
36,A12282203,0,0,0,0,0,0,2059472,22978240,0,19785270,202210.0
37,A12282102,0,0,0,0,0,0,2320160,8653170,27040,4211820,202210.0
38,A12205004,0,0,0,0,0,0,4119950,11506860,100,6632750,202210.0
39,A12205003,0,0,0,0,0,0,16042922,11212680,6455290,6455290,202210.0
40,A12276901,0,0,0,0,0,0,3354050,0,1537700,0,202210.0
41,A10023734,0,0,0,0,0,0,3029090,4311050,-155700,2662910,202210.0
42,A12284501,0,0,0,0,0,0,4265400,11935570,-659730,6197200,202210.0
43,A10023467,,,,,,,,,,,202210.0
44,A12201101,0,0,9630,0,0,0,750710,0,16560,0,202210.0
45,A12201103,0,0,0,0,0,0,0,14617060,436370,6871380,202210.0
46,A12201001,0,0,0,0,0,0,2234803,8855820,0,4594690,202210.0
47,A12201102,0,0,0,0,0,0,3242990,9945380,190,5109270,202210.0
48,A12201301,0,0,0,0,0,0,1440540,0,149460,0,202210.0
49,A12293002,0,0,0,0,0,0,2317260,9665060,0,0,202210.0
50,A12201002,0,0,0,0,0,0,17387400,34559870,0,17333060,202210.0
51,A12290901,0,0,0,0,0,0,11185765,40953910,0,14633090,202210.0
52,A12201003,0,0,0,0,0,0,15111870,55925130,0,21064910,202210.0
53,A12201005,0,0,0,0,0,0,4675068,17066680,23140,6597250,202210.0
54,A12201004,0,0,0,0,0,0,1433780,7382950,0,4330570,202210.0
55,A10025310,0,0,0,0,0,0,10582727,59205860,133780,18922990,202210.0
56,A10025683,0,0,0,0,0,0,10863580,26543560,176900,11074510,202210.0
57,A10027551,,,,,,,,,,,202210.0
58,A10026834,0,0,26100,0,0,0,8167020,43777290,429900,17388180,202210.0
59,A10025018,,,,,,,,,,,202210.0
60,A10024947,0,0,0,0,0,0,12215084,27488320,146510,11885940,202210.0
61,A10023994,0,0,0,0,0,0,21548910,0,39000,0,202210.0
62,A10024831,0,0,0,0,0,0,124733830,93764130,38012930,39420470,202210.0
63,A10024313,0,0,0,0,0,0,43392960,37792700,13666320,13666320,202210.0
64,A12289501,0,0,0,0,0,0,23141570,0,8052430,0,202210.0
65,A12289401,0,0,0,0,0,0,972000,5810290,70000,0,202210.0
66,A12208001,0,0,0,0,0,0,-63580,9678300,0,0,202210.0
67,A12208203,0,0,0,0,0,0,1833670,6873730,511640,3656760,202210.0
68,A12208205,0,0,15360,0,0,0,3026163,16154220,65612,9829900,202210.0
69,A12208103,0,0,8550,0,0,0,1342970,12853730,89000,5611000,202210.0
70,A12208204,0,0,0,0,0,0,2252570,18360170,452040,9382290,202210.0
71,A12208002,0,0,0,0,0,0,10360850,0,4688700,0,202210.0
72,A12208102,0,0,0,0,0,0,4117740,7326290,0,4937260,202210.0
73,A12208104,0,0,0,0,0,0,925800,11849550,0,0,202210.0
74,A12289402,0,0,0,0,0,0,1647590,6712860,0,3657620,202210.0
75,A12208101,0,0,0,0,0,0,2042344,4149510,0,2691020,202210.0
76,A12208105,0,0,0,0,0,0,16020170,0,7292880,0,202210.0
77,A10025659,0,0,0,0,0,0,2776160,17457200,232360,6326970,202210.0
78,A12294102,0,0,0,0,0,0,4654409,17503850,0,7875310,202210.0
79,A10024581,,,,,,,,,,,202210.0
80,A10024769,,,,,,,,,,,202210.0
81,A10023875,0,0,0,0,0,0,16002780,56925850,2266040,17845540,202210.0
82,A41279902,2220600,10241400,0,0,121730,6079920,4791810,12105590,0,6218490,202210.0
83,A12220002,4018860,10435320,0,0,0,6388200,3686060,16506350,-430630,7027910,202210.0
84,A41279917,3381970,11274180,0,0,0,6279000,4769037,15131590,616790,7134140,202210.0
85,A41279927,2515130,7251000,0,0,3600,8125200,7512840,16249440,121810,7054870,202210.0
86,A41279924,5377400,19066860,0,0,0,14545710,11159800,36462540,819310,11660170,202210.0
87,A41279915,16057410,0,0,0,12193200,0,24324490,0,8914020,0,202210.0
88,A41279925,1780250,5629500,0,0,0,4267400,2318814,9991220,261370,3919860,202210.0
89,A41279922,1321740,6950390,0,0,0,1665770,1296160,9192060,427800,3480050,202210.0
90,A12220005,17406970,13596000,770,0,-11817800,11780800,2748369,24658250,0,11510110,202210.0
91,A41279910,10368880,14680600,0,0,0,13438500,8266642,31888250,495360,17686320,202210.0
92,A12220003,13748450,0,0,0,7419600,0,18563891,0,7056950,0,202210.0
93,A41279926,,,,,,,,,,,202210.0
94,A41279913,4612250,8001500,0,0,0,9530200,4313763,17592600,486190,9155930,202210.0
95,A41279905,1495270,4826580,0,0,0,6068400,2291526,9901950,-192130,5516020,202210.0
96,A41279916,845236,7604330,0,0,0,7980900,1463590,15863590,72940,7200440,202210.0
97,A41279923,2894900,12455310,0,0,0,5750080,4919395,17886910,56780,7248070,202210.0
98,A41279912,4321630,16166400,0,0,0,13718350,8120810,25580440,886870,12954030,202210.0
99,A41279920,9313200,9313200,0,0,11197940,11197940,23154260,24218580,12037270,12037270,202210.0
100,A12220004,2129740,13978800,0,0,0,11715840,2126210,21816230,0,10712570,202210.0
101,A41279908,1597380,6473280,0,0,0,2660500,3219663,10495940,392190,5561540,202210.0
102,A41279931,5394570,11367900,0,0,0,13477200,7514250,24682840,17020,14505630,202210.0
103,A41279918,15627990,14798010,0,0,0,0,8678966,26432340,565250,9517270,202210.0
104,A41279904,1472420,6049500,0,0,0,7216890,1277400,15047030,211090,6944560,202210.0
105,A41279929,13580670,8293600,0,0,-7978750,7962500,3652519,21382940,952910,8978880,202210.0
106,A41279914,3353700,12512500,0,0,0,7871500,1895747,21055240,67390,8511320,202210.0
107,A41279906,1325440,6077470,0,0,0,4473000,1841602,9708550,-177280,4988400,202210.0
108,A41279911,-5324400,18824300,0,0,-2600000,16918000,1656634,25567770,-238400,12841800,202210.0
109,A41279909,8985570,0,3920,0,0,0,11671770,0,3445700,0,202210.0
110,A41279930,-2523720,2523720,0,0,-8636000,8588000,4341220,12691710,0,6821760,202210.0
111,A41279903,2018540,10721880,0,0,0,7472330,3690352,17190470,68390,6979010,202210.0
112,A41279907,899870,3951600,0,0,0,3015800,2112808,6072190,202200,3441170,202210.0
113,A12220001,2160710,5287700,0,0,0,3996000,3694500,7515750,107160,3641070,202210.0
114,A41279928,2724640,4156250,0,0,0,9635430,4382831,14528820,0,9516560,202210.0
115,A41279901,3035130,12333500,0,0,0,6832000,5618848,14136100,194570,6384810,202210.0
116,A41279932,12630500,2770610,0,0,-9595200,9532800,6569173,20917210,210050,7776780,202210.0
117,A41279919,,,,,,,,,,,202210.0
118,A41279921,6273070,13284120,7750,0,0,20736000,8829450,37649700,344160,21432650,202210.0
119,A10025677,0,735280,0,0,0,6057000,1448190,7691100,0,3571680,202210.0
120,A10025765,2253050,3492870,0,0,0,7291900,5225810,18748690,-145670,6184030,202210.0
121,A10026376,3348870,1371490,0,0,0,0,1453580,4412680,272020,2023790,202210.0
