,kaptCode,heatC,heatP,gasC,gasP,waterHotC,waterHotP,electC,electP,waterCoolC,waterCoolP,Date
0,A12287204,0,0,0,0,0,0,3141840,39138680,0,0,202203.0
1,A12287203,0,0,0,0,0,0,2142202,4731410,0,5917190,202203.0
2,A12287202,0,0,0,0,0,0,637350,10831280,59300,4460620,202203.0
3,A12209001,0,0,0,0,0,0,1979210,6807750,31510,6624010,202203.0
4,A10024828,0,0,0,0,0,0,60111526,0,17336730,0,202203.0
5,A10024086,0,0,0,0,0,0,10404600,23953050,0,8867180,202203.0
6,A12283603,0,0,0,0,0,0,527399,14041230,0,0,202203.0
7,A12283602,0,0,0,0,0,0,2766876,9178730,0,5217660,202203.0
8,A12283601,0,0,0,0,0,0,2427140,7008420,0,4328290,202203.0
9,A10027816,0,0,213840,0,0,0,12408130,60090840,1176800,18446650,202203.0
10,A10025836,0,0,0,0,0,0,11969639,30219620,2437790,11310050,202203.0
11,A10025846,0,0,0,0,0,0,6863740,61932150,157780,17478940,202203.0
12,A10024774,,,,,,,,,,,202203.0
13,A12284701,0,0,0,0,0,0,1920990,6560130,124970,3478310,202203.0
14,A12285703,95501800,0,0,0,0,23271600,9203463,33684340,3341360,21003490,202203.0
15,A12204002,0,0,0,0,0,0,2637124,10525940,0,0,202203.0
16,A12204004,0,0,0,0,0,0,15727160,61281960,34420,23331830,202203.0
17,A12204006,0,0,0,0,0,0,11570980,18468530,0,7781470,202203.0
18,A12204001,0,0,0,0,0,0,687670,4912490,0,2386810,202203.0
19,A12204003,0,0,0,0,0,0,10413240,27721570,255620,10866030,202203.0
20,A12204102,307830,0,0,0,0,0,4824650,26959640,0,11368020,202203.0
21,A12275201,0,0,0,0,0,0,8782960,33580950,0,12276000,202203.0
22,A12275202,0,0,0,0,0,0,14335351,44501210,593450,15922000,202203.0
23,A10028056,0,0,0,0,0,0,1024270,3394630,206740,2068030,202203.0
24,A12204005,,,,,,,,,,,202203.0
25,A10026061,,,,,,,,,,,202203.0
26,A10027568,,,,,,,,,,,202203.0
27,A10027569,,,,,,,,,,,202203.0
28,A10024026,0,0,0,0,0,0,3307210,2480620,0,0,202203.0
29,A10024198,,,,,,,,,,,202203.0
30,A12281801,0,0,0,0,0,0,2791120,4973340,540890,0,202203.0
31,A12281702,0,0,0,0,0,0,3234291,7757110,356120,5741020,202203.0
32,A12205001,0,0,98270,0,0,0,2653220,5853250,-93380,3525480,202203.0
33,A12281701,0,0,0,0,0,0,1070180,8100870,497150,7747810,202203.0
34,A10024128,,,,,,,,,,,202203.0
35,A12282201,0,0,0,0,0,0,1109040,6969680,0,0,202203.0
36,A12282203,0,0,0,0,0,0,-160492,23772430,0,0,202203.0
37,A12282102,0,0,0,0,0,0,2252900,8318380,86680,3726140,202203.0
38,A12205004,0,0,0,0,0,0,3949830,10093150,310,6458220,202203.0
39,A12205003,0,0,0,0,0,0,15881788,11933310,5758610,5758610,202203.0
40,A12276901,0,0,0,0,0,0,2455900,0,1096110,0,202203.0
41,A10023734,,,,,,,,,,,202203.0
42,A12284501,0,0,508460,0,0,0,4345050,10863440,380110,6484400,202203.0
43,A10023467,,,,,,,,,,,202203.0
44,A12201101,0,0,90480,0,0,0,757790,0,0,0,202203.0
45,A12201103,0,0,0,0,0,0,0,13912110,34180,7985690,202203.0
46,A12201001,0,0,0,0,0,0,2967155,8298400,0,4326790,202203.0
47,A12201102,0,0,0,0,0,0,3087140,9432690,220,5067670,202203.0
48,A12201301,0,0,0,0,0,0,1481470,0,284800,0,202203.0
49,A12293002,0,0,0,0,0,0,2196700,8806610,0,0,202203.0
50,A12201002,0,0,0,0,0,0,20796764,32669360,0,16639830,202203.0
51,A12290901,0,0,0,0,0,0,12157080,41366840,0,14505190,202203.0
52,A12201003,0,0,0,0,0,0,15196459,54970620,180,19917650,202203.0
53,A12201005,0,0,0,0,0,0,6146657,15962140,303270,6285760,202203.0
54,A12201004,0,0,0,0,0,0,3707166,6196270,0,4411960,202203.0
55,A10025310,0,0,0,0,0,0,7808270,57215340,467510,17754980,202203.0
56,A10025683,0,0,0,0,0,0,11043030,23670080,197380,10935360,202203.0
57,A10027551,,,,,,,,,,,202203.0
58,A10026834,0,0,160170,0,0,0,6176950,38718560,269340,16770110,202203.0
59,A10025018,,,,,,,,,,,202203.0
60,A10024947,0,0,0,0,0,0,13548645,24118140,70970,11507840,202203.0
61,A10023994,0,0,0,0,0,0,20698400,0,137770,5166710,202203.0
62,A10024831,0,0,0,0,0,0,23601080,89800700,-4197480,39641560,202203.0
63,A10024313,0,0,0,0,0,0,41599450,37394070,15050840,14989320,202203.0
64,A12289501,0,0,0,0,0,0,21079010,0,7654080,0,202203.0
65,A12289401,0,0,0,0,0,0,1745120,5106730,395480,0,202203.0
66,A12208001,0,0,0,0,0,0,1021050,7809280,176110,7097980,202203.0
67,A12208203,0,0,0,0,0,0,1934560,6589900,655680,3537720,202203.0
68,A12208205,0,0,87270,0,0,0,3827670,15297510,993500,10021290,202203.0
69,A12208103,0,0,356510,0,0,0,930740,12311100,89000,5241020,202203.0
70,A12208204,0,0,0,0,0,0,1490430,18099614,639280,9942830,202203.0
71,A12208002,0,0,0,0,0,0,9514070,0,4321950,0,202203.0
72,A12208102,0,0,0,0,0,0,2750630,8801960,0,4615170,202203.0
73,A12208104,0,0,0,0,0,0,485650,11955970,26310,0,202203.0
74,A12289402,0,0,0,0,0,0,1937592,6577820,0,3200400,202203.0
75,A12208101,0,0,0,0,0,0,1302854,4932180,0,2635250,202203.0
76,A12208105,0,0,74190,0,0,0,15648780,0,7217360,0,202203.0
77,A10025659,0,0,107920,0,0,0,2261410,17764320,104000,6769630,202203.0
78,A12294102,0,0,0,0,0,0,4257787,17582450,0,7308430,202203.0
79,A10024581,,,,,,,,,,,202203.0
80,A10024769,,,,,,,,,,,202203.0
81,A10023875,,,,,,,,,,,202203.0
82,A41279902,1982500,16411730,0,0,96000,9719040,4693431,11505660,0,7298790,202203.0
83,A12220002,5284330,17626490,0,0,0,9057580,4730320,15712000,80090,7195250,202203.0
84,A41279917,4178050,20156280,0,0,0,8002500,3927309,14339770,-481750,7337160,202203.0
85,A41279927,2614710,17588100,0,0,16020,7542750,7802190,14479300,138620,6763230,202203.0
86,A41279924,4976430,35669760,0,0,0,15429120,9663741,35634450,601330,11759690,202203.0
87,A41279915,15181580,26392080,0,0,-12352500,12348450,4116590,18542540,12020,8739120,202203.0
88,A41279925,1622970,11447180,0,0,0,5101200,2516769,9430480,291060,4021730,202203.0
89,A41279922,1737510,12909640,0,0,0,1708720,1638020,9030960,292580,3193210,202203.0
90,A12220005,5598270,25715740,0,0,0,15910000,828196,24612810,-264640,12084650,202203.0
91,A41279910,6830480,40176000,0,0,0,17150150,9786879,27948830,483840,18130810,202203.0
92,A12220003,22244100,0,0,0,7823200,0,17386938,0,7135980,0,202203.0
93,A41279926,,,,,,,,,,,202203.0
94,A41279913,2515180,21197400,0,0,0,11859200,7285360,15591170,84550,8754280,202203.0
95,A41279905,1797820,13214900,0,0,0,5459400,3421573,9907000,-291010,5651030,202203.0
96,A41279916,2523930,15884150,0,0,0,11312600,1670310,16046660,165970,7810600,202203.0
97,A41279923,2882570,23305980,0,0,0,6895840,5161043,17286730,60250,7462250,202203.0
98,A41279912,4484920,36566250,0,0,0,16301250,8050770,22881900,0,12808650,202203.0
99,A41279920,19897000,19897000,0,0,17463600,17463600,22608770,23688770,12399610,12399610,202203.0
100,A12220004,29252300,29104900,0,0,10059390,10059390,20545800,19466230,10328380,10327220,202203.0
101,A41279908,1553410,13999200,0,0,0,2555280,1219260,11631330,411270,5518020,202203.0
102,A41279931,4722950,27205100,0,0,-46800,14955200,6594420,24626890,0,15683640,202203.0
103,A41279918,18158600,29560800,0,0,0,0,6687604,25594570,668290,10097640,202203.0
104,A41279904,1427210,12393920,0,0,0,9241200,1243036,15056690,88220,7578180,202203.0
105,A41279929,12909680,23026180,0,0,-8658300,8645900,4456113,21015500,584340,8620180,202203.0
106,A41279914,3429010,23236900,0,0,0,10003200,1374916,18739510,57620,8398950,202203.0
107,A41279906,1363900,13481790,0,0,0,3965200,2959267,9634060,-140240,5098790,202203.0
108,A41279911,4721660,20763840,0,0,0,16962000,5641987,21448640,0,12285950,202203.0
109,A41279909,14161500,0,0,0,0,0,11651270,0,3335250,0,202203.0
110,A41279930,-9945600,9658600,0,0,-9414000,9338400,5630280,12110790,0,6869450,202203.0
111,A41279903,2148670,16726590,660,0,0,12524270,3096752,16730990,215480,7187300,202203.0
112,A41279907,1015040,10405540,0,0,0,2895900,2462266,5342070,-148490,3451900,202203.0
113,A12220001,2450740,8392230,0,0,0,5957300,3400550,6920330,-98340,4011970,202203.0
114,A41279928,2963930,11511500,0,0,0,12442500,4646314,13979840,0,8425670,202203.0
115,A41279901,3621740,20571250,0,0,0,8856000,6218108,12458800,40,6721050,202203.0
116,A41279932,15129530,9794400,0,0,-11903220,11844000,5266065,20039950,281360,7578840,202203.0
117,A41279919,,,,,,,,,,,202203.0
118,A41279921,37373240,0,5980,0,27732400,0,43739050,0,23028440,0,202203.0
119,A10025677,0,3433030,0,0,0,6367880,1973120,5329290,0,3393700,202203.0
120,A10025765,2501940,9947140,0,0,0,9663400,6083620,15516170,-363700,6213310,202203.0
121,A10026376,4564500,2325080,0,0,0,0,523880,3564260,75020,1984950,202203.0
