,kaptCode,heatC,heatP,gasC,gasP,waterHotC,waterHotP,electC,electP,waterCoolC,waterCoolP,Date
0,A12287204,0.0,0.0,0.0,0.0,0.0,0.0,3539960.0,51422440.0,0.0,0.0,202207.0
1,A12287203,0.0,0.0,0.0,0.0,0.0,0.0,1461729.0,6878850.0,0.0,7031210.0,202207.0
2,A12287202,0.0,0.0,0.0,0.0,0.0,0.0,1702890.0,13532550.0,34270.0,4747590.0,202207.0
3,A12209001,0.0,0.0,0.0,0.0,0.0,0.0,2413990.0,11203460.0,45240.0,6895370.0,202207.0
4,A10024828,0.0,0.0,0.0,0.0,0.0,0.0,109203014.0,0.0,21130540.0,0.0,202207.0
5,A10024086,0.0,0.0,0.0,0.0,0.0,0.0,13010970.0,44385571.0,0.0,9160440.0,202207.0
6,A12283603,0.0,0.0,0.0,0.0,0.0,0.0,-174235.0,18627600.0,0.0,0.0,202207.0
7,A12283602,0.0,0.0,0.0,0.0,0.0,0.0,1869195.0,12799360.0,0.0,5967260.0,202207.0
8,A12283601,0.0,0.0,0.0,0.0,0.0,0.0,4210770.0,8626370.0,0.0,4557280.0,202207.0
9,A10027816,0.0,0.0,7780.0,0.0,0.0,0.0,9376200.0,94391780.0,1648410.0,21140740.0,202207.0
10,A10025836,0.0,0.0,0.0,0.0,0.0,0.0,12108822.0,0.0,2232770.0,0.0,202207.0
11,A10025846,0.0,0.0,0.0,0.0,0.0,0.0,16865740.0,97268540.0,64490.0,19062970.0,202207.0
12,A10024774,,,,,,,,,,,202207.0
13,A12284701,0.0,0.0,0.0,0.0,0.0,0.0,1882940.0,9636020.0,347480.0,3660220.0,202207.0
14,A12285703,7833080.0,0.0,0.0,0.0,0.0,9791100.0,16414980.0,49168770.0,2343980.0,22093230.0,202207.0
15,A12204002,0.0,0.0,0.0,0.0,0.0,0.0,2673462.0,13502035.0,0.0,0.0,202207.0
16,A12204004,0.0,0.0,0.0,0.0,0.0,0.0,12161840.0,90374480.0,-2090.0,23831620.0,202207.0
17,A12204006,0.0,0.0,0.0,0.0,0.0,0.0,12229690.0,29007800.0,0.0,8540310.0,202207.0
18,A12204001,0.0,0.0,0.0,0.0,0.0,0.0,519240.0,7772360.0,0.0,2532710.0,202207.0
19,A12204003,0.0,0.0,0.0,0.0,0.0,0.0,10435520.0,0.0,369910.0,0.0,202207.0
20,A12204102,53970.0,0.0,0.0,0.0,0.0,0.0,2592200.0,34749190.0,0.0,12631230.0,202207.0
21,A12275201,0.0,0.0,0.0,0.0,0.0,0.0,14596857.0,49625440.0,0.0,12255960.0,202207.0
22,A12275202,0.0,0.0,0.0,0.0,0.0,0.0,21115490.0,75351890.0,917860.0,16806000.0,202207.0
23,A10028056,0.0,0.0,0.0,0.0,0.0,0.0,149640.0,5237090.0,67980.0,2009160.0,202207.0
24,A12204005,,,,,,,,,,,202207.0
25,A10026061,,,,,,,,,,,202207.0
26,A10027568,,,,,,,,,,,202207.0
27,A10027569,,,,,,,,,,,202207.0
28,A10024026,0.0,0.0,0.0,0.0,0.0,0.0,5660900.0,4269370.0,0.0,0.0,202207.0
29,A10024198,,,,,,,,,,,202207.0
30,A12281801,0.0,0.0,0.0,0.0,0.0,0.0,9587528.0,0.0,403200.0,0.0,202207.0
31,A12281702,0.0,0.0,0.0,0.0,0.0,0.0,2829459.0,11855370.0,655580.0,5943460.0,202207.0
32,A12205001,0.0,0.0,0.0,0.0,0.0,0.0,1993650.0,8942240.0,101530.0,3848190.0,202207.0
33,A12281701,0.0,0.0,0.0,0.0,0.0,0.0,608260.0,11831900.0,259010.0,8321960.0,202207.0
34,A10024128,,,,,,,,,,,202207.0
35,A12282201,0.0,0.0,0.0,0.0,0.0,0.0,1401920.0,9730530.0,0.0,0.0,202207.0
36,A12282203,0.0,0.0,0.0,0.0,0.0,0.0,3532782.0,32535080.0,0.0,0.0,202207.0
37,A12282102,0.0,0.0,0.0,0.0,0.0,0.0,2858014.0,11909786.0,402170.0,3794750.0,202207.0
38,A12205004,0.0,0.0,0.0,0.0,0.0,0.0,2984260.0,15145020.0,110.0,7257310.0,202207.0
39,A12205003,0.0,0.0,0.0,0.0,0.0,0.0,4333030.0,13811260.0,0.0,7426740.0,202207.0
40,A12276901,0.0,0.0,0.0,0.0,0.0,0.0,3838740.0,0.0,1502220.0,0.0,202207.0
41,A10023734,0.0,0.0,0.0,0.0,0.0,0.0,2772090.0,4607900.0,200230.0,2082750.0,202207.0
42,A12284501,0.0,0.0,0.0,0.0,0.0,0.0,4120250.0,16121670.0,-121070.0,6444980.0,202207.0
43,A10023467,,,,,,,,,,,202207.0
44,A12201101,0.0,0.0,3290.0,0.0,0.0,0.0,916050.0,0.0,0.0,0.0,202207.0
45,A12201103,0.0,0.0,0.0,0.0,0.0,0.0,0.0,18185230.0,186680.0,8028470.0,202207.0
46,A12201001,0.0,0.0,0.0,0.0,0.0,0.0,3382205.0,10912760.0,0.0,4744150.0,202207.0
47,A12201102,0.0,0.0,0.0,0.0,0.0,0.0,2540160.0,14227360.0,440.0,5516820.0,202207.0
48,A12201301,0.0,0.0,0.0,0.0,0.0,0.0,1394840.0,0.0,168000.0,0.0,202207.0
49,A12293002,0.0,0.0,0.0,0.0,0.0,0.0,2576600.0,13725780.0,0.0,0.0,202207.0
50,A12201002,0.0,0.0,0.0,0.0,0.0,0.0,23363738.0,45124330.0,727200.0,18031650.0,202207.0
51,A12290901,0.0,0.0,0.0,0.0,0.0,0.0,9611852.0,66072400.0,0.0,15985300.0,202207.0
52,A12201003,0.0,0.0,0.0,0.0,0.0,0.0,14481350.0,85947830.0,40.0,22670970.0,202207.0
53,A12201005,0.0,0.0,0.0,0.0,0.0,0.0,6739230.0,21766520.0,0.0,7020650.0,202207.0
54,A12201004,0.0,0.0,0.0,0.0,0.0,0.0,1682544.0,8510640.0,0.0,4531090.0,202207.0
55,A10025310,0.0,0.0,0.0,0.0,0.0,0.0,13277505.0,96278420.0,164280.0,19947980.0,202207.0
56,A10025683,0.0,0.0,0.0,0.0,0.0,0.0,14677802.0,38433908.0,152930.0,11384870.0,202207.0
57,A10027551,,,,,,,,,,,202207.0
58,A10026834,0.0,0.0,7650.0,0.0,0.0,0.0,12578920.0,55735620.0,628490.0,18090410.0,202207.0
59,A10025018,,,,,,,,,,,202207.0
60,A10024947,0.0,0.0,0.0,0.0,0.0,0.0,14425828.0,35868570.0,-157230.0,12648610.0,202207.0
61,A10023994,0.0,0.0,0.0,0.0,0.0,0.0,43146850.0,0.0,12760.0,5362460.0,202207.0
62,A10024831,0.0,0.0,0.0,0.0,0.0,0.0,56772036.0,133649160.0,397340.0,39834160.0,202207.0
63,A10024313,0.0,0.0,0.0,0.0,0.0,0.0,71912910.0,61623830.0,15838320.0,14771530.0,202207.0
64,A12289501,0.0,0.0,0.0,0.0,0.0,0.0,29248380.0,0.0,8582830.0,0.0,202207.0
65,A12289401,0.0,0.0,0.0,0.0,0.0,0.0,8790460.0,8539920.0,349170.0,0.0,202207.0
66,A12208001,0.0,0.0,0.0,0.0,0.0,0.0,1266350.0,11100820.0,364590.0,7244610.0,202207.0
67,A12208203,0.0,0.0,0.0,0.0,0.0,0.0,932730.0,10287360.0,529160.0,3864150.0,202207.0
68,A12208205,0.0,0.0,8150.0,0.0,0.0,0.0,3823338.0,20396380.0,771310.0,9560230.0,202207.0
69,A12208103,0.0,0.0,8300.0,0.0,0.0,0.0,-878740.0,18025040.0,89000.0,6142040.0,202207.0
70,A12208204,0.0,0.0,0.0,0.0,0.0,0.0,2195500.0,24099680.0,178980.0,10266560.0,202207.0
71,A12208002,0.0,0.0,0.0,0.0,0.0,0.0,13002021.0,0.0,4688700.0,0.0,202207.0
72,A12208102,0.0,0.0,0.0,0.0,0.0,0.0,5899510.0,10729540.0,0.0,5131500.0,202207.0
73,A12208104,0.0,0.0,0.0,0.0,0.0,0.0,-1834260.0,17861240.0,43110.0,0.0,202207.0
74,A12289402,0.0,0.0,0.0,0.0,0.0,0.0,2190929.0,9130260.0,0.0,3582120.0,202207.0
75,A12208101,0.0,0.0,0.0,0.0,0.0,0.0,1106390.0,5238430.0,0.0,2722500.0,202207.0
76,A12208105,0.0,0.0,47460.0,0.0,0.0,0.0,22279220.0,0.0,7741720.0,0.0,202207.0
77,A10025659,0.0,0.0,0.0,0.0,0.0,0.0,1893500.0,30941870.0,172040.0,6676460.0,202207.0
78,A12294102,0.0,0.0,0.0,0.0,0.0,0.0,6183470.0,23499890.0,0.0,8460090.0,202207.0
79,A10024581,,,,,,,,,,,202207.0
80,A10024769,,,,,,,,,,,202207.0
81,A10023875,0.0,0.0,0.0,0.0,0.0,0.0,26816050.0,79373370.0,2100020.0,16191540.0,202207.0
82,A41279902,1939200.0,0.0,0.0,0.0,103950.0,4536000.0,5683540.0,19691900.0,0.0,6770430.0,202207.0
83,A12220002,2506900.0,2000.0,0.0,0.0,0.0,4132530.0,5644450.0,19939290.0,-176530.0,7376780.0,202207.0
84,A41279917,2454530.0,0.0,0.0,0.0,0.0,4895660.0,7113850.0,22281420.0,324060.0,7532430.0,202207.0
85,A41279927,2482600.0,0.0,0.0,0.0,11750.0,4173600.0,8025540.0,20791520.0,165470.0,7431620.0,202207.0
86,A41279924,4633070.0,131920.0,0.0,0.0,0.0,9783840.0,6405242.0,54190882.0,1141450.0,12414680.0,202207.0
87,A41279915,9746090.0,37100.0,0.0,0.0,-6841400.0,6825600.0,6358210.0,28084630.0,49000.0,9193610.0,202207.0
88,A41279925,1355790.0,0.0,0.0,0.0,0.0,3081600.0,1452320.0,16931120.0,120650.0,4298120.0,202207.0
89,A41279922,1332300.0,0.0,0.0,0.0,0.0,1814400.0,703660.0,15323930.0,264220.0,3735470.0,202207.0
90,A12220005,2934740.0,0.0,0.0,0.0,0.0,7737000.0,472840.0,35795130.0,0.0,12635390.0,202207.0
91,A41279910,6039030.0,268000.0,0.0,0.0,0.0,9305250.0,7388365.0,40600490.0,175050.0,18291700.0,202207.0
92,A12220003,2258150.0,0.0,0.0,0.0,5720400.0,0.0,26901994.0,0.0,7497710.0,0.0,202207.0
93,A41279926,,,,,,,,,,,202207.0
94,A41279913,2486860.0,0.0,0.0,0.0,0.0,5384800.0,3535205.0,21849800.0,83500.0,9614070.0,202207.0
95,A41279905,1530050.0,8050.0,0.0,0.0,0.0,3465500.0,3220445.0,12048880.0,77810.0,5418930.0,202207.0
96,A41279916,0.0,0.0,0.0,0.0,0.0,5220990.0,1321625.0,24691000.0,0.0,7662070.0,202207.0
97,A41279923,2897640.0,56560.0,0.0,0.0,0.0,4028750.0,2682331.0,31118710.0,57290.0,7863570.0,202207.0
98,A41279912,4399970.0,0.0,0.0,0.0,0.0,10474800.0,8992390.0,32833450.0,1200480.0,13283150.0,202207.0
99,A41279920,0.0,0.0,0.0,0.0,6903600.0,6903600.0,38705390.0,39780370.0,12967860.0,12967860.0,202207.0
100,A12220004,2129740.0,56100.0,0.0,0.0,0.0,6665290.0,1792220.0,24983520.0,0.0,8136390.0,202207.0
101,A41279908,1535320.0,0.0,0.0,0.0,0.0,870480.0,4474890.0,12764690.0,241630.0,5534710.0,202207.0
102,A41279931,4013870.0,22500.0,0.0,0.0,0.0,9147000.0,7433910.0,42138590.0,0.0,15584310.0,202207.0
103,A41279918,11520310.0,469700.0,0.0,0.0,0.0,0.0,10053910.0,42653900.0,479090.0,10207600.0,202207.0
104,A41279904,1310890.0,0.0,0.0,0.0,0.0,2489200.0,1269450.0,23106570.0,0.0,7841450.0,202207.0
105,A41279929,7896470.0,0.0,0.0,0.0,-5304390.0,5298930.0,2573593.0,38282460.0,186750.0,9759740.0,202207.0
106,A41279914,2804760.0,0.0,0.0,0.0,0.0,5666850.0,1991080.0,38601570.0,200400.0,8957850.0,202207.0
107,A41279906,1149620.0,1900.0,0.0,0.0,0.0,3445200.0,2945341.0,11815591.0,-137850.0,5323420.0,202207.0
108,A41279911,2800620.0,41300.0,0.0,0.0,0.0,7539840.0,969056.0,31492430.0,0.0,10950160.0,202207.0
109,A41279909,3518720.0,0.0,720.0,0.0,0.0,0.0,20027960.0,0.0,3482160.0,0.0,202207.0
110,A41279930,-13520.0,13520.0,0.0,0.0,-4053750.0,4037300.0,6617700.0,20694720.0,0.0,7192240.0,202207.0
111,A41279903,1914060.0,26600.0,720.0,0.0,0.0,4629560.0,4094689.0,26452920.0,291590.0,7150340.0,202207.0
112,A41279907,785450.0,17100.0,0.0,0.0,0.0,2132040.0,1719608.0,7415090.0,3840.0,3624980.0,202207.0
113,A12220001,1387780.0,800.0,0.0,0.0,0.0,2346000.0,4407530.0,11524280.0,47000.0,3994100.0,202207.0
114,A41279928,2335070.0,0.0,0.0,0.0,0.0,4669390.0,3613400.0,18746670.0,0.0,8368250.0,202207.0
115,A41279901,2539620.0,102000.0,0.0,0.0,0.0,4398750.0,6409921.0,16964150.0,0.0,7047940.0,202207.0
116,A41279932,7415400.0,0.0,0.0,0.0,-5140800.0,5103000.0,9261831.0,28943145.0,67720.0,8180140.0,202207.0
117,A41279919,,,,,,,,,,,202207.0
118,A41279921,5880660.0,27000.0,4330.0,0.0,0.0,9801000.0,11744760.0,59664810.0,484940.0,23054490.0,202207.0
119,A10025677,40.0,5040.0,0.0,0.0,0.0,2272200.0,2267830.0,9465820.0,0.0,3558000.0,202207.0
120,A10025765,2163490.0,0.0,0.0,0.0,0.0,3660300.0,7340380.0,23668410.0,-159020.0,6424720.0,202207.0
121,A10026376,1878800.0,0.0,0.0,0.0,0.0,0.0,2521440.0,5441450.0,254650.0,2061300.0,202207.0
