,kaptCode,heatC,heatP,gasC,gasP,waterHotC,waterHotP,electC,electP,waterCoolC,waterCoolP,Date
0,A12287204,0.0,0.0,0.0,0.0,0.0,0.0,3671450.0,37307440.0,4830.0,35433120.0,202206.0
1,A12287203,0.0,0.0,0.0,0.0,0.0,0.0,998529.0,5331070.0,0.0,0.0,202206.0
2,A12287202,0.0,0.0,0.0,0.0,0.0,0.0,11554830.0,10283080.0,5193120.0,5148960.0,202206.0
3,A12209001,0.0,0.0,0.0,0.0,0.0,0.0,2879170.0,7097850.0,0.0,0.0,202206.0
4,A10024828,0.0,0.0,0.0,0.0,0.0,0.0,74872279.0,0.0,19299030.0,0.0,202206.0
5,A10024086,0.0,0.0,0.0,0.0,0.0,0.0,8427950.0,26434020.0,0.0,8598450.0,202206.0
6,A12283603,0.0,0.0,0.0,0.0,0.0,0.0,752638.0,13262380.0,0.0,0.0,202206.0
7,A12283602,0.0,0.0,0.0,0.0,0.0,0.0,2418756.0,9070650.0,0.0,5860070.0,202206.0
8,A12283601,0.0,0.0,0.0,0.0,0.0,0.0,2392590.0,7103930.0,0.0,4529300.0,202206.0
9,A10027816,0.0,0.0,6800.0,0.0,0.0,0.0,7535000.0,59196870.0,1209300.0,20397150.0,202206.0
10,A10025836,0.0,0.0,0.0,0.0,0.0,0.0,8718850.0,32193890.0,1399480.0,13451950.0,202206.0
11,A10025846,0.0,0.0,0.0,0.0,0.0,0.0,5421910.0,65059930.0,85560.0,19326500.0,202206.0
12,A10024774,,,,,,,,,,,202206.0
13,A12284701,0.0,0.0,0.0,0.0,0.0,0.0,1716380.0,7638440.0,830090.0,2907670.0,202206.0
14,A12285703,9632243.0,0.0,0.0,0.0,0.0,13464000.0,7605934.0,40636650.0,479030.0,22917990.0,202206.0
15,A12204002,0.0,0.0,0.0,0.0,0.0,0.0,2173523.0,10206320.0,0.0,10208690.0,202206.0
16,A12204004,0.0,0.0,0.0,0.0,0.0,0.0,13381610.0,65496470.0,195690.0,22634810.0,202206.0
17,A12204006,0.0,0.0,0.0,0.0,0.0,0.0,7547470.0,18633300.0,0.0,8727060.0,202206.0
18,A12204001,0.0,0.0,0.0,0.0,0.0,0.0,719930.0,4898120.0,0.0,2692360.0,202206.0
19,A12204003,0.0,0.0,0.0,0.0,0.0,0.0,7580140.0,26422760.0,407360.0,11998460.0,202206.0
20,A12204102,84880.0,0.0,0.0,0.0,0.0,0.0,5083570.0,26451210.0,0.0,12525850.0,202206.0
21,A12275201,0.0,0.0,0.0,0.0,0.0,0.0,12489602.0,33842190.0,0.0,12417940.0,202206.0
22,A12275202,0.0,0.0,0.0,0.0,0.0,0.0,18509717.0,48214060.0,608000.0,17300800.0,202206.0
23,A10028056,0.0,0.0,0.0,0.0,0.0,0.0,725230.0,3582890.0,115320.0,2123630.0,202206.0
24,A12204005,,,,,,,,,,,202206.0
25,A10026061,,,,,,,,,,,202206.0
26,A10027568,,,,,,,,,,,202206.0
27,A10027569,,,,,,,,,,,202206.0
28,A10024026,0.0,0.0,0.0,0.0,0.0,0.0,3732670.0,3593870.0,376550.0,2911120.0,202206.0
29,A10024198,,,,,,,,,,,202206.0
30,A12281801,0.0,0.0,0.0,0.0,0.0,0.0,2106035.0,5152950.0,0.0,0.0,202206.0
31,A12281702,0.0,0.0,0.0,0.0,0.0,0.0,3145503.0,8297700.0,625340.0,5652740.0,202206.0
32,A12205001,0.0,0.0,0.0,0.0,0.0,0.0,1957150.0,6420230.0,-4490.0,3681510.0,202206.0
33,A12281701,0.0,0.0,0.0,0.0,0.0,0.0,855460.0,8382500.0,0.0,0.0,202206.0
34,A10024128,,,,,,,,,,,202206.0
35,A12282201,0.0,0.0,0.0,0.0,0.0,0.0,762080.0,7452850.0,0.0,0.0,202206.0
36,A12282203,0.0,0.0,0.0,0.0,0.0,0.0,1628150.0,21506100.0,0.0,18904700.0,202206.0
37,A12282102,0.0,0.0,0.0,0.0,0.0,0.0,2594900.0,8246200.0,485640.0,3652140.0,202206.0
38,A12205004,0.0,0.0,0.0,0.0,0.0,0.0,3678820.0,11016470.0,-650.0,7191790.0,202206.0
39,A12205003,0.0,0.0,0.0,0.0,0.0,0.0,3178445.0,11768440.0,0.0,7020880.0,202206.0
40,A12276901,0.0,0.0,0.0,0.0,0.0,0.0,2599200.0,0.0,1352280.0,0.0,202206.0
41,A10023734,0.0,0.0,0.0,0.0,0.0,0.0,1032121.0,1653280.0,416460.0,0.0,202206.0
42,A12284501,0.0,0.0,0.0,0.0,0.0,0.0,2444840.0,11356790.0,-729940.0,6645900.0,202206.0
43,A10023467,,,,,,,,,,,202206.0
44,A12201101,0.0,0.0,13800.0,0.0,0.0,0.0,772670.0,0.0,19710.0,0.0,202206.0
45,A12201103,0.0,0.0,0.0,0.0,0.0,0.0,0.0,14362350.0,209910.0,7864440.0,202206.0
46,A12201001,0.0,0.0,0.0,0.0,0.0,0.0,2449921.0,8270130.0,0.0,4231810.0,202206.0
47,A12201102,0.0,0.0,0.0,0.0,0.0,0.0,3007890.0,9300790.0,820.0,5641930.0,202206.0
48,A12201301,0.0,0.0,0.0,0.0,0.0,0.0,1385020.0,0.0,168000.0,0.0,202206.0
49,A12293002,0.0,0.0,0.0,0.0,0.0,0.0,1522150.0,9281640.0,0.0,0.0,202206.0
50,A12201002,0.0,0.0,0.0,0.0,0.0,0.0,16215080.0,31808190.0,0.0,18347780.0,202206.0
51,A12290901,0.0,0.0,0.0,0.0,0.0,0.0,8893406.0,43144420.0,0.0,15668190.0,202206.0
52,A12201003,0.0,0.0,0.0,0.0,0.0,0.0,12918648.0,69908000.0,1630.0,21987010.0,202206.0
53,A12201005,0.0,0.0,0.0,0.0,0.0,0.0,4841269.0,15797880.0,565200.0,6610260.0,202206.0
54,A12201004,0.0,0.0,0.0,0.0,0.0,0.0,995960.0,6346160.0,0.0,3884560.0,202206.0
55,A10025310,0.0,0.0,0.0,0.0,0.0,0.0,4523095.0,63715020.0,1360840.0,20260230.0,202206.0
56,A10025683,0.0,0.0,0.0,0.0,0.0,0.0,9426360.0,25069370.0,145440.0,11664280.0,202206.0
57,A10027551,,,,,,,,,,,202206.0
58,A10026834,0.0,0.0,4910.0,0.0,0.0,0.0,5955380.0,39211290.0,637360.0,18289730.0,202206.0
59,A10025018,,,,,,,,,,,202206.0
60,A10024947,0.0,0.0,0.0,0.0,0.0,0.0,9026672.0,24645630.0,374780.0,12797730.0,202206.0
61,A10023994,0.0,0.0,0.0,0.0,0.0,0.0,25488110.0,0.0,48860.0,5283780.0,202206.0
62,A10024831,0.0,0.0,0.0,0.0,0.0,0.0,24043400.0,99752920.0,242300.0,38713760.0,202206.0
63,A10024313,0.0,0.0,0.0,0.0,0.0,0.0,50285380.0,43849210.0,13830340.0,12723730.0,202206.0
64,A12289501,0.0,0.0,0.0,0.0,0.0,0.0,21734490.0,0.0,8419390.0,0.0,202206.0
65,A12289401,0.0,0.0,0.0,0.0,0.0,0.0,902520.0,5598270.0,70000.0,0.0,202206.0
66,A12208001,0.0,0.0,0.0,0.0,0.0,0.0,929470.0,8178950.0,0.0,0.0,202206.0
67,A12208203,0.0,0.0,0.0,0.0,0.0,0.0,1139580.0,7094310.0,593120.0,3650250.0,202206.0
68,A12208205,0.0,0.0,0.0,0.0,0.0,0.0,1416637.0,16497570.0,318000.0,10635920.0,202206.0
69,A12208103,0.0,0.0,5700.0,0.0,0.0,0.0,522080.0,14113780.0,89000.0,5729250.0,202206.0
70,A12208204,0.0,0.0,0.0,0.0,0.0,0.0,1544430.0,17562252.0,119760.0,9601760.0,202206.0
71,A12208002,0.0,0.0,0.0,0.0,0.0,0.0,9866039.0,0.0,4638570.0,0.0,202206.0
72,A12208102,0.0,0.0,0.0,0.0,0.0,0.0,4000940.0,8109270.0,0.0,5282430.0,202206.0
73,A12208104,0.0,0.0,0.0,0.0,0.0,0.0,256760.0,11601470.0,0.0,0.0,202206.0
74,A12289402,0.0,0.0,0.0,0.0,0.0,0.0,1344080.0,7055110.0,0.0,3676500.0,202206.0
75,A12208101,0.0,0.0,0.0,0.0,0.0,0.0,1082372.0,4547370.0,0.0,2517900.0,202206.0
76,A12208105,0.0,0.0,3070.0,0.0,0.0,0.0,14473300.0,0.0,7114580.0,0.0,202206.0
77,A10025659,0.0,0.0,0.0,0.0,0.0,0.0,1424320.0,18622880.0,246380.0,6403040.0,202206.0
78,A12294102,0.0,0.0,0.0,0.0,0.0,0.0,5540821.0,15976880.0,0.0,8055250.0,202206.0
79,A10024581,,,,,,,,,,,202206.0
80,A10024769,,,,,,,,,,,202206.0
81,A10023875,0.0,0.0,0.0,0.0,0.0,0.0,16880950.0,42281640.0,6123880.0,14602780.0,202206.0
82,A41279902,1767160.0,0.0,0.0,0.0,27540.0,5223420.0,3331926.0,14363710.0,0.0,6370710.0,202206.0
83,A12220002,2540410.0,238000.0,0.0,0.0,0.0,4982400.0,4173950.0,15797160.0,22450.0,6713550.0,202206.0
84,A41279917,2525980.0,382800.0,0.0,0.0,0.0,5339750.0,5161695.0,17188160.0,-301730.0,7274020.0,202206.0
85,A41279927,2432630.0,19550.0,0.0,0.0,7050.0,4697650.0,6793510.0,14712000.0,255820.0,7343800.0,202206.0
86,A41279924,4583230.0,1158660.0,0.0,0.0,0.0,10516500.0,6412519.0,43096150.0,1022650.0,11695390.0,202206.0
87,A41279915,10359240.0,120000.0,0.0,0.0,-7529500.0,7511000.0,3611010.0,21974830.0,14460.0,8740340.0,202206.0
88,A41279925,1322470.0,17600.0,0.0,0.0,0.0,2976550.0,1287236.0,12653460.0,204060.0,4036550.0,202206.0
89,A41279922,1528770.0,267120.0,0.0,0.0,0.0,2020360.0,330220.0,11720160.0,415460.0,3033210.0,202206.0
90,A12220005,2969550.0,316350.0,720.0,0.0,0.0,8589000.0,179873.0,28940410.0,0.0,11276860.0,202206.0
91,A41279910,5816490.0,558400.0,0.0,0.0,0.0,10637000.0,7244093.0,29796700.0,540100.0,17437770.0,202206.0
92,A12220003,3147250.0,0.0,0.0,0.0,5880700.0,0.0,16769854.0,0.0,7602990.0,0.0,202206.0
93,A41279926,,,,,,,,,,,202206.0
94,A41279913,2667740.0,188100.0,0.0,0.0,0.0,6090000.0,4437150.0,16359890.0,78760.0,8844940.0,202206.0
95,A41279905,1490850.0,55100.0,0.0,0.0,0.0,3934000.0,2252856.0,9149620.0,26640.0,5496320.0,202206.0
96,A41279916,13014.0,0.0,0.0,0.0,0.0,5614500.0,453384.0,16034790.0,0.0,7250360.0,202206.0
97,A41279923,2730400.0,702960.0,0.0,0.0,0.0,4820750.0,2540919.0,22891530.0,50710.0,7121360.0,202206.0
98,A41279912,4541060.0,655200.0,0.0,0.0,0.0,11059500.0,6902510.0,24382860.0,63690.0,12867860.0,202206.0
99,A41279920,732000.0,732000.0,0.0,0.0,7383420.0,7383420.0,28688980.0,29768980.0,12226480.0,12226480.0,202206.0
100,A12220004,2136000.0,547800.0,0.0,0.0,0.0,7598880.0,3325524.0,19674930.0,0.0,9482820.0,202206.0
101,A41279908,1539490.0,112000.0,0.0,0.0,0.0,1367190.0,2961500.0,9819070.0,143580.0,5445970.0,202206.0
102,A41279931,3627740.0,60200.0,0.0,0.0,0.0,10434200.0,5202740.0,24671560.0,0.0,14207640.0,202206.0
103,A41279918,12134450.0,1250200.0,0.0,0.0,0.0,0.0,8911010.0,31726680.0,189570.0,9705490.0,202206.0
104,A41279904,1309610.0,132300.0,0.0,0.0,0.0,3269020.0,1048656.0,18007440.0,550090.0,7141210.0,202206.0
105,A41279929,8341070.0,0.0,0.0,0.0,-5752110.0,5746650.0,2925232.0,26977550.0,-257330.0,8869610.0,202206.0
106,A41279914,2886250.0,437000.0,0.0,0.0,0.0,6226300.0,1493699.0,23599120.0,368570.0,8435330.0,202206.0
107,A41279906,1357530.0,157700.0,0.0,0.0,0.0,3519700.0,2109256.0,9002550.0,-157550.0,5269490.0,202206.0
108,A41279911,2540040.0,335240.0,0.0,0.0,0.0,8521920.0,3595520.0,22702410.0,0.0,10543660.0,202206.0
109,A41279909,3957890.0,0.0,0.0,0.0,0.0,0.0,13054560.0,0.0,3278580.0,0.0,202206.0
110,A41279930,-77000.0,77000.0,0.0,0.0,-4665000.0,4642500.0,2906420.0,17157330.0,0.0,6825880.0,202206.0
111,A41279903,1914060.0,538650.0,660.0,0.0,0.0,5358000.0,3315016.0,20035390.0,297770.0,7339850.0,202206.0
112,A41279907,893254.0,125400.0,0.0,0.0,0.0,2567400.0,2092700.0,5536730.0,-84530.0,3595670.0,202206.0
113,A12220001,1375100.0,196840.0,0.0,0.0,0.0,2718800.0,3510560.0,8521850.0,238730.0,3866700.0,202206.0
114,A41279928,2355760.0,0.0,0.0,0.0,0.0,5262180.0,4120196.0,13954130.0,0.0,9431900.0,202206.0
115,A41279901,2587080.0,1052280.0,0.0,0.0,0.0,4688000.0,5963276.0,13252260.0,593620.0,6539950.0,202206.0
116,A41279932,7882840.0,0.0,0.0,0.0,-5620650.0,5578230.0,6929875.0,21457290.0,196780.0,7825180.0,202206.0
117,A41279919,,,,,,,,,,,202206.0
118,A41279921,5972810.0,293400.0,4340.0,0.0,0.0,10931900.0,6177783.0,44931687.0,1902390.0,20583700.0,202206.0
119,A10025677,0.0,8000.0,0.0,0.0,0.0,2513350.0,1176910.0,5969600.0,0.0,3383560.0,202206.0
120,A10025765,2158450.0,102480.0,0.0,0.0,0.0,4168800.0,5379230.0,17044680.0,-16640.0,6455680.0,202206.0
121,A10026376,1910990.0,0.0,0.0,0.0,0.0,0.0,1163860.0,3852200.0,279610.0,2009260.0,202206.0
