,kaptCode,heatC,heatP,gasC,gasP,waterHotC,waterHotP,electC,electP,waterCoolC,waterCoolP,Date
0,A12287204,0.0,0.0,0.0,0.0,0.0,0.0,3132830.0,34760410.0,0.0,0.0,202205.0
1,A12287203,0.0,0.0,0.0,0.0,0.0,0.0,921304.0,5351740.0,0.0,6853910.0,202205.0
2,A12287202,0.0,0.0,0.0,0.0,0.0,0.0,10862720.0,9626710.0,4781860.0,4728800.0,202205.0
3,A12209001,0.0,0.0,0.0,0.0,0.0,0.0,1380090.0,7028040.0,41750.0,6837630.0,202205.0
4,A10024828,0.0,0.0,0.0,0.0,0.0,0.0,57428834.0,0.0,20340420.0,0.0,202205.0
5,A10024086,0.0,0.0,0.0,0.0,0.0,0.0,7153060.0,23930710.0,0.0,8945120.0,202205.0
6,A12283603,0.0,0.0,0.0,0.0,0.0,0.0,523380.0,12740040.0,0.0,0.0,202205.0
7,A12283602,0.0,0.0,0.0,0.0,0.0,0.0,2554197.0,8092590.0,0.0,5584200.0,202205.0
8,A12283601,0.0,0.0,0.0,0.0,0.0,0.0,2717870.0,6577450.0,0.0,4066480.0,202205.0
9,A10027816,0.0,0.0,23450.0,0.0,0.0,0.0,5697220.0,57375540.0,479400.0,20099200.0,202205.0
10,A10025836,0.0,0.0,0.0,0.0,0.0,0.0,11511587.0,29686540.0,3237710.0,11887960.0,202205.0
11,A10025846,0.0,0.0,0.0,0.0,0.0,0.0,6962970.0,55690690.0,102270.0,18134470.0,202205.0
12,A10024774,,,,,,,,,,,202205.0
13,A12284701,0.0,0.0,0.0,0.0,0.0,0.0,1779380.0,6108480.0,248810.0,3509690.0,202205.0
14,A12285703,19684750.0,0.0,0.0,0.0,0.0,14909400.0,10156889.0,33552260.0,3302690.0,22092480.0,202205.0
15,A12204002,0.0,0.0,0.0,0.0,0.0,0.0,1888859.0,10014870.0,0.0,0.0,202205.0
16,A12204004,0.0,0.0,0.0,0.0,0.0,0.0,9237210.0,52862240.0,550690.0,21668980.0,202205.0
17,A12204006,0.0,0.0,0.0,0.0,0.0,0.0,7461440.0,16913440.0,0.0,8191790.0,202205.0
18,A12204001,0.0,0.0,0.0,0.0,0.0,0.0,656210.0,4908220.0,0.0,2630720.0,202205.0
19,A12204003,0.0,0.0,0.0,0.0,0.0,0.0,6909860.0,26387610.0,591760.0,11330060.0,202205.0
20,A12204102,177290.0,0.0,0.0,0.0,0.0,0.0,4620930.0,26346320.0,0.0,12394870.0,202205.0
21,A12275201,0.0,0.0,0.0,0.0,0.0,0.0,8876824.0,30497030.0,0.0,12025880.0,202205.0
22,A12275202,0.0,0.0,0.0,0.0,0.0,0.0,14385946.0,43357970.0,788410.0,16935450.0,202205.0
23,A10028056,0.0,0.0,0.0,0.0,0.0,0.0,1084340.0,3377100.0,129630.0,2096840.0,202205.0
24,A12204005,,,,,,,,,,,202205.0
25,A10026061,,,,,,,,,,,202205.0
26,A10027568,,,,,,,,,,,202205.0
27,A10027569,,,,,,,,,,,202205.0
28,A10024026,0.0,0.0,0.0,0.0,0.0,0.0,2623020.0,2890630.0,0.0,0.0,202205.0
29,A10024198,,,,,,,,,,,202205.0
30,A12281801,0.0,0.0,0.0,0.0,0.0,0.0,2101652.0,4899580.0,401100.0,0.0,202205.0
31,A12281702,0.0,0.0,0.0,0.0,0.0,0.0,3106811.0,7461470.0,532520.0,5668520.0,202205.0
32,A12205001,0.0,0.0,0.0,0.0,0.0,0.0,2192020.0,5939390.0,378810.0,3432480.0,202205.0
33,A12281701,0.0,0.0,0.0,0.0,0.0,0.0,1060120.0,7893610.0,358230.0,8062400.0,202205.0
34,A10024128,,,,,,,,,,,202205.0
35,A12282201,0.0,0.0,0.0,0.0,0.0,0.0,1327500.0,5780840.0,0.0,0.0,202205.0
36,A12282203,0.0,0.0,0.0,0.0,0.0,0.0,1365258.0,20527440.0,0.0,0.0,202205.0
37,A12282102,0.0,0.0,0.0,0.0,0.0,0.0,2010460.0,8351730.0,-32510.0,4249170.0,202205.0
38,A12205004,0.0,0.0,0.0,0.0,0.0,0.0,3577740.0,10372710.0,-100.0,6769070.0,202205.0
39,A12205003,0.0,0.0,0.0,0.0,0.0,0.0,4578719.0,10453300.0,0.0,7201620.0,202205.0
40,A12276901,0.0,0.0,0.0,0.0,0.0,0.0,2264090.0,0.0,1255250.0,0.0,202205.0
41,A10023734,,,,,,,,,,,202205.0
42,A12284501,0.0,0.0,67780.0,0.0,0.0,0.0,4110020.0,10355330.0,163580.0,6438330.0,202205.0
43,A10023467,,,,,,,,,,,202205.0
44,A12201101,0.0,0.0,32490.0,0.0,0.0,0.0,689440.0,0.0,0.0,0.0,202205.0
45,A12201103,0.0,0.0,0.0,0.0,0.0,0.0,0.0,14912870.0,215820.0,7253650.0,202205.0
46,A12201001,0.0,0.0,0.0,0.0,0.0,0.0,1963952.0,8565570.0,0.0,4445290.0,202205.0
47,A12201102,0.0,0.0,0.0,0.0,0.0,0.0,2653990.0,8985000.0,0.0,5506760.0,202205.0
48,A12201301,0.0,0.0,0.0,0.0,0.0,0.0,1388220.0,0.0,0.0,0.0,202205.0
49,A12293002,0.0,0.0,0.0,0.0,0.0,0.0,2057610.0,8746180.0,0.0,0.0,202205.0
50,A12201002,0.0,0.0,0.0,0.0,0.0,0.0,13259527.0,32849150.0,0.0,16847360.0,202205.0
51,A12290901,0.0,0.0,0.0,0.0,0.0,0.0,9930244.0,36443900.0,0.0,15524290.0,202205.0
52,A12201003,0.0,0.0,0.0,0.0,0.0,0.0,10780737.0,47264660.0,1500.0,20507420.0,202205.0
53,A12201005,0.0,0.0,0.0,0.0,0.0,0.0,4298879.0,15396080.0,68570.0,6668180.0,202205.0
54,A12201004,0.0,0.0,0.0,0.0,0.0,0.0,1351670.0,6232490.0,0.0,4413960.0,202205.0
55,A10025310,0.0,0.0,0.0,0.0,0.0,0.0,7959280.0,53241030.0,272810.0,19150480.0,202205.0
56,A10025683,0.0,0.0,0.0,0.0,0.0,0.0,7281430.0,23093420.0,145650.0,11028540.0,202205.0
57,A10027551,,,,,,,,,,,202205.0
58,A10026834,0.0,0.0,1230.0,0.0,0.0,0.0,7621620.0,36486560.0,453910.0,17175290.0,202205.0
59,A10025018,,,,,,,,,,,202205.0
60,A10024947,0.0,0.0,0.0,0.0,0.0,0.0,9391322.0,23603850.0,85750.0,12060810.0,202205.0
61,A10023994,0.0,0.0,0.0,0.0,0.0,0.0,19405910.0,0.0,0.0,5385870.0,202205.0
62,A10024831,0.0,0.0,0.0,0.0,0.0,0.0,18683180.0,83231840.0,208400.0,39473600.0,202205.0
63,A10024313,0.0,0.0,0.0,0.0,0.0,0.0,34869880.0,33035110.0,14737830.0,14666450.0,202205.0
64,A12289501,0.0,0.0,0.0,0.0,0.0,0.0,19462810.0,0.0,8729950.0,0.0,202205.0
65,A12289401,0.0,0.0,0.0,0.0,0.0,0.0,1283460.0,4683730.0,68610.0,0.0,202205.0
66,A12208001,0.0,0.0,0.0,0.0,0.0,0.0,576290.0,8316150.0,26800.0,7396220.0,202205.0
67,A12208203,0.0,0.0,0.0,0.0,0.0,0.0,1489260.0,6044870.0,731450.0,3561900.0,202205.0
68,A12208205,0.0,0.0,35780.0,0.0,0.0,0.0,2779274.0,13820540.0,1184880.0,9916190.0,202205.0
69,A12208103,0.0,0.0,87640.0,0.0,0.0,0.0,1158210.0,10834550.0,89000.0,5107950.0,202205.0
70,A12208204,0.0,0.0,0.0,0.0,0.0,0.0,2464780.0,15280720.0,468450.0,9606950.0,202205.0
71,A12208002,0.0,0.0,0.0,0.0,0.0,0.0,9095490.0,0.0,4375620.0,0.0,202205.0
72,A12208102,0.0,0.0,0.0,0.0,0.0,0.0,2581720.0,8080190.0,0.0,5049510.0,202205.0
73,A12208104,0.0,0.0,0.0,0.0,0.0,0.0,101020.0,11052250.0,26310.0,0.0,202205.0
74,A12289402,0.0,0.0,0.0,0.0,0.0,0.0,1218360.0,6367480.0,0.0,3808640.0,202205.0
75,A12208101,0.0,0.0,0.0,0.0,0.0,0.0,1308030.0,4494370.0,0.0,2628070.0,202205.0
76,A12208105,0.0,0.0,10100.0,0.0,0.0,0.0,13783870.0,0.0,7234160.0,0.0,202205.0
77,A10025659,0.0,0.0,39190.0,0.0,0.0,0.0,2621000.0,15808850.0,195430.0,6573410.0,202205.0
78,A12294102,0.0,0.0,0.0,0.0,0.0,0.0,4105806.0,15318010.0,0.0,6865670.0,202205.0
79,A10024581,,,,,,,,,,,202205.0
80,A10024769,,,,,,,,,,,202205.0
81,A10023875,0.0,0.0,0.0,0.0,0.0,0.0,131140.0,22802530.0,0.0,9219260.0,202205.0
82,A41279902,1885110.0,1825710.0,0.0,0.0,74360.0,7081960.0,3749673.0,10667070.0,0.0,6526490.0,202205.0
83,A12220002,3092740.0,1836000.0,0.0,0.0,0.0,6751740.0,4201530.0,15429080.0,-76150.0,6938790.0,202205.0
84,A41279917,2758540.0,2833600.0,0.0,0.0,0.0,6558600.0,3786420.0,13466490.0,72940.0,7194580.0,202205.0
85,A41279927,2437820.0,1610000.0,0.0,0.0,17500.0,5965000.0,6586650.0,14348960.0,138630.0,6945800.0,202205.0
86,A41279924,4958350.0,5350120.0,0.0,0.0,0.0,11756340.0,8649449.0,33327810.0,2343990.0,10731990.0,202205.0
87,A41279915,13223980.0,2655120.0,0.0,0.0,-10391600.0,10375000.0,5238310.0,16052680.0,20870.0,8790440.0,202205.0
88,A41279925,1339300.0,1061500.0,0.0,0.0,0.0,3956700.0,1318798.0,9024430.0,159800.0,4091310.0,202205.0
89,A41279922,1566020.0,1840120.0,0.0,0.0,0.0,2053130.0,661950.0,8466940.0,529330.0,3271390.0,202205.0
90,A12220005,3537150.0,2557400.0,660.0,0.0,0.0,12324700.0,1128888.0,22016680.0,0.0,11500520.0,202205.0
91,A41279910,5212240.0,3906000.0,0.0,0.0,0.0,13995400.0,7069522.0,29311790.0,878210.0,17946460.0,202205.0
92,A12220003,5352160.0,0.0,0.0,0.0,7050240.0,0.0,16031296.0,0.0,7417040.0,0.0,202205.0
93,A41279926,,,,,,,,,,,202205.0
94,A41279913,2603620.0,2366000.0,0.0,0.0,0.0,8120000.0,4583620.0,15887230.0,636240.0,8956490.0,202205.0
95,A41279905,1561290.0,911400.0,0.0,0.0,0.0,5333650.0,2393447.0,9154410.0,-27680.0,5512910.0,202205.0
96,A41279916,143174.0,1567440.0,0.0,0.0,0.0,7299000.0,1113200.0,14220930.0,0.0,7581560.0,202205.0
97,A41279923,2903480.0,3480240.0,0.0,0.0,0.0,5892600.0,2162776.0,16270870.0,62030.0,7499360.0,202205.0
98,A41279912,4451840.0,6050700.0,0.0,0.0,0.0,11932800.0,7880210.0,23031340.0,671370.0,13519510.0,202205.0
99,A41279920,2802000.0,2802000.0,0.0,0.0,8957760.0,8957760.0,21141790.0,22224290.0,12431720.0,12431720.0,202205.0
100,A12220004,2136000.0,3235100.0,0.0,0.0,0.0,9400220.0,3239545.0,19244560.0,0.0,10305090.0,202205.0
101,A41279908,1540660.0,1331280.0,0.0,0.0,0.0,2263260.0,3029050.0,9750750.0,253650.0,5536880.0,202205.0
102,A41279931,4384800.0,2017600.0,0.0,0.0,0.0,13074600.0,6621630.0,21300570.0,0.0,14201170.0,202205.0
103,A41279918,14333070.0,4378500.0,0.0,0.0,0.0,0.0,6117048.0,24805370.0,190250.0,9853280.0,202205.0
104,A41279904,1315750.0,878580.0,0.0,0.0,0.0,5390050.0,988900.0,13348830.0,369900.0,7310850.0,202205.0
105,A41279929,12437570.0,2408800.0,0.0,0.0,0.0,6620040.0,21811507.0,19854280.0,9874300.0,9652280.0,202205.0
106,A41279914,2966130.0,2541000.0,0.0,0.0,0.0,7764400.0,1068401.0,18906000.0,604150.0,8707760.0,202205.0
107,A41279906,1383500.0,1922800.0,0.0,0.0,0.0,3820500.0,2643523.0,9035360.0,-195020.0,5113680.0,202205.0
108,A41279911,2540040.0,1914190.0,0.0,0.0,0.0,11310000.0,3464210.0,22052750.0,0.0,11871400.0,202205.0
109,A41279909,5608270.0,0.0,0.0,0.0,0.0,0.0,10947650.0,0.0,3768300.0,0.0,202205.0
110,A41279930,-558900.0,558900.0,0.0,0.0,-6177000.0,6132000.0,2370210.0,12175480.0,0.0,6860150.0,202205.0
111,A41279903,1914060.0,1634160.0,1990.0,0.0,0.0,8382800.0,2766271.0,15453720.0,376150.0,7111960.0,202205.0
112,A41279907,956810.0,1740000.0,0.0,0.0,0.0,3625200.0,2268510.0,5517000.0,-295730.0,3560330.0,202205.0
113,A12220001,1690890.0,1273000.0,0.0,0.0,0.0,3651800.0,2964200.0,6645800.0,127440.0,3804640.0,202205.0
114,A41279928,2412780.0,395600.0,0.0,0.0,0.0,7542900.0,4199696.0,13853810.0,0.0,9170650.0,202205.0
115,A41279901,2814400.0,3735150.0,0.0,0.0,0.0,6195000.0,5696689.0,13093900.0,216280.0,6705930.0,202205.0
116,A41279932,9847940.0,313600.0,0.0,0.0,-7071750.0,6889050.0,5009762.0,18556210.0,314280.0,7323300.0,202205.0
117,A41279919,,,,,,,,,,,202205.0
118,A41279921,6856310.0,2253440.0,5970.0,0.0,0.0,16599600.0,7415440.0,33909680.0,460.0,22237890.0,202205.0
119,A10025677,0.0,108210.0,0.0,0.0,0.0,3655800.0,1121710.0,5561130.0,0.0,3473680.0,202205.0
120,A10025765,2242350.0,615210.0,0.0,0.0,0.0,5667200.0,4915430.0,15955980.0,-223460.0,6254920.0,202205.0
121,A10026376,2738890.0,29710.0,0.0,0.0,0.0,0.0,584590.0,3612290.0,81440.0,2123100.0,202205.0
