,kaptCode,heatC,heatP,gasC,gasP,waterHotC,waterHotP,electC,electP,waterCoolC,waterCoolP,Date
0,A12287204,0,0,0,0,0,0,5173870,47521510,-3640,34655900,202212.0
1,A12287203,0,0,0,0,0,0,1732012,7069150,0,0,202212.0
2,A12287202,0,0,0,0,0,0,1257380,13191160,58400,4135940,202212.0
3,A12209001,0,0,0,0,0,0,2851750,8813130,0,0,202212.0
4,A10024828,0,0,0,0,0,0,38273294,49971770,1995900,18098410,202212.0
5,A10024086,0,0,0,0,0,0,44302390,0,8458430,0,202212.0
6,A12283603,0,0,0,0,0,0,1741066,16358540,0,0,202212.0
7,A12283602,0,0,0,0,0,0,3849298,11549560,0,5335470,202212.0
8,A12283601,0,0,0,0,0,0,3059650,7712880,0,3741690,202212.0
9,A10027816,0,0,157540,0,0,0,14532000,73011120,379670,19494740,202212.0
10,A10025836,0,0,0,0,0,0,17600206,35084640,1287860,13332040,202212.0
11,A10025846,0,0,118550,0,0,0,22895350,72250320,46210,18581700,202212.0
12,A10024774,,,,,,,,,,,202212.0
13,A12284701,0,0,0,0,0,0,2477030,8356290,70760,3334730,202212.0
14,A12285703,291530280,0,0,0,0,14061300,8427219,45909430,2802440,21302310,202212.0
15,A12204002,0,0,0,0,0,0,3031415,11930300,0,9478450,202212.0
16,A12204004,0,0,0,0,0,0,24669359,74684290,-1670,21883700,202212.0
17,A12204006,0,0,0,0,0,0,18260460,21945260,0,8217590,202212.0
18,A12204001,0,0,0,0,0,0,479530,6852560,0,2587750,202212.0
19,A12204003,0,0,0,0,0,0,10824640,31001940,423230,11046430,202212.0
20,A12204102,192390,0,0,0,0,0,6301040,30448330,0,11405270,202212.0
21,A12275201,0,0,0,0,0,0,15436408,38465670,0,11391470,202212.0
22,A12275202,0,0,0,0,0,0,23147096,55902696,404420,17521400,202212.0
23,A10028056,0,0,0,0,0,0,1645830,4446470,179260,1810690,202212.0
24,A12204005,,,,,,,,,,,202212.0
25,A10026061,,,,,,,,,,,202212.0
26,A10027568,,,,,,,,,,,202212.0
27,A10027569,,,,,,,,,,,202212.0
28,A10024026,0,0,0,0,0,0,4946680,3699050,165710,2463330,202212.0
29,A10024198,,,,,,,,,,,202212.0
30,A12281801,0,0,0,0,0,0,2853751,6312750,0,0,202212.0
31,A12281702,0,0,0,0,0,0,4720391,10486490,0,5461100,202212.0
32,A12205001,0,0,100140,0,0,0,3791680,6795640,21660,3445600,202212.0
33,A12281701,0,0,0,0,0,0,1459450,9943950,0,0,202212.0
34,A10024128,,,,,,,,,,,202212.0
35,A12282201,0,0,0,0,0,0,2104380,7226800,0,0,202212.0
36,A12282203,0,0,0,0,0,0,4369302,27748870,0,18991010,202212.0
37,A12282102,0,0,0,0,0,0,13562760,0,3903300,0,202212.0
38,A12205004,0,0,0,0,0,0,5379920,14148990,140,6364010,202212.0
39,A12205003,0,0,0,0,0,0,5175380,13017150,0,5924710,202212.0
40,A12276901,0,0,0,0,0,0,4592910,0,1421507,0,202212.0
41,A10023734,0,0,0,0,0,0,3123280,5623240,246360,2491970,202212.0
42,A12284501,0,0,212450,0,0,0,5233300,15584410,-66270,6159130,202212.0
43,A10023467,,,,,,,,,,,202212.0
44,A12201101,0,0,106700,0,0,0,1016130,0,17610,0,202212.0
45,A12201103,0,0,0,0,0,0,1155210,16761560,486020,7051850,202212.0
46,A12201001,0,0,0,0,0,0,3198968,9662770,0,4552030,202212.0
47,A12201102,0,0,0,0,0,0,4680150,10876340,-780,5225210,202212.0
48,A12201301,0,0,0,0,0,0,1818680,0,85880,0,202212.0
49,A12293002,0,0,0,0,0,0,3353160,11306800,0,0,202212.0
50,A12201002,0,0,0,0,0,0,23522447,38103900,0,17644710,202212.0
51,A12290901,0,0,0,0,0,0,16056624,48389080,0,14838450,202212.0
52,A12201003,0,0,0,0,0,0,24537029,66536090,0,21182280,202212.0
53,A12201005,0,0,0,0,0,0,6791240,17983000,35120,6448940,202212.0
54,A12201004,0,0,0,0,0,0,2866392,7905150,-3480,4410220,202212.0
55,A10025310,0,0,0,0,0,0,10702514,68212620,267520,18617380,202212.0
56,A10025683,0,0,0,0,0,0,12481650,29023150,147990,10889850,202212.0
57,A10027551,,,,,,,,,,,202212.0
58,A10026834,0,0,193540,0,0,0,9037800,45908720,647640,17056880,202212.0
59,A10025018,,,,,,,,,,,202212.0
60,A10024947,0,0,0,0,0,0,12889528,28606230,26130,12285830,202212.0
61,A10023994,0,0,0,0,0,0,8356290,0,217300,0,202212.0
62,A10024831,0,0,0,0,0,0,108704730,107947510,38490360,38480910,202212.0
63,A10024313,0,0,0,0,0,0,47566370,49046010,14117330,14062130,202212.0
64,A12289501,0,0,0,0,0,0,25321290,0,7721080,0,202212.0
65,A12289401,0,0,0,0,0,0,1110820,7477150,70000,0,202212.0
66,A12208001,0,0,0,0,0,0,1350120,8983080,0,0,202212.0
67,A12208203,0,0,0,0,0,0,2588700,7892480,818260,3297780,202212.0
68,A12208205,0,0,41540,0,0,0,6021261,18426890,6120,9049810,202212.0
69,A12208103,0,0,363720,0,0,0,-430360,15172890,89000,5174530,202212.0
70,A12208204,0,0,0,0,0,0,2577710,21788060,403660,9258100,202212.0
71,A12208002,0,0,0,0,0,0,11850720,0,4401690,0,202212.0
72,A12208102,0,0,0,0,0,0,-9735500,9622000,-4724270,4724270,202212.0
73,A12208104,0,0,0,0,0,0,-457650,16199520,0,0,202212.0
74,A12289402,0,0,0,0,0,0,2048160,8456730,0,3487740,202212.0
75,A12208101,0,0,0,0,0,0,1979554,5084860,0,2670040,202212.0
76,A12208105,0,0,0,0,0,0,19622080,0,6861520,0,202212.0
77,A10025659,0,0,158010,0,0,0,5483610,20840670,380690,6096290,202212.0
78,A12294102,0,0,0,0,0,0,7217760,20668320,0,8327360,202212.0
79,A10024581,,,,,,,,,,,202212.0
80,A10024769,,,,,,,,,,,202212.0
81,A10023875,0,0,0,0,0,0,30401230,65086000,1807130,17546470,202212.0
82,A41279902,2681580,46585500,0,0,79170,8791640,7836510,15081950,0,6156250,202212.0
83,A12220002,9589990,51102600,0,0,0,8047200,5909310,17479290,229830,6380090,202212.0
84,A41279917,6353470,49179420,0,0,0,9908800,9308650,16789910,273990,6965490,202212.0
85,A41279927,3099354,46146240,0,0,10200,9628800,7633490,17552410,142680,6953440,202212.0
86,A41279924,7217950,94515240,0,0,0,25211340,17506993,39964399,1327000,11248330,202212.0
87,A41279915,85376540,0,0,0,16820000,0,27959090,0,8643590,0,202212.0
88,A41279925,2518820,30699000,0,0,0,6043500,3728819,11293880,330930,3736850,202212.0
89,A41279922,1643560,32248680,0,0,0,2354760,3733070,10377150,393550,3329120,202212.0
90,A12220005,23395680,72295300,900,0,-15140400,15096000,2701043,30015760,195580,11707930,202212.0
91,A41279910,10501910,99589000,0,0,0,20198300,9640212,34160960,772290,16798620,202212.0
92,A12220003,54901055,0,0,0,9670050,0,27574766,0,6881430,0,202212.0
93,A41279926,,,,,,,,,,,202212.0
94,A41279913,4151763,55863550,0,0,0,12894500,6152703,18587140,28370,8630910,202212.0
95,A41279905,1517370,33514670,0,0,0,6779500,2859541,11132850,558990,5312950,202212.0
96,A41279916,3645496,42250600,0,0,0,14070000,1939920,17483510,99400,6652700,202212.0
97,A41279923,5194330,52628940,0,0,0,11936080,8244302,20470980,57780,7505230,202212.0
98,A41279912,4631740,90024120,0,0,0,21486500,9459890,26795830,635040,12470280,202212.0
99,A41279920,51611250,51611250,0,0,24607800,24607800,26252220,27324720,11750330,11750330,202212.0
100,A12220004,2129740,64421280,0,0,0,19841970,3997380,22613520,0,9248060,202212.0
101,A41279908,1575110,37990000,0,0,0,4000500,2857002,12212050,322700,5433810,202212.0
102,A41279931,6790830,68028660,0,0,0,22536800,12151170,28330990,0,13851140,202212.0
103,A41279918,25121530,72277650,0,0,0,0,11030927,31181250,270640,9364270,202212.0
104,A41279904,2348470,39957040,0,0,0,10626000,1739290,18223150,586340,6728370,202212.0
105,A41279929,19221320,55966820,0,0,-12567960,12550720,14493423,23953610,426790,8996650,202212.0
106,A41279914,5067480,62157100,0,0,0,11351600,9379000,19470710,0,8093090,202212.0
107,A41279906,2089170,31607840,0,0,0,5828400,3852304,10790620,-149390,4704410,202212.0
108,A41279911,17673620,52742200,0,0,0,23003500,4499410,25554670,0,12981320,202212.0
109,A41279909,29817060,0,4520,0,0,0,14094130,0,3089750,0,202212.0
110,A41279930,-30204000,29364200,0,0,-11295000,11196000,10482160,14948000,0,6261180,202212.0
111,A41279903,2934630,51798500,0,0,0,7983270,7482961,19810850,92060,6515980,202212.0
112,A41279907,1424320,23199750,0,0,0,4160600,2819569,6653890,212170,3453750,202212.0
113,A12220001,3824255,25080550,0,0,0,6136400,4527280,8323880,79400,3599580,202212.0
114,A41279928,4008420,35496300,0,0,0,17534000,4729255,16162340,0,8397690,202212.0
115,A41279901,6550340,52863200,0,0,0,10229760,6794387,14684380,343320,6005150,202212.0
116,A41279932,15746450,30975320,0,0,-11668500,11569500,9645792,22851260,381840,7513740,202212.0
117,A41279919,,,,,,,,,,,202212.0
118,A41279921,14149640,94391700,17210,0,0,34017600,11336736,44968950,299790,20297930,202212.0
119,A10025677,0,10249150,0,0,0,10854000,2514590,7096300,0,3483520,202212.0
120,A10025765,2381060,28505500,0,0,0,12164800,6855100,18503380,-102840,5940080,202212.0
121,A10026376,4922880,10932000,0,0,0,0,1065410,4335460,72540,2107960,202212.0
