,kaptCode,heatC,heatP,gasC,gasP,waterHotC,waterHotP,electC,electP,waterCoolC,waterCoolP,Date
0,A12287204,0.0,0.0,0.0,0.0,0.0,0.0,3530722.0,47468580.0,110.0,37435490.0,202208.0
1,A12287203,0.0,0.0,0.0,0.0,0.0,0.0,1011062.0,7767540.0,0.0,0.0,202208.0
2,A12287202,0.0,0.0,0.0,0.0,0.0,0.0,1151460.0,13052050.0,35080.0,5510560.0,202208.0
3,A12209001,0.0,0.0,0.0,0.0,0.0,0.0,2252110.0,9674000.0,0.0,0.0,202208.0
4,A10024828,0.0,0.0,0.0,0.0,0.0,0.0,101457493.0,0.0,25678670.0,0.0,202208.0
5,A10024086,0.0,0.0,0.0,0.0,0.0,0.0,14092545.0,56015735.0,0.0,9693230.0,202208.0
6,A12283603,0.0,0.0,0.0,0.0,0.0,0.0,-2259556.0,22473420.0,0.0,0.0,202208.0
7,A12283602,0.0,0.0,0.0,0.0,0.0,0.0,1839247.0,12063920.0,0.0,6120830.0,202208.0
8,A12283601,0.0,0.0,0.0,0.0,0.0,0.0,2654370.0,13797070.0,0.0,4311530.0,202208.0
9,A10027816,0.0,0.0,12630.0,0.0,0.0,0.0,11322010.0,109354310.0,577510.0,21132010.0,202208.0
10,A10025836,0.0,0.0,0.0,0.0,0.0,0.0,21442461.0,54174390.0,106450.0,15114850.0,202208.0
11,A10025846,0.0,0.0,8560.0,0.0,0.0,0.0,19232630.0,90242250.0,68690.0,18955090.0,202208.0
12,A10024774,,,,,,,,,,,202208.0
13,A12284701,0.0,0.0,0.0,0.0,0.0,0.0,2346230.0,7753580.0,187710.0,3591560.0,202208.0
14,A12285703,6129770.0,0.0,0.0,0.0,0.0,8497500.0,7480669.0,52585310.0,8640.0,25108280.0,202208.0
15,A12204002,0.0,0.0,0.0,0.0,0.0,0.0,2644616.0,16982358.0,0.0,10472550.0,202208.0
16,A12204004,0.0,0.0,0.0,0.0,0.0,0.0,17561470.0,70491450.0,0.0,23074120.0,202208.0
17,A12204006,0.0,0.0,0.0,0.0,0.0,0.0,10804010.0,27835150.0,0.0,8721820.0,202208.0
18,A12204001,0.0,0.0,0.0,0.0,0.0,0.0,502590.0,8631810.0,0.0,2893210.0,202208.0
19,A12204003,0.0,0.0,0.0,0.0,0.0,0.0,11094040.0,42275380.0,541360.0,12306130.0,202208.0
20,A12204102,59260.0,0.0,0.0,0.0,0.0,0.0,5291230.0,43506910.0,0.0,12993950.0,202208.0
21,A12275201,0.0,0.0,0.0,0.0,0.0,0.0,14901418.0,45424570.0,0.0,12629640.0,202208.0
22,A12275202,0.0,0.0,0.0,0.0,0.0,0.0,22499459.0,91921960.0,727380.0,16257000.0,202208.0
23,A10028056,0.0,0.0,0.0,0.0,0.0,0.0,460280.0,5897740.0,360870.0,2287530.0,202208.0
24,A12204005,,,,,,,,,,,202208.0
25,A10026061,,,,,,,,,,,202208.0
26,A10027568,,,,,,,,,,,202208.0
27,A10027569,,,,,,,,,,,202208.0
28,A10024026,0.0,0.0,0.0,0.0,0.0,0.0,5978240.0,5165850.0,201080.0,3062930.0,202208.0
29,A10024198,,,,,,,,,,,202208.0
30,A12281801,0.0,0.0,0.0,0.0,0.0,0.0,1424677.0,9197020.0,0.0,0.0,202208.0
31,A12281702,0.0,0.0,0.0,0.0,0.0,0.0,2784232.0,13642560.0,495980.0,5811280.0,202208.0
32,A12205001,0.0,0.0,0.0,0.0,0.0,0.0,1995480.0,9865860.0,60150.0,3847610.0,202208.0
33,A12281701,0.0,0.0,0.0,0.0,0.0,0.0,764650.0,13683580.0,0.0,0.0,202208.0
34,A10024128,,,,,,,,,,,202208.0
35,A12282201,0.0,0.0,0.0,0.0,0.0,0.0,1169040.0,11854610.0,0.0,0.0,202208.0
36,A12282203,0.0,0.0,0.0,0.0,0.0,0.0,177682.0,32921220.0,0.0,20582670.0,202208.0
37,A12282102,0.0,0.0,0.0,0.0,0.0,0.0,2306286.0,15540334.0,181570.0,4074480.0,202208.0
38,A12205004,0.0,0.0,0.0,0.0,0.0,0.0,3166770.0,17266750.0,150.0,7410800.0,202208.0
39,A12205003,0.0,0.0,0.0,0.0,0.0,0.0,3142216.0,20538010.0,0.0,7810600.0,202208.0
40,A12276901,0.0,0.0,0.0,0.0,0.0,0.0,3993550.0,0.0,1943960.0,0.0,202208.0
41,A10023734,0.0,0.0,0.0,0.0,0.0,0.0,2810640.0,7404110.0,-28670.0,2567840.0,202208.0
42,A12284501,0.0,0.0,0.0,0.0,0.0,0.0,3513960.0,14949640.0,-1135490.0,7047450.0,202208.0
43,A10023467,,,,,,,,,,,202208.0
44,A12201101,0.0,0.0,1160.0,0.0,0.0,0.0,945800.0,0.0,18660.0,0.0,202208.0
45,A12201103,0.0,0.0,0.0,0.0,0.0,0.0,0.0,26099230.0,220580.0,7692130.0,202208.0
46,A12201001,0.0,0.0,0.0,0.0,0.0,0.0,3199194.0,14424900.0,0.0,4573330.0,202208.0
47,A12201102,0.0,0.0,0.0,0.0,0.0,0.0,2303240.0,13542470.0,-720.0,5706210.0,202208.0
48,A12201301,0.0,0.0,0.0,0.0,0.0,0.0,1433450.0,0.0,100500.0,0.0,202208.0
49,A12293002,0.0,0.0,0.0,0.0,0.0,0.0,2548080.0,16704460.0,0.0,0.0,202208.0
50,A12201002,0.0,0.0,0.0,0.0,0.0,0.0,26635508.0,58848370.0,0.0,17898190.0,202208.0
51,A12290901,0.0,0.0,0.0,0.0,0.0,0.0,10134173.0,60333850.0,0.0,14940660.0,202208.0
52,A12201003,0.0,0.0,0.0,0.0,0.0,0.0,15125169.0,61536600.0,650.0,21382520.0,202208.0
53,A12201005,0.0,0.0,0.0,0.0,0.0,0.0,6669992.0,27491620.0,0.0,7008550.0,202208.0
54,A12201004,0.0,0.0,0.0,0.0,0.0,0.0,1312492.0,10437110.0,0.0,4589640.0,202208.0
55,A10025310,0.0,0.0,0.0,0.0,0.0,0.0,13263674.0,88578940.0,201360.0,20027740.0,202208.0
56,A10025683,0.0,0.0,0.0,0.0,0.0,0.0,15347268.0,45852330.0,142740.0,11736780.0,202208.0
57,A10027551,,,,,,,,,,,202208.0
58,A10026834,0.0,0.0,16470.0,0.0,0.0,0.0,12874270.0,76367290.0,356990.0,18364460.0,202208.0
59,A10025018,,,,,,,,,,,202208.0
60,A10024947,0.0,0.0,0.0,0.0,0.0,0.0,20432173.0,46472340.0,-62700.0,13063760.0,202208.0
61,A10023994,0.0,0.0,0.0,0.0,0.0,0.0,30643030.0,0.0,162910.0,5241200.0,202208.0
62,A10024831,0.0,0.0,0.0,0.0,0.0,0.0,182238110.0,0.0,38510020.0,0.0,202208.0
63,A10024313,0.0,0.0,0.0,0.0,0.0,0.0,59413290.0,51638780.0,15585920.0,14460130.0,202208.0
64,A12289501,0.0,0.0,0.0,0.0,0.0,0.0,18380310.0,18926440.0,167700.0,8435020.0,202208.0
65,A12289401,0.0,0.0,0.0,0.0,0.0,0.0,827940.0,7157610.0,279170.0,0.0,202208.0
66,A12208001,0.0,0.0,0.0,0.0,0.0,0.0,1086420.0,14667200.0,0.0,0.0,202208.0
67,A12208203,0.0,0.0,0.0,0.0,0.0,0.0,1066970.0,9130610.0,592070.0,3676290.0,202208.0
68,A12208205,0.0,0.0,2570.0,0.0,0.0,0.0,811863.0,21179360.0,-4140.0,10285340.0,202208.0
69,A12208103,0.0,0.0,11170.0,0.0,0.0,0.0,848580.0,12659130.0,89000.0,5710790.0,202208.0
70,A12208204,0.0,0.0,0.0,0.0,0.0,0.0,2009340.0,22265790.0,210800.0,10744900.0,202208.0
71,A12208002,0.0,0.0,0.0,0.0,0.0,0.0,14874470.0,0.0,4880010.0,0.0,202208.0
72,A12208102,0.0,0.0,0.0,0.0,0.0,0.0,2638970.0,13713080.0,0.0,5302360.0,202208.0
73,A12208104,0.0,0.0,0.0,0.0,0.0,0.0,-1120.0,14608830.0,0.0,0.0,202208.0
74,A12289402,0.0,0.0,0.0,0.0,0.0,0.0,1991390.0,10853040.0,0.0,4016260.0,202208.0
75,A12208101,0.0,0.0,0.0,0.0,0.0,0.0,1235928.0,6780490.0,0.0,2659550.0,202208.0
76,A12208105,0.0,0.0,56850.0,0.0,0.0,0.0,18333750.0,0.0,7582320.0,0.0,202208.0
77,A10025659,0.0,0.0,0.0,0.0,0.0,0.0,2391700.0,27693780.0,366980.0,6481520.0,202208.0
78,A12294102,0.0,0.0,0.0,0.0,0.0,0.0,5604103.0,22277590.0,0.0,10619410.0,202208.0
79,A10024581,,,,,,,,,,,202208.0
80,A10024769,,,,,,,,,,,202208.0
81,A10023875,0.0,0.0,0.0,0.0,0.0,0.0,25253810.0,102117860.0,4401360.0,17450250.0,202208.0
82,A41279902,2025350.0,0.0,0.0,0.0,40950.0,4176900.0,3517605.0,14443530.0,0.0,6612750.0,202208.0
83,A12220002,2491280.0,20900.0,0.0,0.0,0.0,3857750.0,5779300.0,25888280.0,-165690.0,7249020.0,202208.0
84,A41279917,2418600.0,134400.0,0.0,0.0,0.0,4195600.0,4297092.0,16989360.0,-113360.0,7046070.0,202208.0
85,A41279927,2420760.0,0.0,0.0,0.0,79200.0,3897600.0,8678070.0,32052550.0,210290.0,7551470.0,202208.0
86,A41279924,4604820.0,114240.0,0.0,0.0,0.0,9575760.0,6376250.0,43874644.0,923610.0,12268040.0,202208.0
87,A41279915,2901000.0,21000.0,0.0,0.0,6341400.0,6337500.0,25863030.0,21136310.0,8997380.0,8950820.0,202208.0
88,A41279925,1530110.0,0.0,0.0,0.0,0.0,3415300.0,3160307.0,11263930.0,130040.0,4169990.0,202208.0
89,A41279922,1217430.0,0.0,0.0,0.0,0.0,1749000.0,1601110.0,10332700.0,200040.0,3279250.0,202208.0
90,A12220005,2986100.0,0.0,770.0,0.0,0.0,7201300.0,-174401.0,28040790.0,0.0,12095140.0,202208.0
91,A41279910,5765120.0,346400.0,0.0,0.0,0.0,9051600.0,13501207.0,56711650.0,1024280.0,18544640.0,202208.0
92,A12220003,2480470.0,0.0,0.0,0.0,5342400.0,0.0,25168097.0,0.0,7783620.0,0.0,202208.0
93,A41279926,,,,,,,,,,,202208.0
94,A41279913,2520900.0,0.0,0.0,0.0,0.0,5020950.0,6193195.0,29326110.0,183360.0,9898880.0,202208.0
95,A41279905,1473660.0,0.0,0.0,0.0,0.0,3308670.0,3969486.0,16607990.0,3140.0,5346950.0,202208.0
96,A41279916,0.0,0.0,0.0,0.0,0.0,4906740.0,0.0,21430700.0,152480.0,7373120.0,202208.0
97,A41279923,2909930.0,0.0,0.0,0.0,0.0,4264230.0,5286159.0,20681950.0,56970.0,7444290.0,202208.0
98,A41279912,4358620.0,0.0,0.0,0.0,0.0,9987600.0,10745120.0,44572210.0,0.0,13148320.0,202208.0
99,A41279920,0.0,0.0,0.0,0.0,6547380.0,6547380.0,28492210.0,29562210.0,12491140.0,12491140.0,202208.0
100,A12220004,2129740.0,17600.0,0.0,0.0,0.0,6316320.0,4833340.0,33951370.0,0.0,11943060.0,202208.0
101,A41279908,1542040.0,33120.0,0.0,0.0,0.0,837310.0,3849530.0,18481290.0,353840.0,5546490.0,202208.0
102,A41279931,3824760.0,0.0,0.0,0.0,0.0,8799000.0,6940080.0,37137090.0,0.0,15121900.0,202208.0
103,A41279918,10531498.0,0.0,0.0,0.0,0.0,0.0,8136754.0,32113060.0,40960.0,10002570.0,202208.0
104,A41279904,1315190.0,16340.0,0.0,0.0,0.0,2952000.0,905200.0,16354860.0,214290.0,7278840.0,202208.0
105,A41279929,7576910.0,0.0,0.0,0.0,-4927650.0,4927650.0,3904617.0,26749420.0,-580470.0,9310680.0,202208.0
106,A41279914,2787200.0,0.0,0.0,0.0,0.0,5350600.0,1304230.0,30113130.0,211390.0,8693110.0,202208.0
107,A41279906,1153130.0,0.0,0.0,0.0,0.0,3173700.0,3670357.0,16210507.0,-130240.0,5266170.0,202208.0
108,A41279911,2756970.0,0.0,0.0,0.0,0.0,7289040.0,1147414.0,45361020.0,0.0,14444250.0,202208.0
109,A41279909,3371230.0,0.0,0.0,0.0,0.0,0.0,17743340.0,0.0,3547980.0,0.0,202208.0
110,A41279930,-21200.0,21200.0,0.0,0.0,-3805200.0,3785600.0,5727440.0,14755130.0,28690.0,7340670.0,202208.0
111,A41279903,1926960.0,2800.0,720.0,0.0,0.0,4357440.0,3781917.0,18973480.0,325080.0,7403140.0,202208.0
112,A41279907,791250.0,0.0,0.0,0.0,0.0,1987440.0,3011583.0,9904400.0,-283320.0,3676800.0,202208.0
113,A12220001,1343870.0,44000.0,0.0,0.0,0.0,2229000.0,3644836.0,8187714.0,246840.0,3848120.0,202208.0
114,A41279928,2320560.0,0.0,0.0,0.0,0.0,4497350.0,7102627.0,26173960.0,0.0,9485330.0,202208.0
115,A41279901,2532290.0,227700.0,0.0,0.0,0.0,3893720.0,6257808.0,22608350.0,411120.0,6812530.0,202208.0
116,A41279932,7146220.0,0.0,0.0,0.0,-4876200.0,4843800.0,9913900.0,26208740.0,142860.0,7975460.0,202208.0
117,A41279919,,,,,,,,,,,202208.0
118,A41279921,5719000.0,0.0,5430.0,0.0,9086700.0,0.0,53085160.0,0.0,23304530.0,0.0,202208.0
119,A10025677,0.0,10420.0,0.0,0.0,0.0,2264190.0,2209760.0,12327850.0,0.0,3509730.0,202208.0
120,A10025765,34653.0,0.0,0.0,0.0,0.0,3498600.0,1397450.0,31130170.0,-388880.0,6703950.0,202208.0
121,A10026376,1887820.0,0.0,0.0,0.0,0.0,0.0,927020.0,7038480.0,101360.0,2309400.0,202208.0
