,kaptCode,heatC,heatP,gasC,gasP,waterHotC,waterHotP,electC,electP,waterCoolC,waterCoolP,Date
0,A12287204,0,0,0,0,0,0,3005790,35142150,-70,36901280,202204.0
1,A12287203,0,0,0,0,0,0,818882,5847040,0,0,202204.0
2,A12287202,0,0,0,0,0,0,1053300,9504810,50130,4882810,202204.0
3,A12209001,0,0,0,0,0,0,1333810,6975970,0,0,202204.0
4,A10024828,0,0,0,0,0,0,56090797,0,18852840,0,202204.0
5,A10024086,0,0,0,0,0,0,6973570,26621540,0,8585810,202204.0
6,A12283603,0,0,0,0,0,0,168718,14847230,0,0,202204.0
7,A12283602,0,0,0,0,0,0,2451483,8200050,0,5977250,202204.0
8,A12283601,0,0,0,0,0,0,2002910,7975570,0,4505280,202204.0
9,A10027816,0,0,179170,0,0,0,11897170,65854110,449980,21176270,202204.0
10,A10025836,0,0,0,0,0,0,11876827,33577380,2287710,12757950,202204.0
11,A10025846,0,0,0,0,0,0,7058250,55375070,131600,19040600,202204.0
12,A10024774,,,,,,,,,,,202204.0
13,A12284701,0,0,0,0,0,0,2208210,5569810,799730,2886210,202204.0
14,A12285703,56610480,0,0,0,0,17664900,6697018,35607270,549270,22957550,202204.0
15,A12204002,0,0,0,0,0,0,2033955,11306960,0,9780190,202204.0
16,A12204004,0,0,0,0,0,0,9090960,52547000,320590,22396300,202204.0
17,A12204006,0,0,0,0,0,0,7451380,16927800,0,8298440,202204.0
18,A12204001,0,0,0,0,0,0,591350,5760910,0,2938940,202204.0
19,A12204003,0,0,0,0,0,0,7428840,29985280,313990,12017870,202204.0
20,A12204102,278620,0,0,0,0,0,4555540,29109740,0,12913490,202204.0
21,A12275201,0,0,0,0,0,0,8915035,30302140,0,12117570,202204.0
22,A12275202,0,0,0,0,0,0,15274499,48582240,498090,17872920,202204.0
23,A10028056,0,0,0,0,0,0,1166910,3845200,84350,2062780,202204.0
24,A12204005,,,,,,,,,,,202204.0
25,A10026061,,,,,,,,,,,202204.0
26,A10027568,,,,,,,,,,,202204.0
27,A10027569,,,,,,,,,,,202204.0
28,A10024026,0,0,0,0,0,0,2869820,2724350,502770,2595660,202204.0
29,A10024198,,,,,,,,,,,202204.0
30,A12281801,0,0,0,0,0,0,2470990,5549510,0,0,202204.0
31,A12281702,0,0,0,0,0,0,3184749,8543910,344990,5516410,202204.0
32,A12205001,0,0,0,0,0,0,3018520,6388830,-335730,3788790,202204.0
33,A12281701,0,0,0,0,0,0,990610,8860700,0,0,202204.0
34,A10024128,,,,,,,,,,,202204.0
35,A12282201,0,0,0,0,0,0,1023110,7306970,0,0,202204.0
36,A12282203,0,0,0,0,0,0,1161568,20712590,0,19381970,202204.0
37,A12282102,0,0,0,0,0,0,2222610,8827370,575760,3355430,202204.0
38,A12205004,0,0,0,0,0,0,3487870,11921360,510,7075500,202204.0
39,A12205003,0,0,0,0,0,0,3110330,13365830,0,6564290,202204.0
40,A12276901,0,0,0,0,0,0,2268080,0,1346470,0,202204.0
41,A10023734,,,,,,,,,,,202204.0
42,A12284501,0,0,248590,0,0,0,4155730,10355330,-228750,6438330,202204.0
43,A10023467,,,,,,,,,,,202204.0
44,A12201101,0,0,61690,0,0,0,712670,0,13410,0,202204.0
45,A12201103,0,0,0,0,0,0,0,16111870,354870,6925550,202204.0
46,A12201001,0,0,0,0,0,0,2279027,9474280,0,4049290,202204.0
47,A12201102,0,0,0,0,0,0,3379740,8268090,-450,5580470,202204.0
48,A12201301,0,0,0,0,0,0,1419790,0,168000,0,202204.0
49,A12293002,0,0,0,0,0,0,2357640,9511070,0,0,202204.0
50,A12201002,0,0,0,0,0,0,22051703,33810720,0,18597640,202204.0
51,A12290901,0,0,0,0,0,0,10119063,36589970,0,16785540,202204.0
52,A12201003,0,0,0,0,0,0,8979279,47810160,-4220,22703400,202204.0
53,A12201005,0,0,0,0,0,0,4503780,17278820,0,7091420,202204.0
54,A12201004,0,0,0,0,0,0,1366038,6922240,0,3958620,202204.0
55,A10025310,0,0,0,0,0,0,6237130,53898310,497070,18951120,202204.0
56,A10025683,0,0,0,0,0,0,7954830,26117950,113710,11774000,202204.0
57,A10027551,,,,,,,,,,,202204.0
58,A10026834,0,0,6510,0,0,0,3821640,45283560,769410,17880600,202204.0
59,A10025018,,,,,,,,,,,202204.0
60,A10024947,0,0,0,0,0,0,10468922,26343810,-176260,12701570,202204.0
61,A10023994,0,0,0,0,0,0,20709850,0,120110,5081080,202204.0
62,A10024831,0,0,0,0,0,0,17932890,82423990,-3206130,38227230,202204.0
63,A10024313,0,0,0,0,0,0,34600790,32350270,14360840,14295670,202204.0
64,A12289501,0,0,0,0,0,0,23012740,0,8203390,0,202204.0
65,A12289401,0,0,0,0,0,0,1384870,4683730,70000,0,202204.0
66,A12208001,0,0,0,0,0,0,1087660,8582790,0,0,202204.0
67,A12208203,0,0,0,0,0,0,1689280,6098530,704040,3489360,202204.0
68,A12208205,0,0,50680,0,0,0,3405380,13567370,249650,9701100,202204.0
69,A12208103,0,0,176990,0,0,0,1152550,10836360,89000,5126120,202204.0
70,A12208204,0,0,0,0,0,0,2063960,16084650,499860,9113650,202204.0
71,A12208002,0,0,0,0,0,0,10013670,0,4728340,0,202204.0
72,A12208102,0,0,0,0,0,0,3077800,7287730,0,5173330,202204.0
73,A12208104,0,0,0,0,0,0,1250900,10085290,0,0,202204.0
74,A12289402,0,0,0,0,0,0,1963777,6485100,0,3710060,202204.0
75,A12208101,0,0,0,0,0,0,1509802,4827890,0,2367500,202204.0
76,A12208105,0,0,74130,0,0,0,14188390,0,7154440,0,202204.0
77,A10025659,0,0,77820,0,0,0,2715370,15776920,18430,6471740,202204.0
78,A12294102,0,0,0,0,0,0,4205462,15516320,0,8625480,202204.0
79,A10024581,,,,,,,,,,,202204.0
80,A10024769,,,,,,,,,,,202204.0
81,A10023875,0,0,0,0,0,0,5510,2771690,0,2575650,202204.0
82,A41279902,1926910,6049050,0,0,84640,8364640,4474680,10251480,0,6463510,202204.0
83,A12220002,3742930,6280600,0,0,0,7694400,4322740,17254100,-49100,6778020,202204.0
84,A41279917,3227010,8063550,0,0,0,7160400,3516310,13108150,572480,6945900,202204.0
85,A41279927,2542530,6037500,0,0,18060,6597060,7550590,16134530,255930,7234990,202204.0
86,A41279924,4718900,13326110,0,0,0,13624560,9554553,32703890,2023780,10948720,202204.0
87,A41279915,13949350,10251000,0,0,-11122800,11091600,3342740,17658090,20680,8715900,202204.0
88,A41279925,1558920,4108950,0,0,0,4403000,1379687,8798180,250050,3941640,202204.0
89,A41279922,1713490,5406020,0,0,0,1728940,741480,8150170,678230,3091870,202204.0
90,A12220005,5794890,7782400,660,0,0,14041500,1399590,21633040,0,12086970,202204.0
91,A41279910,5234870,14447400,0,0,0,15495000,7645064,31954490,260820,17200800,202204.0
92,A12220003,10168650,0,0,0,7383850,0,15969666,0,7638430,0,202204.0
93,A41279926,,,,,,,,,,,202204.0
94,A41279913,2565060,8034000,0,0,0,9705000,4828720,17909400,351010,9227290,202204.0
95,A41279905,1733820,4035150,0,0,0,5784600,3685166,10431200,-52190,5730480,202204.0
96,A41279916,407190,5320800,0,0,0,9061500,1212550,14297010,0,7423590,202204.0
97,A41279923,2897870,9672660,0,0,0,6295380,2262400,15837740,53930,7289470,202204.0
98,A41279912,4435110,15098000,0,0,0,13648800,7845710,25314110,370760,12651570,202204.0
99,A41279920,8541000,8541000,0,0,10696400,10696400,20551690,21634190,12909670,12903370,202204.0
100,A12220004,10178300,10072700,0,0,11072910,11024930,22274010,21211210,9762250,9748140,202204.0
101,A41279908,1536360,5184480,0,0,0,2389200,4562000,10916230,204950,5476230,202204.0
102,A41279931,4737000,8751000,0,0,0,14397000,6591230,21828880,0,14011420,202204.0
103,A41279918,15449440,12479250,0,0,0,0,5526410,25536800,730750,9570590,202204.0
104,A41279904,1334680,3803590,0,0,0,7330960,1077320,13209030,380790,7220480,202204.0
105,A41279929,11648950,7991900,0,0,-7437240,7434410,2291677,18821350,291670,9315500,202204.0
106,A41279914,2995030,8706600,0,0,0,8826000,300124,21217530,118510,8532630,202204.0
107,A41279906,1376590,5472480,0,0,0,3807300,2204403,10526110,-167120,5218290,202204.0
108,A41279911,4043560,7088640,0,0,0,13014300,3089620,24744070,406080,11620700,202204.0
109,A41279909,8312260,0,0,0,0,0,10854510,0,3677010,0,202204.0
110,A41279930,-2131200,2113200,0,0,-8242500,8172500,7152690,7259300,0,6742790,202204.0
111,A41279903,2031410,5973810,0,0,0,10164030,2925855,15210490,129820,7646280,202204.0
112,A41279907,948330,4518130,0,0,0,2992000,2510535,6068210,190190,3673940,202204.0
113,A12220001,1769020,3447000,0,0,0,4522000,3025240,6451230,358810,3750590,202204.0
114,A41279928,2605620,2916400,0,0,0,9830140,3714640,16083590,0,9206940,202204.0
115,A41279901,3128730,8681520,0,0,0,7133600,6466125,14098820,599080,6473270,202204.0
116,A41279932,12446970,2545200,0,0,-9347380,9280240,4500190,19324410,342110,8184220,202204.0
117,A41279919,,,,,,,,,,,202204.0
118,A41279921,7955320,7380240,4620,0,0,22514800,7196240,32678940,171240,21396020,202204.0
119,A10025677,0,527930,0,0,0,5078500,1454780,6084910,0,3329810,202204.0
120,A10025765,2293060,3005210,0,0,0,7463800,5085630,17596250,-38030,6446510,202204.0
121,A10026376,3387590,713110,0,0,0,0,639150,3957610,159250,2167200,202204.0
