,kaptCode,heatC,heatP,gasC,gasP,waterHotC,waterHotP,electC,electP,waterCoolC,waterCoolP,Date
0,A12287204,0,0,0,0,0,0,3669450,37030750,0,0,202209.0
1,A12287203,0,0,0,0,0,0,1422092,6306890,0,7644710,202209.0
2,A12287202,0,0,0,0,0,0,957520,10594560,36680,4598300,202209.0
3,A12209001,0,0,0,0,0,0,1640140,7044050,31920,6559020,202209.0
4,A10024828,0,0,0,0,0,0,66137917,0,19057800,0,202209.0
5,A10024086,0,0,0,0,0,0,12352795,37592664,92450,8825410,202209.0
6,A12283603,0,0,0,0,0,0,103807,15699970,0,0,202209.0
7,A12283602,0,0,0,0,0,0,2572129,9289270,0,6013180,202209.0
8,A12283601,0,0,0,0,0,0,2507480,9181120,0,4275430,202209.0
9,A10027816,0,0,24220,0,0,0,10772240,73328990,1017190,20804120,202209.0
10,A10025836,0,0,0,0,0,0,17155114,39090380,0,14724400,202209.0
11,A10025846,0,0,7780,0,0,0,6708840,62641690,99740,18349060,202209.0
12,A10024774,,,,,,,,,,,202209.0
13,A12284701,0,0,0,0,0,0,1761310,6915450,-327010,3794790,202209.0
14,A12285703,8036890,0,0,0,0,10972500,10178131,38120350,1275460,21911890,202209.0
15,A12204002,0,0,0,0,0,0,2589433,12166195,0,0,202209.0
16,A12204004,0,0,0,0,0,0,6625980,59803110,0,22440540,202209.0
17,A12204006,0,0,0,0,0,0,8146930,18948070,0,9332350,202209.0
18,A12204001,0,0,0,0,0,0,613130,5519930,0,2779070,202209.0
19,A12204003,0,0,0,0,0,0,9763900,31619810,400110,12131820,202209.0
20,A12204102,79250,0,0,0,0,0,4606260,32367110,0,12622600,202209.0
21,A12275201,0,0,0,0,0,0,9205943,32431790,0,11976280,202209.0
22,A12275202,0,0,0,0,0,0,16390396,51291190,563970,15947700,202209.0
23,A10028056,0,0,0,0,0,0,1142690,4168340,232260,2157760,202209.0
24,A12204005,,,,,,,,,,,202209.0
25,A10026061,,,,,,,,,,,202209.0
26,A10027568,,,,,,,,,,,202209.0
27,A10027569,,,,,,,,,,,202209.0
28,A10024026,0,0,0,0,0,0,3629580,5763990,0,0,202209.0
29,A10024198,,,,,,,,,,,202209.0
30,A12281801,0,0,0,0,0,0,1821687,6404970,441600,0,202209.0
31,A12281702,0,0,0,0,0,0,3123645,8605090,682260,5566660,202209.0
32,A12205001,0,0,0,0,0,0,1788230,7466240,-114920,3708040,202209.0
33,A12281701,0,0,0,0,0,0,475250,9855660,301000,8239880,202209.0
34,A10024128,,,,,,,,,,,202209.0
35,A12282201,0,0,0,0,0,0,1718360,7641440,0,0,202209.0
36,A12282203,0,0,0,0,0,0,1957142,21307090,0,0,202209.0
37,A12282102,0,0,0,0,0,0,3106610,9172720,41300,3958370,202209.0
38,A12205004,0,0,0,0,0,0,3618480,11708540,270,7054780,202209.0
39,A12205003,0,0,0,0,0,0,567163,16548220,0,6871540,202209.0
40,A12276901,0,0,0,0,0,0,3045540,0,1442710,0,202209.0
41,A10023734,0,0,0,0,0,0,3323660,5016790,256500,2328060,202209.0
42,A12284501,0,0,0,0,0,0,4349560,11455440,344940,6840310,202209.0
43,A10023467,,,,,,,,,,,202209.0
44,A12201101,0,0,1440,0,0,0,855940,0,0,0,202209.0
45,A12201103,0,0,0,0,0,0,0,17355650,200800,7258170,202209.0
46,A12201001,0,0,0,0,0,0,2817260,10554500,0,4680070,202209.0
47,A12201102,0,0,0,0,0,0,3028760,9382610,540,5610830,202209.0
48,A12201301,0,0,0,0,0,0,1394820,0,100500,0,202209.0
49,A12293002,0,0,0,0,0,0,1754310,10389700,0,0,202209.0
50,A12201002,0,0,0,0,0,0,23686576,42653060,0,18049170,202209.0
51,A12290901,0,0,0,0,0,0,9737715,40456270,0,14976710,202209.0
52,A12201003,0,0,0,0,0,0,15408453,52067120,-220,21276280,202209.0
53,A12201005,0,0,0,0,0,0,6138452,20241120,152720,6926720,202209.0
54,A12201004,0,0,0,0,0,0,1844559,8283870,0,4353370,202209.0
55,A10025310,0,0,0,0,0,0,8834620,60248820,55070,19938140,202209.0
56,A10025683,0,0,0,0,0,0,13222890,32037900,137030,11641220,202209.0
57,A10027551,,,,,,,,,,,202209.0
58,A10026834,0,0,16550,0,0,0,7170230,54839610,690740,18333530,202209.0
59,A10025018,,,,,,,,,,,202209.0
60,A10024947,0,0,0,0,0,0,13629338,33964120,-420140,12736130,202209.0
61,A10023994,0,0,0,0,0,0,21197680,0,22280,5202410,202209.0
62,A10024831,0,0,0,0,0,0,120756690,0,37041920,0,202209.0
63,A10024313,0,0,0,0,0,0,39165160,37096250,14244990,14163470,202209.0
64,A12289501,0,0,0,0,0,0,27078900,0,8440270,0,202209.0
65,A12289401,0,0,0,0,0,0,714980,5641830,103540,0,202209.0
66,A12208001,0,0,0,0,0,0,928760,10265920,150400,7607770,202209.0
67,A12208203,0,0,0,0,0,0,1486460,6656970,578840,3539580,202209.0
68,A12208205,0,0,9860,0,0,0,2921542,15054190,114480,9933740,202209.0
69,A12208103,0,0,8860,0,0,0,452080,12320920,89000,5622860,202209.0
70,A12208204,0,0,0,0,0,0,1991500,17289290,509730,9167600,202209.0
71,A12208002,0,0,0,0,0,0,10257600,0,4880010,0,202209.0
72,A12208102,0,0,0,0,0,0,2726610,8446770,5271950,5271950,202209.0
73,A12208104,0,0,0,0,0,0,607920,11394960,49820,0,202209.0
74,A12289402,0,0,0,0,0,0,1845700,7887330,0,3714260,202209.0
75,A12208101,0,0,0,0,0,0,1455395,5678420,0,2738240,202209.0
76,A12208105,0,0,9140,0,0,0,14476650,0,7104080,0,202209.0
77,A10025659,0,0,0,0,0,0,1893130,17784370,46270,6194490,202209.0
78,A12294102,0,0,0,0,0,0,4029203,16836270,0,6690650,202209.0
79,A10024581,,,,,,,,,,,202209.0
80,A10024769,,,,,,,,,,,202209.0
81,A10023875,0,0,0,0,0,0,21387630,69151780,3034800,18079380,202209.0
82,A41279902,2152170,358800,0,0,51040,4782280,3622516,11160490,0,6255680,202209.0
83,A12220002,2627520,680000,0,0,0,4629240,5053100,19606028,-271470,6984330,202209.0
84,A41279917,2532730,887800,0,0,0,4826250,4425436,14005140,202890,6992310,202209.0
85,A41279927,2450900,39100,0,0,20000,4772500,9711220,22423640,178660,7173190,202209.0
86,A41279924,4601170,1011150,0,0,0,10837800,7820651,35231296,924380,11667490,202209.0
87,A41279915,3140650,250000,0,0,7781500,7769650,22770790,18570920,8669090,8595800,202209.0
88,A41279925,1461140,0,0,0,0,3304000,2106862,9443300,179380,3962240,202209.0
89,A41279922,1275000,0,0,0,0,2101120,447620,9090600,177560,3454790,202209.0
90,A12220005,12048130,1346400,770,0,-8649300,8626200,1857503,23400980,0,11436620,202209.0
91,A41279910,6210260,920550,0,0,0,10379100,9029472,40983680,1006220,17486690,202209.0
92,A12220003,3599640,0,0,0,6148800,0,17042623,0,7443090,0,202209.0
93,A41279926,,,,,,,,,,,202209.0
94,A41279913,2479940,209000,0,0,0,6487600,3918707,21813820,179770,8481840,202209.0
95,A41279905,1480310,157000,0,0,0,3953070,3561616,12213260,26620,5647190,202209.0
96,A41279916,0,179550,0,0,0,5771520,693720,15384600,235140,7034040,202209.0
97,A41279923,2914980,1033600,0,0,0,4742750,4620072,17012100,51440,7351420,202209.0
98,A41279912,4284230,1524000,0,0,0,10979800,7895660,32081260,667420,11849110,202209.0
99,A41279920,0,0,0,0,7587000,7587000,22095830,23165830,11769980,11769980,202209.0
100,A12220004,2129740,232100,0,0,0,7549990,2095020,25217670,0,10050080,202209.0
101,A41279908,1538920,320800,0,0,0,1480050,2499010,13317580,83050,5776570,202209.0
102,A41279931,4233090,54000,0,0,0,10053000,7173090,23122580,0,14238470,202209.0
103,A41279918,9235450,550200,0,0,0,0,6930846,27658730,3135270,9338180,202209.0
104,A41279904,2505020,386400,0,0,0,4963360,957258,13973930,458360,6975620,202209.0
105,A41279929,8507570,323000,0,0,-5203860,5198700,3014287,20073270,-52170,8954930,202209.0
106,A41279914,2838060,438000,0,0,0,6262400,853344,20300120,218300,8324500,202209.0
107,A41279906,1165960,370500,0,0,0,3668000,2912996,11950134,-189000,5341770,202209.0
108,A41279911,2756970,264750,0,0,0,8679040,81492,32597420,0,15585700,202209.0
109,A41279909,4002160,0,0,0,0,0,11188520,0,3227520,0,202209.0
110,A41279930,-64120,64120,0,0,-4770900,4743900,4273610,11380520,0,7949020,202209.0
111,A41279903,1942940,523970,770,0,0,5097080,3047935,16171860,364150,7076730,202209.0
112,A41279907,811610,152600,0,0,0,2361600,1863343,7362370,-428660,3697110,202209.0
113,A12220001,1432000,464950,0,0,0,2678400,3294690,6964450,434460,3619020,202209.0
114,A41279928,2395560,0,0,0,0,5331040,4615694,18582540,0,8810470,202209.0
115,A41279901,2524520,868800,0,0,0,4732800,5984572,16755800,689100,6452860,202209.0
116,A41279932,7809930,0,0,0,-5456160,5423760,5316202,20211480,127230,7597520,202209.0
117,A41279919,,,,,,,,,,,202209.0
118,A41279921,6102000,457240,9310,0,0,12487800,9198260,34968800,885560,21126150,202209.0
119,A10025677,0,36730,0,0,0,2770950,2020310,10161970,0,3436350,202209.0
120,A10025765,2238630,75300,0,0,0,3925000,7103910,23533480,-41090,6354070,202209.0
121,A10026376,1931240,0,0,0,0,0,2263600,5676880,46570,2221800,202209.0
