,kaptCode,heatC,heatP,gasC,gasP,waterHotC,waterHotP,electC,electP,waterCoolC,waterCoolP,Date
0,A15106001,0,0,0,0,0,0,2020310,4902710,408850,3041100,202106.0
1,A15192201,0,0,0,0,0,0,5899342,16011070,215930,8708610,202106.0
2,A15181602,0,0,3610,0,0,0,9244792,0,4415290,0,202106.0
3,A15178203,0,0,0,0,0,0,1731770,6395000,-331200,4637940,202106.0
4,A15105302,3488340,0,0,0,9750,9750,8813701,70670840,2319990,34752510,202106.0
5,A15106103,0,0,0,0,0,0,1568090,8808870,389828,5596230,202106.0
6,A15178201,0,0,0,0,0,0,15381293,67022340,0,45091370,202106.0
7,A15178202,0,0,0,0,0,0,1357156,10786920,0,5457220,202106.0
8,A15180705,12580,0,0,0,0,0,29197166,114195860,26572360,36253000,202106.0
9,A15176202,0,0,0,0,0,0,52134046,0,23602550,0,202106.0
10,A15106101,0,0,7100,0,0,0,1307550,7385130,0,3432960,202106.0
11,A15105301,0,0,2810,0,0,0,1594536,3346380,224970,2850420,202106.0
12,A15184101,0,0,8840,0,0,0,1112336,15089390,297880,12551360,202106.0
13,A15180701,0,0,45930,0,0,0,2570680,7957020,16570,3857290,202106.0
14,A15105303,0,0,0,0,0,0,16292276,57950200,1407100,38167860,202106.0
15,A15105002,,,,,,,,,,,202106.0
16,A15105005,0,0,0,0,0,0,2474516,7411070,320140,8267550,202106.0
17,A15105602,0,0,0,0,0,0,1604980,8175220,-527070,5872930,202106.0
18,A15105004,0,0,0,0,0,0,4219480,22832850,273840,13355350,202106.0
19,A15192202,0,0,0,0,0,0,1428320,11459450,0,7987670,202106.0
20,A15106901,0,0,0,0,0,0,14895452,64148270,0,38633660,202106.0
21,A15105503,0,0,156800,0,0,0,3581763,22002800,0,16342990,202106.0
22,A15105006,0,0,0,0,0,0,4122820,14151570,88660,5782040,202106.0
23,A15176602,0,0,0,0,0,0,6353910,0,0,0,202106.0
24,A15105008,0,0,0,0,0,0,1905070,15005150,0,6298240,202106.0
25,A15105603,0,0,0,0,0,36366000,5374250,57373860,844500,24440000,202106.0
26,A15178204,0,0,129570,0,0,0,1042340,9200380,0,6781510,202106.0
27,A10025423,,,,,,,,,,,202106.0
28,A10026710,0,0,0,0,0,0,3464941,3464941,0,0,202106.0
29,A10025428,0,0,0,0,0,0,2392080,3495770,84370,1690790,202106.0
30,A10025092,0,0,0,0,0,0,14869005,48243560,970600,18757490,202106.0
31,A10025422,,,,,,,,,,,202106.0
32,A10024638,,,,,,,,,,,202106.0
33,A10024894,0,0,0,0,0,0,10261620,22012730,-75130,8127340,202106.0
34,A15177101,0,0,0,0,0,0,408930,6248770,0,0,202106.0
35,A15101503,0,0,0,0,0,0,1148660,15552590,63080,7284260,202106.0
36,A15176701,0,0,0,0,0,0,1944257,21226190,696340,0,202106.0
37,A15186002,0,0,0,0,0,0,2464077,10036820,-307660,5950510,202106.0
38,A15101501,0,0,0,0,0,0,762240,5531960,0,0,202106.0
39,A15188801,0,0,0,0,0,0,1611230,4257030,0,0,202106.0
40,A15101101,0,0,0,0,0,0,3126300,13456620,201340,8151450,202106.0
41,A15185201,0,0,0,0,0,0,2628044,5115210,152220,4801470,202106.0
42,A15179403,0,0,0,0,0,0,942200,18099580,0,9249110,202106.0
43,A15187101,0,0,2900,0,0,0,2047040,5948570,0,3701100,202106.0
44,A15101506,0,0,69990,0,0,0,7490134,53671340,-1095940,27979280,202106.0
45,A15101505,0,0,0,0,0,0,381960,6663840,0,3454330,202106.0
46,A15190301,0,0,0,0,0,0,8408880,0,0,0,202106.0
47,A15179701,0,0,0,0,0,0,3636070,14569110,0,8979430,202106.0
48,A15101802,0,0,30010,0,0,0,108922,11284600,12140,12019450,202106.0
49,A15101508,1200,169560,0,0,0,33336000,9140051,39664900,1559040,26674310,202106.0
50,A15188101,0,0,0,0,0,0,1465930,7479900,60660,5479110,202106.0
51,A15185704,0,0,0,0,0,0,2751831,10657390,66800,0,202106.0
52,A15101504,0,0,0,0,0,0,28887870,93797850,4475540,53661820,202106.0
53,A15102203,0,0,0,0,0,0,2639441,10840140,218870,6853560,202106.0
54,A15101507,4271400,0,0,0,0,7773000,4161280,0,0,0,202106.0
55,A15101702,0,0,0,0,0,0,1887240,8863040,507460,4954200,202106.0
56,A15102202,0,0,34970,0,0,0,1114960,9541440,0,4012410,202106.0
57,A15190705,0,0,1400,0,0,0,11162594,60560880,2386290,27128410,202106.0
58,A15101901,0,0,0,0,0,0,7725200,0,30360,0,202106.0
59,A15102902,0,0,0,0,0,0,1834480,7030860,412670,0,202106.0
60,A15101509,0,0,0,0,0,0,2477054,0,1435400,0,202106.0
61,A15101903,66640,0,0,0,0,0,3807050,22138030,-279810,13014350,202106.0
62,A15178401,,,,,,,,,,,202106.0
63,A10026910,,,,,,,,,,,202106.0
64,A10024621,,,,,,,,,,,202106.0
65,A10023661,,,,,,,,,,,202106.0
66,A10024749,,,,,,,,,,,202106.0
67,A10024634,,,,,,,,,,,202106.0
68,A15108003,46820,0,0,0,0,0,841640,6838540,0,6493150,202106.0
69,A15108001,0,0,0,0,0,0,1627430,7807970,6229550,0,202106.0
70,A10025511,,,,,,,,,,,202106.0
