,kaptCode,heatC,heatP,gasC,gasP,waterHotC,waterHotP,electC,electP,waterCoolC,waterCoolP,Date
0,A15106001,0,0,0,0,0,0,1912790,4653410,284510,3139680,202105.0
1,A15192201,0,0,0,0,0,0,3998116,14545840,378620,8319530,202105.0
2,A15181602,0,0,51800,0,0,0,9008217,0,3860950,0,202105.0
3,A15178203,0,0,0,0,0,0,610390,6709210,-25080,4404480,202105.0
4,A15105302,3380080,0,0,0,14250,14250,8002383,65560610,261000,34560210,202105.0
5,A15106103,0,0,0,0,0,0,1439960,7970130,665740,5102520,202105.0
6,A15178201,0,0,0,0,0,0,13528113,63534750,363690,42087930,202105.0
7,A15178202,0,0,0,0,0,0,1530882,10262870,0,5278280,202105.0
8,A15180705,92820,0,0,0,0,0,21026799,111824870,-328610,62065620,202105.0
9,A15176202,0,0,0,0,0,0,49168271,0,21845430,0,202105.0
10,A15106101,0,0,22430,0,0,0,1181560,6908150,0,3313430,202105.0
11,A15105301,0,0,7540,0,0,0,821900,3447240,-180150,3020070,202105.0
12,A15184101,0,0,12590,0,0,0,1301553,13747900,0,0,202105.0
13,A15180701,0,0,53800,0,0,0,2012710,7432940,18650,3838920,202105.0
14,A15105303,0,0,0,0,0,0,15481314,54751190,1220360,36009750,202105.0
15,A15105002,,,,,,,,,,,202105.0
16,A15105005,0,0,0,0,0,0,2977062,7016450,0,0,202105.0
17,A15105602,0,0,0,0,0,0,-143150,8175220,-841870,5872930,202105.0
18,A15105004,0,0,0,0,0,0,3946120,21288580,1131360,12335840,202105.0
19,A15192202,0,0,0,0,0,0,1055540,10765400,0,7369420,202105.0
20,A15106901,0,0,0,0,0,0,12893286,60799310,321900,36165280,202105.0
21,A15105503,0,0,241720,0,0,0,1674367,21549110,0,14531180,202105.0
22,A15105006,0,0,0,0,0,0,3107890,13135670,92360,6109490,202105.0
23,A15176602,0,0,0,0,0,0,5822060,0,0,0,202105.0
24,A15105008,0,0,0,0,0,0,2077300,13613050,0,6037130,202105.0
25,A15105603,0,0,0,0,7641320,39710000,5760230,53347240,1203110,20193030,202105.0
26,A15178204,0,0,229120,0,0,0,417100,9551380,0,6812670,202105.0
27,A10025423,,,,,,,,,,,202105.0
28,A10026710,0,0,0,0,0,0,1766140,1766140,2246040,2246040,202105.0
29,A10025428,0,0,0,0,0,0,2165550,3182990,182580,1690790,202105.0
30,A10025092,0,0,0,0,0,0,13788385,45021100,0,18177970,202105.0
31,A10025422,,,,,,,,,,,202105.0
32,A10024638,,,,,,,,,,,202105.0
33,A10024894,0,0,0,0,0,0,7816290,19744750,337200,8011210,202105.0
34,A15177101,0,0,0,0,0,0,6663160,5097370,0,0,202105.0
35,A15101503,0,0,0,0,0,0,1448260,14333240,25350,7154010,202105.0
36,A15176701,0,0,0,0,0,0,609135,21399030,696340,0,202105.0
37,A15186002,0,0,0,0,0,0,3219504,8968390,-61040,5747480,202105.0
38,A15101501,0,0,0,0,0,0,0,4989040,244,5216630,202105.0
39,A15188801,0,0,0,0,0,0,1181920,4385640,249990,5137310,202105.0
40,A15101101,0,0,0,0,0,0,3827850,12642550,-343650,8597760,202105.0
41,A15185201,0,0,0,0,0,0,1617863,5810360,0,0,202105.0
42,A15179403,0,0,0,0,0,0,4271430,13525420,0,8906480,202105.0
43,A15187101,0,0,4500,0,0,0,1670540,5802110,0,3544230,202105.0
44,A15101506,0,0,105080,0,0,0,11322096,47726920,353170,23090220,202105.0
45,A15101505,0,0,0,0,0,0,324090,7824110,10,3249750,202105.0
46,A15190301,0,0,0,0,0,0,7544700,0,0,0,202105.0
47,A15179701,0,0,0,0,0,0,3525420,13726780,0,8504510,202105.0
48,A15101802,0,0,90020,0,0,0,13480156,11657540,0,0,202105.0
49,A15101508,-1807,22772430,0,0,0,35760000,4811606,43486910,5360090,23785710,202105.0
50,A15188101,0,0,0,0,0,0,1729460,6720490,15130,5095860,202105.0
51,A15185704,0,0,0,0,0,0,3183459,9594220,130000,0,202105.0
52,A15101504,0,0,0,0,0,0,26766180,87983000,1849840,55004070,202105.0
53,A15102203,0,0,0,0,0,0,2601347,10706160,14100,6998880,202105.0
54,A15101507,16256940,0,0,0,0,9177000,3802800,0,0,0,202105.0
55,A15101702,0,0,0,0,0,0,1572130,8309400,536420,5420860,202105.0
56,A15102202,0,0,0,0,0,0,647700,9420250,0,4427650,202105.0
57,A15190705,0,0,146010,0,0,0,9747448,57189940,1864840,27919950,202105.0
58,A15101901,0,0,0,0,0,0,7343910,0,0,0,202105.0
59,A15102902,0,0,0,0,0,0,1829930,7256610,412670,0,202105.0
60,A15101509,0,0,0,0,0,0,2117390,0,1372400,0,202105.0
61,A15101903,128210,0,0,0,0,0,5158670,19469410,398100,11535270,202105.0
62,A15178401,,,,,,,,,,,202105.0
63,A10026910,,,,,,,,,,,202105.0
64,A10024621,,,,,,,,,,,202105.0
65,A10023661,,,,,,,,,,,202105.0
66,A10024749,,,,,,,,,,,202105.0
67,A10024634,,,,,,,,,,,202105.0
68,A15108003,66270,0,0,0,0,0,741440,6789520,0,0,202105.0
69,A15108001,0,0,0,0,0,0,1192710,7167240,-6167700,6167700,202105.0
70,A10025511,,,,,,,,,,,202105.0
