,kaptCode,heatC,heatP,gasC,gasP,waterHotC,waterHotP,electC,electP,waterCoolC,waterCoolP,Date
0,A15106001,0,0,0,0,0,0,838840,7926600,424900,3252210,202108.0
1,A15192201,0,0,0,0,0,0,5294311,27268290,404780,8941660,202108.0
2,A15181602,0,0,0,0,0,0,19073084,0,5538060,0,202108.0
3,A15178203,0,0,0,0,0,0,2230530,8410920,-480080,5301380,202108.0
4,A15105302,3674000,0,0,0,1500,1500,465887,119845660,1115550,36068340,202108.0
5,A15106103,0,0,0,0,0,0,-1234000,14413070,511340,5805170,202108.0
6,A15178201,0,0,0,0,0,0,15582913,111529630,3064540,47206780,202108.0
7,A15178202,0,0,0,0,0,0,619740,20035380,0,5917870,202108.0
8,A15180705,20720,0,0,0,0,0,34572152,186120290,-341290,69152790,202108.0
9,A15176202,0,0,0,0,0,0,81789142,0,24715390,0,202108.0
10,A15106101,0,0,3060,0,0,0,1080620,11546100,0,3609110,202108.0
11,A15105301,0,0,1510,0,0,0,1682170,4906760,458310,3056310,202108.0
12,A15184101,0,0,4760,0,0,0,1247505,23908780,572340,13340900,202108.0
13,A15180701,0,0,0,0,0,0,2257060,14363760,2240,4035620,202108.0
14,A15105303,0,0,0,0,0,0,27277098,116890910,1010110,41124230,202108.0
15,A15105002,,,,,,,,,,,202108.0
16,A15105005,0,0,0,0,0,0,1841741,9346850,8740,8650620,202108.0
17,A15105602,0,0,0,0,0,0,-35250,11514960,-193420,6195860,202108.0
18,A15105004,0,0,0,0,0,0,1755800,43020810,702840,14115820,202108.0
19,A15192202,0,0,0,0,0,0,8680,17099430,0,8296230,202108.0
20,A15106901,0,0,0,0,0,0,11719907,117392070,981490,41300910,202108.0
21,A15105503,0,0,20380,0,0,0,1304350,31982290,0,17358020,202108.0
22,A15105006,0,0,0,0,0,0,4245927,22309400,99290,6353490,202108.0
23,A15176602,0,0,0,0,0,0,9074750,0,0,0,202108.0
24,A15105008,0,0,0,0,0,0,1051260,32243740,0,6710520,202108.0
25,A15105603,0,0,0,0,8261860,3683,829470,658927,1919760,26756,202108.0
26,A15178204,0,0,155780,0,0,0,190500,14831910,216580,7462370,202108.0
27,A10025423,,,,,,,,,,,202108.0
28,A10026710,0,0,0,0,0,0,5551960,5551960,0,0,202108.0
29,A10025428,0,0,0,0,0,0,2091710,4538890,62580,1914280,202108.0
30,A10025092,0,0,0,0,0,0,23099387,100769210,590,20608000,202108.0
31,A10025422,,,,,,,,,,,202108.0
32,A10024638,,,,,,,,,,,202108.0
33,A10024894,0,0,0,0,0,0,12050170,29197420,302870,8514820,202108.0
34,A15177101,0,0,0,0,0,0,2585540,7713570,0,0,202108.0
35,A15101503,0,0,0,0,0,0,-1224920,33477530,24480,7706030,202108.0
36,A15176701,0,0,0,0,0,0,1417784,28985230,584500,0,202108.0
37,A15186002,0,0,0,0,0,0,3771930,17139440,50250,5995840,202108.0
38,A15101501,0,0,0,0,0,0,1835240,11292920,0,0,202108.0
39,A15188801,0,0,0,0,0,0,731400,7146800,0,0,202108.0
40,A15101101,0,0,0,0,0,0,1002040,18781300,618350,8795310,202108.0
41,A15185201,0,0,0,0,0,0,2975616,10457610,29210,5031830,202108.0
42,A15179403,0,0,0,0,0,0,952390,24574740,0,9808960,202108.0
43,A15187101,0,0,720,0,0,0,2188600,10721530,0,3900690,202108.0
44,A15101506,0,0,14480,0,0,0,6459051,71416320,-266230,27469140,202108.0
45,A15101505,0,0,0,0,0,0,-350530,13941920,0,3352640,202108.0
46,A15190301,0,0,0,0,0,0,12798420,0,0,0,202108.0
47,A15179701,0,0,0,0,0,0,5163340,28324820,0,9307560,202108.0
48,A15101802,0,0,0,0,0,0,18324273,16646480,13313050,13313050,202108.0
49,A15101508,-2786,3826040,0,0,0,17838000,0,51278430,5532170,27292310,202108.0
50,A15188101,0,0,0,0,0,0,1646490,10983210,158390,5941640,202108.0
51,A15185704,0,0,0,0,0,0,557864,19078480,220420,0,202108.0
52,A15101504,0,0,0,0,0,0,28554540,156538630,3715534,59396020,202108.0
53,A15102203,0,0,0,0,0,0,1860113,16331220,14520,7527880,202108.0
54,A15101507,2086180,0,0,0,0,5253000,4837340,0,0,0,202108.0
55,A15101702,0,0,0,0,0,0,155780,13037130,534310,5599250,202108.0
56,A15102202,0,0,0,0,0,0,639110,17692560,0,4555330,202108.0
57,A15190705,0,0,2260,0,0,0,10315077,137728850,2690290,29498670,202108.0
58,A15101901,0,0,0,0,0,0,12795900,0,33990,0,202108.0
59,A15102902,0,0,0,0,0,0,1381530,9171210,265700,0,202108.0
60,A15101509,0,0,0,0,0,0,2700391,0,1442600,0,202108.0
61,A15101903,10490,0,0,0,0,0,3853120,41022950,172590,14150760,202108.0
62,A15178401,,,,,,,,,,,202108.0
63,A10026910,,,,,,,,,,,202108.0
64,A10024621,,,,,,,,,,,202108.0
65,A10023661,,,,,,,,,,,202108.0
66,A10024749,,,,,,,,,,,202108.0
67,A10024634,,,,,,,,,,,202108.0
68,A15108003,9000,0,0,0,0,0,1296600,10458700,0,6856840,202108.0
69,A15108001,0,0,0,0,0,0,2537800,13555650,341000,6562730,202108.0
70,A10025511,,,,,,,,,,,202108.0
