,kaptCode,heatC,heatP,gasC,gasP,waterHotC,waterHotP,electC,electP,waterCoolC,waterCoolP,Date
0,A15106001,0,0,0,0,0,0,2269430,4987830,339010,2785350,202104.0
1,A15192201,0,0,0,0,0,0,5880712,15304280,89090,8609060,202104.0
2,A15181602,0,0,79140,0,0,0,9842349,0,140560,0,202104.0
3,A15178203,0,0,0,0,0,0,2364430,6063070,14220,4504560,202104.0
4,A15105302,2910190,0,0,0,0,8250,10887301,68135590,0,32796660,202104.0
5,A15106103,0,0,0,0,0,0,1785440,8450170,503390,5264870,202104.0
6,A15178201,0,0,0,0,0,0,16238993,66017410,776530,44214590,202104.0
7,A15178202,0,0,0,0,0,0,1721278,10966610,0,5601910,202104.0
8,A15180705,254910,0,0,0,0,0,29648578,111103360,78710,62653690,202104.0
9,A15176202,0,0,0,0,0,0,51985145,0,22196810,0,202104.0
10,A15106101,0,0,100560,0,0,0,1463070,7121100,0,3447130,202104.0
11,A15105301,0,0,8920,0,0,0,1769730,3199310,411400,2560200,202104.0
12,A15184101,0,0,19570,0,0,0,1519991,14561960,338190,12468980,202104.0
13,A15180701,0,0,80310,0,0,0,2070980,8066090,177390,3680180,202104.0
14,A15105303,0,0,0,0,0,0,15976483,60216320,195090,38717640,202104.0
15,A15105002,,,,,,,,,,,202104.0
16,A15105005,0,0,0,0,0,0,2849475,6766300,370330,7745160,202104.0
17,A15105602,0,0,0,0,0,0,2099110,8713010,-308290,5224590,202104.0
18,A15105004,0,0,0,0,0,0,4617170,22136360,208920,12616470,202104.0
19,A15192202,0,0,0,0,0,0,1634720,11871570,0,7814240,202104.0
20,A15106901,0,0,0,0,0,0,14544784,64592580,0,38026860,202104.0
21,A15105503,0,0,472720,0,0,0,4235940,22156820,0,9462560,202104.0
22,A15105006,0,0,0,0,0,0,3351309,14070310,86600,5673710,202104.0
23,A15176602,0,0,0,0,0,0,1060880,5233870,0,0,202104.0
24,A15105008,0,0,0,0,0,0,1828772,15240190,0,6271190,202104.0
25,A15105603,0,4595640,0,0,0,46453000,7594910,56600040,1660930,19487440,202104.0
26,A15178204,0,0,370010,0,0,0,1586460,9113130,341010,6489200,202104.0
27,A10025423,,,,,,,,,,,202104.0
28,A10026710,0,0,0,0,0,0,1961970,1961970,0,0,202104.0
29,A10025428,0,0,0,0,0,0,2016410,2931250,130070,1626450,202104.0
30,A10025092,0,0,0,0,0,0,16785667,49924090,455520,18893220,202104.0
31,A10025422,,,,,,,,,,,202104.0
32,A10024638,,,,,,,,,,,202104.0
33,A10024894,0,0,0,0,0,0,6999580,18833380,341200,7669420,202104.0
34,A15177101,0,0,0,0,0,0,7142280,6740620,0,0,202104.0
35,A15101503,0,0,0,0,0,0,1057450,15829240,24630,6862950,202104.0
36,A15176701,0,0,0,0,0,0,1271947,21964420,932580,0,202104.0
37,A15186002,0,0,0,0,0,0,4072261,9332890,-147190,5509240,202104.0
38,A15101501,0,0,0,0,0,0,0,5302140,0,0,202104.0
39,A15188801,0,0,0,0,0,0,1571670,4392530,0,0,202104.0
40,A15101101,0,0,0,0,0,0,3958290,11876390,-34070,8058700,202104.0
41,A15185201,0,0,0,0,0,0,1909393,5542670,78860,4236480,202104.0
42,A15179403,0,0,0,0,0,0,814150,18397860,0,8307040,202104.0
43,A15187101,0,0,6460,0,0,0,1997360,5818080,0,3627060,202104.0
44,A15101506,0,0,108930,0,0,0,6440922,56432510,-227520,24913670,202104.0
45,A15101505,0,0,0,0,0,0,494150,7334540,0,3347950,202104.0
46,A15190301,0,0,0,0,0,0,8283710,0,0,0,202104.0
47,A15179701,0,0,0,0,0,0,3591580,14916390,0,8461330,202104.0
48,A15101802,0,0,88220,0,0,0,12962369,11158410,11767,11849820,202104.0
49,A15101508,2491,43009970,0,0,0,40800000,8616471,38065650,2812320,24567540,202104.0
50,A15188101,0,0,0,0,0,0,1428620,7868290,17260,5719170,202104.0
51,A15185704,0,0,0,0,0,0,2680409,10097270,258000,0,202104.0
52,A15101504,0,0,0,0,0,0,28380846,92952090,-324304,54280010,202104.0
53,A15102203,0,0,0,0,0,0,3285774,11063770,251600,6593130,202104.0
54,A15101507,23623380,0,0,0,0,9531000,4515760,0,0,0,202104.0
55,A15101702,0,0,0,0,0,0,1946230,8761220,438280,5156660,202104.0
56,A15102202,0,0,0,0,0,0,4331640,6313980,0,3854200,202104.0
57,A15190705,0,0,220840,0,0,0,8345077,63607220,1998970,24678170,202104.0
58,A15101901,0,0,0,0,0,0,8029890,0,24580,0,202104.0
59,A15102902,0,0,0,0,0,0,1908110,7041360,412670,0,202104.0
60,A15101509,0,0,0,0,0,0,1990790,0,1265450,0,202104.0
61,A15101903,227310,0,0,0,0,0,5695500,21449250,216650,12011190,202104.0
62,A15178401,,,,,,,,,,,202104.0
63,A10026910,,,,,,,,,,,202104.0
64,A10024621,,,,,,,,,,,202104.0
65,A10023661,,,,,,,,,,,202104.0
66,A10024749,,,,,,,,,,,202104.0
67,A10024634,,,,,,,,,,,202104.0
68,A15108003,73230,0,0,0,0,0,819550,7543310,0,6332600,202104.0
69,A15108001,0,0,0,0,0,0,2603830,6393150,6840210,0,202104.0
70,A10025511,,,,,,,,,,,202104.0
