,kaptCode,heatC,heatP,gasC,gasP,waterHotC,waterHotP,electC,electP,waterCoolC,waterCoolP,Date
0,A15106001,0,0,0,0,0,0,1444550,5163300,222920,3361020,202109.0
1,A15192201,0,0,0,0,0,0,4033688,16579430,407050,9070010,202109.0
2,A15181602,0,0,0,0,0,0,9546024,0,4950190,0,202109.0
3,A15178203,0,0,0,0,0,0,-1117330,9137370,-584400,5112120,202109.0
4,A15105302,3421000,0,0,0,29250,29250,218363,74554820,0,35443020,202109.0
5,A15106103,0,0,0,0,0,0,1030050,8898400,343320,5678580,202109.0
6,A15178201,0,0,0,0,0,0,11704293,70529890,0,46655480,202109.0
7,A15178202,0,0,0,0,0,0,877554,11482220,0,5707620,202109.0
8,A15180705,8240,0,0,0,0,0,20645103,123082250,-331490,65409000,202109.0
9,A15176202,0,0,0,0,0,0,50923309,0,24110770,0,202109.0
10,A15106101,0,0,5070,0,0,0,663370,7485980,0,3642360,202109.0
11,A15105301,0,0,800,0,0,0,-773560,6002530,-147080,3493940,202109.0
12,A15184101,0,0,10880,0,0,0,1215673,14703670,0,0,202109.0
13,A15180701,0,0,0,0,0,0,1881360,8149740,13710,3830110,202109.0
14,A15105303,0,0,0,0,0,0,12109275,66532710,1173450,40707670,202109.0
15,A15105002,,,,,,,,,,,202109.0
16,A15105005,0,0,0,0,0,0,2477751,7527310,0,0,202109.0
17,A15105602,0,0,0,0,0,0,1264270,8683260,-502770,5797690,202109.0
18,A15105004,0,0,0,0,0,0,2568560,24296790,216480,14018970,202109.0
19,A15192202,0,0,0,0,0,0,1617760,12007490,0,7913430,202109.0
20,A15106901,0,0,0,0,0,0,6730266,71316000,324780,40993140,202109.0
21,A15105503,0,0,34260,0,0,0,3539960,23508150,0,16551930,202109.0
22,A15105006,0,0,0,0,0,0,2941336,14567710,94260,6358520,202109.0
23,A15176602,0,0,0,0,0,0,6034830,0,6764260,0,202109.0
24,A15105008,0,0,0,0,0,0,1900090,16471240,0,6702450,202109.0
25,A15105603,0,0,0,0,8906270,27335000,616560,58941290,1919760,25356870,202109.0
26,A15178204,0,0,5810,0,0,0,1278610,9931700,0,6605940,202109.0
27,A10025423,,,,,,,,,,,202109.0
28,A10026710,0,0,0,0,0,0,3567140,3567140,2519730,2519730,202109.0
29,A10025428,0,0,0,0,0,0,1274920,3838950,96220,1884080,202109.0
30,A10025092,0,0,0,0,0,0,19097441,64899650,404470,20017680,202109.0
31,A10025422,,,,,,,,,,,202109.0
32,A10024638,,,,,,,,,,,202109.0
33,A10024894,0,0,0,0,0,0,6968090,22306750,435830,8132800,202109.0
34,A15177101,0,0,0,0,0,0,432840,6108900,0,0,202109.0
35,A15101503,0,0,0,0,0,0,-995980,17579970,177770,7126750,202109.0
36,A15176701,0,0,0,0,0,0,1535379,21080540,909130,0,202109.0
37,A15186002,0,0,0,0,0,0,2377755,9602590,70,6060460,202109.0
38,A15101501,0,0,0,0,0,0,1489290,5783950,398850,5061200,202109.0
39,A15188801,0,0,0,0,0,0,953990,4720240,226270,5701290,202109.0
40,A15101101,0,0,0,0,0,0,2702052,14383630,-47080,8598840,202109.0
41,A15185201,0,0,0,0,0,0,1831771,6363350,0,0,202109.0
42,A15179403,0,0,0,0,0,0,869020,19638470,0,11163840,202109.0
43,A15187101,0,0,0,0,0,0,1512100,6169300,0,3874140,202109.0
44,A15101506,0,0,12120,0,0,0,5218736,54327150,-378530,27673140,202109.0
45,A15101505,0,0,0,0,0,0,-332460,8178110,0,3196280,202109.0
46,A15190301,0,0,0,0,0,0,8620040,0,112040,0,202109.0
47,A15179701,0,0,0,0,0,0,2657450,15268060,0,8912390,202109.0
48,A15101802,0,0,800,0,0,0,13407659,11875760,0,0,202109.0
49,A15101508,2385,1564900,0,0,0,25284000,5603749,43287180,3522030,24908930,202109.0
50,A15188101,0,0,0,0,0,0,1437300,7836100,94360,5982140,202109.0
51,A15185704,0,0,0,0,0,0,1905582,12092360,160000,0,202109.0
52,A15101504,0,0,0,0,0,0,29416040,92389530,4543694,55701700,202109.0
53,A15102203,0,0,0,0,0,0,2441514,11685770,13560,6987080,202109.0
54,A15101507,2669440,0,0,0,0,8019000,4226760,0,0,0,202109.0
55,A15101702,0,0,0,0,0,0,1228770,9268960,170670,5689070,202109.0
56,A15102202,0,0,0,0,0,0,1354710,9201490,0,4646070,202109.0
57,A15190705,0,0,0,0,0,0,9469464,64756500,2510540,30270540,202109.0
58,A15101901,0,0,0,0,0,0,8262930,0,0,0,202109.0
59,A15102902,0,0,0,0,0,0,1607480,7388140,358590,0,202109.0
60,A15101509,0,0,0,0,0,0,2461560,0,1404200,0,202109.0
61,A15101903,21220,0,0,0,0,0,3962490,22583880,350320,12853510,202109.0
62,A15178401,,,,,,,,,,,202109.0
63,A10026910,,,,,,,,,,,202109.0
64,A10024621,,,,,,,,,,,202109.0
65,A10023661,,,,,,,,,,,202109.0
66,A10024749,,,,,,,,,,,202109.0
67,A10024634,,,,,,,,,,,202109.0
68,A15108003,7170,0,0,0,0,0,366910,7884770,0,0,202109.0
69,A15108001,0,0,0,0,0,0,2599970,6999120,-6251130,6251130,202109.0
70,A10025511,,,,,,,,,,,202109.0
