,kaptCode,heatC,heatP,gasC,gasP,waterHotC,waterHotP,electC,electP,waterCoolC,waterCoolP,Date
0,A15106001,0,0,0,0,0,0,2253860,5409670,120900,3165720,202112.0
1,A15192201,0,0,0,0,0,0,6059603,16706980,721860,7960620,202112.0
2,A15181602,0,0,51810,0,0,0,9478322,0,4618310,0,202112.0
3,A15178203,0,0,0,0,0,0,2903706,7130970,-222450,4478490,202112.0
4,A15105302,0,0,0,0,0,0,8509280,78030090,513300,33893460,202112.0
5,A15106103,0,0,0,0,0,0,1411500,9750510,236480,4938350,202112.0
6,A15178201,0,0,0,0,0,0,18073093,74006890,0,43249560,202112.0
7,A15178202,0,0,0,0,0,0,2505906,12329920,275900,5287970,202112.0
8,A15180705,1955820,0,0,0,0,0,157020388,0,71228110,0,202112.0
9,A15176202,0,0,0,0,0,0,58789757,0,21692290,0,202112.0
10,A15106101,0,0,109800,0,0,0,1059750,8272860,0,3256420,202112.0
11,A15105301,0,0,11030,0,0,0,1932610,3917410,-264650,3081590,202112.0
12,A15184101,0,0,240200,0,0,0,1232584,16263250,491530,12432090,202112.0
13,A15180701,0,0,85290,0,0,0,2652710,8436930,67710,3659670,202112.0
14,A15105303,0,0,0,0,0,0,17472466,62457727,3097620,38571490,202112.0
15,A15105002,,,,,,,,,,,202112.0
16,A15105005,0,0,0,0,0,0,5001060,8190620,0,8197000,202112.0
17,A15105602,0,0,0,0,0,0,3311410,8730900,-1191690,5479490,202112.0
18,A15105004,0,0,0,0,0,0,4529980,24584330,1108110,12280840,202112.0
19,A15192202,0,0,0,0,0,0,3921600,12099060,0,7269120,202112.0
20,A15106901,0,0,0,0,0,0,18303658,70727140,3415070,36922400,202112.0
21,A15105503,0,0,416070,0,0,0,6483236,24064180,0,15112600,202112.0
22,A15105006,0,0,0,0,0,0,4252512,14989770,89360,5850630,202112.0
23,A15176602,0,0,0,0,0,0,7799630,0,0,0,202112.0
24,A15105008,0,0,0,0,0,0,2428660,16613410,0,6258010,202112.0
25,A15105603,0,106657750,0,0,40271370,43730500,6975370,62297710,1919760,18984560,202112.0
26,A15178204,0,0,432040,0,0,0,2375620,10460680,662430,5842260,202112.0
27,A10025423,,,,,,,,,,,202112.0
28,A10026710,0,0,0,0,0,0,2608930,2608930,0,0,202112.0
29,A10025428,0,0,0,0,0,0,1789630,4507480,93110,1938350,202112.0
30,A10025092,0,0,0,0,0,0,66043352,0,18724280,0,202112.0
31,A10025422,,,,,,,,,,,202112.0
32,A10024638,,,,,,,,,,,202112.0
33,A10024894,0,0,0,0,0,0,13165480,26306920,279700,8166110,202112.0
34,A15177101,0,0,0,0,0,0,1079160,6293350,0,0,202112.0
35,A15101503,0,0,0,0,0,0,1174040,17030520,24130,7280020,202112.0
36,A15176701,0,0,0,0,0,0,2493944,22799400,1027590,0,202112.0
37,A15186002,0,0,113320,0,0,0,2793826,11178520,49860,5513110,202112.0
38,A15101501,0,0,0,0,0,0,1621000,6058320,0,0,202112.0
39,A15188801,,,,,,,,,,,202112.0
40,A15101101,0,0,0,0,0,0,4439360,15951600,439350,8106060,202112.0
41,A15185201,0,0,0,0,0,0,2696191,5439090,453500,4269000,202112.0
42,A15179403,0,0,0,0,0,0,3861540,20172330,0,8581730,202112.0
43,A15187101,0,0,1880,0,0,0,1867390,6364800,0,3674140,202112.0
44,A15101506,0,0,157370,0,0,0,7498479,62541450,629810,23511150,202112.0
45,A15101505,0,0,0,0,0,0,484410,7739490,0,3307230,202112.0
46,A15190301,0,0,0,0,0,0,9066200,0,212040,0,202112.0
47,A15179701,0,0,0,0,0,0,4659290,15826990,0,8371430,202112.0
48,A15101802,0,0,368820,0,0,0,15744563,13779980,12219490,12219490,202112.0
49,A15101508,-1640,184486340,0,0,0,40404000,22183607,44509990,3818350,22920350,202112.0
50,A15188101,0,0,0,0,0,0,1986550,8668190,94080,5107420,202112.0
51,A15185704,0,0,0,0,0,0,14903415,0,200000,0,202112.0
52,A15101504,0,0,0,0,0,0,34421070,102955500,5397344,54262530,202112.0
53,A15102203,0,0,0,0,0,0,4246047,11123750,737400,6542070,202112.0
54,A15101507,51228780,0,0,0,0,8580000,7107860,0,0,0,202112.0
55,A15101702,0,0,0,0,0,0,2098588,9546940,384670,5292290,202112.0
56,A15102202,0,0,0,0,0,0,1140150,9638080,0,5073320,202112.0
57,A15190705,0,0,1000,0,0,0,8760746,67988230,2585130,28379550,202112.0
58,A15101901,0,0,0,0,0,0,7858830,0,32160,0,202112.0
59,A15102902,0,0,0,0,0,0,2320650,8809740,201240,0,202112.0
60,A15101509,0,0,0,0,0,0,3494640,0,1403270,0,202112.0
61,A15101903,412550,0,0,0,0,0,5567150,22379430,-204500,12610480,202112.0
62,A15178401,,,,,,,,,,,202112.0
63,A10026910,,,,,,,,,,,202112.0
64,A10024621,,,,,,,,,,,202112.0
65,A10023661,,,,,,,,,,,202112.0
66,A10024749,,,,,,,,,,,202112.0
67,A10024634,,,,,,,,,,,202112.0
68,A15108003,108120,0,0,0,0,0,902800,7239810,74990,6054580,202112.0
69,A15108001,0,0,0,0,0,0,1311170,8788490,7401060,0,202112.0
70,A10025511,,,,,,,,,,,202112.0
