,kaptCode,heatC,heatP,gasC,gasP,waterHotC,waterHotP,electC,electP,waterCoolC,waterCoolP,Date
0,A15106001,0,0,0,0,0,0,937690,6323540,49970,3210360,202107.0
1,A15192201,0,0,0,0,0,0,4440804,21940740,467550,8802620,202107.0
2,A15181602,0,0,0,0,0,0,9120331,0,4788380,0,202107.0
3,A15178203,0,0,0,0,0,0,3449540,6430760,426300,4654200,202107.0
4,A15105302,3978300,0,0,0,6000,6000,435174,97294870,6000,37769580,202107.0
5,A15106103,0,0,0,0,0,0,-19300,11994420,103080,5833180,202107.0
6,A15178201,0,0,0,0,0,0,17555973,85838650,102570,43203470,202107.0
7,A15178202,0,0,0,0,0,0,2153788,15837540,0,5447140,202107.0
8,A15180705,7640,0,0,0,0,0,32146215,145941490,26559960,69843950,202107.0
9,A15176202,0,0,0,0,0,0,59326339,0,24095610,0,202107.0
10,A15106101,0,0,2420,0,0,0,1247040,10123970,0,3653620,202107.0
11,A15105301,0,0,720,0,0,0,2670254,3458320,-15130,3018270,202107.0
12,A15184101,0,0,8270,0,0,0,1183159,18994900,0,0,202107.0
13,A15180701,0,0,6470,0,0,0,2443720,10235810,3980,4072720,202107.0
14,A15105303,0,0,0,0,0,0,15778074,59765320,1135390,40383670,202107.0
15,A15105002,,,,,,,,,,,202107.0
16,A15105005,0,0,0,0,0,0,3467473,14845500,0,0,202107.0
17,A15105602,0,0,0,0,0,0,1247240,9220690,93390,5781520,202107.0
18,A15105004,0,0,0,0,0,0,5645630,29911620,1105210,13835820,202107.0
19,A15192202,0,0,0,0,0,0,2145580,12935950,0,8512550,202107.0
20,A15106901,0,0,0,0,0,0,20666403,85522110,2179630,38196260,202107.0
21,A15105503,0,0,93460,0,0,0,3008167,27978690,0,18782010,202107.0
22,A15105006,0,0,0,0,0,0,3292503,19750530,100100,6459970,202107.0
23,A15176602,0,0,0,0,0,0,7372520,0,6555480,0,202107.0
24,A15105008,0,0,0,0,0,0,1088019,16000750,0,6437290,202107.0
25,A15105603,0,0,0,0,7115800,26823500,1333620,69430860,1818300,25076240,202107.0
26,A15178204,0,0,63640,0,0,0,2696060,10609760,130040,7707210,202107.0
27,A10025423,,,,,,,,,,,202107.0
28,A10026710,0,0,0,0,0,0,4276950,4276950,2551400,2551400,202107.0
29,A10025428,0,0,0,0,0,0,2392080,6140590,84370,1967440,202107.0
30,A10025092,0,0,0,0,0,0,21374816,51641220,0,19470720,202107.0
31,A10025422,,,,,,,,,,,202107.0
32,A10024638,,,,,,,,,,,202107.0
33,A10024894,0,0,0,0,0,0,13822230,46826050,328900,8678440,202107.0
34,A15177101,0,0,0,0,0,0,700410,7713570,0,0,202107.0
35,A15101503,0,0,0,0,0,0,330690,16596660,137720,7869610,202107.0
36,A15176701,0,0,0,0,0,0,896191,25840200,584510,0,202107.0
37,A15186002,0,0,0,0,0,0,3078746,8858020,-717260,6777790,202107.0
38,A15101501,0,0,0,0,0,0,1671830,6575560,715450,5072670,202107.0
39,A15188801,0,0,0,0,0,0,712450,5592120,259910,5267410,202107.0
40,A15101101,0,0,0,0,0,0,2565600,22269090,14900,8783340,202107.0
41,A15185201,0,0,0,0,0,0,2488955,6016800,0,0,202107.0
42,A15179403,0,0,0,0,0,0,1418780,19339080,0,9657730,202107.0
43,A15187101,0,0,2130,0,0,0,1645100,7683510,0,3675780,202107.0
44,A15101506,0,0,41680,0,0,0,5442201,59099790,624760,26858150,202107.0
45,A15101505,0,0,0,0,0,0,-37260,7964700,0,3652440,202107.0
46,A15190301,0,0,0,0,0,0,11286070,0,359910,0,202107.0
47,A15179701,0,0,0,0,0,0,2764650,15411550,0,9185650,202107.0
48,A15101802,0,0,7660,0,0,0,175913,22170830,0,0,202107.0
49,A15101508,1877,160870,0,0,0,19968000,1543655,80570640,3470500,26282870,202107.0
50,A15188101,0,0,0,0,0,0,1072930,9981100,90720,5551490,202107.0
51,A15185704,0,0,0,0,0,0,374528,16342270,100000,0,202107.0
52,A15101504,0,0,0,0,0,0,35993690,115372170,-3237800,66555480,202107.0
53,A15102203,0,0,0,0,0,0,2002025,14150760,373560,7548370,202107.0
54,A15101507,3679820,0,0,0,0,6264000,4529280,0,0,0,202107.0
55,A15101702,0,0,0,0,0,0,421350,11717740,569890,6562560,202107.0
56,A15102202,0,0,0,0,0,0,852360,9215090,0,4704460,202107.0
57,A15190705,0,0,2180,0,0,0,13484038,62211080,1822700,28905350,202107.0
58,A15101901,0,0,0,0,0,0,7262740,0,0,0,202107.0
59,A15102902,0,0,0,0,0,0,2572390,12385060,265700,0,202107.0
60,A15101509,0,0,0,0,0,0,2839025,0,1331270,0,202107.0
61,A15101903,15760,0,0,0,0,0,3789370,21640410,68860,12664480,202107.0
62,A15178401,,,,,,,,,,,202107.0
63,A10026910,,,,,,,,,,,202107.0
64,A10024621,,,,,,,,,,,202107.0
65,A10023661,,,,,,,,,,,202107.0
66,A10024749,,,,,,,,,,,202107.0
67,A10024634,,,,,,,,,,,202107.0
68,A15108003,31070,0,0,0,0,0,659020,6746980,0,0,202107.0
69,A15108001,0,0,0,0,0,0,-3214260,13555650,-6562730,6562730,202107.0
70,A10025511,,,,,,,,,,,202107.0
