,kaptCode,heatC,heatP,gasC,gasP,waterHotC,waterHotP,electC,electP,waterCoolC,waterCoolP,Date
0,A15106001,0,0,0,0,0,0,2591410,4495300,273170,3015060,202103.0
1,A15192201,0,0,0,0,0,0,5452954,13924610,259810,7713870,202103.0
2,A15181602,0,0,147670,0,0,0,9360388,0,185740,0,202103.0
3,A15178203,0,0,0,0,0,0,-1052454,8193650,143250,4124430,202103.0
4,A15105302,3047470,0,0,0,0,0,10397999,63155230,0,33981660,202103.0
5,A15106103,0,0,0,0,0,0,1003900,8287770,214350,5090140,202103.0
6,A15178201,0,0,0,0,0,0,14644053,60670080,1799600,37724060,202103.0
7,A15178202,0,0,0,0,0,0,2353004,9962890,0,4547740,202103.0
8,A15180705,537860,0,0,0,0,0,25082867,102786220,6390840,56012500,202103.0
9,A15176202,0,0,0,0,0,0,48898035,0,21737570,0,202103.0
10,A15106101,0,0,300600,0,0,0,1473850,6558750,0,3064860,202103.0
11,A15105301,0,0,87640,0,0,0,-120350,4477370,-388570,2872470,202103.0
12,A15184101,0,0,44380,0,0,0,1302118,13611870,0,0,202103.0
13,A15180701,0,0,157340,0,0,0,2233670,7334930,37450,3895290,202103.0
14,A15105303,0,0,0,0,0,0,16947610,55942430,286110,38574470,202103.0
15,A15105002,,,,,,,,,,,202103.0
16,A15105005,0,0,0,0,0,0,3355511,7492010,0,0,202103.0
17,A15105602,0,0,0,0,0,0,280240,7845360,-921320,5522820,202103.0
18,A15105004,0,0,0,0,0,0,4534070,20277080,1335690,11677510,202103.0
19,A15192202,0,0,0,0,0,0,1594530,10704560,0,7022960,202103.0
20,A15106901,0,0,0,0,0,0,13967898,58682220,1317680,33353050,202103.0
21,A15105503,0,0,718570,0,0,0,3150841,20109460,0,16819450,202103.0
22,A15105006,0,0,0,0,0,0,3278604,12699720,90280,5504450,202103.0
23,A15176602,0,0,0,0,0,0,1149790,4720290,0,6450570,202103.0
24,A15105008,0,0,0,0,0,0,3159870,13889890,0,5738910,202103.0
25,A15105603,8429440,82868010,0,0,8000000,44170500,12142150,49641950,1949080,17070720,202103.0
26,A15178204,0,0,616330,0,0,0,1279850,8610320,0,6086960,202103.0
27,A10025423,,,,,,,,,,,202103.0
28,A10026710,0,0,0,0,0,0,1875860,1875860,2362430,2362430,202103.0
29,A10025428,0,0,0,0,0,0,2165550,3305210,133200,1714250,202103.0
30,A10025092,0,0,0,0,0,0,26194374,46918480,0,16883610,202103.0
31,A10025422,,,,,,,,,,,202103.0
32,A10024638,,,,,,,,,,,202103.0
33,A10024894,0,0,0,0,0,0,7801090,21629460,350610,8142560,202103.0
34,A15177101,0,0,0,0,0,0,6626970,5566580,0,0,202103.0
35,A15101503,0,0,0,0,0,0,1706420,14432900,25070,7089440,202103.0
36,A15176701,0,0,0,0,0,0,1811833,19358150,932580,0,202103.0
37,A15186002,0,0,0,0,0,0,2994231,11919720,-204390,5516440,202103.0
38,A15101501,0,0,0,0,0,0,1827440,4617410,452670,4564890,202103.0
39,A15188801,0,0,0,0,0,0,1512840,3957270,287060,4912980,202103.0
40,A15101101,0,0,0,0,0,0,4289040,13699810,17440,8282410,202103.0
41,A15185201,0,0,0,0,0,0,2057058,5029410,0,0,202103.0
42,A15179403,0,0,0,0,0,0,2522880,16417920,0,7403780,202103.0
43,A15187101,0,0,7430,0,0,0,1869800,5266950,0,3616460,202103.0
44,A15101506,0,0,110360,0,0,0,8726387,51655390,-8330,22079520,202103.0
45,A15101505,0,0,0,0,0,0,725670,6576620,0,3151230,202103.0
46,A15190301,0,0,0,0,0,0,7520030,0,0,0,202103.0
47,A15179701,0,0,0,0,0,0,4541660,13852380,0,7641050,202103.0
48,A15101802,0,0,188260,0,0,0,14217525,13143350,0,0,202103.0
49,A15101508,-3990,122547970,0,0,0,43272000,10765727,40975460,1547570,24513800,202103.0
50,A15188101,0,0,0,0,0,0,910144,7603210,485590,5020230,202103.0
51,A15185704,0,0,0,0,0,0,1812951,10094080,150000,0,202103.0
52,A15101504,0,0,0,0,0,0,26719880,83429760,2138240,53530360,202103.0
53,A15102203,0,0,0,0,0,0,3293658,10061380,252530,6760380,202103.0
54,A15101507,33624080,0,0,0,0,10218000,5960800,0,0,0,202103.0
55,A15101702,0,0,0,0,0,0,1829700,7947590,457110,5346900,202103.0
56,A15102202,0,0,0,0,0,0,1443630,8547880,0,4328790,202103.0
57,A15190705,0,0,210280,0,0,0,9774396,58417910,2131270,28427280,202103.0
58,A15101901,0,0,0,0,0,0,7727900,0,0,0,202103.0
59,A15102902,0,0,0,0,0,0,2227130,7871430,412670,0,202103.0
60,A15101509,0,0,0,0,0,0,2197280,0,1396830,0,202103.0
61,A15101903,306630,0,0,0,0,0,6176190,19914220,264530,11024910,202103.0
62,A15178401,,,,,,,,,,,202103.0
63,A10026910,,,,,,,,,,,202103.0
64,A10024621,,,,,,,,,,,202103.0
65,A10023661,,,,,,,,,,,202103.0
66,A10024749,,,,,,,,,,,202103.0
67,A10024634,,,,,,,,,,,202103.0
68,A15108003,191960,0,0,0,0,0,1595850,6715890,0,0,202103.0
69,A15108001,0,0,0,0,0,0,1611100,6989690,-5742110,5742110,202103.0
70,A10025511,,,,,,,,,,,202103.0
