,kaptCode,heatC,heatP,gasC,gasP,waterHotC,waterHotP,electC,electP,waterCoolC,waterCoolP,Date
0,A15106001,0,0,0,0,0,0,1492620,4827460,489540,3314520,202110.0
1,A15192201,0,0,0,0,0,0,5518414,15362350,558260,8451400,202110.0
2,A15181602,0,0,0,0,0,0,996080,8489250,4992260,0,202110.0
3,A15178203,0,0,0,0,0,0,612329,7002030,-212710,4691800,202110.0
4,A15105302,3269650,0,0,0,6720,6720,807522,69200650,0,35988760,202110.0
5,A15106103,0,0,0,0,0,0,759400,9042270,600500,5384560,202110.0
6,A15178201,0,0,0,0,0,0,14379303,67164040,0,44736420,202110.0
7,A15178202,0,0,0,0,0,0,1636572,10667770,0,5317830,202110.0
8,A15180705,305300,0,0,0,0,0,144893915,0,64087810,0,202110.0
9,A15176202,0,0,0,0,0,0,50324622,0,23143430,0,202110.0
10,A15106101,0,0,7730,0,0,0,815780,7365540,0,3556020,202110.0
11,A15105301,0,0,0,0,0,0,591720,4066500,-148410,3287730,202110.0
12,A15184101,0,0,14840,0,0,0,1219674,14461050,912980,12045690,202110.0
13,A15180701,0,0,0,0,0,0,1736390,7587750,14370,3811840,202110.0
14,A15105303,0,0,0,0,0,0,15974517,61050270,914950,38008820,202110.0
15,A15105002,,,,,,,,,,,202110.0
16,A15105005,0,0,0,0,0,0,3031531,7046260,558680,8586050,202110.0
17,A15105602,0,0,0,0,0,0,728430,7686600,-246120,5550640,202110.0
18,A15105004,0,0,0,0,0,0,3762550,22098210,1035090,12921330,202110.0
19,A15192202,0,0,0,0,0,0,933090,11500610,0,7617780,202110.0
20,A15106901,0,0,0,0,0,0,14508759,62513780,3207420,38667580,202110.0
21,A15105503,0,0,47130,0,0,0,2405644,22045540,0,16380260,202110.0
22,A15105006,0,0,0,0,0,0,2864469,13948410,94210,6073690,202110.0
23,A15176602,0,0,0,0,0,0,6175910,0,0,0,202110.0
24,A15105008,0,0,0,0,0,0,1513893,15774890,0,6833010,202110.0
25,A15105603,0,16237440,0,0,15019280,29414000,0,55800030,1919760,21609000,202110.0
26,A15178204,0,0,38890,0,0,0,699680,9890670,0,6685340,202110.0
27,A10025423,,,,,,,,,,,202110.0
28,A10026710,0,0,0,0,0,0,2985160,2985160,0,0,202110.0
29,A10025428,0,0,0,0,0,0,1225120,3641510,25730,1895610,202110.0
30,A10025092,0,0,0,0,0,0,14823892,50982630,1015130,19250500,202110.0
31,A10025422,,,,,,,,,,,202110.0
32,A10024638,,,,,,,,,,,202110.0
33,A10024894,0,0,0,0,0,0,8960910,21710220,-18330,8487330,202110.0
34,A15177101,0,0,0,0,0,0,260410,6298490,0,0,202110.0
35,A15101503,0,0,0,0,0,0,438660,15744880,14620,7421180,202110.0
36,A15176701,0,0,0,0,0,0,1290869,21417060,909120,0,202110.0
37,A15186002,0,0,17440,0,0,0,2935379,9653270,57470,5257860,202110.0
38,A15101501,0,0,0,0,0,0,1341810,5311410,0,0,202110.0
39,A15188801,0,0,0,0,0,0,709740,4982410,0,0,202110.0
40,A15101101,0,0,0,0,0,0,3586220,13741230,-218030,8656140,202110.0
41,A15185201,0,0,0,0,0,0,1941763,5651020,419520,5203200,202110.0
42,A15179403,0,0,0,0,0,0,4966640,14886930,0,8924380,202110.0
43,A15187101,0,0,0,0,0,0,1379350,5666410,0,3957280,202110.0
44,A15101506,0,0,39060,0,0,0,9298684,50508780,353230,25085290,202110.0
45,A15101505,0,0,0,0,0,0,279790,7295170,0,3377380,202110.0
46,A15190301,0,0,0,0,0,0,8020980,0,0,0,202110.0
47,A15179701,0,0,0,0,0,0,3449530,14563530,0,8995540,202110.0
48,A15101802,0,0,5550,0,0,0,13938664,11392040,13259480,13259480,202110.0
49,A15101508,-93,49659360,0,0,0,30600000,10937164,42015810,3009850,25125410,202110.0
50,A15188101,0,0,0,0,0,0,1179960,7721030,60660,5656750,202110.0
51,A15185704,0,0,0,0,0,0,2430767,10477830,76160,0,202110.0
52,A15101504,0,0,0,0,0,0,29500950,91050790,3547834,56844540,202110.0
53,A15102203,0,0,0,0,0,0,2945783,10852550,762520,6915050,202110.0
54,A15101507,13017060,0,0,0,0,9069000,3671400,0,0,0,202110.0
55,A15101702,0,0,0,0,0,0,461818,8829770,507970,5361770,202110.0
56,A15102202,0,0,0,0,0,0,1156440,9061570,0,4891000,202110.0
57,A15190705,0,0,0,0,0,0,8836394,60688750,2875410,29626870,202110.0
58,A15101901,0,0,0,0,0,0,7431830,0,45780,0,202110.0
59,A15102902,0,0,0,0,0,0,1953100,7533610,358590,0,202110.0
60,A15101509,0,0,0,0,0,0,2519800,0,1346600,0,202110.0
61,A15101903,49180,0,0,0,0,0,4508960,21326990,81570,12827940,202110.0
62,A15178401,,,,,,,,,,,202110.0
63,A10026910,,,,,,,,,,,202110.0
64,A10024621,,,,,,,,,,,202110.0
65,A10023661,,,,,,,,,,,202110.0
66,A10024749,,,,,,,,,,,202110.0
67,A10024634,,,,,,,,,,,202110.0
68,A15108003,12570,0,0,0,0,0,732290,6827410,757740,5958350,202110.0
69,A15108001,0,0,0,0,0,0,1404010,7405570,7188960,0,202110.0
70,A10025511,,,,,,,,,,,202110.0
