,kaptCode,heatC,heatP,gasC,gasP,waterHotC,waterHotP,electC,electP,waterCoolC,waterCoolP,Date
0,A15106001,0,0,0,0,0,0,1891080,5293170,280710,3001110,202111.0
1,A15192201,0,0,0,0,0,0,5936512,16287980,312980,8649940,202111.0
2,A15181602,0,0,0,0,0,0,9704679,0,4884270,0,202111.0
3,A15178203,0,0,0,0,0,0,2446168,6524830,-215120,4650500,202111.0
4,A15105302,0,0,0,0,12000,12000,2066095,75656820,0,33906210,202111.0
5,A15106103,0,0,0,0,0,0,1187750,9551840,362630,5206020,202111.0
6,A15178201,0,0,0,0,0,0,17543463,71848180,0,43899080,202111.0
7,A15178202,0,0,0,0,0,0,1743676,11753230,0,5464280,202111.0
8,A15180705,1597050,0,0,0,0,0,154348511,0,60852210,0,202111.0
9,A15176202,0,0,0,0,0,0,55351592,0,23143430,0,202111.0
10,A15106101,0,0,34320,0,0,0,952290,7919460,0,3488560,202111.0
11,A15105301,0,0,2630,0,0,0,1660660,3712710,-21820,3172660,202111.0
12,A15184101,0,0,114010,0,0,0,1260576,15426350,0,0,202111.0
13,A15180701,0,0,19310,0,0,0,2250830,8333810,212970,3165180,202111.0
14,A15105303,0,0,0,0,0,0,17649092,60054690,42630,36381690,202111.0
15,A15105002,,,,,,,,,,,202111.0
16,A15105005,0,0,0,0,0,0,2769329,8270040,0,0,202111.0
17,A15105602,0,0,0,0,0,0,1781840,9126450,1059440,5612120,202111.0
18,A15105004,0,0,0,0,0,0,4450290,23411880,427470,13118440,202111.0
19,A15192202,0,0,0,0,0,0,2170700,12026860,0,7365120,202111.0
20,A15106901,0,0,0,0,0,0,15188970,69610570,851760,38146500,202111.0
21,A15105503,0,0,225700,0,0,0,2990547,24998410,0,15172840,202111.0
22,A15105006,0,0,0,0,0,0,3916444,14736010,88660,5936790,202111.0
23,A15176602,0,0,0,0,0,0,7105000,0,6797100,0,202111.0
24,A15105008,0,0,0,0,0,0,1861390,16084820,0,6087100,202111.0
25,A15105603,0,49429740,0,0,26158880,40271000,4997610,59734690,1919760,20745150,202111.0
26,A15178204,0,0,166800,0,0,0,2383660,9605850,410190,5941110,202111.0
27,A10025423,,,,,,,,,,,202111.0
28,A10026710,0,0,0,0,0,0,2324920,2324920,2769240,2769240,202111.0
29,A10025428,0,0,0,0,0,0,1565730,3739420,116480,1824260,202111.0
30,A10025092,0,0,0,0,0,0,14860715,49686080,0,19333740,202111.0
31,A10025422,,,,,,,,,,,202111.0
32,A10024638,,,,,,,,,,,202111.0
33,A10024894,0,0,0,0,0,0,10675100,22545790,564380,8103880,202111.0
34,A15177101,0,0,0,0,0,0,511300,6675480,0,0,202111.0
35,A15101503,0,0,0,0,0,0,1233450,16382760,24410,7110290,202111.0
36,A15176701,0,0,0,0,0,0,2306342,22198360,1027590,0,202111.0
37,A15186002,0,0,44970,0,0,0,3124567,10250910,-60,5577470,202111.0
38,A15101501,0,0,0,0,0,0,1603420,5406860,45140,5429750,202111.0
39,A15188801,,,,,,,,,,,202111.0
40,A15101101,0,0,0,0,0,0,3731450,13908140,-25510,8113110,202111.0
41,A15185201,0,0,0,0,0,0,2215215,5620040,0,0,202111.0
42,A15179403,0,0,0,0,0,0,937300,20028560,0,8857010,202111.0
43,A15187101,0,0,840,0,0,0,1592000,5960710,0,3837970,202111.0
44,A15101506,0,0,76350,0,0,0,7011405,59136170,-631710,25066240,202111.0
45,A15101505,0,0,0,0,0,0,329330,7684610,0,3208150,202111.0
46,A15190301,0,0,0,0,0,0,8636680,0,0,0,202111.0
47,A15179701,0,0,0,0,0,0,4162240,15390560,0,8683450,202111.0
48,A15101802,0,0,48800,0,0,0,14207267,12859180,0,0,202111.0
49,A15101508,-1226,116030060,0,0,0,37908000,13258222,43443450,3140560,25223950,202111.0
50,A15188101,0,0,0,0,0,0,1808410,8086370,26960,5743810,202111.0
51,A15185704,0,0,0,0,0,0,2802581,10908390,200000,0,202111.0
52,A15101504,0,0,0,0,0,0,26664080,102955500,4031064,54262530,202111.0
53,A15102203,0,0,0,0,0,0,3386594,11762170,43480,6309980,202111.0
54,A15101507,31879860,0,0,0,0,8721000,5126660,0,0,0,202111.0
55,A15101702,0,0,0,0,0,0,1613524,9438570,464100,5091540,202111.0
56,A15102202,0,0,0,0,0,0,1329120,9283260,0,4237830,202111.0
57,A15190705,0,0,0,0,0,0,11812956,62009170,2750070,27933980,202111.0
58,A15101901,0,0,0,0,0,0,7566840,0,0,0,202111.0
59,A15102902,0,0,0,0,0,0,2092750,7571930,201240,0,202111.0
60,A15101509,0,0,0,0,0,0,2604680,0,1116200,0,202111.0
61,A15101903,189100,0,0,0,0,0,4450570,22395480,604540,12628340,202111.0
62,A15178401,,,,,,,,,,,202111.0
63,A10026910,,,,,,,,,,,202111.0
64,A10024621,,,,,,,,,,,202111.0
65,A10023661,,,,,,,,,,,202111.0
66,A10024749,,,,,,,,,,,202111.0
67,A10024634,,,,,,,,,,,202111.0
68,A15108003,29670,0,0,0,0,0,738090,7219080,0,0,202111.0
69,A15108001,0,0,0,0,0,0,2138320,7518590,-5878020,5878020,202111.0
70,A10025511,,,,,,,,,,,202111.0
