,kaptCode,heatC,heatP,gasC,gasP,waterHotC,waterHotP,electC,electP,waterCoolC,waterCoolP,Date
0,A15106001,0,0,0,0,0,0,3321480,5896520,386170,3040170,202102.0
1,A15192201,0,0,0,0,0,0,4610535,17361910,309180,8424280,202102.0
2,A15181602,0,0,113950,0,0,0,11617903,0,185740,0,202102.0
3,A15178203,0,0,0,0,0,0,1878692,9011650,-1493040,5414760,202102.0
4,A15105302,2909660,0,0,0,0,0,10220813,82949980,2796300,30881550,202102.0
5,A15106103,0,0,0,0,0,0,1846810,10320050,219870,4869630,202102.0
6,A15178201,0,0,0,0,0,0,18530803,77056240,2324420,42477060,202102.0
7,A15178202,0,0,0,0,0,0,4922330,12746920,0,5778580,202102.0
8,A15180705,855950,0,0,0,0,0,23705908,136094300,-304400,55805310,202102.0
9,A15176202,0,0,0,0,0,0,62399275,0,21151860,0,202102.0
10,A15106101,0,0,400220,0,0,0,2878300,8579070,0,3383100,202102.0
11,A15105301,0,0,122480,0,0,0,1681660,4771810,-22390,3005160,202102.0
12,A15184101,0,0,165210,0,0,0,1794013,17047900,251280,12338820,202102.0
13,A15180701,0,0,107250,0,0,0,3106560,9641190,69330,3452080,202102.0
14,A15105303,0,0,0,0,0,0,21469522,70159160,1539080,35895810,202102.0
15,A15105002,,,,,,,,,,,202102.0
16,A15105005,0,0,0,0,0,0,4107367,6990530,1175260,8391220,202102.0
17,A15105602,0,0,0,0,0,0,3724270,10393410,250770,5475000,202102.0
18,A15105004,0,0,0,0,0,0,5641860,25729620,12300,12559670,202102.0
19,A15192202,0,0,0,0,0,0,4660010,14630530,0,7229850,202102.0
20,A15106901,0,0,0,0,0,0,24583773,76554100,1950290,37561640,202102.0
21,A15105503,0,0,458560,0,0,0,8273955,27121600,0,18309400,202102.0
22,A15105006,0,0,0,0,0,0,4505563,16355730,82050,5485080,202102.0
23,A15176602,0,0,0,0,0,0,2174700,5632020,0,0,202102.0
24,A15105008,0,0,0,0,0,0,6351200,18136360,0,6280950,202102.0
25,A15105603,10000000,91564210,0,0,9521030,56353000,13258920,66277820,1434410,18555810,202102.0
26,A15178204,0,0,744860,0,0,0,3486800,10919100,0,7213150,202102.0
27,A10025423,,,,,,,,,,,202102.0
28,A10026710,0,0,0,0,0,0,2448560,2448560,0,0,202102.0
29,A10025428,0,0,0,0,0,0,2596160,3032350,138390,1520550,202102.0
30,A10025092,0,0,0,0,0,0,39175531,57271600,0,18464040,202102.0
31,A10025422,,,,,,,,,,,202102.0
32,A10024638,,,,,,,,,,,202102.0
33,A10024894,0,0,0,0,0,0,11155990,20140460,226580,7156730,202102.0
34,A15177101,0,0,0,0,0,0,8400550,6788110,0,0,202102.0
35,A15101503,0,0,0,0,0,0,3703580,18547650,20190,6316230,202102.0
36,A15176701,0,0,0,0,0,0,2114959,25475270,465460,0,202102.0
37,A15186002,0,0,0,0,0,0,4476060,15399930,151590,5426760,202102.0
38,A15101501,0,0,0,0,0,0,1827440,4617410,452670,4564890,202102.0
39,A15188801,0,0,0,0,0,0,1775300,5069730,0,0,202102.0
40,A15101101,0,0,0,0,0,0,4650770,12326640,-360930,7835120,202102.0
41,A15185201,0,0,0,0,0,0,2377889,6559200,226760,4668900,202102.0
42,A15179403,0,0,0,0,0,0,7583700,20244450,0,9694970,202102.0
43,A15187101,0,0,9050,0,0,0,9239350,0,3640950,0,202102.0
44,A15101506,0,0,202240,0,0,0,15384318,75834980,270,26201830,202102.0
45,A15101505,0,0,0,0,0,0,517360,8370270,0,2921300,202102.0
46,A15190301,0,0,0,0,0,0,9473780,0,0,0,202102.0
47,A15179701,0,0,0,0,0,0,4830460,17879120,0,8547700,202102.0
48,A15101802,0,0,176450,0,0,0,13448156,12375760,11567100,11567100,202102.0
49,A15101508,1750,160075990,0,0,0,51876000,14004064,37267060,4375860,25080300,202102.0
50,A15188101,0,0,0,0,0,0,3602600,7772680,393350,5194300,202102.0
51,A15185704,0,0,0,0,0,0,4480206,11873490,136160,0,202102.0
52,A15101504,0,0,0,0,0,0,26266860,118365040,899280,48941120,202102.0
53,A15102203,0,0,0,0,0,0,4291154,12892210,249740,6068100,202102.0
54,A15101507,42906440,0,0,0,0,18369000,7511880,0,0,0,202102.0
55,A15101702,0,0,0,0,0,0,4041200,10161030,405310,4503290,202102.0
56,A15102202,0,0,0,0,0,0,3271530,10932880,0,4309000,202102.0
57,A15190705,0,0,217590,0,0,0,20495614,75177950,1804590,28355870,202102.0
58,A15101901,0,0,0,0,0,0,9384400,0,32400,0,202102.0
59,A15102902,0,0,0,0,0,0,2420760,7307980,412205,0,202102.0
60,A15101509,0,0,0,0,0,0,2625870,0,1246850,0,202102.0
61,A15101903,363450,0,0,0,0,0,9148670,23730790,1032460,11710270,202102.0
62,A15178401,,,,,,,,,,,202102.0
63,A10026910,,,,,,,,,,,202102.0
64,A10024621,,,,,,,,,,,202102.0
65,A10023661,,,,,,,,,,,202102.0
66,A10024749,,,,,,,,,,,202102.0
67,A10024634,,,,,,,,,,,202102.0
68,A15108003,223530,0,0,0,0,0,2544160,8948840,343520,6191920,202102.0
69,A15108001,0,0,0,0,0,0,4712030,6383220,6672740,0,202102.0
70,A10025511,,,,,,,,,,,202102.0
