,kaptCode,heatC,heatP,gasC,gasP,waterHotC,waterHotP,electC,electP,waterCoolC,waterCoolP,Date
0,A15106001,0,0,0,0,0,0,3385250,6453150,101860,3041100,202101.0
1,A15192201,0,0,0,0,0,0,5211623,18678730,0,8870280,202101.0
2,A15181602,0,0,128010,0,0,0,12037306,0,185740,0,202101.0
3,A15178203,0,0,0,0,0,0,4406764,7949620,169420,4619540,202101.0
4,A15105302,3245690,0,0,0,0,0,8950863,91477920,1332900,34685850,202101.0
5,A15106103,0,0,0,0,0,0,1404570,11972560,345490,5073450,202101.0
6,A15178201,0,0,0,0,0,0,6783046,87808270,3136770,42061830,202101.0
7,A15178202,0,0,0,0,0,0,5861470,14018620,0,5602100,202101.0
8,A15180705,847190,0,0,0,0,0,29906570,141279601,-303170,59463570,202101.0
9,A15176202,0,0,0,0,0,0,74404451,0,23260360,0,202101.0
10,A15106101,0,0,424910,0,0,0,3125830,9727680,0,3421430,202101.0
11,A15105301,0,0,91050,0,0,0,2857290,4412130,-62070,2971440,202101.0
12,A15184101,0,0,201840,0,0,0,2503964,19090460,0,0,202101.0
13,A15180701,0,0,104330,0,0,0,3185120,10581340,84740,3737590,202101.0
14,A15105303,0,0,0,0,0,0,19372879,73988240,2764840,37002200,202101.0
15,A15105002,,,,,,,,,,,202101.0
16,A15105005,0,0,0,0,0,0,6597366,8990250,0,0,202101.0
17,A15105602,0,0,0,0,0,0,3621950,11792210,-510520,5436120,202101.0
18,A15105004,0,0,0,0,0,0,5989810,27267430,731340,12235430,202101.0
19,A15192202,0,0,0,0,0,0,6451780,15737400,0,7965610,202101.0
20,A15106901,0,0,0,0,0,0,28591014,81866510,787620,38162910,202101.0
21,A15105503,0,0,648920,0,0,0,8920090,30934330,1364790,15375790,202101.0
22,A15105006,0,0,0,0,0,0,4874904,17808020,93380,6053290,202101.0
23,A15176602,0,0,0,0,0,0,1682840,6763240,0,6797830,202101.0
24,A15105008,0,0,0,0,0,0,6276158,19533200,0,6351830,202101.0
25,A15105603,10000000,115449560,0,0,6258890,48862000,22508840,73026910,1373580,18468120,202101.0
26,A15178204,0,0,739810,0,0,0,2531260,13959380,263640,6975230,202101.0
27,A10025423,,,,,,,,,,,202101.0
28,A10026710,0,0,0,0,0,0,2506230,2506230,2360980,2360980,202101.0
29,A10025428,0,0,0,0,0,0,3011020,3750870,99120,1664550,202101.0
30,A10025092,0,0,0,0,0,0,17334509,59173110,0,18981640,202101.0
31,A10025422,,,,,,,,,,,202101.0
32,A10024638,,,,,,,,,,,202101.0
33,A10024894,0,0,0,0,0,0,14678940,25308440,-88570,7867220,202101.0
34,A15177101,0,0,0,0,0,0,1455800,8460150,0,0,202101.0
35,A15101503,0,0,0,0,0,0,4342550,20876230,25180,6797550,202101.0
36,A15176701,0,0,0,0,0,0,1806117,27695560,465460,0,202101.0
37,A15186002,0,0,0,0,0,0,4334079,15886630,180,5559060,202101.0
38,A15101501,0,0,0,0,0,0,2678850,6551340,250460,5175260,202101.0
39,A15188801,0,0,0,0,0,0,2217600,5624260,0,5005020,202101.0
40,A15101101,0,0,0,0,0,0,5565200,15749830,106360,9505250,202101.0
41,A15185201,0,0,0,0,0,0,2448319,6990740,0,0,202101.0
42,A15179403,0,0,0,0,0,0,4032170,27136210,0,9050310,202101.0
43,A15187101,0,0,3680,0,0,0,9748200,0,3559530,0,202101.0
44,A15101506,0,0,167570,0,0,0,23192160,75858700,3820,24005410,202101.0
45,A15101505,0,0,0,0,0,0,155850,9036420,0,3381050,202101.0
46,A15190301,0,0,0,0,0,0,10704270,0,0,0,202101.0
47,A15179701,0,0,0,0,0,0,5224730,18984400,0,8547700,202101.0
48,A15101802,0,0,121050,0,0,0,18214983,13974710,0,0,202101.0
49,A15101508,-1030,237337560,0,0,0,47034000,19494223,45837620,5045800,24706160,202101.0
50,A15188101,0,0,0,0,0,0,12030930,0,5219640,0,202101.0
51,A15185704,0,0,0,0,0,0,5188024,13307560,100000,0,202101.0
52,A15101504,0,0,0,0,0,0,76266070,106324290,1550050,53860850,202101.0
53,A15102203,0,0,0,0,0,0,4008643,14576020,14100,6922640,202101.0
54,A15101507,58525620,0,0,0,0,8817000,8151700,0,0,0,202101.0
55,A15101702,0,0,0,0,0,0,6226980,11021560,434070,5036620,202101.0
56,A15102202,0,0,0,0,0,0,3366710,11539330,0,3992630,202101.0
57,A15190705,0,0,175140,0,0,0,18619069,83720500,2346670,27673920,202101.0
58,A15101901,0,0,0,0,0,0,9373830,0,0,0,202101.0
59,A15102902,0,0,0,0,0,0,2590570,9516480,412205,0,202101.0
60,A15101509,0,0,0,0,0,0,2938160,1888790,1372400,1151940,202101.0
61,A15101903,373790,0,0,0,0,0,5454390,27800910,586900,11703200,202101.0
62,A15178401,,,,,,,,,,,202101.0
63,A10026910,,,,,,,,,,,202101.0
64,A10024621,,,,,,,,,,,202101.0
65,A10023661,,,,,,,,,,,202101.0
66,A10024749,,,,,,,,,,,202101.0
67,A10024634,,,,,,,,,,,202101.0
68,A15108003,140570,0,0,0,0,0,2310900,8652670,0,0,202101.0
69,A15108001,0,0,0,0,0,0,3402680,8331560,-6104410,6104410,202101.0
70,A10025511,,,,,,,,,,,202101.0
