,kaptCode,heatC,heatP,gasC,gasP,waterHotC,waterHotP,electC,electP,waterCoolC,waterCoolP,Date
0,A11007001,0,0,0,0,0,0,15793879,0,2963880,0,202106.0
1,A11052201,0,0,1420,0,0,0,1258933,16383740,202510,7775180,202106.0
2,A11076701,,,,,,,,,,,202106.0
3,A10023741,,,,,,,,,,,202106.0
4,A11054301,0,0,0,0,0,0,2790150,14959800,1138890,0,202106.0
5,A11054101,0,0,0,0,0,0,3986010,14957730,-950,8680860,202106.0
6,A11077101,0,0,0,0,0,0,3216138,25750830,0,0,202106.0
7,A11055002,0,0,0,394880,0,0,4263557,12383450,807930,4985110,202106.0
8,A11087601,0,0,0,0,0,0,4725067,13019260,0,4330140,202106.0
9,A11087602,0,0,0,0,0,0,1330734,0,40,0,202106.0
10,A10026946,0,0,0,0,0,0,2147490,9300290,734480,5834070,202106.0
11,A11001203,0,0,0,0,0,0,2297730,5787460,0,0,202106.0
12,A11084601,0,0,0,0,0,0,2023783,7399100,0,3031680,202106.0
13,A11081503,0,0,166180,0,0,0,7058931,30227580,0,0,202106.0
14,A11008001,0,0,0,0,0,0,1777273,8114810,-10965150,10965150,202106.0
15,A11081302,0,0,0,0,0,0,9143576,33726780,157220,15825740,202106.0
16,A10027708,0,0,0,0,0,0,3411980,6773200,0,0,202106.0
17,A10025710,0,0,0,0,0,0,2996440,9811070,210500,3067980,202106.0
