,kaptCode,heatC,heatP,gasC,gasP,waterHotC,waterHotP,electC,electP,waterCoolC,waterCoolP,Date
0,A11007001,0,0,0,0,0,0,15592120,0,2796620,0,202104.0
1,A11052201,0,0,62110,0,0,0,1896960,16454860,310100,7138400,202104.0
2,A11076701,,,,,,,,,,,202104.0
3,A10023741,,,,,,,,,,,202104.0
4,A11054301,0,0,0,0,0,0,4191220,13153900,1246840,0,202104.0
5,A11054101,0,0,0,0,0,0,3884550,14965990,-60,8274650,202104.0
6,A11077101,0,0,0,0,0,0,4726243,22239740,0,0,202104.0
7,A11055002,0,0,0,306290,0,0,3274380,11728540,405520,4915860,202104.0
8,A11087601,0,0,0,0,0,0,3299638,11448570,0,4110440,202104.0
9,A11087602,0,0,0,0,0,0,1990155,0,-410,0,202104.0
10,A10026946,0,0,0,0,0,0,1458900,7886680,786190,5681200,202104.0
11,A11001203,0,0,0,0,0,0,1873650,5714420,0,0,202104.0
12,A11084601,0,0,0,0,0,0,1943914,7651590,0,3031680,202104.0
13,A11081503,0,0,244750,0,0,0,7771751,30587050,0,0,202104.0
14,A11008001,0,0,0,0,0,0,1802687,9035880,0,0,202104.0
15,A11081302,0,0,0,0,0,0,7699820,38315130,350880,15521560,202104.0
16,A10027708,0,0,0,0,0,0,2584500,6290820,0,0,202104.0
17,A10025710,0,0,0,0,0,0,3063770,8728730,202950,2965500,202104.0
