,kaptCode,heatC,heatP,gasC,gasP,waterHotC,waterHotP,electC,electP,waterCoolC,waterCoolP,Date
0,A11007001,0,0,0,0,0,0,14355427,0,2936000,0,202105.0
1,A11052201,0,0,22630,0,0,0,1886828,15070670,359820,8063070,202105.0
2,A11076701,,,,,,,,,,,202105.0
3,A10023741,,,,,,,,,,,202105.0
4,A11054301,0,0,0,0,0,0,2214480,13753840,1246840,0,202105.0
5,A11054101,0,0,0,0,0,0,3701210,13970580,-360,8668200,202105.0
6,A11077101,0,0,0,0,0,0,6022964,22253330,36570,0,202105.0
7,A11055002,0,0,0,386720,0,0,3111890,11003750,1427700,4775480,202105.0
8,A11087601,0,0,0,0,0,0,4042410,12100710,0,4022540,202105.0
9,A11087602,0,0,0,0,0,0,1833651,0,130,0,202105.0
10,A10026946,0,0,0,0,0,0,777110,9300290,598460,5834070,202105.0
11,A11001203,0,0,0,0,0,0,1720280,5384580,0,0,202105.0
12,A11084601,0,0,0,0,0,0,1768897,6907730,0,2828750,202105.0
13,A11081503,0,0,153920,0,0,0,5915100,29026110,32930,34414410,202105.0
14,A11008001,0,0,0,0,0,0,1834257,8114810,0,10965150,202105.0
15,A11081302,0,0,0,0,0,0,7737950,40940770,158400,15980040,202105.0
16,A10027708,0,0,0,0,0,0,3567560,6673700,5680,6246650,202105.0
17,A10025710,0,0,0,0,0,0,3481540,8316170,279540,3141360,202105.0
