,kaptCode,heatC,heatP,gasC,gasP,waterHotC,waterHotP,electC,electP,waterCoolC,waterCoolP,Date
0,A11007001,0,0,0,0,0,0,14657805,0,2922070,0,202103.0
1,A11052201,0,0,206560,0,0,0,2005252,15151470,280180,7916870,202103.0
2,A11076701,,,,,,,,,,,202103.0
3,A10023741,,,,,,,,,,,202103.0
4,A11054301,0,0,0,0,0,0,3566370,12426820,919800,0,202103.0
5,A11054101,0,0,0,0,0,0,3938420,13873570,-500,8473560,202103.0
6,A11077101,0,0,0,0,0,0,5442555,25057620,1775970,0,202103.0
7,A11055002,0,0,0,345400,0,0,3416400,10331050,212820,5528750,202103.0
8,A11087601,0,0,0,0,0,0,3651426,13012900,0,3724070,202103.0
9,A11087602,0,0,0,0,0,0,1847148,0,-60,0,202103.0
10,A10026946,0,0,0,0,0,0,2654860,8616480,592370,5166220,202103.0
11,A11001203,0,0,0,0,0,0,1900840,5111900,0,0,202103.0
12,A11084601,0,0,0,0,0,0,2252151,7000020,0,2625840,202103.0
13,A11081503,0,0,509190,0,0,0,7634770,28174070,21520,32274910,202103.0
14,A11008001,0,0,0,0,0,0,1765730,7833450,613190,10019010,202103.0
15,A11081302,0,0,0,0,0,0,8148900,42261660,0,16025740,202103.0
16,A10027708,0,0,0,0,0,0,3948750,6997240,-240,6075460,202103.0
17,A10025710,0,0,0,0,0,0,2931630,7698220,92710,2967650,202103.0
