,kaptCode,heatC,heatP,gasC,gasP,waterHotC,waterHotP,electC,electP,waterCoolC,waterCoolP,Date
0,A11007001,0,0,0,0,0,0,17964944,0,2713000,0,202102.0
1,A11052201,0,0,480780,0,0,0,1844076,19403590,1300,8194950,202102.0
2,A11076701,,,,,,,,,,,202102.0
3,A10023741,,,,,,,,,,,202102.0
4,A11054301,0,0,0,0,0,0,5116000,15980160,919800,0,202102.0
5,A11054101,0,0,0,0,0,0,4859030,18128020,-870,7689240,202102.0
6,A11077101,0,0,0,0,0,0,29328966,0,0,0,202102.0
7,A11055002,0,0,0,312690,0,0,5153610,13891800,0,4899990,202102.0
8,A11087601,0,0,0,0,0,0,4821548,12101030,0,4303070,202102.0
9,A11087602,0,0,0,0,0,0,5531711,0,80,0,202102.0
10,A10026946,0,0,0,0,0,0,3746970,7826310,835460,5772060,202102.0
11,A11001203,0,0,0,0,0,0,2622890,6526670,0,0,202102.0
12,A11084601,0,0,0,0,0,0,2873150,8675890,0,2944780,202102.0
13,A11081503,0,0,555190,0,0,0,10788218,34726160,0,0,202102.0
14,A11008001,0,0,0,0,0,0,3110609,10257090,0,0,202102.0
15,A11081302,0,0,0,0,0,0,8124590,40339110,-473200,15052540,202102.0
16,A10027708,0,0,0,0,0,0,5541350,6319450,0,0,202102.0
17,A10025710,0,0,0,0,0,0,6161610,9507300,362970,2697390,202102.0
