,kaptCode,heatC,heatP,gasC,gasP,waterHotC,waterHotP,electC,electP,waterCoolC,waterCoolP,Date
0,A11007001,0,0,0,0,0,0,20103525,0,3114280,0,202107.0
1,A11052201,0,0,2210,0,0,0,2136159,17158820,63370,8360660,202107.0
2,A11076701,,,,,,,,,,,202107.0
3,A10023741,,,,,,,,,,,202107.0
4,A11054301,0,0,0,0,0,0,3329340,19676840,1138890,0,202107.0
5,A11054101,0,0,0,0,0,0,2873120,17515900,-1320,9651570,202107.0
6,A11077101,0,0,0,0,0,0,7854523,37129350,30470,0,202107.0
7,A11055002,0,0,460900,0,0,0,23189647,0,5749160,0,202107.0
8,A11087601,0,0,0,0,0,0,5120920,28267400,0,4410850,202107.0
9,A11087602,0,0,0,0,0,0,1996640,0,330,0,202107.0
10,A10026946,0,0,0,0,0,0,1076300,16027290,864980,5862260,202107.0
11,A11001203,0,0,0,0,0,0,2425210,7452920,0,0,202107.0
12,A11084601,0,0,0,0,0,0,2144544,7781520,0,2917740,202107.0
13,A11081503,0,0,93770,0,0,0,7486994,34775040,28510,36057580,202107.0
14,A11008001,0,0,0,0,0,0,3087500,8677270,11846150,0,202107.0
15,A11081302,0,0,0,0,0,0,15365303,62230670,249340,16195450,202107.0
16,A10027708,0,0,0,0,0,0,3163760,13584430,69360,6230660,202107.0
17,A10025710,0,0,0,0,0,0,4317980,13874150,314240,3267180,202107.0
