,kaptCode,heatC,heatP,gasC,gasP,waterHotC,waterHotP,electC,electP,waterCoolC,waterCoolP,Date
0,A11007001,0,0,0,0,0,0,15530572,0,2999180,0,202112.0
1,A11052201,0,0,151000,0,0,0,1490924,17724870,456990,8078620,202112.0
2,A11076701,,,,,,,,,,,202112.0
3,A10023741,,,,,,,,,,,202112.0
4,A11054301,0,0,0,0,0,0,4092630,15446650,389030,0,202112.0
5,A11054101,0,0,0,0,0,0,4358490,15825930,-920,8546070,202112.0
6,A11077101,0,0,0,0,0,0,5740944,28430900,0,0,202112.0
7,A11055002,0,0,0,0,0,0,4213939,0,572380,0,202112.0
8,A11087601,0,0,0,0,0,0,5515593,14801460,0,4108470,202112.0
9,A11087602,0,0,0,0,0,0,2302923,0,190,0,202112.0
10,A10026946,0,0,0,0,0,0,3491380,9316380,0,5275830,202112.0
11,A11001203,0,0,0,0,0,0,2473050,6473900,0,0,202112.0
12,A11084601,0,0,0,0,0,0,2468729,7880740,0,2780360,202112.0
13,A11081503,0,0,439960,0,0,0,9118886,32359900,0,0,202112.0
14,A11008001,0,0,0,0,0,0,3572249,8576430,0,0,202112.0
15,A11081302,0,0,0,0,0,0,14125724,37016970,30100,15216990,202112.0
16,A10027708,0,0,0,0,0,0,4975200,7614030,0,0,202112.0
17,A10025710,0,0,0,0,0,0,4904780,9079980,262030,3437760,202112.0
