,kaptCode,heatC,heatP,gasC,gasP,waterHotC,waterHotP,electC,electP,waterCoolC,waterCoolP,Date
0,A11007001,0,0,0,0,0,0,20051628,0,2884070,0,202109.0
1,A11052201,0,0,1630,0,0,0,-153030,17997140,207700,8803380,202109.0
2,A11076701,,,,,,,,,,,202109.0
3,A10023741,,,,,,,,,,,202109.0
4,A11054301,0,0,0,0,0,0,1784080,16167460,1165080,0,202109.0
5,A11054101,0,0,0,0,0,0,2914610,15962770,-560,8990400,202109.0
6,A11077101,0,0,0,0,0,0,2113275,26393020,370500,0,202109.0
7,A11055002,0,0,0,406980,0,0,3140677,13060030,676060,5200490,202109.0
8,A11087601,0,0,0,0,0,0,2915890,13419720,0,4579250,202109.0
9,A11087602,0,0,0,0,0,0,-38284,0,80,0,202109.0
10,A10026946,0,0,0,0,0,0,582950,9617450,0,5821990,202109.0
11,A11001203,0,0,0,0,0,0,1816680,6087280,0,0,202109.0
12,A11084601,0,0,0,0,0,0,1692814,7386050,0,3004640,202109.0
13,A11081503,0,0,0,0,0,0,4206855,32776520,26910,37197250,202109.0
14,A11008001,0,0,0,0,0,0,1802463,9183480,-201320,12018960,202109.0
15,A11081302,0,0,0,0,0,0,7720256,33375910,133560,16956510,202109.0
16,A10027708,0,0,0,0,0,0,8486630,0,6938430,0,202109.0
17,A10025710,0,0,0,0,0,0,3758630,12066770,44630,3071480,202109.0
