,kaptCode,heatC,heatP,gasC,gasP,waterHotC,waterHotP,electC,electP,waterCoolC,waterCoolP,Date
0,A11007001,0,0,0,0,0,0,20391097,0,2991760,0,202101.0
1,A11052201,0,0,380430,0,0,0,1310539,21273330,343580,8032000,202101.0
2,A11076701,,,,,,,,,,,202101.0
3,A10023741,,,,,,,,,,,202101.0
4,A11054301,0,0,0,0,0,0,4351910,18510970,975280,0,202101.0
5,A11054101,0,0,0,0,0,0,5851440,18683500,-200,8614530,202101.0
6,A11077101,0,0,0,0,0,0,11397475,25553140,0,0,202101.0
7,A11055002,0,0,0,318670,0,0,5262310,14889700,1083240,4951230,202101.0
8,A11087601,0,0,0,0,0,0,5688435,15652260,0,4286200,202101.0
9,A11087602,0,0,0,0,0,0,7047791,0,130,0,202101.0
10,A10026946,0,0,0,0,0,0,6565450,9794440,538930,5845070,202101.0
11,A11001203,0,0,0,0,0,0,2689800,7142370,0,0,202101.0
12,A11084601,0,0,0,0,0,0,2996338,9283100,0,2944720,202101.0
13,A11081503,0,0,393650,0,0,0,7917771,40538020,-200,31215330,202101.0
14,A11008001,0,0,0,0,0,0,3437263,11052620,0,11674620,202101.0
15,A11081302,0,0,0,0,0,0,12321560,48911390,128250,16522200,202101.0
16,A10027708,0,0,0,0,0,0,7505250,8242940,-51230,5838420,202101.0
17,A10025710,0,0,0,0,0,0,6676270,10239610,340660,3060070,202101.0
