,kaptCode,heatC,heatP,gasC,gasP,waterHotC,waterHotP,electC,electP,waterCoolC,waterCoolP,Date
0,A11007001,0,0,0,0,0,0,45597699,0,3042340,0,202108.0
1,A11052201,0,0,770,0,0,0,-1743403,41325610,710360,8388700,202108.0
2,A11076701,,,,,,,,,,,202108.0
3,A10023741,,,,,,,,,,,202108.0
4,A11054301,0,0,0,0,0,0,898770,26246330,1165080,0,202108.0
5,A11054101,0,0,0,0,0,0,5079550,29955000,-930,9293430,202108.0
6,A11077101,0,0,0,0,0,0,-2540831,36908410,1497970,0,202108.0
7,A11055002,0,0,398300,398270,0,0,4279388,21809900,1366510,5187070,202108.0
8,A11087601,0,0,0,0,0,0,3723393,22484890,0,4650510,202108.0
9,A11087602,0,0,0,0,0,0,2537370,0,-450,0,202108.0
10,A10026946,0,0,0,0,0,0,1432280,13184340,1341970,5954730,202108.0
11,A11001203,0,0,0,0,0,0,2284070,8800050,0,0,202108.0
12,A11084601,0,0,0,0,0,0,2147338,13609670,0,3184060,202108.0
13,A11081503,0,0,27660,0,0,0,7003654,64861270,0,0,202108.0
14,A11008001,0,0,0,0,0,0,2393835,10191500,-12064770,12064770,202108.0
15,A11081302,0,0,0,0,0,0,15024566,45137180,398110,17771000,202108.0
16,A10027708,0,0,0,0,0,0,3068350,9846340,0,0,202108.0
17,A10025710,0,0,0,0,0,0,5273460,21625400,320030,3186960,202108.0
