,kaptCode,heatC,heatP,gasC,gasP,waterHotC,waterHotP,electC,electP,waterCoolC,waterCoolP,Date
0,A11007001,0,0,0,0,0,0,15168154,0,2840910,0,202111.0
1,A11052201,0,0,53140,0,0,0,1347120,16456190,383070,7827660,202111.0
2,A11076701,,,,,,,,,,,202111.0
3,A10023741,,,,,,,,,,,202111.0
4,A11054301,0,0,0,0,0,0,3897760,14496060,1737450,0,202111.0
5,A11054101,0,0,0,0,0,0,4172010,15471850,-290,8380180,202111.0
6,A11077101,0,0,0,0,0,0,2439374,27485540,28570,0,202111.0
7,A11055002,0,0,0,361420,0,0,4211672,12730670,639770,5047650,202111.0
8,A11087601,0,0,0,0,0,0,4676906,12762080,0,4207900,202111.0
9,A11087602,0,0,0,0,0,0,1838124,0,40,0,202111.0
10,A10026946,0,0,0,0,0,0,666830,8388970,0,5570480,202111.0
11,A11001203,0,0,0,0,0,0,2332930,6015730,0,0,202111.0
12,A11084601,0,0,0,0,0,0,1940704,7554420,0,2870070,202111.0
13,A11081503,0,0,120110,0,0,0,8049709,31182930,6440,35179580,202111.0
14,A11008001,0,0,0,0,0,0,1800949,9467050,-104400,10567160,202111.0
15,A11081302,0,0,0,0,0,0,8554748,33004070,139790,14786560,202111.0
16,A10027708,0,0,0,0,0,0,10159630,0,6099400,0,202111.0
17,A10025710,0,0,0,0,0,0,13003420,0,3227800,0,202111.0
