,kaptCode,heatC,heatP,gasC,gasP,waterHotC,waterHotP,electC,electP,waterCoolC,waterCoolP,Date
0,A11007001,0,0,0,0,0,0,16237611,0,2927240,0,202110.0
1,A11052201,0,0,2560,0,0,0,0,16162740,342300,8470500,202110.0
2,A11076701,,,,,,,,,,,202110.0
3,A10023741,,,,,,,,,,,202110.0
4,A11054301,0,0,0,0,0,0,2033480,14854480,1737450,0,202110.0
5,A11054101,0,0,0,0,0,0,3768970,14985530,-1030,9192960,202110.0
6,A11077101,0,0,0,0,0,0,6711722,23155020,0,0,202110.0
7,A11055002,0,0,0,371430,0,0,3139723,11993540,1194130,4920690,202110.0
8,A11087601,0,0,0,0,0,0,3444306,12784260,0,4630830,202110.0
9,A11087602,0,0,0,0,0,0,1522602,0,70,0,202110.0
10,A10026946,0,0,0,0,0,0,237850,9617450,-354840,5821990,202110.0
11,A11001203,0,0,0,0,0,0,1730340,5800900,0,0,202110.0
12,A11084601,0,0,0,0,0,0,1410766,7297130,0,3079400,202110.0
13,A11081503,0,0,36580,0,0,0,36597982,0,0,0,202110.0
14,A11008001,0,0,0,0,0,0,2076853,8114640,0,0,202110.0
15,A11081302,0,0,0,0,0,0,8431329,33952180,182830,18008810,202110.0
16,A10027708,0,0,0,0,0,0,10171770,0,0,0,202110.0
17,A10025710,0,0,0,0,0,0,3145910,9466010,324410,3108150,202110.0
