,kaptCode,heatC,heatP,gasC,gasP,waterHotC,waterHotP,electC,electP,waterCoolC,waterCoolP,Date
0,A13007002,0,0,0,0,0,0,528210,11421080,0,4180070,202110.0
1,A13070302,0,0,0,0,0,0,1012200,4571680,0,2918130,202110.0
2,A13007004,0,0,0,0,0,0,7627439,18182830,892820,13751510,202110.0
3,A10028080,0,0,0,0,0,0,4609343,12362190,0,4628430,202110.0
4,A13070301,0,0,0,0,0,0,10006190,34301030,2942700,12235610,202110.0
5,A13007001,0,0,0,0,0,0,3266810,18570680,-405810,6945300,202110.0
6,A10024042,,,,,,,,,,,202110.0
7,A10023389,,,,,,,,,,,202110.0
8,A13006001,2200,0,0,0,0,0,763050,6033130,2646560,4983380,202110.0
9,A13086101,0,0,117120,0,0,0,940050,28202120,-633080,13389680,202110.0
10,A13006101,0,0,0,0,0,0,9352126,32023280,965860,20621050,202110.0
11,A13006003,0,0,0,0,0,0,235220,12473660,57290,5580070,202110.0
12,A13006002,0,0,0,0,0,0,1062293,9200630,0,4711300,202110.0
13,A13077201,0,0,0,0,0,0,4113188,3617790,-3136860,3136860,202110.0
14,A13084802,0,0,13420,0,0,0,1835190,11503880,171260,7025840,202110.0
15,A13084803,0,0,1920,0,0,0,8240370,37215140,351370,0,202110.0
16,A13071302,0,0,0,0,0,0,29198549,115100900,2930330,42446220,202110.0
17,A13002002,0,0,0,0,0,0,6223130,39969670,163680,14153580,202110.0
18,A13084804,3150,0,0,0,0,0,10647391,61569440,0,33315100,202110.0
19,A13085901,0,0,2820,0,0,0,2274330,10253610,0,0,202110.0
20,A13071301,6170,0,0,0,0,0,256270,2781690,180000,0,202110.0
21,A13085902,0,0,58510,0,0,0,1451950,13868070,0,5791910,202110.0
22,A13085301,0,0,0,0,0,0,1815708,16917670,41660,7996870,202110.0
23,A10026180,0,0,0,0,0,0,7066485,26139335,0,11190090,202110.0
24,A13075402,0,0,0,0,0,0,6340345,17085870,1027090,8347640,202110.0
25,A13003406,0,0,0,0,0,0,10087801,23472730,153770,14054550,202110.0
26,A13003404,0,0,0,0,0,0,2891070,0,0,0,202110.0
27,A13080801,0,0,0,0,0,0,1994220,7412980,-312150,5412040,202110.0
28,A13003202,0,0,0,0,0,0,7852410,35911050,47050,21492270,202110.0
29,A13003201,0,0,9610,0,0,0,6085224,23939850,-535610,17084430,202110.0
30,A13075404,0,0,0,0,0,0,1062620,4638430,0,5407740,202110.0
31,A13080201,0,0,0,0,0,0,12845680,0,5827970,0,202110.0
32,A13080702,0,0,0,0,0,0,569190,7742420,0,0,202110.0
33,A13075405,0,0,0,0,0,0,546980,4679700,-145540,2992400,202110.0
34,A13075403,0,0,0,0,0,0,5952900,0,3807980,0,202110.0
35,A13003005,0,0,0,0,0,0,7332129,29412830,15604050,15604050,202110.0
36,A13003002,0,0,0,0,0,0,2654123,13476470,0,0,202110.0
37,A13003402,0,0,0,0,0,0,1723130,9116410,0,0,202110.0
38,A13003405,0,0,0,0,0,0,1543720,13227190,170720,0,202110.0
39,A13003003,0,0,0,0,0,0,1812060,18641210,0,9326390,202110.0
40,A10026232,0,0,0,0,0,0,13318720,38478740,0,14756970,202110.0
41,A10025754,0,0,0,0,0,0,10637980,24274240,308560,11101540,202110.0
42,A13003007,0,0,0,0,0,0,25033722,110540560,0,41462980,202110.0
43,A10026104,0,0,0,0,0,0,3974060,35957330,66670,11118530,202110.0
44,A10027089,0,0,0,0,0,0,1313980,0,0,0,202110.0
45,A10026779,,,,,,,,,,,202110.0
46,A13010006,0,0,6530,0,0,0,102865092,0,41559370,0,202110.0
47,A13010004,0,0,181480,0,0,0,8120057,37879991,357090,17113710,202110.0
48,A13084701,0,0,0,0,0,0,2572371,9556760,258000,0,202110.0
49,A13010003,12135250,0,0,0,0,0,17786000,0,1782080,0,202110.0
50,A13010005,0,0,0,0,0,0,17469430,75525410,9817650,35790000,202110.0
51,A13084101,0,0,42570,0,0,0,5413051,21584420,0,12320790,202110.0
52,A13010001,0,0,0,0,0,0,735452,8766940,0,3952030,202110.0
53,A10025227,0,0,0,0,0,0,6430140,17404650,287890,7817610,202110.0
54,A10024892,,,,,,,,,,,202110.0
55,A13086703,0,0,0,0,0,0,-170840,9198820,-61350,7272030,202110.0
56,A13086704,0,0,0,0,0,0,8208556,30547150,696260,18865920,202110.0
57,A13086705,-235230,15252540,0,0,0,12870000,-666180,41378410,230,40625940,202110.0
58,A13086802,0,0,0,0,0,0,12283212,0,7338210,0,202110.0
59,A13086701,8289880,0,0,0,-3537000,3537000,3344700,7248500,0,0,202110.0
60,A13071201,0,0,8320,0,0,0,830550,1901910,164760,1426640,202110.0
61,A13070101,0,0,0,0,0,0,2355140,11061410,303260,3348220,202110.0
62,A13087201,0,0,0,0,0,0,6066880,18586010,66050,0,202110.0
63,A13009001,0,0,0,0,0,0,3578656,15537980,348230,16384260,202110.0
64,A13009206,0,0,0,0,0,0,4584460,20297190,90,9849630,202110.0
65,A13009202,0,0,0,0,0,0,465900,10641630,258050,4158000,202110.0
66,A13077703,0,0,0,0,0,0,0,9524870,0,4480080,202110.0
67,A13009101,0,0,0,0,0,0,892750,11133730,0,4609440,202110.0
68,A13087405,0,0,0,0,0,0,3401800,10492520,0,7331700,202110.0
69,A13087401,0,0,0,0,0,0,1105140,5029590,0,0,202110.0
70,A13078301,0,0,0,0,0,0,1995270,16582750,8860,5715290,202110.0
71,A13009002,0,0,0,0,0,0,12025178,45013130,18630,24339560,202110.0
72,A13077702,0,0,0,0,0,0,10860219,0,6554300,0,202110.0
73,A13087407,0,0,0,0,0,0,2057561,19488650,0,11311840,202110.0
74,A13009003,0,0,0,0,0,0,-196240,19316080,0,8026970,202110.0
75,A10025410,0,0,0,0,0,0,4405573,37802570,7130340,13344360,202110.0
76,A10027101,,,,,,,,,,,202110.0
77,A10024244,0,0,0,0,0,0,1109840,1315410,0,0,202110.0
78,A10023368,,,,,,,,,,,202110.0
79,A10024082,0,0,0,0,0,0,5067250,4452820,932040,1477410,202110.0
80,A10025015,0,0,0,0,0,0,4154170,10361070,338380,4268970,202110.0
81,A13082702,0,0,39020,0,0,0,4944215,17738910,0,10081080,202110.0
82,A13082703,0,0,0,0,0,0,5522283,16707820,327860,10369050,202110.0
83,A13076801,0,0,0,0,0,0,421920,18153330,0,7148720,202110.0
84,A13082502,0,0,0,0,0,0,307280,11985120,0,7005580,202110.0
85,A13083102,0,0,0,0,0,0,6329484,20900340,370570,11993490,202110.0
86,A13079401,0,0,0,0,0,0,3014620,2381900,1736610,1736610,202110.0
87,A13082704,0,0,0,0,0,0,10615553,40391440,321910,23245430,202110.0
88,A13008001,0,0,0,0,0,0,657830,7746850,178340,6930020,202110.0
89,A13079402,0,0,0,0,0,0,2683201,2081920,1572980,1488270,202110.0
90,A13079403,1360,0,0,0,0,0,330580,2966080,129330,1834460,202110.0
91,A13082805,0,0,0,0,0,0,12002448,48082230,947960,28334720,202110.0
92,A13082501,0,0,0,0,0,0,2767410,11392470,96860,6911350,202110.0
