,kaptCode,heatC,heatP,gasC,gasP,waterHotC,waterHotP,electC,electP,waterCoolC,waterCoolP,Date
0,A13007002,0,0,0,0,0,0,449450,12706420,0,4425630,202106.0
1,A13070302,0,0,0,0,0,0,888300,4703660,0,3041970,202106.0
2,A13007004,0,0,0,0,0,0,5199225,19981990,727200,14265310,202106.0
3,A10028080,0,0,0,0,0,0,7458910,12087100,0,4668280,202106.0
4,A13070301,0,0,0,0,0,0,13945580,36873570,3137340,13293420,202106.0
5,A13007001,0,0,0,0,0,0,5249260,17126600,-743800,7345110,202106.0
6,A10024042,,,,,,,,,,,202106.0
7,A10023389,,,,,,,,,,,202106.0
8,A13006001,0,0,2430,0,0,0,582410,6458050,2496070,4220430,202106.0
9,A13086101,0,0,95470,0,0,0,-71830,28851550,-872100,13264120,202106.0
10,A13006101,0,0,0,0,0,0,9990216,31895240,234850,20347750,202106.0
11,A13006003,0,0,0,0,0,0,298560,12744370,0,5883040,202106.0
12,A13006002,0,0,0,0,0,0,1395660,9329390,0,4820840,202106.0
13,A13077201,0,0,0,0,0,0,4967110,3385470,-2485750,2485750,202106.0
14,A13084802,0,0,19100,0,0,0,13609900,0,8885820,0,202106.0
15,A13084803,0,0,44990,0,0,0,5623930,37927120,593945,0,202106.0
16,A13071302,0,0,0,0,0,0,28918735,113111460,157130,44382120,202106.0
17,A13002002,0,0,0,0,0,0,6377680,40178070,461740,13655250,202106.0
18,A13084804,156290,0,0,0,0,0,12431197,58509790,0,34264820,202106.0
19,A13085901,0,0,14610,0,0,0,2691520,10261430,0,0,202106.0
20,A13071301,6420,0,0,0,0,0,534760,2547050,180000,0,202106.0
21,A13085902,0,0,79240,0,0,0,1199410,13864930,0,6042010,202106.0
22,A13085301,0,0,0,0,0,0,1889430,16857800,43580,8016820,202106.0
23,A10026180,0,0,32330,0,0,0,10671200,23935910,39900,11636950,202106.0
24,A13075402,0,0,0,0,0,0,6912166,17468850,364350,8857230,202106.0
25,A13003406,0,0,0,0,0,0,12142981,23088010,68900,14870190,202106.0
26,A13003404,0,0,0,0,0,0,5405376,14850940,260280,0,202106.0
27,A13080801,0,0,0,0,0,0,1287600,0,0,0,202106.0
28,A13003202,0,0,0,0,0,0,8511224,34533870,-631320,20680800,202106.0
29,A13003201,0,0,37960,0,0,0,6912869,21636710,44070,15768670,202106.0
30,A13075404,0,0,0,0,0,0,1317080,4553840,44350,4124430,202106.0
31,A13080201,0,0,26080,0,0,0,13212330,0,5917870,0,202106.0
32,A13080702,0,0,1680,0,0,0,515520,7694350,0,0,202106.0
33,A13075405,0,0,0,0,0,0,110270,5144870,0,3190020,202106.0
34,A13075403,0,0,0,0,0,0,5574260,0,3489820,0,202106.0
35,A13003005,0,0,0,0,0,0,7347701,27473400,0,13837680,202106.0
36,A13003002,0,0,0,0,0,0,2124275,13395720,0,0,202106.0
37,A13003402,0,0,0,0,0,0,1045320,10061120,0,0,202106.0
38,A13003405,0,0,0,0,0,0,1940270,12844620,723000,0,202106.0
39,A13003003,0,0,0,0,0,0,5095080,16795870,0,9352900,202106.0
40,A10026232,0,0,0,0,0,0,12453110,37181970,0,16374970,202106.0
41,A10025754,0,0,0,0,0,0,9549420,25476380,397070,11415020,202106.0
42,A13003007,0,0,0,0,0,0,25026245,99422360,0,48851280,202106.0
43,A10026104,0,0,0,0,0,0,7283360,30737570,950710,10283420,202106.0
44,A10027089,0,0,0,0,0,0,1245570,0,210810,0,202106.0
45,A10026779,,,,,,,,,,,202106.0
46,A13010006,0,0,272720,0,0,0,102519671,0,41990800,0,202106.0
47,A13010004,0,0,67946,0,0,0,10822000,38935250,-97320,17784210,202106.0
48,A13084701,0,0,2580,0,0,0,1923694,9494370,249000,0,202106.0
49,A13010003,9874500,0,0,0,0,0,18318170,0,1056800,0,202106.0
50,A13010005,0,0,0,0,0,0,20505840,76984830,4184680,37346490,202106.0
51,A13084101,0,0,60060,0,0,0,5010373,20779330,0,11090090,202106.0
52,A13010001,0,0,0,0,0,0,695864,8572020,0,3789420,202106.0
53,A10025227,0,0,0,0,0,0,17798800,18477100,7492260,7466220,202106.0
54,A10024892,,,,,,,,,,,202106.0
55,A13086703,0,0,0,0,0,0,822190,7935380,1088500,6384370,202106.0
56,A13086704,0,0,0,0,0,0,8504007,30670340,1376510,18002770,202106.0
57,A13086705,-265760,13289190,0,0,0,11928000,917690,39909310,-50,38765800,202106.0
58,A13086802,0,0,0,0,0,0,12937134,0,6082140,0,202106.0
59,A13086701,4015090,0,0,0,-2241000,2241000,-3649750,13448440,0,0,202106.0
60,A13071201,0,0,42240,0,0,0,951260,1738010,40730,1443270,202106.0
61,A13070101,0,0,0,0,0,0,3535280,11226110,245300,3248580,202106.0
62,A13087201,0,0,0,0,0,0,5405037,19191190,268640,0,202106.0
63,A13009001,0,0,0,0,0,0,4273407,15264310,35660,15907300,202106.0
64,A13009206,0,0,0,0,0,0,5482750,19487100,124760,9889020,202106.0
65,A13009202,0,0,0,0,0,0,455100,11364070,122430,4034310,202106.0
66,A13077703,0,0,0,0,0,0,353930,9216820,89800,4531680,202106.0
67,A13009101,0,0,0,0,0,0,577726,10555480,0,4500130,202106.0
68,A13087405,0,0,0,0,0,0,3457050,10306660,0,6972100,202106.0
69,A13087401,0,0,0,0,0,0,613800,5641300,0,0,202106.0
70,A13078301,0,0,0,0,0,0,1652700,17992960,45370,5756360,202106.0
71,A13009002,0,0,0,0,0,0,13054993,43797880,22630,24023720,202106.0
72,A13077702,0,0,0,0,0,0,14598330,0,6842070,0,202106.0
73,A13087407,0,0,0,0,0,0,1253039,19577600,0,10850090,202106.0
74,A13009003,0,0,0,0,0,0,-1440440,20462160,0,8159600,202106.0
75,A10025410,0,0,0,0,0,0,3187210,36193020,5522370,11203530,202106.0
76,A10027101,,,,,,,,,,,202106.0
77,A10024244,,,,,,,,,,,202106.0
78,A10023368,,,,,,,,,,,202106.0
79,A10024082,,,,,,,,,,,202106.0
80,A10025015,0,0,0,0,0,0,3818470,10409640,140850,4320480,202106.0
81,A13082702,0,0,103430,0,0,0,4350272,16929810,0,9592100,202106.0
82,A13082703,0,0,0,0,0,0,5527084,16478070,535220,9174450,202106.0
83,A13076801,0,0,0,0,0,0,578170,18360800,0,7297440,202106.0
84,A13082502,0,0,0,0,0,0,357060,12151040,0,5876560,202106.0
85,A13083102,0,0,0,0,0,0,5925287,21800230,36900,12239070,202106.0
86,A13079401,0,0,0,0,0,0,3242080,0,1691160,0,202106.0
87,A13082704,0,0,0,0,0,0,12705011,39096000,296890,22294740,202106.0
88,A13008001,0,0,0,0,0,0,274750,7988020,130510,6794500,202106.0
89,A13079402,0,0,0,0,0,0,2971850,0,1588330,0,202106.0
90,A13079403,18200,0,0,0,0,0,904550,2912310,7040,1969840,202106.0
91,A13082805,0,0,0,0,0,0,13204085,48509270,0,27887480,202106.0
92,A13082501,0,0,0,0,0,0,4035200,11100780,0,6957150,202106.0
