,kaptCode,heatC,heatP,gasC,gasP,waterHotC,waterHotP,electC,electP,waterCoolC,waterCoolP,Date
0,A13007002,0,0,0,0,0,0,542050,11270250,0,4472050,202111.0
1,A13070302,0,0,0,0,0,0,1092000,4454380,0,2935640,202111.0
2,A13007004,0,0,0,0,0,0,3782422,21745350,727220,13641070,202111.0
3,A10028080,0,0,0,0,0,0,5144218,12224740,0,5587030,202111.0
4,A13070301,0,0,0,0,0,0,10525480,33954680,3484180,12496330,202111.0
5,A13007001,0,0,0,0,0,0,3807740,18901780,-590170,7204030,202111.0
6,A10024042,,,,,,,,,,,202111.0
7,A10023389,,,,,,,,,,,202111.0
8,A13006001,40410,0,0,0,0,0,1432510,6046870,0,0,202111.0
9,A13086101,0,0,208090,0,0,0,-389130,29979760,-711880,12546760,202111.0
10,A13006101,0,0,0,0,0,0,10945827,32551280,777360,19764650,202111.0
11,A13006003,0,0,0,0,0,0,939330,12124290,68420,5683550,202111.0
12,A13006002,0,0,0,0,0,0,1397787,9543690,0,4797240,202111.0
13,A13077201,0,0,0,0,0,0,4955528,3927530,-2965170,2965170,202111.0
14,A13084802,0,0,43910,0,0,0,1824385,12022320,72770,6453970,202111.0
15,A13084803,0,0,27750,0,0,0,4428350,41998510,0,0,202111.0
16,A13071302,22947890,0,0,0,0,0,30344020,115824080,2482740,43881900,202111.0
17,A13002002,0,0,0,0,0,0,7111690,39453540,2040,13864910,202111.0
18,A13084804,134990,0,0,0,0,0,12947561,61211820,0,32800360,202111.0
19,A13085901,0,0,102340,0,0,0,2490890,10157130,0,0,202111.0
20,A13071301,39860,0,0,0,0,0,31500,2651350,180000,0,202111.0
21,A13085902,0,0,109010,0,0,0,1458260,14320910,0,6161390,202111.0
22,A13085301,0,0,0,0,0,0,2011676,17672530,48190,8656170,202111.0
23,A10026180,0,0,0,0,0,0,8923460,26190630,0,10350390,202111.0
24,A13075402,0,0,0,0,0,0,6846840,17866700,277630,9595020,202111.0
25,A13003406,0,0,0,0,0,0,12098911,24692320,90050,14686360,202111.0
26,A13003404,0,0,0,0,0,0,2812640,0,0,0,202111.0
27,A13080801,0,0,0,0,0,0,2561020,7559810,216990,4555480,202111.0
28,A13003202,0,0,0,0,0,0,7863926,36326950,159440,20527110,202111.0
29,A13003201,0,0,182940,0,0,0,4695357,25831590,-491960,14914620,202111.0
30,A13075404,0,0,0,0,0,0,1314580,5022930,0,3372370,202111.0
31,A13080201,0,0,15150,0,0,0,2083330,10997600,791770,5250090,202111.0
32,A13080702,0,0,5760,0,0,0,531800,7903630,0,0,202111.0
33,A13075405,0,0,0,0,0,0,1193500,4245710,0,2546350,202111.0
34,A13075403,0,0,0,0,0,0,6005100,0,3608480,0,202111.0
35,A13003005,0,0,0,0,0,0,7839872,27766520,0,14840820,202111.0
36,A13003002,0,0,0,0,0,0,2937252,13514600,0,0,202111.0
37,A13003402,0,0,0,0,0,0,1677760,9557650,247360,8284920,202111.0
38,A13003405,0,0,0,0,0,0,1550090,12746600,170710,0,202111.0
39,A13003003,0,0,0,0,0,0,3901770,14664610,184700,9026160,202111.0
40,A10026232,0,0,0,0,0,0,11002920,38702050,0,16087740,202111.0
41,A10025754,0,0,0,0,0,0,10156550,23611580,434560,11434160,202111.0
42,A13003007,0,0,0,0,0,0,31014481,101822280,0,38539940,202111.0
43,A10026104,0,0,0,0,0,0,4945070,34628670,65610,10818600,202111.0
44,A10027089,0,0,0,0,0,0,1527950,0,0,0,202111.0
45,A10026779,,,,,,,,,,,202111.0
46,A13010006,0,0,148860,0,0,0,103361244,0,46769770,0,202111.0
47,A13010004,0,0,302440,0,0,0,11202863,38671013,91270,17280650,202111.0
48,A13084701,0,0,6450,0,0,0,1669525,10383600,144000,0,202111.0
49,A13010003,25226200,0,0,0,0,0,21497200,0,2386640,0,202111.0
50,A13010005,0,0,0,0,0,0,18171120,82036090,7817190,38611080,202111.0
51,A13084101,0,0,168360,0,0,0,6417166,21002550,0,10290170,202111.0
52,A13010001,0,0,0,0,0,0,1073168,8431890,442450,3856490,202111.0
53,A10025227,0,0,0,0,0,0,7769540,17186860,240590,7487880,202111.0
54,A10024892,,,,,,,,,,,202111.0
55,A13086703,0,0,0,0,0,0,566120,8854460,-116950,7210680,202111.0
56,A13086704,0,0,0,0,0,0,8521713,32161670,575960,18938720,202111.0
57,A13086705,-411600,93849090,0,0,0,9042000,1332870,44917240,0,0,202111.0
58,A13086802,0,0,0,0,0,0,12586159,0,6237440,0,202111.0
59,A13086701,16980820,0,0,0,-3921000,3921000,2991930,8518130,0,0,202111.0
60,A13071201,0,0,45660,0,0,0,967320,1953100,-46810,1292610,202111.0
61,A13070101,0,0,0,0,0,0,3271020,10917670,357100,3148860,202111.0
62,A13087201,0,0,0,0,0,0,4132038,20012960,278540,0,202111.0
63,A13009001,0,0,0,0,0,0,3852487,16319290,0,0,202111.0
64,A13009206,0,0,0,0,0,0,5090890,19666310,5270,7409400,202111.0
65,A13009202,0,0,0,0,0,0,473000,11306060,104500,4040880,202111.0
66,A13077703,0,0,0,0,0,0,0,9483600,383260,4409910,202111.0
67,A13009101,0,0,0,0,0,0,337415,11011310,0,4658590,202111.0
68,A13087405,0,0,0,0,0,0,4008220,10446790,0,7367380,202111.0
69,A13087401,0,0,0,0,0,0,530000,6227050,0,0,202111.0
70,A13078301,0,0,0,0,0,0,2495740,15912680,0,5391750,202111.0
71,A13009002,0,0,0,0,0,0,12519678,44688350,53540,23935170,202111.0
72,A13077702,0,0,0,0,0,0,13845107,0,6587380,0,202111.0
73,A13087407,0,0,0,0,0,0,2015564,19678870,0,10544200,202111.0
74,A13009003,0,0,0,0,0,0,1076930,18920600,-66290,7237140,202111.0
75,A10025410,0,0,0,0,0,0,5115144,35418200,4950560,13573200,202111.0
76,A10027101,,,,,,,,,,,202111.0
77,A10024244,0,0,0,0,0,0,818440,1071310,161630,1585920,202111.0
78,A10023368,,,,,,,,,,,202111.0
79,A10024082,0,0,0,0,0,0,5964988,5585172,1399220,1693720,202111.0
80,A10025015,0,0,0,0,0,0,4125980,9939290,242030,4416000,202111.0
81,A13082702,0,0,153290,0,0,0,4888985,17894160,0,10456600,202111.0
82,A13082703,0,0,0,0,0,0,5948246,17039840,347110,10005540,202111.0
83,A13076801,0,0,0,0,0,0,600780,18946040,0,6900420,202111.0
84,A13082502,0,0,0,0,0,0,3700,12828860,0,5658200,202111.0
85,A13083102,0,0,0,0,0,0,5758736,21931940,127810,11978120,202111.0
86,A13079401,0,0,0,0,0,0,2993090,2465610,1704120,1704120,202111.0
87,A13082704,0,0,0,0,0,0,13341987,39462480,658690,21897820,202111.0
88,A13008001,0,0,0,0,0,0,550580,7997970,0,0,202111.0
89,A13079402,0,0,0,0,0,0,3291473,2291250,1541970,1572980,202111.0
90,A13079403,19110,0,0,0,0,0,643860,3164980,4670,1785130,202111.0
91,A13082805,0,0,0,0,0,0,13040780,50057850,2489780,27906270,202111.0
92,A13082501,0,0,0,0,0,0,3268504,11957690,98840,6694040,202111.0
