,kaptCode,heatC,heatP,gasC,gasP,waterHotC,waterHotP,electC,electP,waterCoolC,waterCoolP,Date
0,A13007002,0,0,0,0,0,0,498210,10776340,0,4251780,202105.0
1,A13070302,0,0,0,0,0,0,1260000,4296470,0,2854690,202105.0
2,A13007004,0,0,0,0,0,0,5190319,19121590,763800,12664320,202105.0
3,A10028080,0,0,0,0,0,0,4615530,11772990,0,5841950,202105.0
4,A13070301,0,0,0,0,0,0,9473970,34196520,3158050,12424470,202105.0
5,A13007001,0,0,0,0,0,0,3743390,15761780,-1382940,7952850,202105.0
6,A10024042,,,,,,,,,,,202105.0
7,A10023389,,,,,,,,,,,202105.0
8,A13006001,0,0,32340,0,0,0,834770,5807500,0,0,202105.0
9,A13086101,0,0,178950,0,0,0,-932950,28850340,-644590,13354900,202105.0
10,A13006101,0,0,0,0,0,0,10148055,29267780,774390,20207600,202105.0
11,A13006003,0,0,0,0,0,0,660470,11274850,0,5587510,202105.0
12,A13006002,0,0,0,0,0,0,1507123,8401610,0,4623380,202105.0
13,A13077201,0,0,0,0,0,0,3345540,3385470,-2485750,2485750,202105.0
14,A13084802,0,0,70480,0,0,0,1694530,9647230,193050,7821100,202105.0
15,A13084803,0,0,113000,0,0,0,5346260,37608030,593945,0,202105.0
16,A13071302,0,0,0,0,0,0,26022071,105458950,705810,44686890,202105.0
17,A13002002,0,0,0,0,0,0,5118610,38049710,650,13660240,202105.0
18,A13084804,249400,0,0,0,0,0,11907106,56520590,0,32629640,202105.0
19,A13085901,0,0,56390,0,0,0,2567570,9852630,0,0,202105.0
20,A13071301,37230,0,0,0,0,0,313820,2395370,180000,0,202105.0
21,A13085902,0,0,76250,0,0,0,1896000,13309640,0,5930740,202105.0
22,A13085301,0,0,0,0,0,0,1761011,15463200,38810,8322600,202105.0
23,A10026180,0,0,0,0,0,0,8314080,20727280,89320,9583650,202105.0
24,A13075402,0,0,0,0,0,0,6617698,15988270,702070,8201940,202105.0
25,A13003406,0,0,0,0,0,0,10847218,22030490,93680,14157480,202105.0
26,A13003404,0,0,0,0,0,0,5308889,14969450,304920,0,202105.0
27,A13080801,0,0,0,0,0,0,1287600,0,0,0,202105.0
28,A13003202,0,0,0,0,0,0,8823424,32676840,-373320,21038210,202105.0
29,A13003201,0,0,53940,0,0,0,5152194,23147080,-90,15627950,202105.0
30,A13075404,0,0,0,0,0,0,1035080,4328200,90450,4352790,202105.0
31,A13080201,0,0,20710,0,0,0,12478010,0,5533160,0,202105.0
32,A13080702,0,0,5340,0,0,0,423780,7113460,0,0,202105.0
33,A13075405,0,0,0,0,0,0,113730,5350070,0,3089600,202105.0
34,A13075403,0,0,0,0,0,0,5302260,0,4053910,0,202105.0
35,A13003005,0,0,0,0,0,0,7248748,25230680,0,13091280,202105.0
36,A13003002,0,0,0,0,0,0,2755970,12491970,0,0,202105.0
37,A13003402,0,0,0,0,0,0,1093930,9200200,336590,8106000,202105.0
38,A13003405,0,0,0,0,0,0,1772990,12621880,998660,0,202105.0
39,A13003003,0,0,0,0,0,0,5150560,15960760,0,9479650,202105.0
40,A10026232,0,0,0,0,0,0,11432780,34783580,0,15490650,202105.0
41,A10025754,0,0,0,0,0,0,10658290,22792550,276110,10577110,202105.0
42,A13003007,0,0,0,0,0,0,22110796,96798280,0,45033600,202105.0
43,A10026104,0,0,0,0,0,0,5037450,30005490,822130,10959440,202105.0
44,A10027089,0,0,0,0,0,0,1260300,0,82290,0,202105.0
45,A10026779,,,,,,,,,,,202105.0
46,A13010006,0,0,439580,0,0,0,99404287,0,45732510,0,202105.0
47,A13010004,0,0,427864,0,0,0,8341430,36388110,-314940,17241030,202105.0
48,A13084701,0,0,5190,0,0,0,2082165,9214900,249000,0,202105.0
49,A13010003,8686630,0,0,0,0,0,17564690,0,2500000,0,202105.0
50,A13010005,0,0,0,0,0,0,12243514,76217130,3938570,37924220,202105.0
51,A13084101,0,0,93570,0,0,0,5065834,19458410,0,11109280,202105.0
52,A13010001,0,0,0,0,0,0,867421,8053060,0,3743570,202105.0
53,A10025227,0,0,0,0,0,0,22856790,0,7837850,0,202105.0
54,A10024892,,,,,,,,,,,202105.0
55,A13086703,0,0,0,0,0,0,183590,7935380,333690,6384370,202105.0
56,A13086704,0,0,0,0,0,0,8328089,28078880,233600,17717910,202105.0
57,A13086705,-274360,21003960,0,0,0,13842000,3629970,37261980,0,0,202105.0
58,A13086802,0,0,0,0,0,0,12310153,0,6940230,0,202105.0
59,A13086701,8359860,0,0,0,-2928000,2928000,2377320,7312740,0,0,202105.0
60,A13071201,0,0,136370,0,0,0,798430,1738010,115130,1443270,202105.0
61,A13070101,0,0,0,0,0,0,2582390,10646940,245000,3227700,202105.0
62,A13087201,0,0,0,0,0,0,4189896,19191190,268640,0,202105.0
63,A13009001,0,0,0,0,0,0,4071589,14181340,0,0,202105.0
64,A13009206,0,0,0,0,0,0,3317480,19653520,-33810,8671350,202105.0
65,A13009202,0,0,0,0,0,0,469700,10403360,-28120,4006650,202105.0
66,A13077703,0,0,0,0,0,0,367440,0,62920,0,202105.0
67,A13009101,0,0,0,0,0,0,948743,9773010,0,4106880,202105.0
68,A13087405,0,0,0,0,0,0,3327090,9106050,0,6522650,202105.0
69,A13087401,0,0,0,0,0,0,1123910,5084760,0,0,202105.0
70,A13078301,0,0,0,0,0,0,2255960,16231670,30390,5766190,202105.0
71,A13009002,0,0,0,0,0,0,13158842,43431360,17810,22747810,202105.0
72,A13077702,0,0,0,0,0,0,13513663,0,5976740,0,202105.0
73,A13087407,0,0,0,0,0,0,1224888,18542810,0,10574320,202105.0
74,A13009003,0,0,14030,0,0,0,-491210,18842850,-887320,8030080,202105.0
75,A10025410,0,0,0,0,0,0,5046110,30329160,7377190,12160260,202105.0
76,A10027101,,,,,,,,,,,202105.0
77,A10024244,,,,,,,,,,,202105.0
78,A10023368,,,,,,,,,,,202105.0
79,A10024082,,,,,,,,,,,202105.0
80,A10025015,0,0,0,0,0,0,4156060,9548910,197110,4171450,202105.0
81,A13082702,0,0,143010,0,0,0,4653793,16528680,0,10101690,202105.0
82,A13082703,0,0,0,0,0,0,5543146,14247430,425010,9388800,202105.0
83,A13076801,0,0,0,0,0,0,404070,17305040,0,6806810,202105.0
84,A13082502,0,0,0,0,0,0,612400,11162730,0,5607130,202105.0
85,A13083102,0,0,0,0,0,0,5859924,20646190,135070,12390050,202105.0
86,A13079401,0,0,0,0,0,0,3070950,0,1936410,0,202105.0
87,A13082704,0,0,0,0,0,0,11729545,35447040,652520,22306230,202105.0
88,A13008001,0,0,0,0,0,0,425740,7684200,0,0,202105.0
89,A13079402,0,0,0,0,0,0,2801250,0,1560440,0,202105.0
90,A13079403,15410,0,0,0,0,0,1075630,2456740,58860,1695670,202105.0
91,A13082805,0,0,0,0,0,0,13293740,44764550,0,27719690,202105.0
92,A13082501,0,0,0,0,0,0,3769930,10462310,656580,6584460,202105.0
