,kaptCode,heatC,heatP,gasC,gasP,waterHotC,waterHotP,electC,electP,waterCoolC,waterCoolP,Date
0,A13007002,0,0,0,0,0,0,571790,10944200,0,3956300,202103.0
1,A13070302,0,0,0,0,0,0,1297800,4518710,0,2621070,202103.0
2,A13007004,0,0,0,0,0,0,7088700,19013960,466200,12163600,202103.0
3,A10028080,0,0,0,0,0,0,5382600,10812630,0,5668100,202103.0
4,A13070301,0,0,0,0,0,0,15982360,35590560,2865550,11316530,202103.0
5,A13007001,0,0,0,0,0,0,3734810,17396750,-1348900,7259690,202103.0
6,A10024042,,,,,,,,,,,202103.0
7,A10023389,,,,,,,,,,,202103.0
8,A13006001,0,0,75420,0,0,0,1168350,6314760,0,0,202103.0
9,A13086101,0,0,346900,0,0,0,-964460,30885440,-675070,12909370,202103.0
10,A13006101,0,0,0,0,0,0,8935925,30733280,605260,19596900,202103.0
11,A13006003,0,0,0,0,0,0,1043430,10630470,0,5360670,202103.0
12,A13006002,0,0,0,0,0,0,2000610,8487210,0,4496180,202103.0
13,A13077201,0,0,0,0,0,0,3637150,3326980,-2237230,2237230,202103.0
14,A13084802,0,0,220720,0,0,0,378410,10980750,186750,6988330,202103.0
15,A13084803,0,0,219470,0,0,0,5046980,41530650,110880,0,202103.0
16,A13071302,0,0,0,0,0,0,31394658,101871930,516170,39518670,202103.0
17,A13002002,0,0,0,0,0,0,7105990,40638510,30100,13615950,202103.0
18,A13084804,626470,0,0,0,0,0,14841428,59744760,0,33223600,202103.0
19,A13085901,0,0,215270,0,0,0,2778070,10357460,0,0,202103.0
20,A13071301,69900,0,0,0,0,0,461370,2241590,180000,0,202103.0
21,A13085902,0,0,340310,0,0,0,1898370,13548420,0,5737610,202103.0
22,A13085301,0,0,0,0,0,0,2034329,15866370,40260,8536140,202103.0
23,A10026180,0,0,22270,0,0,0,8492910,20674380,217550,10100260,202103.0
24,A13075402,0,0,0,0,0,0,7307209,15773010,548060,7611740,202103.0
25,A13003406,0,0,0,0,0,0,10946695,22151620,76510,13693150,202103.0
26,A13003404,0,0,0,0,0,0,5971491,15787300,0,0,202103.0
27,A13080801,0,0,0,0,0,0,1854790,0,0,0,202103.0
28,A13003202,0,0,0,0,0,0,44497394,0,19697510,0,202103.0
29,A13003201,0,0,374870,0,0,0,6539841,23768120,2790,14732580,202103.0
30,A13075404,0,0,0,0,0,0,652920,4251800,70260,3339460,202103.0
31,A13080201,0,0,153460,0,0,0,12872540,0,5028060,0,202103.0
32,A13080702,0,0,68880,0,0,0,676420,7093100,0,0,202103.0
33,A13075405,0,0,0,0,0,0,96930,4630200,0,2863030,202103.0
34,A13075403,0,0,0,0,0,0,6455990,0,3528970,0,202103.0
35,A13003005,0,0,0,0,0,0,8162341,25406250,0,14449020,202103.0
36,A13003002,0,0,0,0,0,0,2205550,13683570,1017960,0,202103.0
37,A13003402,0,0,0,0,0,0,1641260,9446780,230880,7997120,202103.0
38,A13003405,0,0,0,0,0,0,2422130,13029640,1482730,0,202103.0
39,A13003003,0,0,0,0,0,0,5641530,16849810,0,9433680,202103.0
40,A10026232,0,0,0,0,0,0,14580610,33673210,0,14105390,202103.0
41,A10025754,0,0,0,0,0,0,11838950,23790650,398600,10532580,202103.0
42,A13003007,0,0,0,0,0,0,29600521,99014110,0,41538980,202103.0
43,A10026104,0,0,0,0,0,0,6125430,30435690,367290,10630100,202103.0
44,A10027089,0,0,0,0,0,0,1369900,0,184120,0,202103.0
45,A10026779,,,,,,,,,,,202103.0
46,A13010006,0,0,975330,0,0,0,105722602,0,40464440,0,202103.0
47,A13010004,0,0,296600,0,0,0,7912645,37469360,-595900,16012670,202103.0
48,A13084701,0,0,91020,0,0,0,2614768,9788810,361500,0,202103.0
49,A13010003,42580760,0,0,0,0,0,18244560,0,3445920,0,202103.0
50,A13010005,0,0,0,0,0,0,16819686,70267680,4514060,33381630,202103.0
51,A13084101,0,0,215370,0,0,0,5815614,24785290,0,9918960,202103.0
52,A13010001,0,0,0,0,0,0,1136701,8189610,0,3655550,202103.0
53,A10025227,0,0,0,0,0,0,7898880,17185010,0,7560160,202103.0
54,A10024892,,,,,,,,,,,202103.0
55,A13086703,0,0,0,0,0,0,747930,7544780,65700,5907980,202103.0
56,A13086704,0,0,0,0,0,0,9202714,28429030,566800,16245400,202103.0
57,A13086705,-991650,98027790,0,0,0,16065000,4610490,46357400,0,0,202103.0
58,A13086802,0,0,0,0,0,0,13753347,0,6155820,0,202103.0
59,A13086701,17061570,0,0,0,-3687000,3687000,3835400,6628170,0,0,202103.0
60,A13071201,0,0,353520,0,0,0,878330,1696070,37440,1228010,202103.0
61,A13070101,0,0,0,0,0,0,2906310,11674670,350640,3333540,202103.0
62,A13087201,0,0,0,0,0,0,4291519,16926950,202400,0,202103.0
63,A13009001,0,0,0,0,0,0,4498338,14643680,0,0,202103.0
64,A13009206,0,0,0,0,0,0,6396360,18095800,92450,7841540,202103.0
65,A13009202,0,0,0,0,0,0,471900,10577630,432110,4027110,202103.0
66,A13077703,0,0,0,0,0,0,399940,8188090,0,3991130,202103.0
67,A13009101,0,0,0,0,0,0,1335780,9828570,0,3797150,202103.0
68,A13087405,0,0,0,0,0,0,3542710,9168460,0,6073230,202103.0
69,A13087401,0,0,0,0,0,0,1558500,5125100,472230,0,202103.0
70,A13078301,0,0,0,0,0,0,2876770,16972450,74570,5555560,202103.0
71,A13009002,0,0,0,0,0,0,13692268,46613010,21700,24799520,202103.0
72,A13077702,0,0,0,0,0,0,14351619,0,5656250,0,202103.0
73,A13087407,0,0,0,0,0,0,2501898,19060720,0,9979390,202103.0
74,A13009003,0,0,0,0,0,0,-320790,19636810,474980,8200410,202103.0
75,A10025410,0,0,0,0,0,0,4666670,33261910,10838870,11765610,202103.0
76,A10027101,,,,,,,,,,,202103.0
77,A10024244,,,,,,,,,,,202103.0
78,A10023368,,,,,,,,,,,202103.0
79,A10024082,,,,,,,,,,,202103.0
80,A10025015,0,0,0,0,0,0,3422800,0,98400,0,202103.0
81,A13082702,0,0,303890,0,0,0,4846446,17818040,0,9191970,202103.0
82,A13082703,0,0,0,0,0,0,5807067,14899410,374410,9007830,202103.0
83,A13076801,0,0,0,0,0,0,1257350,16884230,0,6978670,202103.0
84,A13082502,0,0,0,0,0,0,1014980,11018820,0,6376240,202103.0
85,A13083102,0,0,0,0,0,0,5095167,22797110,13970,12092140,202103.0
86,A13079401,0,0,0,0,0,0,3226850,0,1497480,0,202103.0
87,A13082704,0,0,0,0,0,0,12561255,35004630,178600,21921360,202103.0
88,A13008001,0,0,0,0,0,0,1367180,8145650,0,0,202103.0
89,A13079402,0,0,0,0,0,0,3344378,0,1582180,0,202103.0
90,A13079403,173370,0,0,0,0,0,959360,2714390,1750,1770980,202103.0
91,A13082805,0,0,0,0,0,0,12631131,43872190,0,24586320,202103.0
92,A13082501,0,0,0,0,0,0,4092340,10559490,8630,6102840,202103.0
