,kaptCode,heatC,heatP,gasC,gasP,waterHotC,waterHotP,electC,electP,waterCoolC,waterCoolP,Date
0,A13007002,0,0,0,0,0,0,495430,10101570,0,4225200,202102.0
1,A13070302,0,0,0,0,0,0,1289400,4177250,0,2996410,202102.0
2,A13007004,0,0,0,0,0,0,3159160,21553200,1147110,13231490,202102.0
3,A10028080,0,0,0,0,0,0,8558500,13765860,0,4496160,202102.0
4,A13070301,0,0,0,0,0,0,11502690,32721120,2366990,13061780,202102.0
5,A13007001,0,0,0,0,0,0,4553100,15933870,-165720,6515910,202102.0
6,A10024042,,,,,,,,,,,202102.0
7,A10023389,,,,,,,,,,,202102.0
8,A13006001,0,0,89980,0,0,0,898740,8741180,2517920,4264750,202102.0
9,A13086101,0,0,482420,0,0,0,-652360,29069390,-756820,11813830,202102.0
10,A13006101,0,0,0,0,0,0,11597995,38524850,96590,17920400,202102.0
11,A13006003,0,0,0,0,0,0,854750,13470250,0,5727080,202102.0
12,A13006002,0,0,0,0,0,0,1784010,11243890,0,4552720,202102.0
13,A13077201,0,0,0,0,0,0,3697780,4879660,-2777180,2777180,202102.0
14,A13084802,0,0,303180,0,0,0,2584340,14219930,205210,6409790,202102.0
15,A13084803,0,0,249660,0,0,0,6885310,38054650,0,0,202102.0
16,A13071302,0,0,0,0,0,0,35217701,132724480,1776862,43031550,202102.0
17,A13002002,0,0,0,0,0,0,8648290,36400250,570,12239940,202102.0
18,A13084804,869050,0,0,0,0,0,17222125,75204610,0,29778610,202102.0
19,A13085901,0,0,255430,0,0,0,2985110,9781430,298800,0,202102.0
20,A13071301,68630,0,0,0,0,0,939940,2899920,180000,0,202102.0
21,A13085902,0,0,397810,0,0,0,2121360,12690130,0,5200040,202102.0
22,A13085301,0,0,0,0,0,0,2160270,20679230,32130,7426300,202102.0
23,A10026180,0,0,27790,0,0,0,9138910,18628920,192520,10403740,202102.0
24,A13075402,0,0,0,0,0,0,12467914,19826220,548060,8914700,202102.0
25,A13003406,0,0,0,0,0,0,12352081,28170450,36860,13310110,202102.0
26,A13003404,0,0,0,0,0,0,6297261,14753600,0,0,202102.0
27,A13080801,0,0,0,0,0,0,1921660,0,0,0,202102.0
28,A13003202,0,0,0,0,0,0,11209935,43681550,2739950,19094740,202102.0
29,A13003201,0,0,464110,0,0,0,6595300,22485330,-150,14188670,202102.0
30,A13075404,0,0,0,0,0,0,777180,6781780,140490,4141620,202102.0
31,A13080201,0,0,77100,0,0,0,15821680,0,5590190,0,202102.0
32,A13080702,0,0,0,0,0,0,556580,9249010,0,0,202102.0
33,A13075405,0,0,0,0,0,0,102530,6014210,0,2552770,202102.0
34,A13075403,0,0,0,0,0,0,6511800,0,4103800,0,202102.0
35,A13003005,0,0,0,0,0,0,14274426,31723790,0,12350360,202102.0
36,A13003002,0,0,0,0,0,0,4360920,12606390,0,0,202102.0
37,A13003402,0,0,0,0,0,0,2830180,12941210,0,0,202102.0
38,A13003405,0,0,0,0,0,0,3032090,12128440,1482730,0,202102.0
39,A13003003,0,0,0,0,0,0,3697970,15364020,0,8393020,202102.0
40,A10026232,0,0,0,0,0,0,24683410,45350570,0,15221480,202102.0
41,A10025754,0,0,0,0,0,0,12466810,21719650,369880,9893960,202102.0
42,A13003007,0,0,0,0,0,0,49848881,131850990,0,47703300,202102.0
43,A10026104,0,0,0,0,0,0,10734210,39903690,474000,11058840,202102.0
44,A10027089,0,0,0,0,0,0,1580720,0,166050,0,202102.0
45,A10026779,,,,,,,,,,,202102.0
46,A13010006,0,0,1063370,0,0,0,101182586,0,39001340,0,202102.0
47,A13010004,0,0,432940,0,0,0,11329972,34381619,-410360,17852660,202102.0
48,A13084701,0,0,136360,0,0,0,2802504,9096980,306000,0,202102.0
49,A13010003,50304990,0,0,0,0,0,26444320,0,3445920,0,202102.0
50,A13010005,0,0,0,0,0,0,19337729,93285330,4559100,38641970,202102.0
51,A13084101,0,0,280820,0,0,0,5903793,32692800,0,10578730,202102.0
52,A13010001,0,0,0,0,0,0,1901013,10304330,0,4272030,202102.0
53,A10025227,0,0,0,0,0,0,8113930,15719790,0,6756510,202102.0
54,A10024892,,,,,,,,,,,202102.0
55,A13086703,0,0,0,0,0,0,2484910,9877390,52390,7223810,202102.0
56,A13086704,0,0,0,0,0,0,19230267,37618970,1223360,18053570,202102.0
57,A13086705,-1016820,130348200,0,0,0,17958000,10078260,70814520,30,40201000,202102.0
58,A13086802,0,0,0,0,0,0,17510682,0,6682990,0,202102.0
59,A13086701,21971700,0,0,0,0,0,9993610,0,0,0,202102.0
60,A13071201,0,0,459520,0,0,0,1273000,2249800,55280,1377570,202102.0
61,A13070101,0,0,0,0,0,0,3628990,10710630,219250,3094860,202102.0
62,A13087201,0,0,0,0,,,2987709,0,132480,0,202102.0
63,A13009001,0,0,0,0,0,0,6309200,18951340,0,15284990,202102.0
64,A13009206,0,0,0,0,0,0,8099540,23385020,5230,8715080,202102.0
65,A13009202,0,0,0,0,0,0,415000,10059990,-110,3737880,202102.0
66,A13077703,0,0,0,0,0,0,339600,10694640,0,4368630,202102.0
67,A13009101,0,0,0,0,0,0,1417835,12605250,0,4162080,202102.0
68,A13087405,0,0,0,0,0,0,4190360,12084520,0,6868370,202102.0
69,A13087401,0,0,0,0,0,0,1893270,7131710,472230,0,202102.0
70,A13078301,0,0,0,0,0,0,2454600,15471370,88540,5047860,202102.0
71,A13009002,0,0,0,0,0,0,14519995,43207780,76490,25230710,202102.0
72,A13077702,0,0,0,0,0,0,17793749,0,6136980,0,202102.0
73,A13087407,0,0,0,0,0,0,3399496,24177910,0,11317960,202102.0
74,A13009003,0,0,77170,0,0,0,575020,18139920,-195930,7335040,202102.0
75,A10025410,0,0,0,0,0,0,11232270,42963400,12168710,13088460,202102.0
76,A10027101,,,,,,,,,,,202102.0
77,A10024244,,,,,,,,,,,202102.0
78,A10023368,,,,,,,,,,,202102.0
79,A10024082,,,,,,,,,,,202102.0
80,A10025015,0,0,0,0,0,0,13949360,0,4269730,0,202102.0
81,A13082702,0,0,320480,0,0,0,4806467,17154380,0,9601330,202102.0
82,A13082703,0,0,0,0,0,0,6955650,19197700,811340,9448890,202102.0
83,A13076801,0,0,0,0,0,0,3110770,21899160,0,6306800,202102.0
84,A13082502,0,0,0,0,0,0,748430,13898490,0,6122410,202102.0
85,A13083102,0,0,0,0,0,0,5716865,20519230,339940,10802900,202102.0
86,A13079401,0,0,0,0,0,0,4654720,0,2032800,0,202102.0
87,A13082704,0,0,0,0,0,0,13849931,45932200,492760,20505640,202102.0
88,A13008001,0,0,0,0,0,0,858130,7189370,66420,6427680,202102.0
89,A13079402,0,0,0,0,0,0,4636184,0,1375630,0,202102.0
90,A13079403,294380,0,0,0,0,0,1438050,3834030,83500,1634340,202102.0
91,A13082805,0,0,0,0,0,0,16043340,54007780,0,28427830,202102.0
92,A13082501,0,0,0,0,0,0,6899940,14100400,162380,6940640,202102.0
