,kaptCode,heatC,heatP,gasC,gasP,waterHotC,waterHotP,electC,electP,waterCoolC,waterCoolP,Date
0,A13007002,0,0,0,0,0,0,526870,12575430,0,4557290,202109.0
1,A13070302,0,0,0,0,0,0,894600,4811820,0,3027840,202109.0
2,A13007004,0,0,0,0,0,0,3198827,20547420,1784100,15357740,202109.0
3,A10028080,0,0,0,0,0,0,5707280,13531930,0,5887230,202109.0
4,A13070301,0,0,0,0,0,0,13012940,36993480,4598510,12828940,202109.0
5,A13007001,0,0,0,0,0,0,5356980,13652930,789790,5953660,202109.0
6,A10024042,,,,,,,,,,,202109.0
7,A10023389,,,,,,,,,,,202109.0
8,A13006001,0,0,0,0,0,0,33060,6764070,0,0,202109.0
9,A13086101,0,0,81090,0,0,0,-1291250,28750580,-1085400,13412720,202109.0
10,A13006101,0,0,0,0,0,0,7421530,34633530,757820,20629220,202109.0
11,A13006003,0,0,0,0,0,0,-297920,13181460,0,6046440,202109.0
12,A13006002,0,0,0,0,0,0,473930,9574930,0,4938730,202109.0
13,A13077201,0,0,0,0,0,0,1749010,6402510,-3101550,3101550,202109.0
14,A13084802,0,0,7580,0,0,0,1701760,12121820,370780,7675460,202109.0
15,A13084803,0,0,1280,0,0,0,2952670,39922000,351370,0,202109.0
16,A13071302,0,0,0,0,0,0,31801952,138484430,2688470,44709660,202109.0
17,A13002002,0,0,0,0,0,0,6168670,40339240,143290,12389140,202109.0
18,A13084804,98280,0,0,0,0,0,2009635,85631560,0,34525190,202109.0
19,A13085901,0,0,660,0,0,0,1890250,10241400,0,0,202109.0
20,A13071301,18400,0,0,0,0,0,311700,2704570,180000,0,202109.0
21,A13085902,0,0,17220,0,0,0,365650,14784160,0,6900350,202109.0
22,A13085301,0,0,0,0,0,0,1888946,16482040,41480,8406130,202109.0
23,A10026180,0,0,0,0,0,0,8623480,22192480,0,10796390,202109.0
24,A13075402,0,0,0,0,0,0,7239143,18116090,1202800,8941440,202109.0
25,A13003406,0,0,0,0,0,0,10134229,23391750,247510,16233270,202109.0
26,A13003404,0,0,0,0,0,0,3817102,15245040,86575,0,202109.0
27,A13080801,0,0,0,0,0,0,719900,0,0,0,202109.0
28,A13003202,0,0,0,0,0,0,2942291,49040890,-275430,21503870,202109.0
29,A13003201,0,0,7180,0,0,0,28745824,0,15981860,0,202109.0
30,A13075404,0,0,0,0,0,0,1123750,5335900,0,4761600,202109.0
31,A13080201,0,0,1400,0,0,0,12992930,0,6225180,0,202109.0
32,A13080702,0,0,0,0,0,0,660960,7720400,0,0,202109.0
33,A13075405,0,0,0,0,0,0,733070,4679700,0,2992400,202109.0
34,A13075403,0,0,0,0,0,0,5784640,0,3924990,0,202109.0
35,A13003005,0,0,0,0,0,0,11029383,35351370,14907560,14907560,202109.0
36,A13003002,0,0,0,0,0,0,1591248,13649910,0,0,202109.0
37,A13003402,0,0,0,0,0,0,712780,10147890,410410,9096550,202109.0
38,A13003405,0,0,0,0,0,0,958430,13205090,509150,0,202109.0
39,A13003003,0,0,0,0,0,0,4186160,16554200,0,9171220,202109.0
40,A10026232,0,0,0,0,0,0,13876360,53555610,701230,17598540,202109.0
41,A10025754,0,0,0,0,0,0,10224410,25275150,292790,11731310,202109.0
42,A13003007,0,0,0,0,0,0,38858033,167833830,0,43375370,202109.0
43,A10026104,0,0,0,0,0,0,8437580,50762790,67010,11406240,202109.0
44,A10027089,0,0,0,0,0,0,1426330,0,0,0,202109.0
45,A10026779,,,,,,,,,,,202109.0
46,A13010006,0,0,42170,0,0,0,103281750,0,44487900,0,202109.0
47,A13010004,0,0,3660,0,0,0,7823186,37460231,353250,17908830,202109.0
48,A13084701,0,0,0,0,0,0,1784053,10088480,258000,0,202109.0
49,A13010003,7976290,0,0,0,0,0,18047090,0,800000,0,202109.0
50,A13010005,0,0,0,0,0,0,23201795,82274570,10818440,37698550,202109.0
51,A13084101,0,0,26890,0,0,0,5660717,33511130,0,11572600,202109.0
52,A13010001,0,0,0,0,0,0,-1295303,11807110,186620,3889550,202109.0
53,A10025227,0,0,0,0,0,0,7398840,18215950,262390,7695790,202109.0
54,A10024892,,,,,,,,,,,202109.0
55,A13086703,0,0,0,0,0,0,207830,9198820,2760,7272030,202109.0
56,A13086704,0,0,0,0,0,0,7405072,31260860,613340,19520540,202109.0
57,A13086705,-233330,10239780,0,0,0,8025000,-11111680,54106870,0,0,202109.0
58,A13086802,0,0,0,0,0,0,14221377,0,7042520,0,202109.0
59,A13086701,3397920,0,0,0,0,0,9949250,0,0,0,202109.0
60,A13071201,0,0,1270,0,0,0,772110,1901910,92760,1426640,202109.0
61,A13070101,0,0,0,0,0,0,1971070,10881180,371520,3279960,202109.0
62,A13087201,0,0,0,0,0,0,3927850,18317720,66060,0,202109.0
63,A13009001,0,0,0,0,0,0,3499515,15538050,0,0,202109.0
64,A13009206,0,0,0,0,0,0,5951940,23333890,2760,8052720,202109.0
65,A13009202,0,0,0,0,0,0,454000,10906600,-44060,4317360,202109.0
66,A13077703,0,0,0,0,0,0,0,0,0,0,202109.0
67,A13009101,0,0,0,0,0,0,408003,14588200,0,4895280,202109.0
68,A13087405,0,0,0,0,0,0,2826030,10932590,0,7438720,202109.0
69,A13087401,0,0,0,0,0,0,434020,5527160,0,0,202109.0
70,A13078301,0,0,0,0,0,0,1253330,16913970,0,5785400,202109.0
71,A13009002,0,0,0,0,0,0,10983033,44611470,899180,27431190,202109.0
72,A13077702,0,0,0,0,0,0,13666916,0,6795460,0,202109.0
73,A13087407,0,0,0,0,0,0,1589951,22275390,0,12079480,202109.0
74,A13009003,0,0,1300,0,0,0,-645950,19656250,608390,8065890,202109.0
75,A10025410,0,0,0,0,0,0,2896000,45418500,8265210,14049480,202109.0
76,A10027101,,,,,,,,,,,202109.0
77,A10024244,0,0,0,0,0,0,1417480,1572010,287960,1429440,202109.0
78,A10023368,,,,,,,,,,,202109.0
79,A10024082,0,0,0,0,0,0,4394800,3477560,0,0,202109.0
80,A10025015,0,0,0,0,0,0,2959870,11562290,304730,4413940,202109.0
81,A13082702,0,0,9670,0,0,0,4447644,16982520,0,10691320,202109.0
82,A13082703,0,0,0,0,0,0,4654913,17706570,445410,10329360,202109.0
83,A13076801,0,0,0,0,0,0,616200,18851840,0,7086100,202109.0
84,A13082502,0,0,0,0,0,0,-1230590,13416220,0,6717470,202109.0
85,A13083102,0,0,0,0,0,0,4805381,21824190,254700,12544330,202109.0
86,A13079401,0,0,0,0,0,0,3339730,2637070,1745400,1745400,202109.0
87,A13082704,0,0,0,0,0,0,12568097,38681630,282940,23158140,202109.0
88,A13008001,0,0,0,0,0,0,638200,7427360,0,0,202109.0
89,A13079402,0,0,0,0,0,0,2878870,3989330,1488270,1720050,202109.0
90,A13079403,2230,0,0,0,0,0,693230,3193740,6660,1823310,202109.0
91,A13082805,0,0,0,0,0,0,10448667,50937080,3262840,30393160,202109.0
92,A13082501,0,0,0,0,0,0,2760430,11388910,0,7251230,202109.0
