,kaptCode,heatC,heatP,gasC,gasP,waterHotC,waterHotP,electC,electP,waterCoolC,waterCoolP,Date
0,A13007002,0,0,0,0,0,0,480740,9986200,0,3854410,202104.0
1,A13070302,0,0,0,0,0,0,1232700,4109320,0,2959920,202104.0
2,A13007004,0,0,0,0,0,0,5321520,18232820,1298530,13374750,202104.0
3,A10028080,0,0,0,0,0,0,5469180,11866050,0,4470630,202104.0
4,A13070301,0,0,0,0,0,0,9876480,32472510,2535520,12585000,202104.0
5,A13007001,0,0,0,0,0,0,3779920,15177240,-656100,7194610,202104.0
6,A10024042,,,,,,,,,,,202104.0
7,A10023389,,,,,,,,,,,202104.0
8,A13006001,0,0,57830,0,0,0,1353110,6155530,2436800,3769480,202104.0
9,A13086101,0,0,225530,0,0,0,408440,26627650,-1132570,12596890,202104.0
10,A13006101,0,0,0,0,0,0,10334302,31979260,653970,19130200,202104.0
11,A13006003,0,0,0,0,0,0,832270,11908300,0,5495820,202104.0
12,A13006002,0,0,0,0,0,0,1901710,8947220,0,4648730,202104.0
13,A13077201,0,0,0,0,0,0,3638523,3927470,-2484670,2484670,202104.0
14,A13084802,0,0,206960,0,0,0,1661940,11472470,276010,7878970,202104.0
15,A13084803,0,0,230900,0,0,0,5764480,35464720,110880,0,202104.0
16,A13071302,0,0,0,0,0,0,24029264,120551560,466380,44104140,202104.0
17,A13002002,0,0,0,0,0,0,5889620,36560530,1850,13061000,202104.0
18,A13084804,613460,0,0,0,0,0,12600714,64284890,0,32002630,202104.0
19,A13085901,0,0,109240,0,0,0,2603520,9303750,0,0,202104.0
20,A13071301,25110,0,0,0,0,0,495090,2548500,180000,0,202104.0
21,A13085902,0,0,205100,0,0,0,1998160,12396660,0,4569980,202104.0
22,A13085301,0,0,0,0,0,0,2111453,16741670,44350,8145020,202104.0
23,A10026180,0,0,0,0,0,0,7976260,18993770,108990,10270030,202104.0
24,A13075402,0,0,0,0,0,0,7282167,17226180,404540,8629090,202104.0
25,A13003406,0,0,0,0,0,0,11443967,23483050,82740,14512390,202104.0
26,A13003404,0,0,0,0,0,0,5373622,14178960,299920,0,202104.0
27,A13080801,0,0,0,0,0,0,1764490,0,295130,0,202104.0
28,A13003202,0,0,0,0,0,0,9744626,36359570,-1302970,20426340,202104.0
29,A13003201,0,0,153900,0,0,0,5910208,21187050,-50,14598080,202104.0
30,A13075404,0,0,0,0,0,0,925380,4735840,53500,3886560,202104.0
31,A13080201,0,0,30830,0,0,0,13728200,0,5708510,0,202104.0
32,A13080702,0,0,1910,0,0,0,571880,7573580,0,0,202104.0
33,A13075405,0,0,0,0,0,0,110270,4936610,0,2798420,202104.0
34,A13075403,0,0,0,0,0,0,5523780,0,3714440,0,202104.0
35,A13003005,0,0,0,0,0,0,7678609,27453000,0,11954290,202104.0
36,A13003002,0,0,0,0,0,0,2231650,12378670,0,0,202104.0
37,A13003402,0,0,0,0,0,0,941700,10034400,0,0,202104.0
38,A13003405,0,0,0,0,0,0,2153340,11412470,998660,0,202104.0
39,A13003003,0,0,0,0,0,0,5087420,15051230,0,9003270,202104.0
40,A10026232,0,0,0,0,0,0,13271860,38315770,0,15398230,202104.0
41,A10025754,0,0,0,0,0,0,10524430,21419770,281650,11088370,202104.0
42,A13003007,0,0,0,0,0,0,34590912,107546520,0,46757630,202104.0
43,A10026104,0,0,0,0,0,0,5462790,33867400,1246260,10315750,202104.0
44,A10027089,0,0,0,0,0,0,1395340,0,94500,0,202104.0
45,A10026779,,,,,,,,,,,202104.0
46,A13010006,0,0,618480,0,0,0,94339501,0,42085350,0,202104.0
47,A13010004,0,0,188486,0,0,0,7554776,33994790,-644260,17622180,202104.0
48,A13084701,0,0,60240,0,0,0,2198495,8727200,361500,0,202104.0
49,A13010003,17712750,0,0,0,0,0,19179140,0,703680,0,202104.0
50,A13010005,0,0,0,0,0,0,15030799,77361140,4157190,37714600,202104.0
51,A13084101,0,0,121960,0,0,0,5411121,21906680,0,11316250,202104.0
52,A13010001,0,0,0,0,0,0,873674,8813900,0,3868030,202104.0
53,A10025227,0,0,0,0,0,0,5619120,15642970,83130,7787510,202104.0
54,A10024892,,,,,,,,,,,202104.0
55,A13086703,0,0,0,0,0,0,128930,8434340,164890,6307830,202104.0
56,A13086704,0,0,0,0,0,0,9362417,30372290,651170,17538340,202104.0
57,A13086705,-265700,43686780,0,0,0,16815000,3431640,43331490,-10060,37974880,202104.0
58,A13086802,0,0,0,0,0,0,13855823,0,6204150,0,202104.0
59,A13086701,9706930,0,0,0,-3309000,3309000,2005480,7028740,0,0,202104.0
60,A13071201,0,0,238410,0,0,0,887030,1916910,50780,1293720,202104.0
61,A13070101,0,0,0,0,0,0,2802110,10177130,134230,3179880,202104.0
62,A13087201,0,0,0,0,0,0,3397740,0,202400,0,202104.0
63,A13009001,0,0,0,0,0,0,4437981,15392100,0,15015360,202104.0
64,A13009206,0,0,0,0,0,0,5216470,19653520,131730,8671350,202104.0
65,A13009202,0,0,0,0,0,0,468000,9958300,-25550,3922950,202104.0
66,A13077703,0,0,0,0,0,0,376320,8191080,146080,4210090,202104.0
67,A13009101,0,0,0,0,0,0,662496,10499500,0,4180000,202104.0
68,A13087405,0,0,0,0,0,0,3606930,9707710,0,6799240,202104.0
69,A13087401,0,0,0,0,0,0,1394220,5286880,0,0,202104.0
70,A13078301,0,0,0,0,0,0,836410,15237390,87130,5403210,202104.0
71,A13009002,0,0,0,0,0,0,13407136,41381570,21360,22670580,202104.0
72,A13077702,0,0,0,0,0,0,14805780,0,6169040,0,202104.0
73,A13087407,0,0,0,0,0,0,2392277,19972970,0,10276870,202104.0
74,A13009003,0,0,14850,0,0,0,-393240,18051770,0,7902680,202104.0
75,A10025410,0,0,0,0,0,0,4166830,35413150,9981590,13150260,202104.0
76,A10027101,,,,,,,,,,,202104.0
77,A10024244,,,,,,,,,,,202104.0
78,A10023368,,,,,,,,,,,202104.0
79,A10024082,,,,,,,,,,,202104.0
80,A10025015,0,0,0,0,0,0,4006110,8880340,121630,4261500,202104.0
81,A13082702,0,0,261970,0,0,0,4430275,15885750,0,9601330,202104.0
82,A13082703,0,0,0,0,0,0,5601729,16250430,317130,9556400,202104.0
83,A13076801,0,0,0,0,0,0,542600,18548370,0,6660010,202104.0
84,A13082502,0,0,0,0,0,0,694250,12109690,0,5374520,202104.0
85,A13083102,0,0,0,0,0,0,5781566,19646570,103830,11819370,202104.0
86,A13079401,0,0,0,0,0,0,3467190,0,1720410,0,202104.0
87,A13082704,0,0,0,0,0,0,11799800,38810330,501860,21232950,202104.0
88,A13008001,0,0,0,0,0,0,639480,7120010,77870,6662450,202104.0
89,A13079402,0,0,0,0,0,0,3342841,0,1575200,0,202104.0
90,A13079403,36910,0,0,0,0,0,959230,3097620,4860,1799040,202104.0
91,A13082805,0,0,0,0,0,0,13325573,47553250,0,28547200,202104.0
92,A13082501,0,0,0,0,0,0,4023560,11608000,194150,6736610,202104.0
