,kaptCode,heatC,heatP,gasC,gasP,waterHotC,waterHotP,electC,electP,waterCoolC,waterCoolP,Date
0,A13007002,0,0,0,0,0,0,273180,15997170,0,4840670,202108.0
1,A13070302,0,0,0,0,0,0,735000,5473270,0,3278300,202108.0
2,A13007004,0,0,0,0,0,0,1312180,31056640,452680,13606000,202108.0
3,A10028080,0,0,0,0,0,0,7781700,27411330,0,5306600,202108.0
4,A13070301,0,0,0,0,0,0,14400690,53585950,4175010,13029660,202108.0
5,A13007001,0,0,0,0,0,0,7055850,22521450,544330,6199120,202108.0
6,A10024042,,,,,,,,,,,202108.0
7,A10023389,,,,,,,,,,,202108.0
8,A13006001,0,0,2860,0,0,0,1842530,13744180,2286770,4703940,202108.0
9,A13086101,0,0,49180,0,0,0,-8093130,41577550,-891990,14133980,202108.0
10,A13006101,0,0,0,0,0,0,14468918,72180240,98560,22025400,202108.0
11,A13006003,0,0,0,0,0,0,-1071750,25932150,0,6026620,202108.0
12,A13006002,0,0,0,0,0,0,43910,20158640,0,5206600,202108.0
13,A13077201,0,0,0,0,0,0,6311360,3585080,-3177020,3177020,202108.0
14,A13084802,0,0,5960,0,0,0,837130,20332990,324840,8208530,202108.0
15,A13084803,0,0,1870,0,0,0,-3394550,56725680,110790,0,202108.0
16,A13071302,0,0,0,0,0,0,23835596,289661830,2347710,46407840,202108.0
17,A13002002,0,0,0,0,0,0,6336581,56327610,0,15676270,202108.0
18,A13084804,147260,0,0,0,0,0,23403090,108697390,0,36049960,202108.0
19,A13085901,0,0,620,0,0,0,655030,14522380,399600,0,202108.0
20,A13071301,4180,0,0,0,0,0,433740,5293610,180000,0,202108.0
21,A13085902,0,0,17290,0,0,0,136440,15540040,0,5941560,202108.0
22,A13085301,0,0,0,0,0,0,2098440,32667740,39820,9118020,202108.0
23,A10026180,0,0,0,0,0,0,14910390,25376120,0,11248360,202108.0
24,A13075402,0,0,0,0,0,0,10214750,34021990,702260,9215660,202108.0
25,A13003406,0,0,0,0,0,0,17160201,48386290,43730,15868950,202108.0
26,A13003404,0,0,0,0,0,0,3422672,19836990,86575,0,202108.0
27,A13080801,0,0,0,0,0,0,2497090,0,0,0,202108.0
28,A13003202,0,0,0,0,0,0,14837317,62606690,331500,21843800,202108.0
29,A13003201,0,0,13620,0,0,0,11287814,23239630,414290,16418000,202108.0
30,A13075404,0,0,0,0,0,0,1221800,8641740,0,5016630,202108.0
31,A13080201,0,0,0,0,0,0,25001980,0,6286260,0,202108.0
32,A13080702,0,0,0,0,0,0,1190080,15527240,0,0,202108.0
33,A13075405,0,0,0,0,0,0,864050,8216480,23570,2967590,202108.0
34,A13075403,0,0,0,0,0,0,10186850,0,4081900,0,202108.0
35,A13003005,0,0,0,0,0,0,10179968,75507860,0,14047430,202108.0
36,A13003002,0,0,0,0,0,0,155322,18124640,184630,0,202108.0
37,A13003402,0,0,0,0,0,0,1188920,21344170,0,0,202108.0
38,A13003405,0,0,0,0,0,0,480990,17179800,509150,0,202108.0
39,A13003003,0,0,0,0,0,0,2319760,24456950,0,9665920,202108.0
40,A10026232,0,0,0,0,0,0,22320690,85630660,0,16551280,202108.0
41,A10025754,0,0,0,0,0,0,13131730,35946570,-25390,12294330,202108.0
42,A13003007,0,0,0,0,0,0,53092921,210837650,0,46090100,202108.0
43,A10026104,0,0,0,0,0,0,7105030,65549720,70780,11359700,202108.0
44,A10027089,0,0,0,0,0,0,952750,0,0,0,202108.0
45,A10026779,,,,,,,,,,,202108.0
46,A13010006,0,0,49900,0,0,0,146879741,0,48873980,0,202108.0
47,A13010004,0,0,3644,0,0,0,11089299,43733310,443200,18148230,202108.0
48,A13084701,0,0,640,0,0,0,2005331,12309260,222000,0,202108.0
49,A13010003,4199390,0,0,0,0,0,31671220,0,1000000,0,202108.0
50,A13010005,0,0,0,0,0,0,20185072,197734940,8720550,40299510,202108.0
51,A13084101,0,0,11520,0,0,0,8413245,46544620,0,13336060,202108.0
52,A13010001,0,0,0,0,0,0,35580,18406290,0,4406440,202108.0
53,A10025227,0,0,0,0,0,0,10474270,27554810,271910,8058810,202108.0
54,A10024892,,,,,,,,,,,202108.0
55,A13086703,0,0,0,0,0,0,4838104,9136170,514890,7196210,202108.0
56,A13086704,0,0,0,0,0,0,13105215,63650720,519570,20393490,202108.0
57,A13086705,-271620,6675570,0,0,0,7326000,-663010,85828490,-18460,40537650,202108.0
58,A13086802,0,0,0,0,0,0,4135074,20146120,916430,7166580,202108.0
59,A13086701,2910240,0,0,0,-2409000,2409000,3782730,7548550,0,0,202108.0
60,A13071201,0,0,2980,0,0,0,1990530,1768660,329210,1410990,202108.0
61,A13070101,0,0,0,0,0,0,3237070,15800270,289950,3470690,202108.0
62,A13087201,0,0,0,0,0,0,1527078,27126700,135970,0,202108.0
63,A13009001,0,0,0,0,0,0,4294997,33132400,702680,16849960,202108.0
64,A13009206,0,0,0,0,0,0,6558950,46558740,4410,10656980,202108.0
65,A13009202,0,0,0,0,0,0,460300,12753390,147500,4269360,202108.0
66,A13077703,0,0,0,0,0,0,0,0,0,0,202108.0
67,A13009101,0,0,0,0,0,0,266460,10414890,0,4576320,202108.0
68,A13087405,0,0,0,0,0,0,5153370,23044770,0,7762370,202108.0
69,A13087401,0,0,0,0,0,0,100000,13038860,0,0,202108.0
70,A13078301,0,0,0,0,0,0,0,26770040,0,5991270,202108.0
71,A13009002,0,0,0,0,0,0,14134333,61262680,77510,26243870,202108.0
72,A13077702,0,0,0,0,0,0,26332677,0,6993970,0,202108.0
73,A13087407,0,0,0,0,0,0,2089840,29045280,0,11512120,202108.0
74,A13009003,0,0,0,0,0,0,-1321180,23009360,62030,8430360,202108.0
75,A10025410,0,0,0,0,0,0,-866030,91340000,4673880,14879880,202108.0
76,A10027101,,,,,,,,,,,202108.0
77,A10024244,0,0,0,0,0,0,1331880,1527720,0,0,202108.0
78,A10023368,,,,,,,,,,,202108.0
79,A10024082,,,,,,,,,,,202108.0
80,A10025015,0,0,0,0,0,0,5099910,15954420,296720,4440360,202108.0
81,A13082702,0,0,33630,0,0,0,3372401,22020590,0,11022720,202108.0
82,A13082703,0,0,0,0,0,0,7477882,35314560,771140,10509480,202108.0
83,A13076801,0,0,0,0,0,0,-2232010,38567120,0,7566720,202108.0
84,A13082502,0,0,0,0,0,0,-1202260,25416950,0,6453130,202108.0
85,A13083102,0,0,0,0,0,0,4306707,33897270,194450,12915260,202108.0
86,A13079401,0,0,0,0,0,0,5067530,0,2086110,0,202108.0
87,A13082704,0,0,0,0,0,0,17135061,83682450,520260,23423990,202108.0
88,A13008001,0,0,0,0,0,0,856480,11375620,139070,7311260,202108.0
89,A13079402,0,0,0,0,0,0,4249398,0,1720050,0,202108.0
90,A13079403,890,0,0,0,0,0,337640,5378990,53980,2027420,202108.0
91,A13082805,0,0,0,0,0,0,20478118,105214800,818750,32912380,202108.0
92,A13082501,0,0,0,0,0,0,4450860,22509660,7060,7415070,202108.0
