,kaptCode,heatC,heatP,gasC,gasP,waterHotC,waterHotP,electC,electP,waterCoolC,waterCoolP,Date
0,A13007002,0,0,0,0,0,0,562560,12705020,0,4053890,202112.0
1,A13070302,0,0,0,0,0,0,798000,5110160,0,2779740,202112.0
2,A13007004,0,0,0,0,0,0,6948385,22238090,1030350,12954400,202112.0
3,A10028080,0,0,0,0,0,0,5351793,12673500,0,4801040,202112.0
4,A13070301,0,0,0,0,0,0,18705630,38162470,3003010,11967460,202112.0
5,A13007001,0,0,0,0,0,0,5548580,18542920,-733010,7055290,202112.0
6,A10024042,0,0,0,0,0,0,20175240,0,0,0,202112.0
7,A10023389,,,,,,,,,,,202112.0
8,A13006001,81420,0,0,0,0,0,1130060,7126910,3814210,3640700,202112.0
9,A13086101,0,0,384910,0,0,0,-358100,33787800,-780670,12737580,202112.0
10,A13006101,0,0,0,0,0,0,11467432,33727050,201920,19622450,202112.0
11,A13006003,0,0,0,0,0,0,1019410,12360790,0,5476790,202112.0
12,A13006002,0,0,0,0,0,0,1565090,9837640,0,4603840,202112.0
13,A13077201,0,0,0,0,0,0,4983640,3821140,-2788180,2788180,202112.0
14,A13084802,0,0,225170,0,0,0,2187446,11766580,372120,7103530,202112.0
15,A13084803,0,0,72690,0,0,0,9358710,43904840,0,0,202112.0
16,A13071302,17637000,0,0,0,0,0,27906523,123902270,1973570,42020980,202112.0
17,A13002002,0,0,0,0,0,0,12174480,41497930,270650,13865670,202112.0
18,A13084804,601770,0,0,0,0,0,12052391,62931470,186980,33099300,202112.0
19,A13085901,0,0,192910,0,0,0,2576900,11674210,0,0,202112.0
20,A13071301,43250,0,0,0,0,0,719530,2564100,180000,0,202112.0
21,A13085902,0,0,338070,0,0,0,1849670,15978460,0,5456460,202112.0
22,A13085301,0,0,0,0,0,0,2085033,18121920,35740,7612910,202112.0
23,A10026180,0,0,0,0,0,0,10459440,29564190,123470,10992780,202112.0
24,A13075402,0,0,0,0,0,0,6813769,18041570,915260,7961600,202112.0
25,A13003406,0,0,0,0,0,0,11422450,25297020,506560,13488650,202112.0
26,A13003404,0,0,0,0,0,0,3577395,0,0,0,202112.0
27,A13080801,0,0,0,0,0,0,2825880,7955110,-607430,5117930,202112.0
28,A13003202,0,0,0,0,0,0,9657842,35915220,251220,20453150,202112.0
29,A13003201,0,0,427710,0,0,0,9603449,26038610,1383580,14566210,202112.0
30,A13075404,0,0,0,0,0,0,1478860,4486370,0,4284180,202112.0
31,A13080201,0,0,79510,0,0,0,13943910,0,5705780,0,202112.0
32,A13080702,0,0,35880,0,0,0,650220,8097080,0,0,202112.0
33,A13075405,0,0,0,0,0,0,1659880,4224860,0,2709780,202112.0
34,A13075403,0,0,0,0,0,0,6156050,0,3786080,0,202112.0
35,A13003005,0,0,0,0,0,0,8057484,27875450,0,13633930,202112.0
36,A13003002,0,0,0,0,0,0,4647693,15223190,283860,0,202112.0
37,A13003402,0,0,0,0,0,0,1832000,9557490,0,0,202112.0
38,A13003405,0,0,0,0,0,0,17487190,0,398340,0,202112.0
39,A13003003,0,0,0,0,0,0,,,0,9044140,202112.0
40,A10026232,,,0,0,0,0,,,0,15468190,202112.0
41,A10025754,,,0,0,0,0,12177100,26703150,391140,10935460,202112.0
42,A13003007,0,0,0,0,0,0,28400574,104648910,0,36077700,202112.0
43,A10026104,0,0,0,0,0,0,,,42270,10819940,202112.0
44,A10027089,0,0,0,0,0,0,1569630,0,0,0,202112.0
45,A10026779,,,,,,,,,,,202112.0
46,A13010006,0,0,700600,0,0,0,117833974,0,41789540,0,202112.0
47,A13010004,0,0,972550,0,0,0,12817113,44293184,98650,16686120,202112.0
48,A13084701,0,0,35040,0,0,0,2640221,11232030,144000,0,202112.0
49,A13010003,53160700,0,0,0,0,0,22951230,0,1540200,0,202112.0
50,A13010005,0,0,0,0,0,0,21862682,82145870,10111490,35999810,202112.0
51,A13084101,0,0,361660,0,0,0,5705250,21692670,0,11587090,202112.0
52,A13010001,0,0,0,0,0,0,750397,8682970,0,3649290,202112.0
53,A10025227,0,0,0,0,0,0,11625000,19926540,429040,7556480,202112.0
54,A10024892,,,,,,,,,,,202112.0
55,A13086703,0,0,0,0,0,0,-31580,10058860,-399640,7321270,202112.0
56,A13086704,0,0,0,0,0,0,11384484,32399090,794660,17912080,202112.0
57,A13086705,-1045660,152366760,0,0,0,20313000,2515210,50734530,0,39581570,202112.0
58,A13086802,0,0,0,0,0,0,13629740,0,6519700,0,202112.0
59,A13086701,26659770,0,0,0,0,3921000,15936470,8670780,0,0,202112.0
60,A13071201,0,0,160350,0,0,0,0,2005000,-50350,1396950,202112.0
61,A13070101,0,0,0,0,0,0,3695660,12429380,303880,3322100,202112.0
62,A13087201,0,0,0,0,0,0,8068878,20866940,278540,0,202112.0
63,A13009001,0,0,0,0,0,0,4095061,16962180,423290,15487020,202112.0
64,A13009206,0,0,0,0,0,0,2690050,19952750,8040,8764950,202112.0
65,A13009202,0,0,0,0,0,0,481400,12756780,26370,4298500,202112.0
66,A13077703,0,0,0,0,0,0,0,0,118320,0,202112.0
67,A13009101,0,0,0,0,0,0,612933,10728450,0,4206720,202112.0
68,A13087405,0,0,0,0,0,0,4005360,11110800,0,6867930,202112.0
69,A13087401,0,0,0,0,0,0,1220040,5886820,0,0,202112.0
70,A13078301,0,0,0,0,0,0,3303010,17945080,102060,5465690,202112.0
71,A13009002,0,0,0,0,0,0,20277002,51400370,294430,24157290,202112.0
72,A13077702,0,0,0,0,0,0,14586794,0,6686630,0,202112.0
73,A13087407,0,0,0,0,0,0,2134987,19697490,0,10943220,202112.0
74,A13009003,0,0,54480,0,0,0,834950,22142080,0,8063410,202112.0
75,A10025410,0,0,0,0,0,0,6375283,37326700,4632150,12736560,202112.0
76,A10027101,,,,,,,,,,,202112.0
77,A10024244,0,0,0,0,0,0,452230,1098290,0,0,202112.0
78,A10023368,,,,,,,,,,,202112.0
79,A10024082,0,0,0,0,0,0,6148785,7818945,975680,1908800,202112.0
80,A10025015,0,0,0,0,0,0,7216270,11284910,156880,4293260,202112.0
81,A13082702,0,0,446280,0,0,0,4952602,20920430,0,9517720,202112.0
82,A13082703,0,0,0,0,0,0,6172654,17726250,138360,10040160,202112.0
83,A13076801,0,0,0,0,0,0,883490,19274030,0,7200350,202112.0
84,A13082502,0,0,0,0,0,0,1220430,12101200,0,6290350,202112.0
85,A13083102,0,0,0,0,0,0,6395712,24933890,340230,11978670,202112.0
86,A13079401,0,0,0,0,0,0,3244350,2500860,1587420,1587420,202112.0
87,A13082704,0,0,0,0,0,0,12893106,40774160,213950,21839200,202112.0
88,A13008001,0,0,0,0,0,0,10614180,0,6949480,0,202112.0
89,A13079402,0,0,0,0,0,0,3453610,2339780,1417470,1541970,202112.0
90,A13079403,61720,0,0,0,0,0,413460,3442480,52620,1737180,202112.0
91,A13082805,0,0,0,0,0,0,15479340,50127840,2521360,26606490,202112.0
92,A13082501,0,0,0,0,0,0,3463046,13576380,0,6915140,202112.0
