,kaptCode,heatC,heatP,gasC,gasP,waterHotC,waterHotP,electC,electP,waterCoolC,waterCoolP,Date
0,A13007002,0,0,0,0,0,0,622210,12354700,0,4364470,202101.0
1,A13070302,0,0,0,0,0,0,1001700,5162630,285380,2942840,202101.0
2,A13007004,0,0,0,0,0,0,7909273,23468000,889120,13561500,202101.0
3,A10028080,0,0,0,0,0,0,9125450,14625780,0,5653310,202101.0
4,A13070301,0,0,0,0,0,0,20083890,40757050,1649340,13561540,202101.0
5,A13007001,0,0,0,0,0,0,5607910,19890180,-829120,7587360,202101.0
6,A10024042,,,,,,,,,,,202101.0
7,A10023389,,,,,,,,,,,202101.0
8,A13006001,0,0,102990,0,0,0,1261990,9008340,0,0,202101.0
9,A13086101,0,0,432130,0,0,0,4387660,35599550,-990100,13111300,202101.0
10,A13006101,0,0,0,0,0,0,10778202,42423590,1099010,19126500,202101.0
11,A13006003,0,0,0,0,0,0,848370,13792180,0,5439520,202101.0
12,A13006002,0,0,0,0,0,0,12092230,11375030,4735640,4735640,202101.0
13,A13077201,0,0,0,0,0,0,4485920,4879660,-2777180,2777180,202101.0
14,A13084802,0,0,232910,0,0,0,3052030,14909780,188740,6989190,202101.0
15,A13084803,0,0,223070,0,0,0,10096380,46358460,0,0,202101.0
16,A13071302,0,0,0,0,0,0,30148865,138693420,1041985,43018200,202101.0
17,A13002002,0,0,0,0,0,0,8977670,46276960,4790,13571740,202101.0
18,A13084804,973300,0,0,0,0,0,11689108,76312380,0,34798660,202101.0
19,A13085901,0,0,290540,0,0,0,3384650,12448610,298800,0,202101.0
20,A13071301,107020,0,0,0,0,0,792160,3280340,180000,0,202101.0
21,A13085902,0,0,324110,0,0,0,2392960,16422660,0,6100640,202101.0
22,A13085301,0,0,0,0,0,0,2148544,22368260,31760,7727620,202101.0
23,A10026180,0,0,34770,0,0,0,17729410,23160760,0,10596300,202101.0
24,A13075402,0,0,0,0,0,0,12173871,21702690,55390,8464600,202101.0
25,A13003406,0,0,0,0,0,0,15684960,30693440,35650,14697100,202101.0
26,A13003404,0,0,0,0,0,0,7657118,18502680,171040,0,202101.0
27,A13080801,0,0,0,0,0,0,3794210,0,0,0,202101.0
28,A13003202,0,0,0,0,0,0,9386093,43540640,-1352520,20586660,202101.0
29,A13003201,0,0,517210,0,0,0,7853642,28711610,0,15914500,202101.0
30,A13075404,0,0,0,0,0,0,1291260,7452960,108240,4719720,202101.0
31,A13080201,0,0,64910,0,0,0,16444200,0,5728810,0,202101.0
32,A13080702,0,0,35630,0,0,0,800350,9613160,0,0,202101.0
33,A13075405,0,0,0,0,0,0,112000,6184020,0,3130080,202101.0
34,A13075403,0,0,0,0,0,0,9240210,0,4031640,0,202101.0
35,A13003005,0,0,0,0,0,0,13229473,33188500,0,12710920,202101.0
36,A13003002,0,0,0,0,0,0,3687940,17391600,0,0,202101.0
37,A13003402,0,0,0,0,0,0,3058020,13498590,123960,7546130,202101.0
38,A13003405,0,0,0,0,0,0,2833610,0,556140,0,202101.0
39,A13003003,0,0,0,0,0,0,7796770,19636670,0,9413940,202101.0
40,A10026232,0,0,0,0,0,0,25944130,43498890,0,15765490,202101.0
41,A10025754,0,0,0,0,0,0,10244275,28297800,154350,11522450,202101.0
42,A13003007,0,0,0,0,0,0,38440244,129615320,0,47194120,202101.0
43,A10026104,0,0,0,0,0,0,49676980,0,10780300,0,202101.0
44,A10027089,0,0,0,0,0,0,551330,0,60070,0,202101.0
45,A10026779,,,,,,,,,,,202101.0
46,A13010006,0,0,888970,0,0,0,138383491,0,41375560,0,202101.0
47,A13010004,0,0,402980,0,0,0,14128328,44871509,-247150,18131750,202101.0
48,A13084701,0,0,89230,0,0,0,2884268,11766730,306000,0,202101.0
49,A13010003,65226640,0,0,0,0,0,30881110,0,2400000,0,202101.0
50,A13010005,0,0,0,0,0,0,22925103,93898540,3959410,36754690,202101.0
51,A13084101,0,0,380050,0,0,0,5376873,32074540,0,11626780,202101.0
52,A13010001,0,0,0,0,0,0,1794610,10335560,245050,3776720,202101.0
53,A10025227,0,0,0,0,0,0,13800210,19719880,653860,7418280,202101.0
54,A10024892,,,,,,,,,,,202101.0
55,A13086703,0,0,0,0,0,0,2877420,10058860,56000,7321270,202101.0
56,A13086704,0,0,0,0,0,0,22025715,39673770,837830,18155430,202101.0
57,A13086705,-12815200,199742670,0,0,0,16350000,14712420,69569240,0,0,202101.0
58,A13086802,0,0,0,0,0,0,17176022,0,6312720,0,202101.0
59,A13086701,29326370,0,0,0,-5001000,5001000,5572750,6857450,0,0,202101.0
60,A13071201,0,0,314640,0,0,0,1258270,2357680,63220,1363600,202101.0
61,A13070101,0,0,0,0,0,0,4077930,13716540,241200,3266760,202101.0
62,A13087201,0,0,0,0,0,0,6287979,0,132480,0,202101.0
63,A13009001,0,0,0,0,0,0,6620385,20224690,0,0,202101.0
64,A13009206,0,0,0,0,0,0,7653840,23680800,7870,8422740,202101.0
65,A13009202,0,0,0,0,0,0,456600,13058260,156460,3922020,202101.0
66,A13077703,0,0,0,0,0,0,283200,0,179990,0,202101.0
67,A13009101,0,0,0,0,0,0,1714030,12701580,0,4265710,202101.0
68,A13087405,0,0,0,0,0,0,3991470,13205360,0,6902960,202101.0
69,A13087401,0,0,0,0,0,0,2196910,7446340,0,0,202101.0
70,A13078301,0,0,0,0,0,0,2964690,19742170,140940,5571420,202101.0
71,A13009002,0,0,0,0,0,0,26418408,55660070,-1199450,24007250,202101.0
72,A13077702,0,0,0,0,0,0,18749769,0,6233120,0,202101.0
73,A13087407,0,0,0,0,0,0,3235947,22980600,0,11124850,202101.0
74,A13009003,0,0,48120,0,0,0,2623930,22736640,-157120,7956890,202101.0
75,A10025410,0,0,0,0,0,0,8803870,44996430,13085160,13276230,202101.0
76,A10027101,,,,,,,,,,,202101.0
77,A10024244,,,,,,,,,,,202101.0
78,A10023368,,,,,,,,,,,202101.0
79,A10024082,,,,,,,,,,,202101.0
80,A10025015,0,0,0,0,0,0,19934950,0,4547560,0,202101.0
81,A13082702,0,0,364670,0,0,0,7486608,23215690,0,10283620,202101.0
82,A13082703,0,0,0,0,0,0,3904651,21809750,893060,9287190,202101.0
83,A13076801,0,0,0,0,0,0,2448400,24408900,0,6968900,202101.0
84,A13082502,0,0,0,0,0,0,356370,14810680,0,5407480,202101.0
85,A13083102,0,0,0,0,0,0,6596116,25388520,174080,11691230,202101.0
86,A13079401,0,0,0,0,0,0,5022720,0,1706550,0,202101.0
87,A13082704,0,0,0,0,0,0,11929494,49275080,302800,21187320,202101.0
88,A13008001,0,0,0,0,0,0,1792000,9404800,0,0,202101.0
89,A13079402,0,0,0,0,0,0,4949383,0,1586040,0,202101.0
90,A13079403,93270,0,0,0,0,0,1262710,3880630,18060,1763770,202101.0
91,A13082805,0,0,0,0,0,0,20733267,60437470,534610,28030790,202101.0
92,A13082501,0,0,0,0,0,0,7331200,14865530,292990,6738840,202101.0
