,kaptCode,heatC,heatP,gasC,gasP,waterHotC,waterHotP,electC,electP,waterCoolC,waterCoolP,Date
0,A13007002,0,0,0,0,0,0,574450,22984220,0,4415290,202107.0
1,A13070302,0,0,0,0,0,0,567000,9937810,0,3060760,202107.0
2,A13007004,0,0,0,0,0,0,10221264,35257640,486850,14443770,202107.0
3,A10028080,0,0,0,0,0,0,6561850,15036870,0,6091290,202107.0
4,A13070301,0,0,0,0,0,0,15085115,72651830,4132540,12651070,202107.0
5,A13007001,0,0,0,0,0,0,5557810,36176770,-1217480,7970590,202107.0
6,A10024042,,,,,,,,,,,202107.0
7,A10023389,,,,,,,,,,,202107.0
8,A13006001,0,0,0,0,0,0,327110,6871660,0,0,202107.0
9,A13086101,0,0,60450,0,0,0,-891860,53348390,-748750,13743040,202107.0
10,A13006101,0,0,0,0,0,0,9272160,34597910,182600,22101750,202107.0
11,A13006003,0,0,0,0,0,0,-269540,13897510,0,6016510,202107.0
12,A13006002,0,0,0,0,0,0,378030,10112160,0,5016580,202107.0
13,A13077201,0,0,0,0,0,0,4667380,3428980,-3125120,3125120,202107.0
14,A13084802,0,0,12640,0,0,0,1759380,11969540,114540,8122880,202107.0
15,A13084803,0,0,5160,0,0,0,14386870,66094300,110790,0,202107.0
16,A13071302,0,0,0,0,0,0,31638417,123657180,3901420,43684840,202107.0
17,A13002002,0,0,0,0,0,0,1093540,79489310,600420,14121940,202107.0
18,A13084804,39430,0,0,0,0,0,11168297,60953570,0,37108880,202107.0
19,A13085901,0,0,1750,0,0,0,3370570,18570980,399600,0,202107.0
20,A13071301,19830,0,0,0,0,0,284430,2437760,180000,0,202107.0
21,A13085902,0,0,33610,0,0,0,131440,28811790,0,6532920,202107.0
22,A13085301,0,0,0,0,0,0,1920756,17250400,46030,8889860,202107.0
23,A10026180,0,0,0,0,0,0,14317670,52042790,0,11360380,202107.0
24,A13075402,0,0,0,0,0,0,7167062,19334570,1223440,8485680,202107.0
25,A13003406,0,0,0,0,0,0,10365718,25018020,43550,15623820,202107.0
26,A13003404,0,0,0,0,0,0,7523323,26882400,270280,0,202107.0
27,A13080801,0,0,0,0,0,0,868060,0,0,0,202107.0
28,A13003202,0,0,0,0,0,0,43141384,34593210,22643740,22780260,202107.0
29,A13003201,0,0,5210,0,0,0,9983748,41765760,-1351210,18608750,202107.0
30,A13075404,0,0,0,0,0,0,1430170,4640450,150020,4827750,202107.0
31,A13080201,0,0,8550,0,0,0,13594850,0,6041240,0,202107.0
32,A13080702,0,0,580,0,0,0,624580,8145940,0,0,202107.0
33,A13075405,0,0,0,0,0,0,114390,4651210,0,3503690,202107.0
34,A13075403,0,0,0,0,0,0,5948330,0,4224300,0,202107.0
35,A13003005,0,0,0,0,0,0,9405995,31899840,0,13150650,202107.0
36,A13003002,0,0,0,0,0,0,1022751,23011310,0,0,202107.0
37,A13003402,0,0,0,0,0,0,769090,11314480,30570,8236000,202107.0
38,A13003405,0,0,0,0,0,0,929630,22474500,723000,0,202107.0
39,A13003003,0,0,0,0,0,0,8195840,31053840,0,9838690,202107.0
40,A10026232,0,0,0,0,0,0,16984380,41328110,0,16665520,202107.0
41,A10025754,0,0,0,0,0,0,15644010,47594520,354500,11747230,202107.0
42,A13003007,0,0,0,0,0,0,30832070,112175240,0,38798280,202107.0
43,A10026104,0,0,0,0,0,0,6009520,38614200,47070,11103110,202107.0
44,A10027089,0,0,0,0,0,0,1282430,0,0,0,202107.0
45,A10026779,,,,,,,,,,,202107.0
46,A13010006,0,0,92680,0,0,0,196233834,0,49289440,0,202107.0
47,A13010004,0,0,3856,0,0,0,12018173,83750930,115420,17841120,202107.0
48,A13084701,0,0,1290,0,0,0,2783183,19307420,222000,0,202107.0
49,A13010003,5103060,0,0,0,0,0,24453520,0,2200000,0,202107.0
50,A13010005,0,0,0,0,0,0,21611474,97202420,4496270,37927710,202107.0
51,A13084101,0,0,27430,0,0,0,4773230,22148540,0,11786430,202107.0
52,A13010001,0,0,0,0,0,0,1263744,7470590,0,3864650,202107.0
53,A10025227,0,0,0,0,0,0,10379750,36216600,95030,8569670,202107.0
54,A10024892,,,,,,,,,,,202107.0
55,A13086703,0,0,0,0,0,0,259736,8691400,416990,6932100,202107.0
56,A13086704,0,0,0,0,0,0,6929131,33433600,29840,19205440,202107.0
57,A13086705,-274270,8562780,0,0,0,8940000,-1946560,41565780,0,0,202107.0
58,A13086802,0,0,0,0,0,0,12162473,0,6960670,0,202107.0
59,A13086701,3150630,0,0,0,0,0,17029180,0,0,0,202107.0
60,A13071201,0,0,14980,0,0,0,688110,1784650,-65660,1516510,202107.0
61,A13070101,0,0,0,0,0,0,3285600,22459650,366440,3448800,202107.0
62,A13087201,0,0,0,0,0,0,8705592,34994720,135970,0,202107.0
63,A13009001,0,0,0,0,0,0,3044359,16627000,0,0,202107.0
64,A13009206,0,0,0,0,0,0,6302010,21000330,40580,8228490,202107.0
65,A13009202,0,0,0,0,0,0,440600,24306930,90100,4469040,202107.0
66,A13077703,0,0,0,0,0,0,454790,10248460,0,4450700,202107.0
67,A13009101,0,0,0,0,0,0,0,11005460,0,4321180,202107.0
68,A13087405,0,0,0,0,0,0,3001940,11489680,0,6931910,202107.0
69,A13087401,0,0,0,0,0,0,274930,6233010,0,0,202107.0
70,A13078301,0,0,0,0,0,0,0,39079210,0,6216270,202107.0
71,A13009002,0,0,0,0,0,0,24778830,79084860,20670,26810130,202107.0
72,A13077702,0,0,0,0,0,0,14208343,0,6344020,0,202107.0
73,A13087407,0,0,0,0,0,0,1928008,18959990,0,12135850,202107.0
74,A13009003,0,0,0,0,0,0,-5786000,45732850,-384660,8676190,202107.0
75,A10025410,0,0,0,0,0,0,2119570,41222120,4885810,13077030,202107.0
76,A10027101,,,,,,,,,,,202107.0
77,A10024244,0,0,0,0,0,0,232690,232540,119720,350400,202107.0
78,A10023368,,,,,,,,,,,202107.0
79,A10024082,,,,,,,,,,,202107.0
80,A10025015,0,0,0,0,0,0,5035720,21569410,206890,4331370,202107.0
81,A13082702,0,0,71970,0,0,0,6693074,33993240,0,10180750,202107.0
82,A13082703,0,0,0,0,0,0,4665351,18595260,364000,9780960,202107.0
83,A13076801,0,0,0,0,0,0,780600,19717080,0,7841420,202107.0
84,A13082502,0,0,0,0,0,0,-119870,12987010,0,6584130,202107.0
85,A13083102,0,0,0,0,0,0,11330823,42484780,305020,13488200,202107.0
86,A13079401,0,0,0,0,0,0,3127700,0,1948740,0,202107.0
87,A13082704,0,0,0,0,0,0,12028234,42177310,933030,24906440,202107.0
88,A13008001,0,0,0,0,0,0,913780,15030560,0,0,202107.0
89,A13079402,0,0,0,0,0,0,2867112,0,1775490,0,202107.0
90,A13079403,8840,0,0,0,0,0,950670,3371130,73830,1997970,202107.0
91,A13082805,0,0,0,0,0,0,12039856,54111780,0,31809390,202107.0
92,A13082501,0,0,0,0,0,0,3193130,11908050,0,6976930,202107.0
