,kaptCode,heatC,heatP,gasC,gasP,waterHotC,waterHotP,electC,electP,waterCoolC,Date,Date
0,A13007002,0.0,0.0,0.0,0.0,0.0,0.0,587820.0,12615740.0,0.0,202201.0,202201.0
1,A13070302,0.0,0.0,0.0,0.0,0.0,0.0,424200.0,5082850.0,0.0,202201.0,202201.0
2,A13007004,0.0,0.0,0.0,0.0,0.0,0.0,7669443.0,22884200.0,1370960.0,202201.0,202201.0
3,A10028080,0.0,0.0,0.0,0.0,0.0,0.0,11085396.0,14044600.0,0.0,202201.0,202201.0
4,A13070301,0.0,0.0,0.0,0.0,0.0,0.0,20114870.0,38420140.0,684390.0,202201.0,202201.0
5,A13007001,0.0,0.0,0.0,0.0,0.0,0.0,5875640.0,18961900.0,-46260.0,202201.0,202201.0
6,A10024042,0.0,0.0,0.0,0.0,0.0,0.0,24403830.0,23966820.0,0.0,202201.0,202201.0
7,A10023389,,,,,,,,,,202201.0,202201.0
8,A13006001,91220.0,0.0,0.0,0.0,0.0,0.0,938440.0,8951650.0,0.0,202201.0,202201.0
9,A13086101,0.0,0.0,543520.0,0.0,0.0,0.0,543090.0,34435890.0,-1244450.0,202201.0,202201.0
10,A13006101,0.0,0.0,0.0,0.0,0.0,0.0,12828485.0,38405920.0,1560550.0,202201.0,202201.0
11,A13006003,0.0,0.0,0.0,0.0,0.0,0.0,1147960.0,13345480.0,0.0,202201.0,202201.0
12,A13006002,0.0,0.0,0.0,0.0,0.0,0.0,1726640.0,11275090.0,0.0,202201.0,202201.0
13,A13077201,0.0,0.0,0.0,0.0,0.0,0.0,6438910.0,4178050.0,-2790910.0,202201.0,202201.0
14,A13084802,0.0,0.0,600870.0,0.0,0.0,0.0,2903345.0,13131490.0,601410.0,202201.0,202201.0
15,A13084803,0.0,0.0,171500.0,0.0,0.0,0.0,9134630.0,46046000.0,0.0,202201.0,202201.0
16,A13071302,0.0,0.0,0.0,0.0,0.0,0.0,34051178.0,132762380.0,2850210.0,202201.0,202201.0
17,A13002002,0.0,0.0,0.0,0.0,0.0,0.0,9774920.0,45094670.0,1440.0,202201.0,202201.0
18,A13084804,1069560.0,0.0,0.0,0.0,0.0,0.0,14185880.0,71792910.0,59690.0,202201.0,202201.0
19,A13085901,0.0,0.0,284490.0,0.0,0.0,0.0,2576320.0,12075270.0,410400.0,202201.0,202201.0
20,A13071301,83560.0,0.0,0.0,0.0,0.0,0.0,1496570.0,2564100.0,22000.0,202201.0,202201.0
21,A13085902,0.0,0.0,541840.0,0.0,0.0,0.0,2179580.0,16162820.0,0.0,202201.0,202201.0
22,A13085301,0.0,0.0,0.0,0.0,0.0,0.0,2593983.0,21136290.0,56840.0,202201.0,202201.0
23,A10026180,0.0,0.0,0.0,0.0,0.0,0.0,11241060.0,29509340.0,97990.0,202201.0,202201.0
24,A13075402,0.0,0.0,0.0,0.0,0.0,0.0,10496399.0,21649000.0,1281750.0,202201.0,202201.0
25,A13003406,0.0,0.0,0.0,0.0,0.0,0.0,11871255.0,29530660.0,73000.0,202201.0,202201.0
26,A13003404,0.0,0.0,0.0,0.0,0.0,0.0,6662014.0,0.0,0.0,202201.0,202201.0
27,A13080801,0.0,0.0,0.0,0.0,0.0,0.0,2985230.0,9225390.0,-296350.0,202201.0,202201.0
28,A13003202,0.0,0.0,0.0,0.0,0.0,0.0,10503650.0,41362460.0,2696650.0,202201.0,202201.0
29,A13003201,0.0,0.0,590930.0,0.0,0.0,0.0,6916883.0,29349620.0,-585960.0,202201.0,202201.0
30,A13075404,0.0,0.0,0.0,0.0,0.0,0.0,1307010.0,5300730.0,0.0,202201.0,202201.0
31,A13080201,0.0,0.0,135110.0,0.0,0.0,0.0,15773160.0,0.0,6168720.0,202201.0,202201.0
32,A13080702,0.0,0.0,150370.0,0.0,0.0,0.0,839880.0,9199450.0,0.0,202201.0,202201.0
33,A13075405,0.0,0.0,0.0,0.0,0.0,0.0,1866060.0,5197460.0,0.0,202201.0,202201.0
34,A13075403,0.0,0.0,0.0,0.0,0.0,0.0,7446150.0,0.0,3454700.0,202201.0,202201.0
35,A13003005,0.0,0.0,0.0,0.0,0.0,0.0,13330200.0,31183020.0,0.0,202201.0,202201.0
36,A13003002,0.0,0.0,0.0,0.0,0.0,0.0,4912229.0,15840140.0,0.0,202201.0,202201.0
37,A13003402,0.0,0.0,0.0,0.0,0.0,0.0,1792920.0,10801590.0,63590.0,202201.0,202201.0
38,A13003405,0.0,0.0,0.0,0.0,0.0,0.0,3092300.0,15136980.0,398330.0,202201.0,202201.0
39,A13003003,0.0,0.0,0.0,0.0,0.0,0.0,7091560.0,18854370.0,0.0,202201.0,202201.0
40,A10026232,0.0,0.0,0.0,0.0,0.0,0.0,21523170.0,44689870.0,230160.0,202201.0,202201.0
41,A10025754,0.0,0.0,0.0,0.0,0.0,0.0,13830900.0,27217140.0,1431900.0,202201.0,202201.0
42,A13003007,0.0,0.0,0.0,0.0,0.0,0.0,43120155.0,125932760.0,0.0,202201.0,202201.0
43,A10026104,0.0,0.0,0.0,0.0,0.0,0.0,9778010.0,38767180.0,162540.0,202201.0,202201.0
44,A10027089,0.0,0.0,0.0,0.0,0.0,0.0,1613660.0,0.0,0.0,202201.0,202201.0
45,A10026779,,,,,,,,,,202201.0,202201.0
46,A13010006,0.0,0.0,1154230.0,0.0,0.0,0.0,136597501.0,0.0,47453150.0,202201.0,202201.0
47,A13010004,0.0,0.0,1137320.0,0.0,0.0,0.0,12925350.0,44529210.0,-13880.0,202201.0,202201.0
48,A13084701,0.0,0.0,109170.0,0.0,0.0,0.0,2555421.0,11739800.0,199500.0,202201.0,202201.0
49,A13010003,57944950.0,0.0,0.0,0.0,0.0,0.0,31213580.0,0.0,2000000.0,202201.0,202201.0
50,A13010005,0.0,0.0,0.0,0.0,0.0,0.0,20558867.0,98312830.0,14304870.0,202201.0,202201.0
51,A13084101,0.0,0.0,590650.0,0.0,0.0,0.0,8593610.0,24831620.0,0.0,202201.0,202201.0
52,A13010001,0.0,0.0,0.0,0.0,0.0,0.0,1636974.0,9890120.0,150370.0,202201.0,202201.0
53,A10025227,0.0,0.0,0.0,0.0,0.0,0.0,13208820.0,20614840.0,1082550.0,202201.0,202201.0
54,A10024892,,,,,,,,,,202201.0,202201.0
55,A13086703,0.0,0.0,0.0,0.0,0.0,0.0,3952870.0,8877630.0,336460.0,202201.0,202201.0
56,A13086704,0.0,0.0,0.0,0.0,0.0,0.0,20946945.0,37632140.0,480980.0,202201.0,202201.0
57,A13086705,-867210.0,199322160.0,0.0,0.0,0.0,14598000.0,14974290.0,60686800.0,0.0,202201.0,202201.0
58,A13086802,0.0,0.0,0.0,0.0,0.0,0.0,16366720.0,0.0,6901760.0,202201.0,202201.0
59,A13086701,32641270.0,0.0,0.0,0.0,-4395000.0,4395000.0,9301510.0,7343860.0,0.0,202201.0,202201.0
60,A13071201,0.0,0.0,356530.0,0.0,0.0,0.0,1368770.0,2200060.0,-165980.0,202201.0,202201.0
61,A13070101,0.0,0.0,0.0,0.0,0.0,0.0,3822460.0,12591050.0,148890.0,202201.0,202201.0
62,A13087201,0.0,0.0,0.0,0.0,0.0,0.0,10357247.0,19899340.0,40370.0,202201.0,202201.0
63,A13009001,0.0,0.0,0.0,0.0,0.0,0.0,6344154.0,19495690.0,0.0,202201.0,202201.0
64,A13009206,0.0,0.0,0.0,0.0,0.0,0.0,6389270.0,22871830.0,12470.0,202201.0,202201.0
65,A13009202,0.0,0.0,0.0,0.0,0.0,0.0,2061350.0,12602190.0,151410.0,202201.0,202201.0
66,A13077703,0.0,0.0,0.0,0.0,0.0,0.0,0.0,11245290.0,149750.0,202201.0,202201.0
67,A13009101,0.0,0.0,0.0,0.0,0.0,0.0,309524.0,12031360.0,0.0,202201.0,202201.0
68,A13087405,0.0,0.0,0.0,0.0,0.0,0.0,4314370.0,12646070.0,0.0,202201.0,202201.0
69,A13087401,0.0,0.0,0.0,0.0,0.0,0.0,1606010.0,6610770.0,0.0,202201.0,202201.0
70,A13078301,0.0,0.0,0.0,0.0,0.0,0.0,3316370.0,18271020.0,71600.0,202201.0,202201.0
71,A13009002,0.0,0.0,0.0,0.0,0.0,0.0,22348074.0,53483660.0,1111120.0,202201.0,202201.0
72,A13077702,0.0,0.0,0.0,0.0,0.0,0.0,17124732.0,0.0,6475580.0,202201.0,202201.0
73,A13087407,0.0,0.0,0.0,0.0,0.0,0.0,2142674.0,23325390.0,1853000.0,202201.0,202201.0
74,A13009003,0.0,0.0,148360.0,0.0,0.0,0.0,2819910.0,22459320.0,501140.0,202201.0,202201.0
75,A10025410,0.0,0.0,0.0,0.0,0.0,0.0,14776540.0,43225840.0,6217010.0,202201.0,202201.0
76,A10027101,,,,,,,,,,202201.0,202201.0
77,A10024244,0.0,0.0,0.0,0.0,0.0,0.0,699340.0,1140160.0,0.0,202201.0,202201.0
78,A10023368,,,,,,,,,,202201.0,202201.0
79,A10024082,0.0,0.0,0.0,0.0,0.0,0.0,6338837.0,7877933.0,1086270.0,202201.0,202201.0
80,A10025015,0.0,0.0,0.0,0.0,0.0,0.0,7919140.0,12085560.0,88750.0,202201.0,202201.0
81,A13082702,0.0,0.0,627350.0,0.0,0.0,0.0,7678635.0,21593320.0,0.0,202201.0,202201.0
82,A13082703,0.0,0.0,0.0,0.0,0.0,0.0,6866167.0,19948630.0,244150.0,202201.0,202201.0
83,A13076801,0.0,0.0,0.0,0.0,0.0,0.0,3452220.0,21780880.0,0.0,202201.0,202201.0
84,A13082502,0.0,0.0,0.0,0.0,0.0,0.0,972060.0,13739030.0,0.0,202201.0,202201.0
85,A13083102,0.0,0.0,0.0,0.0,0.0,0.0,7358828.0,24300750.0,282780.0,202201.0,202201.0
86,A13079401,0.0,0.0,0.0,0.0,0.0,0.0,4288390.0,3089990.0,1730250.0,202201.0,202201.0
87,A13082704,0.0,0.0,0.0,0.0,0.0,0.0,13744599.0,46876000.0,375770.0,202201.0,202201.0
88,A13008001,0.0,0.0,0.0,0.0,0.0,0.0,1909650.0,8828550.0,0.0,202201.0,202201.0
89,A13079402,0.0,0.0,0.0,0.0,0.0,0.0,4573093.0,2307670.0,1583710.0,202201.0,202201.0
90,A13079403,118490.0,0.0,0.0,0.0,0.0,0.0,1404740.0,3529000.0,120200.0,202201.0,202201.0
91,A13082805,0.0,0.0,0.0,0.0,0.0,0.0,18675210.0,55135630.0,4414470.0,202201.0,202201.0
92,A13082501,0.0,0.0,0.0,0.0,0.0,0.0,4255440.0,13796670.0,70060.0,202201.0,202201.0
