,kaptCode,heatC,heatP,gasC,gasP,waterHotC,waterHotP,electC,electP,waterCoolC,Date,Date.1
0,A13007002,0.0,0.0,0.0,0.0,0.0,0.0,470930.0,15292840.0,0.0,202206.0,202206.0
1,A13070302,0.0,0.0,0.0,0.0,0.0,0.0,436800.0,6254770.0,0.0,202206.0,202206.0
2,A13007004,0.0,0.0,0.0,0.0,0.0,0.0,5509595.0,22444770.0,1626470.0,202206.0,202206.0
3,A10028080,0.0,0.0,0.0,0.0,0.0,0.0,5637450.0,12425120.0,0.0,202206.0,202206.0
4,A13070301,0.0,0.0,0.0,0.0,0.0,0.0,15786540.0,41283860.0,980800.0,202206.0,202206.0
5,A13007001,0.0,0.0,0.0,0.0,0.0,0.0,5380170.0,18601840.0,204780.0,202206.0,202206.0
6,A10024042,0.0,0.0,0.0,0.0,0.0,0.0,16901290.0,39231580.0,12697700.0,202206.0,202206.0
7,A10023389,,,,,,,,,,202206.0,202206.0
8,A13006001,1840.0,0.0,0.0,0.0,0.0,0.0,1484620.0,5826700.0,3529120.0,202206.0,202206.0
9,A13086101,0.0,0.0,134620.0,0.0,0.0,0.0,-592140.0,31043260.0,-1179350.0,202206.0,202206.0
10,A13006101,0.0,0.0,0.0,0.0,0.0,0.0,10241029.0,33130030.0,1747100.0,202206.0,202206.0
11,A13006003,0.0,0.0,0.0,0.0,0.0,0.0,952440.0,12134280.0,17970.0,202206.0,202206.0
12,A13006002,0.0,0.0,0.0,0.0,0.0,0.0,1612420.0,9031250.0,0.0,202206.0,202206.0
13,A13077201,0.0,0.0,0.0,0.0,0.0,0.0,4189550.0,4022310.0,-3072300.0,202206.0,202206.0
14,A13084802,0.0,0.0,113390.0,0.0,0.0,0.0,1882710.0,11387970.0,288380.0,202206.0,202206.0
15,A13084803,0.0,0.0,7890.0,0.0,0.0,0.0,5569520.0,42967200.0,646275.0,202206.0,202206.0
16,A13071302,0.0,0.0,0.0,0.0,0.0,0.0,31736813.0,109743050.0,5050990.0,202206.0,202206.0
17,A13002002,0.0,0.0,0.0,0.0,0.0,0.0,7102690.0,45219230.0,17900.0,202206.0,202206.0
18,A13084804,110860.0,0.0,0.0,0.0,0.0,0.0,12435210.0,60418500.0,2702620.0,202206.0,202206.0
19,A13085901,0.0,0.0,17430.0,0.0,0.0,0.0,2163440.0,11638370.0,0.0,202206.0,202206.0
20,A13071301,4070.0,0.0,0.0,0.0,0.0,0.0,669330.0,2662110.0,22000.0,202206.0,202206.0
21,A13085902,0.0,0.0,58170.0,0.0,0.0,0.0,830070.0,17893520.0,0.0,202206.0,202206.0
22,A13085301,0.0,0.0,0.0,0.0,0.0,0.0,2107714.0,17177350.0,50880.0,202206.0,202206.0
23,A10026180,0.0,0.0,0.0,0.0,0.0,0.0,10783870.0,39394530.0,93040.0,202206.0,202206.0
24,A13075402,0.0,0.0,0.0,0.0,0.0,0.0,7041053.0,17323000.0,292040.0,202206.0,202206.0
25,A13003406,0.0,0.0,0.0,0.0,0.0,0.0,9777241.0,24130200.0,80790.0,202206.0,202206.0
26,A13003404,0.0,0.0,0.0,0.0,0.0,0.0,2172169.0,0.0,91270.0,202206.0,202206.0
27,A13080801,0.0,0.0,0.0,0.0,0.0,0.0,2454000.0,7431530.0,-410390.0,202206.0,202206.0
28,A13003202,0.0,0.0,0.0,0.0,0.0,0.0,8629715.0,35715460.0,2405360.0,202206.0,202206.0
29,A13003201,0.0,0.0,16720.0,0.0,0.0,0.0,4902695.0,26496130.0,-315110.0,202206.0,202206.0
30,A13075404,0.0,0.0,0.0,0.0,0.0,0.0,1409360.0,4603280.0,0.0,202206.0,202206.0
31,A13080201,0.0,0.0,27960.0,0.0,0.0,0.0,13096960.0,0.0,6394730.0,202206.0,202206.0
32,A13080702,0.0,0.0,9280.0,0.0,0.0,0.0,570170.0,7776590.0,0.0,202206.0,202206.0
33,A13075405,0.0,0.0,0.0,0.0,0.0,0.0,1075840.0,4200100.0,0.0,202206.0,202206.0
34,A13075403,0.0,0.0,0.0,0.0,0.0,0.0,7182670.0,0.0,4003310.0,202206.0,202206.0
35,A13003005,0.0,0.0,0.0,0.0,0.0,0.0,8576968.0,27377240.0,0.0,202206.0,202206.0
36,A13003002,0.0,0.0,0.0,0.0,0.0,0.0,2492790.0,14569130.0,520800.0,202206.0,202206.0
37,A13003402,0.0,0.0,0.0,0.0,0.0,0.0,1469980.0,9656060.0,0.0,202206.0,202206.0
38,A13003405,0.0,0.0,0.0,0.0,0.0,0.0,1254740.0,15122470.0,750700.0,202206.0,202206.0
39,A13003003,0.0,0.0,0.0,0.0,0.0,0.0,2346080.0,18172660.0,0.0,202206.0,202206.0
40,A10026232,0.0,0.0,0.0,0.0,0.0,0.0,11743280.0,40058830.0,0.0,202206.0,202206.0
41,A10025754,0.0,0.0,0.0,0.0,0.0,0.0,11520100.0,30525770.0,1775630.0,202206.0,202206.0
42,A13003007,0.0,0.0,0.0,0.0,0.0,0.0,30267486.0,105688050.0,0.0,202206.0,202206.0
43,A10026104,0.0,0.0,0.0,0.0,0.0,0.0,4626590.0,33527150.0,112920.0,202206.0,202206.0
44,A10027089,0.0,0.0,0.0,0.0,0.0,0.0,1221560.0,0.0,0.0,202206.0,202206.0
45,A10026779,,,,,,,,,,202206.0,202206.0
46,A13010006,0.0,0.0,422490.0,0.0,0.0,0.0,116035812.0,0.0,50313060.0,202206.0,202206.0
47,A13010004,0.0,0.0,9020.0,0.0,0.0,0.0,12285988.0,52915297.0,293960.0,202206.0,202206.0
48,A13084701,0.0,0.0,4260.0,0.0,0.0,0.0,1728616.0,11804520.0,217010.0,202206.0,202206.0
49,A13010003,9736170.0,0.0,0.0,0.0,0.0,0.0,19123180.0,0.0,1200000.0,202206.0,202206.0
50,A13010005,0.0,0.0,0.0,0.0,0.0,0.0,20835289.0,79298410.0,-2168350.0,202206.0,202206.0
51,A13084101,0.0,0.0,54490.0,0.0,0.0,0.0,5174643.0,21360810.0,0.0,202206.0,202206.0
52,A13010001,0.0,0.0,0.0,0.0,0.0,0.0,620905.0,8664940.0,0.0,202206.0,202206.0
53,A10025227,0.0,0.0,0.0,0.0,0.0,0.0,8044860.0,21919390.0,96290.0,202206.0,202206.0
54,A10024892,,,,,,,,,,202206.0,202206.0
55,A13086703,0.0,0.0,0.0,0.0,0.0,0.0,703590.0,8362480.0,1286090.0,202206.0,202206.0
56,A13086704,0.0,0.0,0.0,0.0,0.0,0.0,8141424.0,31950320.0,761530.0,202206.0,202206.0
57,A13086705,1464950.0,15417630.0,0.0,0.0,0.0,11676000.0,1713590.0,41575240.0,15580.0,202206.0,202206.0
58,A13086802,0.0,0.0,0.0,0.0,0.0,0.0,12697046.0,0.0,7568190.0,202206.0,202206.0
59,A13086701,4816780.0,0.0,0.0,0.0,0.0,2052000.0,10931130.0,12155570.0,0.0,202206.0,202206.0
60,A13071201,0.0,0.0,64050.0,0.0,0.0,0.0,866700.0,1866130.0,76990.0,202206.0,202206.0
61,A13070101,0.0,0.0,0.0,0.0,0.0,0.0,3305737.0,11879150.0,238250.0,202206.0,202206.0
62,A13087201,0.0,0.0,0.0,0.0,0.0,0.0,5841760.0,20866910.0,304195.0,202206.0,202206.0
63,A13009001,0.0,0.0,0.0,0.0,0.0,0.0,3876351.0,15931840.0,69890.0,202206.0,202206.0
64,A13009206,0.0,0.0,0.0,0.0,0.0,0.0,3128470.0,19410710.0,85360.0,202206.0,202206.0
65,A13009202,0.0,0.0,0.0,0.0,0.0,0.0,1037230.0,14414970.0,56770.0,202206.0,202206.0
66,A13077703,0.0,0.0,0.0,0.0,0.0,0.0,478750.0,9631340.0,0.0,202206.0,202206.0
67,A13009101,0.0,0.0,0.0,0.0,0.0,0.0,501969.0,10695230.0,0.0,202206.0,202206.0
68,A13087405,0.0,0.0,0.0,0.0,0.0,0.0,3534570.0,10639090.0,0.0,202206.0,202206.0
69,A13087401,0.0,0.0,0.0,0.0,0.0,0.0,726250.0,5710760.0,0.0,202206.0,202206.0
70,A13078301,0.0,0.0,0.0,0.0,0.0,0.0,1191360.0,18830960.0,105960.0,202206.0,202206.0
71,A13009002,0.0,0.0,0.0,0.0,0.0,0.0,12170627.0,48349550.0,241270.0,202206.0,202206.0
72,A13077702,0.0,0.0,0.0,0.0,0.0,0.0,14777949.0,0.0,6985700.0,202206.0,202206.0
73,A13087407,0.0,0.0,0.0,0.0,0.0,0.0,2052730.0,19611130.0,0.0,202206.0,202206.0
74,A13009003,0.0,0.0,10150.0,0.0,0.0,0.0,-1934600.0,26110580.0,-9910.0,202206.0,202206.0
75,A10025410,0.0,0.0,0.0,0.0,0.0,0.0,5984170.0,36006050.0,7501770.0,202206.0,202206.0
76,A10027101,,,,,,,,,,202206.0,202206.0
77,A10024244,0.0,0.0,0.0,0.0,0.0,0.0,201630.0,1473490.0,91890.0,202206.0,202206.0
78,A10023368,,,,,,,,,,202206.0,202206.0
79,A10024082,0.0,0.0,0.0,0.0,0.0,0.0,5599773.0,10070467.0,781480.0,202206.0,202206.0
80,A10025015,0.0,0.0,0.0,0.0,0.0,0.0,3670350.0,13127120.0,280420.0,202206.0,202206.0
81,A13082702,0.0,0.0,104910.0,0.0,0.0,0.0,4543166.0,20294280.0,0.0,202206.0,202206.0
82,A13082703,0.0,0.0,0.0,0.0,0.0,0.0,5841239.0,17380090.0,511990.0,202206.0,202206.0
83,A13076801,0.0,0.0,0.0,0.0,0.0,0.0,1059580.0,18148320.0,0.0,202206.0,202206.0
84,A13082502,0.0,0.0,0.0,0.0,0.0,0.0,862000.0,12041280.0,0.0,202206.0,202206.0
85,A13083102,0.0,0.0,0.0,0.0,0.0,0.0,5808780.0,24955480.0,371310.0,202206.0,202206.0
86,A13079401,0.0,0.0,0.0,0.0,0.0,0.0,3348120.0,0.0,1713120.0,202206.0,202206.0
87,A13082704,0.0,0.0,0.0,0.0,0.0,0.0,13657434.0,39671380.0,907000.0,202206.0,202206.0
88,A13008001,0.0,0.0,0.0,0.0,0.0,0.0,1059530.0,7637780.0,434670.0,202206.0,202206.0
89,A13079402,0.0,0.0,0.0,0.0,0.0,0.0,2775720.0,0.0,1646580.0,202206.0,202206.0
90,A13079403,16250.0,0.0,0.0,0.0,0.0,0.0,984590.0,2988750.0,5650.0,202206.0,202206.0
91,A13082805,0.0,0.0,0.0,0.0,0.0,0.0,13016007.0,49791580.0,0.0,202206.0,202206.0
92,A13082501,0.0,0.0,0.0,0.0,0.0,0.0,3955170.0,11369920.0,331820.0,202206.0,202206.0
