,kaptCode,heatC,heatP,gasC,gasP,waterHotC,waterHotP,electC,electP,waterCoolC,Date,Date.1
0,A13007002,0.0,0.0,0.0,0.0,0.0,0.0,493890.0,10886920.0,0.0,202202.0,202202.0
1,A13070302,0.0,0.0,0.0,0.0,0.0,0.0,1033200.0,4093480.0,0.0,202202.0,202202.0
2,A13007004,0.0,0.0,0.0,0.0,0.0,0.0,6060889.0,20136930.0,2605520.0,202202.0,202202.0
3,A10028080,0.0,0.0,0.0,0.0,0.0,0.0,10174510.0,14137030.0,0.0,202202.0,202202.0
4,A13070301,0.0,0.0,0.0,0.0,0.0,0.0,12285220.0,32731500.0,1704290.0,202202.0,202202.0
5,A13007001,0.0,0.0,0.0,0.0,0.0,0.0,5431390.0,15897700.0,914420.0,202202.0,202202.0
6,A10024042,0.0,0.0,0.0,0.0,0.0,0.0,23651720.0,21299410.0,16459720.0,202202.0,202202.0
7,A10023389,,,,,,,,,,202202.0,202202.0
8,A13006001,92490.0,0.0,0.0,0.0,0.0,0.0,1923390.0,7882580.0,3594120.0,202202.0,202202.0
9,A13086101,0.0,0.0,599090.0,0.0,0.0,0.0,1329740.0,28906890.0,-1242350.0,202202.0,202202.0
10,A13006101,0.0,0.0,0.0,0.0,0.0,0.0,12590655.0,38660690.0,810300.0,202202.0,202202.0
11,A13006003,0.0,0.0,0.0,0.0,0.0,0.0,1091650.0,13502100.0,0.0,202202.0,202202.0
12,A13006002,0.0,0.0,0.0,0.0,0.0,0.0,1603630.0,11124830.0,0.0,202202.0,202202.0
13,A13077201,0.0,0.0,0.0,0.0,0.0,0.0,5956636.0,4603750.0,-3074450.0,202202.0,202202.0
14,A13084802,0.0,0.0,801060.0,0.0,0.0,0.0,2626011.0,13583050.0,352840.0,202202.0,202202.0
15,A13084803,0.0,0.0,260470.0,0.0,0.0,0.0,4822420.0,42511750.0,0.0,202202.0,202202.0
16,A13071302,0.0,0.0,0.0,0.0,0.0,0.0,37394564.0,129220350.0,6724260.0,202202.0,202202.0
17,A13002002,0.0,0.0,0.0,0.0,0.0,0.0,8989040.0,38093780.0,2580.0,202202.0,202202.0
18,A13084804,1678340.0,0.0,0.0,0.0,0.0,0.0,17591467.0,72722010.0,1450390.0,202202.0,202202.0
19,A13085901,0.0,0.0,309740.0,0.0,0.0,0.0,2303070.0,10427710.0,0.0,202202.0,202202.0
20,A13071301,63600.0,0.0,0.0,0.0,0.0,0.0,1289060.0,2750330.0,22000.0,202202.0,202202.0
21,A13085902,0.0,0.0,830160.0,0.0,0.0,0.0,1859340.0,13277080.0,0.0,202202.0,202202.0
22,A13085301,0.0,0.0,0.0,0.0,0.0,0.0,2325158.0,20942130.0,46370.0,202202.0,202202.0
23,A10026180,0.0,0.0,0.0,0.0,0.0,0.0,8838070.0,24462790.0,78190.0,202202.0,202202.0
24,A13075402,0.0,0.0,0.0,0.0,0.0,0.0,13507768.0,19313750.0,858210.0,202202.0,202202.0
25,A13003406,0.0,0.0,0.0,0.0,0.0,0.0,11330311.0,29465350.0,140950.0,202202.0,202202.0
26,A13003404,0.0,0.0,0.0,0.0,0.0,0.0,3441325.0,0.0,0.0,202202.0,202202.0
27,A13080801,0.0,0.0,0.0,0.0,0.0,0.0,3013360.0,9241360.0,-495860.0,202202.0,202202.0
28,A13003202,0.0,0.0,0.0,0.0,0.0,0.0,10898698.0,43233690.0,592310.0,202202.0,202202.0
29,A13003201,0.0,0.0,477210.0,0.0,0.0,0.0,5625993.0,25576440.0,-1262290.0,202202.0,202202.0
30,A13075404,0.0,0.0,0.0,0.0,0.0,0.0,1031500.0,5724920.0,0.0,202202.0,202202.0
31,A13080201,0.0,0.0,223840.0,0.0,0.0,0.0,4817950.0,10674540.0,631060.0,202202.0,202202.0
32,A13080702,0.0,0.0,126120.0,0.0,0.0,0.0,507780.0,9291160.0,0.0,202202.0,202202.0
33,A13075405,0.0,0.0,0.0,0.0,0.0,0.0,1961160.0,4418000.0,0.0,202202.0,202202.0
34,A13075403,0.0,0.0,0.0,0.0,0.0,0.0,8382760.0,0.0,3375310.0,202202.0,202202.0
35,A13003005,0.0,0.0,0.0,0.0,0.0,0.0,16583327.0,28806290.0,2913480.0,202202.0,202202.0
36,A13003002,0.0,0.0,0.0,0.0,0.0,0.0,4113011.0,13673380.0,0.0,202202.0,202202.0
37,A13003402,0.0,0.0,0.0,0.0,0.0,0.0,2171350.0,11837510.0,0.0,202202.0,202202.0
38,A13003405,0.0,0.0,0.0,0.0,0.0,0.0,2608690.0,12854080.0,1078200.0,202202.0,202202.0
39,A13003003,0.0,0.0,0.0,0.0,0.0,0.0,6400290.0,15941420.0,0.0,202202.0,202202.0
40,A10026232,0.0,0.0,0.0,0.0,0.0,0.0,20743970.0,47536730.0,217040.0,202202.0,202202.0
41,A10025754,0.0,0.0,0.0,0.0,0.0,0.0,11898810.0,23604850.0,1484990.0,202202.0,202202.0
42,A13003007,0.0,0.0,0.0,0.0,0.0,0.0,60100452.0,117017380.0,147970.0,202202.0,202202.0
43,A10026104,0.0,0.0,0.0,0.0,0.0,0.0,10115640.0,39281130.0,135280.0,202202.0,202202.0
44,A10027089,0.0,0.0,0.0,0.0,0.0,0.0,1634220.0,0.0,0.0,202202.0,202202.0
45,A10026779,,,,,,,,,,202202.0,202202.0
46,A13010006,0.0,0.0,1714100.0,0.0,0.0,0.0,106430134.0,0.0,41275180.0,202202.0,202202.0
47,A13010004,0.0,0.0,836360.0,0.0,0.0,0.0,11021775.0,37074600.0,172580.0,202202.0,202202.0
48,A13084701,0.0,0.0,123290.0,0.0,0.0,0.0,2681911.0,9504220.0,199500.0,202202.0,202202.0
49,A13010003,49938070.0,0.0,0.0,0.0,0.0,0.0,28980940.0,0.0,3530600.0,202202.0,202202.0
50,A13010005,0.0,0.0,0.0,0.0,0.0,0.0,25670550.0,88107140.0,14014470.0,202202.0,202202.0
51,A13084101,0.0,0.0,615560.0,0.0,0.0,0.0,9398832.0,25126270.0,0.0,202202.0,202202.0
52,A13010001,0.0,0.0,0.0,0.0,0.0,0.0,1857250.0,10236210.0,0.0,202202.0,202202.0
53,A10025227,0.0,0.0,0.0,0.0,0.0,0.0,9253310.0,17154260.0,103220.0,202202.0,202202.0
54,A10024892,,,,,,,,,,202202.0,202202.0
55,A13086703,0.0,0.0,0.0,0.0,0.0,0.0,2618760.0,9930670.0,335500.0,202202.0,202202.0
56,A13086704,0.0,0.0,0.0,0.0,0.0,0.0,20137885.0,37572390.0,652250.0,202202.0,202202.0
57,A13086705,-15100730.0,178993110.0,0.0,0.0,0.0,18117000.0,19569960.0,60482250.0,320.0,202202.0,202202.0
58,A13086802,0.0,0.0,0.0,0.0,0.0,0.0,16906018.0,0.0,7590280.0,202202.0,202202.0
59,A13086701,27809400.0,0.0,0.0,0.0,-3837000.0,3837000.0,5974680.0,7947590.0,0.0,202202.0,202202.0
60,A13071201,0.0,0.0,515770.0,0.0,0.0,0.0,1429710.0,2200060.0,24950.0,202202.0,202202.0
61,A13070101,0.0,0.0,0.0,0.0,0.0,0.0,3491340.0,10490810.0,300100.0,202202.0,202202.0
62,A13087201,0.0,0.0,0.0,0.0,0.0,0.0,2831809.0,23087200.0,40370.0,202202.0,202202.0
63,A13009001,0.0,0.0,0.0,0.0,0.0,0.0,6335116.0,19621480.0,0.0,202202.0,202202.0
64,A13009206,0.0,0.0,0.0,0.0,0.0,0.0,5792653.0,23093260.0,46500.0,202202.0,202202.0
65,A13009202,0.0,0.0,0.0,0.0,0.0,0.0,1916690.0,10474920.0,210580.0,202202.0,202202.0
66,A13077703,0.0,0.0,0.0,0.0,0.0,0.0,0.0,11209040.0,531450.0,202202.0,202202.0
67,A13009101,0.0,0.0,0.0,0.0,0.0,0.0,443483.0,12359010.0,0.0,202202.0,202202.0
68,A13087405,0.0,0.0,0.0,0.0,0.0,0.0,4495980.0,12858420.0,0.0,202202.0,202202.0
69,A13087401,0.0,0.0,0.0,0.0,0.0,0.0,1572860.0,6537680.0,0.0,202202.0,202202.0
70,A13078301,0.0,0.0,0.0,0.0,0.0,0.0,2580560.0,15541950.0,76570.0,202202.0,202202.0
71,A13009002,0.0,0.0,0.0,0.0,0.0,0.0,13029613.0,45877540.0,762230.0,202202.0,202202.0
72,A13077702,0.0,0.0,0.0,0.0,0.0,0.0,17868153.0,0.0,6943940.0,202202.0,202202.0
73,A13087407,0.0,0.0,0.0,0.0,0.0,0.0,4791605.0,22003840.0,0.0,202202.0,202202.0
74,A13009003,0.0,0.0,133080.0,0.0,0.0,0.0,420940.0,18474190.0,0.0,202202.0,202202.0
75,A10025410,0.0,0.0,0.0,0.0,0.0,0.0,56050590.0,0.0,20377900.0,202202.0,202202.0
76,A10027101,,,,,,,,,,202202.0,202202.0
77,A10024244,0.0,0.0,0.0,0.0,0.0,0.0,642400.0,1129760.0,254160.0,202202.0,202202.0
78,A10023368,,,,,,,,,,202202.0,202202.0
79,A10024082,0.0,0.0,0.0,0.0,0.0,0.0,4578512.0,7233358.0,97150.0,202202.0,202202.0
80,A10025015,0.0,0.0,0.0,0.0,0.0,0.0,5499300.0,9945990.0,161880.0,202202.0,202202.0
81,A13082702,0.0,0.0,970100.0,0.0,0.0,0.0,4855870.0,18138690.0,0.0,202202.0,202202.0
82,A13082703,0.0,0.0,0.0,0.0,0.0,0.0,6026418.0,20737530.0,971220.0,202202.0,202202.0
83,A13076801,0.0,0.0,0.0,0.0,0.0,0.0,2842220.0,22488910.0,0.0,202202.0,202202.0
84,A13082502,0.0,0.0,0.0,0.0,0.0,0.0,401350.0,14368520.0,0.0,202202.0,202202.0
85,A13083102,0.0,0.0,0.0,0.0,0.0,0.0,4300196.0,23160520.0,59550.0,202202.0,202202.0
86,A13079401,0.0,0.0,0.0,0.0,0.0,0.0,4140360.0,3068850.0,1751360.0,202202.0,202202.0
87,A13082704,0.0,0.0,0.0,0.0,0.0,0.0,13249213.0,47173200.0,356990.0,202202.0,202202.0
88,A13008001,0.0,0.0,0.0,0.0,0.0,0.0,975380.0,7337040.0,197790.0,202202.0,202202.0
89,A13079402,0.0,0.0,0.0,0.0,0.0,0.0,4594972.0,2685030.0,1132810.0,202202.0,202202.0
90,A13079403,176000.0,0.0,0.0,0.0,0.0,0.0,859980.0,3816380.0,59670.0,202202.0,202202.0
91,A13082805,0.0,0.0,0.0,0.0,0.0,0.0,16606100.0,56588130.0,1472130.0,202202.0,202202.0
92,A13082501,0.0,0.0,0.0,0.0,0.0,0.0,4787650.0,13796670.0,0.0,202202.0,202202.0
