,kaptCode,heatC,heatP,gasC,gasP,waterHotC,waterHotP,electC,electP,waterCoolC,Date,Date
0,A13007002,0.0,0.0,0.0,0.0,0.0,0.0,531060.0,11989590.0,0.0,202205.0,202205.0
1,A13070302,0.0,0.0,0.0,0.0,0.0,0.0,764400.0,4490330.0,0.0,202205.0,202205.0
2,A13007004,0.0,0.0,0.0,0.0,0.0,0.0,4431273.0,20915210.0,1149070.0,202205.0,202205.0
3,A10028080,0.0,0.0,0.0,0.0,0.0,0.0,6021250.0,11529550.0,0.0,202205.0,202205.0
4,A13070301,0.0,0.0,0.0,0.0,0.0,0.0,10149200.0,34369890.0,835080.0,202205.0,202205.0
5,A13007001,0.0,0.0,0.0,0.0,0.0,0.0,4011140.0,16101430.0,-132010.0,202205.0,202205.0
6,A10024042,0.0,0.0,0.0,0.0,0.0,0.0,10134800.0,30787510.0,12632330.0,202205.0,202205.0
7,A10023389,,,,,,,,,,202205.0,202205.0
8,A13006001,7540.0,0.0,0.0,0.0,0.0,0.0,1182040.0,5927190.0,0.0,202205.0,202205.0
9,A13086101,0.0,0.0,213000.0,0.0,0.0,0.0,185180.0,28008310.0,-480050.0,202205.0,202205.0
10,A13006101,0.0,0.0,0.0,0.0,0.0,0.0,9739118.0,31363780.0,1984050.0,202205.0,202205.0
11,A13006003,0.0,0.0,0.0,0.0,0.0,0.0,1254230.0,11237230.0,124330.0,202205.0,202205.0
12,A13006002,0.0,0.0,0.0,0.0,0.0,0.0,1595170.0,8684550.0,0.0,202205.0,202205.0
13,A13077201,0.0,0.0,0.0,0.0,0.0,0.0,4226570.0,3739760.0,-2994890.0,202205.0,202205.0
14,A13084802,0.0,0.0,197980.0,0.0,0.0,0.0,2304550.0,10948410.0,222150.0,202205.0,202205.0
15,A13084803,0.0,0.0,51200.0,0.0,0.0,0.0,4451480.0,39792000.0,646275.0,202205.0,202205.0
16,A13071302,0.0,0.0,0.0,0.0,0.0,0.0,26654229.0,108034210.0,6163760.0,202205.0,202205.0
17,A13002002,0.0,0.0,0.0,0.0,0.0,0.0,2795300.0,38273510.0,15650.0,202205.0,202205.0
18,A13084804,353850.0,0.0,0.0,0.0,0.0,0.0,12804254.0,60306830.0,1823440.0,202205.0,202205.0
19,A13085901,0.0,0.0,60030.0,0.0,0.0,0.0,2217620.0,10138840.0,221960.0,202205.0,202205.0
20,A13071301,22930.0,0.0,0.0,0.0,0.0,0.0,510350.0,2535970.0,22000.0,202205.0,202205.0
21,A13085902,0.0,0.0,121350.0,0.0,0.0,0.0,1275780.0,13805210.0,0.0,202205.0,202205.0
22,A13085301,0.0,0.0,0.0,0.0,0.0,0.0,2116755.0,16155960.0,54200.0,202205.0,202205.0
23,A10026180,0.0,0.0,0.0,0.0,0.0,0.0,7791390.0,26070490.0,128960.0,202205.0,202205.0
24,A13075402,0.0,0.0,0.0,0.0,0.0,0.0,6806569.0,16572900.0,324700.0,202205.0,202205.0
25,A13003406,0.0,0.0,0.0,0.0,0.0,0.0,9546362.0,23091390.0,452820.0,202205.0,202205.0
26,A13003404,0.0,0.0,0.0,0.0,0.0,0.0,19398381.0,0.0,351350.0,202205.0,202205.0
27,A13080801,0.0,0.0,0.0,0.0,0.0,0.0,2368420.0,7095050.0,77230.0,202205.0,202205.0
28,A13003202,0.0,0.0,0.0,0.0,0.0,0.0,8667110.0,36100050.0,2749670.0,202205.0,202205.0
29,A13003201,0.0,0.0,33620.0,0.0,0.0,0.0,5249826.0,24190840.0,-632430.0,202205.0,202205.0
30,A13075404,0.0,0.0,0.0,0.0,0.0,0.0,1033130.0,4465040.0,0.0,202205.0,202205.0
31,A13080201,0.0,0.0,0.0,0.0,0.0,0.0,12740630.0,0.0,6104370.0,202205.0,202205.0
32,A13080702,0.0,0.0,12440.0,0.0,0.0,0.0,504020.0,7306020.0,0.0,202205.0,202205.0
33,A13075405,0.0,0.0,0.0,0.0,0.0,0.0,1084970.0,3967080.0,0.0,202205.0,202205.0
34,A13075403,0.0,0.0,0.0,0.0,0.0,0.0,7009990.0,0.0,3963350.0,202205.0,202205.0
35,A13003005,0.0,0.0,0.0,0.0,0.0,0.0,7096009.0,27456380.0,0.0,202205.0,202205.0
36,A13003002,0.0,0.0,0.0,0.0,0.0,0.0,2478092.0,13202990.0,0.0,202205.0,202205.0
37,A13003402,0.0,0.0,0.0,0.0,0.0,0.0,1711030.0,8865610.0,17660.0,202205.0,202205.0
38,A13003405,0.0,0.0,0.0,0.0,0.0,0.0,1797710.0,13077760.0,1003320.0,202205.0,202205.0
39,A13003003,0.0,0.0,0.0,0.0,0.0,0.0,4796670.0,16403600.0,0.0,202205.0,202205.0
40,A10026232,0.0,0.0,0.0,0.0,0.0,0.0,11649370.0,38047480.0,576900.0,202205.0,202205.0
41,A10025754,0.0,0.0,0.0,0.0,0.0,0.0,10578210.0,24528120.0,1811600.0,202205.0,202205.0
42,A13003007,0.0,0.0,0.0,0.0,0.0,0.0,28932338.0,104491360.0,2682390.0,202205.0,202205.0
43,A10026104,0.0,0.0,0.0,0.0,0.0,0.0,5114590.0,32624380.0,212500.0,202205.0,202205.0
44,A10027089,0.0,0.0,0.0,0.0,0.0,0.0,1289270.0,0.0,0.0,202205.0,202205.0
45,A10026779,,,,,,,,,,202205.0,202205.0
46,A13010006,0.0,0.0,762230.0,0.0,0.0,0.0,101481448.0,0.0,48274700.0,202205.0,202205.0
47,A13010004,0.0,0.0,89970.0,0.0,0.0,0.0,9148751.0,37519110.0,177720.0,202205.0,202205.0
48,A13084701,0.0,0.0,29220.0,0.0,0.0,0.0,2631992.0,9243340.0,217020.0,202205.0,202205.0
49,A13010003,9243450.0,0.0,0.0,0.0,0.0,0.0,18025390.0,0.0,2035000.0,202205.0,202205.0
50,A13010005,0.0,0.0,0.0,0.0,0.0,0.0,14889075.0,78088440.0,-2515140.0,202205.0,202205.0
51,A13084101,0.0,0.0,110080.0,0.0,0.0,0.0,5746416.0,20981130.0,0.0,202205.0,202205.0
52,A13010001,0.0,0.0,0.0,0.0,0.0,0.0,608722.0,8391080.0,669010.0,202205.0,202205.0
53,A10025227,0.0,0.0,0.0,0.0,0.0,0.0,5612250.0,17784640.0,92720.0,202205.0,202205.0
54,A10024892,,,,,,,,,,202205.0,202205.0
55,A13086703,0.0,0.0,0.0,0.0,0.0,0.0,-79550.0,8817870.0,189500.0,202205.0,202205.0
56,A13086704,0.0,0.0,0.0,0.0,0.0,0.0,8532051.0,29716860.0,462920.0,202205.0,202205.0
57,A13086705,788450.0,22019820.0,0.0,0.0,0.0,11988000.0,2391400.0,41929020.0,0.0,202205.0,202205.0
58,A13086802,0.0,0.0,0.0,0.0,0.0,0.0,12571706.0,0.0,7183600.0,202205.0,202205.0
59,A13086701,5878850.0,0.0,0.0,0.0,-2514000.0,2514000.0,2263830.0,8008120.0,0.0,202205.0,202205.0
60,A13071201,0.0,0.0,87800.0,0.0,0.0,0.0,854690.0,1833020.0,328430.0,202205.0,202205.0
61,A13070101,0.0,0.0,0.0,0.0,0.0,0.0,2488417.0,10398570.0,336550.0,202205.0,202205.0
62,A13087201,0.0,0.0,0.0,0.0,0.0,0.0,6525560.0,17774230.0,304195.0,202205.0,202205.0
63,A13009001,0.0,0.0,0.0,0.0,0.0,0.0,3832243.0,15149910.0,0.0,202205.0,202205.0
64,A13009206,0.0,0.0,0.0,0.0,0.0,0.0,3131740.0,18520480.0,94160.0,202205.0,202205.0
65,A13009202,0.0,0.0,0.0,0.0,0.0,0.0,997980.0,10414020.0,197100.0,202205.0,202205.0
66,A13077703,0.0,0.0,0.0,0.0,0.0,0.0,0.0,9016840.0,312500.0,202205.0,202205.0
67,A13009101,0.0,0.0,0.0,0.0,0.0,0.0,449533.0,10413420.0,0.0,202205.0,202205.0
68,A13087405,0.0,0.0,0.0,0.0,0.0,0.0,3454110.0,9848620.0,0.0,202205.0,202205.0
69,A13087401,0.0,0.0,0.0,0.0,0.0,0.0,827670.0,5242640.0,232930.0,202205.0,202205.0
70,A13078301,0.0,0.0,0.0,0.0,0.0,0.0,697920.0,15838740.0,91260.0,202205.0,202205.0
71,A13009002,0.0,0.0,0.0,0.0,0.0,0.0,12561440.0,44033110.0,-1508340.0,202205.0,202205.0
72,A13077702,0.0,0.0,0.0,0.0,0.0,0.0,14243672.0,0.0,6798140.0,202205.0,202205.0
73,A13087407,0.0,0.0,0.0,0.0,0.0,0.0,2092229.0,19982390.0,0.0,202205.0,202205.0
74,A13009003,0.0,0.0,0.0,0.0,0.0,0.0,-1477310.0,18521430.0,-19880.0,202205.0,202205.0
75,A10025410,0.0,0.0,0.0,0.0,0.0,0.0,6000590.0,34225480.0,4932510.0,202205.0,202205.0
76,A10027101,,,,,,,,,,202205.0,202205.0
77,A10024244,0.0,0.0,0.0,0.0,0.0,0.0,127120.0,1141980.0,0.0,202205.0,202205.0
78,A10023368,,,,,,,,,,202205.0,202205.0
79,A10024082,0.0,0.0,0.0,0.0,0.0,0.0,3837944.0,6679496.0,928360.0,202205.0,202205.0
80,A10025015,0.0,0.0,0.0,0.0,0.0,0.0,3249760.0,10125380.0,111580.0,202205.0,202205.0
81,A13082702,0.0,0.0,215890.0,0.0,0.0,0.0,5220088.0,17333390.0,0.0,202205.0,202205.0
82,A13082703,0.0,0.0,0.0,0.0,0.0,0.0,5443812.0,16409120.0,747810.0,202205.0,202205.0
83,A13076801,0.0,0.0,0.0,0.0,0.0,0.0,1419480.0,16899640.0,0.0,202205.0,202205.0
84,A13082502,0.0,0.0,0.0,0.0,0.0,0.0,833460.0,11438210.0,0.0,202205.0,202205.0
85,A13083102,0.0,0.0,0.0,0.0,0.0,0.0,6579062.0,21074744.0,409700.0,202205.0,202205.0
86,A13079401,0.0,0.0,0.0,0.0,0.0,0.0,3255980.0,0.0,1974710.0,202205.0,202205.0
87,A13082704,0.0,0.0,0.0,0.0,0.0,0.0,12805780.0,37502670.0,151530.0,202205.0,202205.0
88,A13008001,0.0,0.0,0.0,0.0,0.0,0.0,1479320.0,6643800.0,0.0,202205.0,202205.0
89,A13079402,0.0,0.0,0.0,0.0,0.0,0.0,2863240.0,0.0,1608170.0,202205.0,202205.0
90,A13079403,65670.0,0.0,0.0,0.0,0.0,0.0,1005900.0,2892090.0,8220.0,202205.0,202205.0
91,A13082805,0.0,0.0,0.0,0.0,0.0,0.0,13775408.0,46780740.0,0.0,202205.0,202205.0
92,A13082501,0.0,0.0,0.0,0.0,0.0,0.0,3916350.0,10760450.0,0.0,202205.0,202205.0
