,kaptCode,heatC,heatP,gasC,gasP,waterHotC,waterHotP,electC,electP,waterCoolC,Date,Date.1
0,A13007002,0.0,0.0,0.0,0.0,0.0,0.0,575880.0,13276860.0,0.0,202209.0,202209.0
1,A13070302,0.0,0.0,0.0,0.0,0.0,0.0,1942580.0,5397650.0,0.0,202209.0,202209.0
2,A13007004,0.0,0.0,0.0,0.0,0.0,0.0,5681926.0,22493850.0,967120.0,202209.0,202209.0
3,A10028080,0.0,0.0,0.0,0.0,0.0,0.0,6158750.0,16203000.0,0.0,202209.0,202209.0
4,A13070301,0.0,0.0,0.0,0.0,0.0,0.0,10461320.0,39369010.0,737700.0,202209.0,202209.0
5,A13007001,0.0,0.0,0.0,0.0,0.0,0.0,4144210.0,18410940.0,-68770.0,202209.0,202209.0
6,A10024042,0.0,0.0,0.0,0.0,0.0,0.0,9843300.0,37824220.0,12807450.0,202209.0,202209.0
7,A10023389,,,,,,,,,,202209.0,202209.0
8,A13006001,1100.0,0.0,0.0,0.0,0.0,0.0,909830.0,7670560.0,0.0,202209.0,202209.0
9,A13086101,0.0,0.0,18010.0,0.0,0.0,0.0,-741220.0,30863280.0,-1385150.0,202209.0,202209.0
10,A13006101,0.0,0.0,0.0,0.0,0.0,0.0,8802078.0,42125670.0,1912000.0,202209.0,202209.0
11,A13006003,0.0,0.0,0.0,0.0,0.0,0.0,-270010.0,15208540.0,143230.0,202209.0,202209.0
12,A13006002,0.0,0.0,0.0,0.0,0.0,0.0,1181940.0,11098530.0,0.0,202209.0,202209.0
13,A13077201,0.0,0.0,0.0,0.0,0.0,0.0,4940330.0,4271670.0,-3089120.0,202209.0,202209.0
14,A13084802,0.0,0.0,110120.0,0.0,0.0,0.0,15479650.0,0.0,8365520.0,202209.0,202209.0
15,A13084803,0.0,0.0,9340.0,0.0,0.0,0.0,5711970.0,43210010.0,380370.0,202209.0,202209.0
16,A13071302,0.0,0.0,0.0,0.0,0.0,0.0,54863662.0,135917260.0,7161260.0,202209.0,202209.0
17,A13002002,0.0,0.0,0.0,0.0,0.0,0.0,7677530.0,41788180.0,30210.0,202209.0,202209.0
18,A13084804,-51820.0,0.0,0.0,0.0,0.0,0.0,6039349.0,94835287.0,3721890.0,202209.0,202209.0
19,A13085901,0.0,0.0,8560.0,0.0,0.0,0.0,2353560.0,11515990.0,297140.0,202209.0,202209.0
20,A13071301,25380.0,0.0,0.0,0.0,0.0,0.0,609150.0,3207940.0,22000.0,202209.0,202209.0
21,A13085902,0.0,0.0,40800.0,0.0,0.0,0.0,1657230.0,14545790.0,0.0,202209.0,202209.0
22,A13085301,0.0,0.0,0.0,0.0,0.0,0.0,1926023.0,20067380.0,50260.0,202209.0,202209.0
23,A10026180,0.0,0.0,0.0,0.0,0.0,0.0,7716320.0,28351130.0,89740.0,202209.0,202209.0
24,A13075402,0.0,0.0,0.0,0.0,0.0,0.0,8298855.0,20555350.0,404240.0,202209.0,202209.0
25,A13003406,0.0,0.0,0.0,0.0,0.0,0.0,9086082.0,28724950.0,93240.0,202209.0,202209.0
26,A13003404,0.0,0.0,0.0,0.0,0.0,0.0,4135372.0,16423010.0,195425.0,202209.0,202209.0
27,A13080801,0.0,0.0,0.0,0.0,0.0,0.0,1867970.0,9605510.0,-808290.0,202209.0,202209.0
28,A13003202,0.0,0.0,0.0,0.0,0.0,0.0,4066194.0,55117240.0,-1013910.0,202209.0,202209.0
29,A13003201,0.0,0.0,6680.0,0.0,0.0,0.0,6238655.0,24969000.0,1178790.0,202209.0,202209.0
30,A13075404,0.0,0.0,0.0,0.0,0.0,0.0,0.0,5436080.0,0.0,202209.0,202209.0
31,A13080201,0.0,0.0,0.0,0.0,0.0,0.0,3848750.0,11214270.0,671810.0,202209.0,202209.0
32,A13080702,0.0,0.0,5890.0,0.0,0.0,0.0,3840340.0,9014810.0,0.0,202209.0,202209.0
33,A13075405,0.0,0.0,0.0,0.0,0.0,0.0,540550.0,5294220.0,0.0,202209.0,202209.0
34,A13075403,0.0,0.0,0.0,0.0,0.0,0.0,8001730.0,0.0,3921470.0,202209.0,202209.0
35,A13003005,0.0,0.0,0.0,0.0,0.0,0.0,11622456.0,39740920.0,0.0,202209.0,202209.0
36,A13003002,0.0,0.0,0.0,0.0,0.0,0.0,2350778.0,15144150.0,0.0,202209.0,202209.0
37,A13003402,0.0,0.0,0.0,0.0,0.0,0.0,1416530.0,11334810.0,18520.0,202209.0,202209.0
38,A13003405,0.0,0.0,0.0,0.0,0.0,0.0,1549740.0,15227730.0,434760.0,202209.0,202209.0
39,A13003003,0.0,0.0,0.0,0.0,0.0,0.0,2679510.0,18473420.0,0.0,202209.0,202209.0
40,A10026232,0.0,0.0,0.0,0.0,0.0,0.0,20730050.0,56728090.0,0.0,202209.0,202209.0
41,A10025754,0.0,0.0,0.0,0.0,0.0,0.0,10910110.0,29147640.0,1366610.0,202209.0,202209.0
42,A13003007,0.0,0.0,0.0,0.0,0.0,0.0,62073475.0,181175470.0,0.0,202209.0,202209.0
43,A10026104,0.0,0.0,0.0,0.0,0.0,0.0,12449670.0,56862580.0,537840.0,202209.0,202209.0
44,A10027089,0.0,0.0,0.0,0.0,0.0,0.0,1187383.0,0.0,0.0,202209.0,202209.0
45,A10026779,,,,,,,,,,202209.0,202209.0
46,A13010006,0.0,0.0,16430.0,0.0,0.0,0.0,111346360.0,0.0,43832100.0,202209.0,202209.0
47,A13010004,0.0,0.0,6590.0,0.0,0.0,0.0,7933630.0,40773880.0,-73860.0,202209.0,202209.0
48,A13084701,0.0,0.0,0.0,0.0,0.0,0.0,1991642.0,10922230.0,217540.0,202209.0,202209.0
49,A13010003,8248710.0,0.0,0.0,0.0,0.0,0.0,20204550.0,0.0,1500000.0,202209.0,202209.0
50,A13010005,0.0,0.0,0.0,0.0,0.0,0.0,21827718.0,98194630.0,-2465820.0,202209.0,202209.0
51,A13084101,0.0,0.0,58830.0,0.0,0.0,0.0,7589760.0,35422010.0,0.0,202209.0,202209.0
52,A13010001,0.0,0.0,0.0,0.0,0.0,0.0,484005.0,11352590.0,0.0,202209.0,202209.0
53,A10025227,0.0,0.0,0.0,0.0,0.0,0.0,8956080.0,20307710.0,95650.0,202209.0,202209.0
54,A10024892,,,,,,,,,,202209.0,202209.0
55,A13086703,0.0,0.0,0.0,0.0,0.0,0.0,-933989.0,12648140.0,13690.0,202209.0,202209.0
56,A13086704,0.0,0.0,0.0,0.0,0.0,0.0,7904529.0,38795080.0,971070.0,202209.0,202209.0
57,A13086705,-180600.0,14102730.0,0.0,0.0,0.0,7788000.0,-10509660.0,62626750.0,0.0,202209.0,202209.0
58,A13086802,0.0,0.0,0.0,0.0,0.0,0.0,16870551.0,0.0,7568190.0,202209.0,202209.0
59,A13086701,4496490.0,0.0,0.0,0.0,0.0,0.0,10929270.0,0.0,0.0,202209.0,202209.0
60,A13071201,0.0,0.0,7480.0,0.0,0.0,0.0,1166214.0,2147580.0,153360.0,202209.0,202209.0
61,A13070101,0.0,0.0,0.0,0.0,0.0,0.0,2354277.0,11256710.0,250260.0,202209.0,202209.0
62,A13087201,0.0,0.0,0.0,0.0,0.0,0.0,6050406.0,21084940.0,0.0,202209.0,202209.0
63,A13009001,0.0,0.0,0.0,0.0,0.0,0.0,3677758.0,19284990.0,0.0,202209.0,202209.0
64,A13009206,0.0,0.0,0.0,0.0,0.0,0.0,2453020.0,26664960.0,137640.0,202209.0,202209.0
65,A13009202,0.0,0.0,0.0,0.0,0.0,0.0,966580.0,11284460.0,-70270.0,202209.0,202209.0
66,A13077703,0.0,0.0,0.0,0.0,0.0,0.0,472740.0,12021010.0,114060.0,202209.0,202209.0
67,A13009101,0.0,0.0,0.0,0.0,0.0,0.0,266966.0,15864310.0,0.0,202209.0,202209.0
68,A13087405,0.0,0.0,0.0,0.0,0.0,0.0,2421890.0,14241840.0,0.0,202209.0,202209.0
69,A13087401,0.0,0.0,0.0,0.0,0.0,0.0,90540.0,7135180.0,0.0,202209.0,202209.0
70,A13078301,0.0,0.0,0.0,0.0,0.0,0.0,2002880.0,17739270.0,63240.0,202209.0,202209.0
71,A13009002,0.0,0.0,0.0,0.0,0.0,0.0,11250916.0,48787830.0,271980.0,202209.0,202209.0
72,A13077702,0.0,0.0,0.0,0.0,0.0,0.0,16902041.0,0.0,7237110.0,202209.0,202209.0
73,A13087407,0.0,0.0,0.0,0.0,0.0,0.0,2145737.0,26239610.0,0.0,202209.0,202209.0
74,A13009003,0.0,0.0,0.0,0.0,0.0,0.0,77220.0,19841140.0,-102410.0,202209.0,202209.0
75,A10025410,0.0,0.0,0.0,0.0,0.0,0.0,9657549.0,53049200.0,7343980.0,202209.0,202209.0
76,A10027101,,,,,,,,,,202209.0,202209.0
77,A10024244,0.0,0.0,0.0,0.0,0.0,0.0,215390.0,2841090.0,0.0,202209.0,202209.0
78,A10023368,,,,,,,,,,202209.0,202209.0
79,A10024082,0.0,0.0,0.0,0.0,0.0,0.0,3959740.0,8687000.0,153170.0,202209.0,202209.0
80,A10025015,0.0,0.0,0.0,0.0,0.0,0.0,3794990.0,12078860.0,213370.0,202209.0,202209.0
81,A13082702,0.0,0.0,27790.0,0.0,0.0,0.0,5075530.0,18409910.0,0.0,202209.0,202209.0
82,A13082703,0.0,0.0,0.0,0.0,0.0,0.0,5322325.0,21760860.0,355450.0,202209.0,202209.0
83,A13076801,0.0,0.0,0.0,0.0,0.0,0.0,23123530.0,0.0,7260880.0,202209.0,202209.0
84,A13082502,0.0,0.0,0.0,0.0,0.0,0.0,350830.0,13934450.0,0.0,202209.0,202209.0
85,A13083102,0.0,0.0,0.0,0.0,0.0,0.0,6268496.0,23409170.0,357030.0,202209.0,202209.0
86,A13079401,0.0,0.0,0.0,0.0,0.0,0.0,3780760.0,0.0,1906010.0,202209.0,202209.0
87,A13082704,0.0,0.0,0.0,0.0,0.0,0.0,11750815.0,48877290.0,93400.0,202209.0,202209.0
88,A13008001,0.0,0.0,0.0,0.0,0.0,0.0,1515160.0,7142890.0,0.0,202209.0,202209.0
89,A13079402,0.0,0.0,0.0,0.0,0.0,0.0,3267528.0,0.0,1603280.0,202209.0,202209.0
90,A13079403,3740.0,0.0,0.0,0.0,0.0,0.0,771975.0,3605610.0,1830.0,202209.0,202209.0
91,A13082805,0.0,0.0,0.0,0.0,0.0,0.0,11506662.0,60672620.0,837550.0,202209.0,202209.0
92,A13082501,0.0,0.0,0.0,0.0,0.0,0.0,3222080.0,14148890.0,31770.0,202209.0,202209.0
