,kaptCode,heatC,heatP,gasC,gasP,waterHotC,waterHotP,electC,electP,waterCoolC,Date,Date
0,A13007002,0.0,0.0,0.0,0.0,0.0,0.0,254920.0,17909800.0,0.0,202208.0,202208.0
1,A13070302,0.0,0.0,0.0,0.0,0.0,0.0,520800.0,6385450.0,0.0,202208.0,202208.0
2,A13007004,0.0,0.0,0.0,0.0,0.0,0.0,5053156.0,31321570.0,363770.0,202208.0,202208.0
3,A10028080,0.0,0.0,0.0,0.0,0.0,0.0,7714118.0,24128890.0,0.0,202208.0,202208.0
4,A13070301,0.0,0.0,0.0,0.0,0.0,0.0,17557950.0,58408680.0,805200.0,202208.0,202208.0
5,A13007001,0.0,0.0,0.0,0.0,0.0,0.0,5969740.0,27449360.0,378270.0,202208.0,202208.0
6,A10024042,0.0,0.0,0.0,0.0,0.0,0.0,17643320.0,55125692.0,12731570.0,202208.0,202208.0
7,A10023389,,,,,,,,,,202208.0,202208.0
8,A13006001,1100.0,0.0,0.0,0.0,0.0,0.0,358800.0,11398610.0,3476220.0,202208.0,202208.0
9,A13086101,0.0,0.0,13270.0,0.0,0.0,0.0,-7471130.0,46022790.0,-1102700.0,202208.0,202208.0
10,A13006101,0.0,0.0,0.0,0.0,0.0,0.0,15002011.0,56501650.0,1787100.0,202208.0,202208.0
11,A13006003,0.0,0.0,0.0,0.0,0.0,0.0,558790.0,21617090.0,88940.0,202208.0,202208.0
12,A13006002,0.0,0.0,0.0,0.0,0.0,0.0,-160906.0,15916720.0,0.0,202208.0,202208.0
13,A13077201,0.0,0.0,0.0,0.0,0.0,0.0,5151879.0,5026670.0,-3183840.0,202208.0,202208.0
14,A13084802,0.0,0.0,48180.0,0.0,0.0,0.0,1592744.0,17150970.0,259820.0,202208.0,202208.0
15,A13084803,0.0,0.0,7710.0,0.0,0.0,0.0,-3823330.0,66715780.0,0.0,202208.0,202208.0
16,A13071302,0.0,0.0,0.0,0.0,0.0,0.0,46119237.0,211431800.0,5102730.0,202208.0,202208.0
17,A13002002,0.0,0.0,0.0,0.0,0.0,0.0,7231240.0,62767600.0,23440.0,202208.0,202208.0
18,A13084804,66170.0,0.0,0.0,0.0,0.0,0.0,22022632.0,98273160.0,-3994420.0,202208.0,202208.0
19,A13085901,0.0,0.0,6240.0,0.0,0.0,0.0,807651.0,16755730.0,0.0,202208.0,202208.0
20,A13071301,3490.0,0.0,0.0,0.0,0.0,0.0,277720.0,4128970.0,22000.0,202208.0,202208.0
21,A13085902,0.0,0.0,35960.0,0.0,0.0,0.0,-325520.0,18146040.0,0.0,202208.0,202208.0
22,A13085301,0.0,0.0,0.0,0.0,0.0,0.0,2064755.0,25677640.0,48940.0,202208.0,202208.0
23,A10026180,0.0,0.0,0.0,0.0,0.0,0.0,10909000.0,36681160.0,114490.0,202208.0,202208.0
24,A13075402,0.0,0.0,0.0,0.0,0.0,0.0,11003012.0,29280450.0,271530.0,202208.0,202208.0
25,A13003406,0.0,0.0,0.0,0.0,0.0,0.0,12853105.0,40341420.0,196780.0,202208.0,202208.0
26,A13003404,0.0,0.0,0.0,0.0,0.0,0.0,9227473.0,16423010.0,195425.0,202208.0,202208.0
27,A13080801,0.0,0.0,0.0,0.0,0.0,0.0,3509850.0,14150030.0,-27350.0,202208.0,202208.0
28,A13003202,0.0,0.0,0.0,0.0,0.0,0.0,5399867.0,58775580.0,1798960.0,202208.0,202208.0
29,A13003201,0.0,0.0,7490.0,0.0,0.0,0.0,5360289.0,33547630.0,-437440.0,202208.0,202208.0
30,A13075404,0.0,0.0,0.0,0.0,0.0,0.0,0.0,7153600.0,0.0,202208.0,202208.0
31,A13080201,0.0,0.0,5070.0,0.0,0.0,0.0,19155280.0,0.0,6461610.0,202208.0,202208.0
32,A13080702,0.0,0.0,5890.0,0.0,0.0,0.0,3840340.0,9014810.0,0.0,202208.0,202208.0
33,A13075405,0.0,0.0,0.0,0.0,0.0,0.0,497440.0,6380120.0,0.0,202208.0,202208.0
34,A13075403,0.0,0.0,0.0,0.0,0.0,0.0,7939370.0,0.0,4284050.0,202208.0,202208.0
35,A13003005,0.0,0.0,0.0,0.0,0.0,0.0,12051718.0,57010880.0,0.0,202208.0,202208.0
36,A13003002,0.0,0.0,0.0,0.0,0.0,0.0,375677.0,20636060.0,99200.0,202208.0,202208.0
37,A13003402,0.0,0.0,0.0,0.0,0.0,0.0,1413520.0,16981540.0,0.0,202208.0,202208.0
38,A13003405,0.0,0.0,0.0,0.0,0.0,0.0,702220.0,19599650.0,434760.0,202208.0,202208.0
39,A13003003,0.0,0.0,0.0,0.0,0.0,0.0,2375060.0,27311260.0,0.0,202208.0,202208.0
40,A10026232,0.0,0.0,0.0,0.0,0.0,0.0,39785580.0,56728090.0,390310.0,202208.0,202208.0
41,A10025754,0.0,0.0,0.0,0.0,0.0,0.0,16556950.0,41322200.0,1364880.0,202208.0,202208.0
42,A13003007,0.0,0.0,0.0,0.0,0.0,0.0,58973462.0,201961720.0,1195000.0,202208.0,202208.0
43,A10026104,0.0,0.0,0.0,0.0,0.0,0.0,11462690.0,62109760.0,701370.0,202208.0,202208.0
44,A10027089,0.0,0.0,0.0,0.0,0.0,0.0,1278230.0,0.0,0.0,202208.0,202208.0
45,A10026779,,,,,,,,,,202208.0,202208.0
46,A13010006,0.0,0.0,18510.0,0.0,0.0,0.0,157605700.0,0.0,48443080.0,202208.0,202208.0
47,A13010004,0.0,0.0,7710.0,0.0,0.0,0.0,11952807.0,51336280.0,1334090.0,202208.0,202208.0
48,A13084701,0.0,0.0,0.0,0.0,0.0,0.0,1723546.0,15024980.0,248830.0,202208.0,202208.0
49,A13010003,6107950.0,0.0,0.0,0.0,0.0,0.0,32993360.0,0.0,300000.0,202208.0,202208.0
50,A13010005,0.0,0.0,0.0,0.0,0.0,0.0,23981420.0,155996210.0,-1870040.0,202208.0,202208.0
51,A13084101,0.0,0.0,31620.0,0.0,0.0,0.0,8698590.0,40099780.0,0.0,202208.0,202208.0
52,A13010001,0.0,0.0,0.0,0.0,0.0,0.0,854720.0,15038070.0,0.0,202208.0,202208.0
53,A10025227,0.0,0.0,0.0,0.0,0.0,0.0,10955861.0,30690480.0,81900.0,202208.0,202208.0
54,A10024892,,,,,,,,,,202208.0,202208.0
55,A13086703,0.0,0.0,0.0,0.0,0.0,0.0,2272101.0,11525810.0,701670.0,202208.0,202208.0
56,A13086704,0.0,0.0,0.0,0.0,0.0,0.0,11137371.0,52323990.0,441040.0,202208.0,202208.0
57,A13086705,-202140.0,15807480.0,0.0,0.0,-3000.0,8328000.0,-2519400.0,74203880.0,110.0,202208.0,202208.0
58,A13086802,0.0,0.0,0.0,0.0,0.0,0.0,19566872.0,0.0,7518890.0,202208.0,202208.0
59,A13086701,3967080.0,0.0,0.0,0.0,-2523000.0,2523000.0,5648880.0,8024080.0,0.0,202208.0,202208.0
60,A13071201,0.0,0.0,14470.0,0.0,0.0,0.0,195720.0,2662690.0,316620.0,202208.0,202208.0
61,A13070101,0.0,0.0,0.0,0.0,0.0,0.0,3630947.0,17502760.0,248090.0,202208.0,202208.0
62,A13087201,0.0,0.0,0.0,0.0,0.0,0.0,5120680.0,30435450.0,73300.0,202208.0,202208.0
63,A13009001,0.0,0.0,0.0,0.0,0.0,0.0,4712710.0,25838740.0,425140.0,202208.0,202208.0
64,A13009206,0.0,0.0,0.0,0.0,0.0,0.0,2712530.0,36602580.0,128900.0,202208.0,202208.0
65,A13009202,0.0,0.0,0.0,0.0,0.0,0.0,1031500.0,13992740.0,87220.0,202208.0,202208.0
66,A13077703,0.0,0.0,0.0,0.0,0.0,0.0,453970.0,16334410.0,0.0,202208.0,202208.0
67,A13009101,0.0,0.0,0.0,0.0,0.0,0.0,411168.0,18451010.0,0.0,202208.0,202208.0
68,A13087405,0.0,0.0,0.0,0.0,0.0,0.0,2444440.0,19458080.0,0.0,202208.0,202208.0
69,A13087401,0.0,0.0,0.0,0.0,0.0,0.0,432320.0,10034470.0,197500.0,202208.0,202208.0
70,A13078301,0.0,0.0,0.0,0.0,0.0,0.0,287950.0,28916740.0,100130.0,202208.0,202208.0
71,A13009002,0.0,0.0,0.0,0.0,0.0,0.0,11917927.0,72492870.0,389510.0,202208.0,202208.0
72,A13077702,0.0,0.0,0.0,0.0,0.0,0.0,20814085.0,0.0,7200950.0,202208.0,202208.0
73,A13087407,0.0,0.0,0.0,0.0,0.0,0.0,2472467.0,27922920.0,0.0,202208.0,202208.0
74,A13009003,0.0,0.0,8290.0,0.0,0.0,0.0,-1524070.0,25521890.0,-15800.0,202208.0,202208.0
75,A10025410,0.0,0.0,0.0,0.0,0.0,0.0,6924870.0,75283110.0,8941340.0,202208.0,202208.0
76,A10027101,,,,,,,,,,202208.0,202208.0
77,A10024244,0.0,0.0,0.0,0.0,0.0,0.0,0.0,3444480.0,108110.0,202208.0,202208.0
78,A10023368,,,,,,,,,,202208.0,202208.0
79,A10024082,0.0,0.0,0.0,0.0,0.0,0.0,5663017.0,10779013.0,154770.0,202208.0,202208.0
80,A10025015,0.0,0.0,0.0,0.0,0.0,0.0,6047870.0,18366110.0,71390.0,202208.0,202208.0
81,A13082702,0.0,0.0,26420.0,0.0,0.0,0.0,6711802.0,26003580.0,0.0,202208.0,202208.0
82,A13082703,0.0,0.0,0.0,0.0,0.0,0.0,4037558.0,30159100.0,332770.0,202208.0,202208.0
83,A13076801,0.0,0.0,0.0,0.0,0.0,0.0,918320.0,30543570.0,0.0,202208.0,202208.0
84,A13082502,0.0,0.0,0.0,0.0,0.0,0.0,340140.0,19821430.0,0.0,202208.0,202208.0
85,A13083102,0.0,0.0,0.0,0.0,0.0,0.0,5321347.0,38728050.0,214510.0,202208.0,202208.0
86,A13079401,0.0,0.0,0.0,0.0,0.0,0.0,4200830.0,0.0,1997390.0,202208.0,202208.0
87,A13082704,0.0,0.0,0.0,0.0,0.0,0.0,11861722.0,67837540.0,64470.0,202208.0,202208.0
88,A13008001,0.0,0.0,0.0,0.0,0.0,0.0,1564950.0,11333040.0,328720.0,202208.0,202208.0
89,A13079402,0.0,0.0,0.0,0.0,0.0,0.0,3754187.0,0.0,1395890.0,202208.0,202208.0
90,A13079403,4090.0,0.0,0.0,0.0,0.0,0.0,615152.0,4430720.0,8800.0,202208.0,202208.0
91,A13082805,0.0,0.0,0.0,0.0,0.0,0.0,23985035.0,84603740.0,0.0,202208.0,202208.0
92,A13082501,0.0,0.0,0.0,0.0,0.0,0.0,3057430.0,18498410.0,70600.0,202208.0,202208.0
