,kaptCode,heatC,heatP,gasC,gasP,waterHotC,waterHotP,electC,electP,waterCoolC,Date,Date
0,A13007002,0.0,0.0,0.0,0.0,0.0,0.0,575730.0,12876580.0,0.0,202210.0,202210.0
1,A13070302,0.0,0.0,0.0,0.0,0.0,0.0,2095560.0,5317710.0,0.0,202210.0,202210.0
2,A13007004,0.0,0.0,0.0,0.0,0.0,0.0,6481904.0,22961330.0,967970.0,202210.0,202210.0
3,A10028080,0.0,0.0,0.0,0.0,0.0,0.0,5542340.0,13456210.0,0.0,202210.0,202210.0
4,A13070301,0.0,0.0,0.0,0.0,0.0,0.0,12688080.0,38233320.0,145500.0,202210.0,202210.0
5,A13007001,0.0,0.0,0.0,0.0,0.0,0.0,4713020.0,17780440.0,-202960.0,202210.0,202210.0
6,A10024042,0.0,0.0,0.0,0.0,0.0,0.0,10421460.0,36149410.0,12065090.0,202210.0,202210.0
7,A10023389,,,,,,,,,,202210.0,202210.0
8,A13006001,3690.0,0.0,0.0,0.0,0.0,0.0,1339640.0,6786840.0,2955310.0,202210.0,202210.0
9,A13086101,0.0,0.0,169830.0,0.0,0.0,0.0,934850.0,30999480.0,-1028150.0,202210.0,202210.0
10,A13006101,0.0,0.0,0.0,0.0,0.0,0.0,12057354.0,34800060.0,0.0,202210.0,202210.0
11,A13006003,0.0,0.0,0.0,0.0,0.0,0.0,1004250.0,12759790.0,91780.0,202210.0,202210.0
12,A13006002,0.0,0.0,0.0,0.0,0.0,0.0,1901820.0,9418590.0,0.0,202210.0,202210.0
13,A13077201,0.0,0.0,0.0,0.0,0.0,0.0,4125052.0,4271670.0,-3089120.0,202210.0,202210.0
14,A13084802,0.0,0.0,155920.0,0.0,0.0,0.0,1802854.0,11951300.0,339950.0,202210.0,202210.0
15,A13084803,0.0,0.0,5440.0,0.0,0.0,0.0,6688070.0,44556540.0,380370.0,202210.0,202210.0
16,A13071302,0.0,0.0,0.0,0.0,0.0,0.0,32455877.0,121508280.0,2037530.0,202210.0,202210.0
17,A13002002,0.0,0.0,0.0,0.0,0.0,0.0,7858120.0,42644880.0,84230.0,202210.0,202210.0
18,A13084804,16180.0,0.0,0.0,0.0,0.0,0.0,11274648.0,67994840.0,295590.0,202210.0,202210.0
19,A13085901,0.0,0.0,30090.0,0.0,0.0,0.0,2744050.0,11986910.0,0.0,202210.0,202210.0
20,A13071301,19200.0,0.0,0.0,0.0,0.0,0.0,294410.0,3795050.0,22000.0,202210.0,202210.0
21,A13085902,0.0,0.0,69310.0,0.0,0.0,0.0,1577130.0,14968070.0,0.0,202210.0,202210.0
22,A13085301,0.0,0.0,0.0,0.0,0.0,0.0,2735344.0,18107080.0,49650.0,202210.0,202210.0
23,A10026180,0.0,0.0,0.0,0.0,0.0,0.0,8160900.0,27937770.0,117790.0,202210.0,202210.0
24,A13075402,0.0,0.0,0.0,0.0,0.0,0.0,7218299.0,18467030.0,778400.0,202210.0,202210.0
25,A13003406,0.0,0.0,0.0,0.0,0.0,0.0,9946227.0,25485150.0,118260.0,202210.0,202210.0
26,A13003404,0.0,0.0,0.0,0.0,0.0,0.0,2562132.0,0.0,0.0,202210.0,202210.0
27,A13080801,0.0,0.0,0.0,0.0,0.0,0.0,2686680.0,8076970.0,-299750.0,202210.0,202210.0
28,A13003202,0.0,0.0,0.0,0.0,0.0,0.0,7992286.0,39388610.0,1123820.0,202210.0,202210.0
29,A13003201,0.0,0.0,14200.0,0.0,0.0,0.0,7185398.0,26016540.0,-2011460.0,202210.0,202210.0
30,A13075404,0.0,0.0,0.0,0.0,0.0,0.0,0.0,4907670.0,0.0,202210.0,202210.0
31,A13080201,0.0,0.0,0.0,0.0,0.0,0.0,13985360.0,0.0,5926820.0,202210.0,202210.0
32,A13080702,0.0,0.0,92670.0,0.0,0.0,0.0,1021120.0,8128680.0,0.0,202210.0,202210.0
33,A13075405,0.0,0.0,0.0,0.0,0.0,0.0,1403770.0,4588270.0,0.0,202210.0,202210.0
34,A13075403,0.0,0.0,0.0,0.0,0.0,0.0,7514550.0,0.0,3954930.0,202210.0,202210.0
35,A13003005,0.0,0.0,0.0,0.0,0.0,0.0,8530754.0,30262710.0,0.0,202210.0,202210.0
36,A13003002,0.0,0.0,0.0,0.0,0.0,0.0,3058281.0,15326220.0,0.0,202210.0,202210.0
37,A13003402,0.0,0.0,0.0,0.0,0.0,0.0,1833260.0,9897750.0,0.0,202210.0,202210.0
38,A13003405,0.0,0.0,0.0,0.0,0.0,0.0,2106170.0,15233670.0,498500.0,202210.0,202210.0
39,A13003003,0.0,0.0,0.0,0.0,0.0,0.0,2283760.0,18550850.0,0.0,202210.0,202210.0
40,A10026232,0.0,0.0,0.0,0.0,0.0,0.0,14890100.0,43859370.0,0.0,202210.0,202210.0
41,A10025754,0.0,0.0,0.0,0.0,0.0,0.0,11993690.0,28292390.0,1147390.0,202210.0,202210.0
42,A13003007,0.0,0.0,0.0,0.0,0.0,0.0,51372145.0,118309440.0,0.0,202210.0,202210.0
43,A10026104,0.0,0.0,0.0,0.0,0.0,0.0,4843830.0,38821730.0,211240.0,202210.0,202210.0
44,A10027089,0.0,0.0,0.0,0.0,0.0,0.0,1012582.0,0.0,0.0,202210.0,202210.0
45,A10026779,,,,,,,,,,202210.0,202210.0
46,A13010006,0.0,0.0,32130.0,0.0,0.0,0.0,116560390.0,0.0,49347870.0,202210.0,202210.0
47,A13010004,0.0,0.0,388830.0,0.0,0.0,0.0,9184834.0,43726850.0,360220.0,202210.0,202210.0
48,A13084701,0.0,0.0,0.0,0.0,0.0,0.0,2591614.0,11017110.0,217540.0,202210.0,202210.0
49,A13010003,20283310.0,0.0,0.0,0.0,0.0,0.0,20696880.0,0.0,1255390.0,202210.0,202210.0
50,A13010005,0.0,0.0,0.0,0.0,0.0,0.0,16449749.0,88395250.0,-2250590.0,202210.0,202210.0
51,A13084101,0.0,0.0,51960.0,0.0,0.0,0.0,6264071.0,23409250.0,0.0,202210.0,202210.0
52,A13010001,0.0,0.0,0.0,0.0,0.0,0.0,992825.0,9142730.0,0.0,202210.0,202210.0
53,A10025227,0.0,0.0,0.0,0.0,0.0,0.0,10121060.0,19715470.0,64580.0,202210.0,202210.0
54,A10024892,,,,,,,,,,202210.0,202210.0
55,A13086703,0.0,0.0,0.0,0.0,0.0,0.0,-396510.0,10658600.0,-363020.0,202210.0,202210.0
56,A13086704,0.0,0.0,0.0,0.0,0.0,0.0,9354630.0,33900970.0,255360.0,202210.0,202210.0
57,A13086705,-191820.0,62349570.0,0.0,0.0,0.0,11475000.0,2723540.0,44130020.0,-50.0,202210.0,202210.0
58,A13086802,0.0,0.0,0.0,0.0,0.0,0.0,14134549.0,0.0,7063060.0,202210.0,202210.0
59,A13086701,12181450.0,0.0,0.0,0.0,0.0,0.0,12425770.0,0.0,0.0,202210.0,202210.0
60,A13071201,0.0,0.0,11410.0,0.0,0.0,0.0,710707.0,2147580.0,284610.0,202210.0,202210.0
61,A13070101,0.0,0.0,0.0,0.0,0.0,0.0,2649925.0,11548930.0,247780.0,202210.0,202210.0
62,A13087201,0.0,0.0,0.0,0.0,0.0,0.0,6870656.0,21772210.0,0.0,202210.0,202210.0
63,A13009001,0.0,0.0,0.0,0.0,0.0,0.0,4385516.0,16752720.0,309930.0,202210.0,202210.0
64,A13009206,0.0,0.0,0.0,0.0,0.0,0.0,3115850.0,21211930.0,102610.0,202210.0,202210.0
65,A13009202,0.0,0.0,0.0,0.0,0.0,0.0,1037320.0,11697320.0,49960.0,202210.0,202210.0
66,A13077703,0.0,0.0,0.0,0.0,0.0,0.0,0.0,0.0,236450.0,202210.0,202210.0
67,A13009101,0.0,0.0,0.0,0.0,0.0,0.0,235980.0,11667280.0,0.0,202210.0,202210.0
68,A13087405,0.0,0.0,0.0,0.0,0.0,0.0,3131690.0,12051000.0,0.0,202210.0,202210.0
69,A13087401,0.0,0.0,0.0,0.0,0.0,0.0,964690.0,5719480.0,0.0,202210.0,202210.0
70,A13078301,0.0,0.0,0.0,0.0,0.0,0.0,1223800.0,17480440.0,74960.0,202210.0,202210.0
71,A13009002,0.0,0.0,0.0,0.0,0.0,0.0,13253084.0,50886160.0,206680.0,202210.0,202210.0
72,A13077702,0.0,0.0,0.0,0.0,0.0,0.0,15758724.0,0.0,7128560.0,202210.0,202210.0
73,A13087407,0.0,0.0,0.0,0.0,0.0,0.0,1755990.0,22122300.0,0.0,202210.0,202210.0
74,A13009003,0.0,0.0,0.0,0.0,0.0,0.0,136770.0,20459280.0,0.0,202210.0,202210.0
75,A10025410,0.0,0.0,0.0,0.0,0.0,0.0,7305021.0,40609770.0,6772970.0,202210.0,202210.0
76,A10027101,,,,,,,,,,202210.0,202210.0
77,A10024244,0.0,0.0,0.0,0.0,0.0,0.0,216170.0,2094930.0,195330.0,202210.0,202210.0
78,A10023368,,,,,,,,,,202210.0,202210.0
79,A10024082,0.0,0.0,0.0,0.0,0.0,0.0,4321800.0,8325440.0,183910.0,202210.0,202210.0
80,A10025015,0.0,0.0,0.0,0.0,0.0,0.0,4311430.0,11171560.0,199870.0,202210.0,202210.0
81,A13082702,0.0,0.0,39980.0,0.0,0.0,0.0,5873614.0,19559300.0,0.0,202210.0,202210.0
82,A13082703,0.0,0.0,0.0,0.0,0.0,0.0,6379273.0,18091650.0,433950.0,202210.0,202210.0
83,A13076801,0.0,0.0,0.0,0.0,0.0,0.0,1949170.0,18216890.0,0.0,202210.0,202210.0
84,A13082502,0.0,0.0,0.0,0.0,0.0,0.0,1098770.0,12446420.0,0.0,202210.0,202210.0
85,A13083102,0.0,0.0,0.0,0.0,0.0,0.0,7753281.0,22973490.0,325700.0,202210.0,202210.0
86,A13079401,0.0,0.0,0.0,0.0,0.0,0.0,3546900.0,0.0,1672950.0,202210.0,202210.0
87,A13082704,0.0,0.0,0.0,0.0,0.0,0.0,14642435.0,42153190.0,290850.0,202210.0,202210.0
88,A13008001,0.0,0.0,0.0,0.0,0.0,0.0,1486630.0,7793370.0,325530.0,202210.0,202210.0
89,A13079402,0.0,0.0,0.0,0.0,0.0,0.0,3044794.0,0.0,1493800.0,202210.0,202210.0
90,A13079403,7320.0,0.0,0.0,0.0,0.0,0.0,790668.0,3322210.0,7940.0,202210.0,202210.0
91,A13082805,0.0,0.0,0.0,0.0,0.0,0.0,15564840.0,51081760.0,1530220.0,202210.0,202210.0
92,A13082501,0.0,0.0,0.0,0.0,0.0,0.0,4188280.0,12185310.0,0.0,202210.0,202210.0
