,kaptCode,heatC,heatP,gasC,gasP,waterHotC,waterHotP,electC,electP,waterCoolC,Date,Date.1
0,A13007002,0.0,0.0,0.0,0.0,0.0,0.0,155760.0,21353640.0,0.0,202207.0,202207.0
1,A13070302,0.0,0.0,0.0,0.0,0.0,0.0,243600.0,8241420.0,0.0,202207.0,202207.0
2,A13007004,0.0,0.0,0.0,0.0,0.0,0.0,2998064.0,36865870.0,1502030.0,202207.0,202207.0
3,A10028080,0.0,0.0,0.0,0.0,0.0,0.0,7319312.0,19292800.0,0.0,202207.0,202207.0
4,A13070301,0.0,0.0,0.0,0.0,0.0,0.0,17714820.0,65615010.0,696970.0,202207.0,202207.0
5,A13007001,0.0,0.0,0.0,0.0,0.0,0.0,6721660.0,30849430.0,-46810.0,202207.0,202207.0
6,A10024042,0.0,0.0,0.0,0.0,0.0,0.0,17711814.0,61255270.0,12493490.0,202207.0,202207.0
7,A10023389,,,,,,,,,,202207.0,202207.0
8,A13006001,1100.0,0.0,0.0,0.0,0.0,0.0,919340.0,9221410.0,0.0,202207.0,202207.0
9,A13086101,0.0,0.0,32890.0,0.0,0.0,0.0,-96710.0,45950560.0,-1524800.0,202207.0,202207.0
10,A13006101,0.0,0.0,0.0,0.0,0.0,0.0,10212533.0,47564770.0,1680550.0,202207.0,202207.0
11,A13006003,0.0,0.0,0.0,0.0,0.0,0.0,295070.0,18185220.0,160140.0,202207.0,202207.0
12,A13006002,0.0,0.0,0.0,0.0,0.0,0.0,508560.0,13373680.0,0.0,202207.0,202207.0
13,A13077201,0.0,0.0,0.0,0.0,0.0,0.0,5322655.0,4782820.0,-3176660.0,202207.0,202207.0
14,A13084802,0.0,0.0,77510.0,0.0,0.0,0.0,2805996.0,15764830.0,283600.0,202207.0,202207.0
15,A13084803,0.0,0.0,8710.0,0.0,0.0,0.0,8815240.0,59796830.0,0.0,202207.0,202207.0
16,A13071302,0.0,0.0,0.0,0.0,0.0,0.0,35403589.0,161266700.0,5244080.0,202207.0,202207.0
17,A13002002,0.0,0.0,0.0,0.0,0.0,0.0,5781750.0,69987470.0,4780.0,202207.0,202207.0
18,A13084804,26320.0,0.0,0.0,0.0,0.0,0.0,13399095.0,68971780.0,1980520.0,202207.0,202207.0
19,A13085901,0.0,0.0,9740.0,0.0,0.0,0.0,1469619.0,17954780.0,823800.0,202207.0,202207.0
20,A13071301,20550.0,0.0,0.0,0.0,0.0,0.0,222030.0,3610770.0,22000.0,202207.0,202207.0
21,A13085902,0.0,0.0,46180.0,0.0,0.0,0.0,-738450.0,23030430.0,0.0,202207.0,202207.0
22,A13085301,0.0,0.0,0.0,0.0,0.0,0.0,2048202.0,23112710.0,51280.0,202207.0,202207.0
23,A10026180,0.0,0.0,0.0,0.0,0.0,0.0,11605110.0,52071470.0,116140.0,202207.0,202207.0
24,A13075402,0.0,0.0,0.0,0.0,0.0,0.0,10187084.0,25199060.0,374660.0,202207.0,202207.0
25,A13003406,0.0,0.0,0.0,0.0,0.0,0.0,11156442.0,34793520.0,400470.0,202207.0,202207.0
26,A13003404,0.0,0.0,0.0,0.0,0.0,0.0,2339215.0,0.0,81270.0,202207.0,202207.0
27,A13080801,0.0,0.0,0.0,0.0,0.0,0.0,2793920.0,11735730.0,-624800.0,202207.0,202207.0
28,A13003202,0.0,0.0,0.0,0.0,0.0,0.0,8887714.0,40437000.0,2081490.0,202207.0,202207.0
29,A13003201,0.0,0.0,9390.0,0.0,0.0,0.0,3699118.0,38787370.0,-769920.0,202207.0,202207.0
30,A13075404,0.0,0.0,0.0,0.0,0.0,0.0,0.0,6122540.0,0.0,202207.0,202207.0
31,A13080201,0.0,0.0,18470.0,0.0,0.0,0.0,-380760.0,17435590.0,-105300.0,202207.0,202207.0
32,A13080702,0.0,0.0,10330.0,0.0,0.0,0.0,892890.0,10306780.0,0.0,202207.0,202207.0
33,A13075405,0.0,0.0,0.0,0.0,0.0,0.0,919080.0,5718000.0,0.0,202207.0,202207.0
34,A13075403,0.0,0.0,0.0,0.0,0.0,0.0,7077900.0,0.0,4205670.0,202207.0,202207.0
35,A13003005,0.0,0.0,0.0,0.0,0.0,0.0,11263135.0,41488240.0,0.0,202207.0,202207.0
36,A13003002,0.0,0.0,0.0,0.0,0.0,0.0,1852703.0,21338770.0,0.0,202207.0,202207.0
37,A13003402,0.0,0.0,0.0,0.0,0.0,0.0,1456280.0,14167390.0,18100.0,202207.0,202207.0
38,A13003405,0.0,0.0,0.0,0.0,0.0,0.0,1022400.0,21104820.0,750690.0,202207.0,202207.0
39,A13003003,0.0,0.0,0.0,0.0,0.0,0.0,6987590.0,28161740.0,0.0,202207.0,202207.0
40,A10026232,0.0,0.0,0.0,0.0,0.0,0.0,18033670.0,56766600.0,0.0,202207.0,202207.0
41,A10025754,0.0,0.0,0.0,0.0,0.0,0.0,17566260.0,46044320.0,1632800.0,202207.0,202207.0
42,A13003007,0.0,0.0,0.0,0.0,0.0,0.0,44128985.0,126449860.0,0.0,202207.0,202207.0
43,A10026104,0.0,0.0,0.0,0.0,0.0,0.0,10407300.0,42172890.0,244220.0,202207.0,202207.0
44,A10027089,0.0,0.0,0.0,0.0,0.0,0.0,1472080.0,0.0,0.0,202207.0,202207.0
45,A10026779,,,,,,,,,,202207.0,202207.0
46,A13010006,0.0,0.0,172110.0,0.0,0.0,0.0,175945120.0,0.0,45249950.0,202207.0,202207.0
47,A13010004,0.0,0.0,11330.0,0.0,0.0,0.0,13103062.0,66877530.0,-1061910.0,202207.0,202207.0
48,A13084701,0.0,0.0,720.0,0.0,0.0,0.0,3112633.0,17065250.0,248830.0,202207.0,202207.0
49,A13010003,6309010.0,0.0,0.0,0.0,0.0,0.0,26353850.0,0.0,1500000.0,202207.0,202207.0
50,A13010005,0.0,0.0,0.0,0.0,0.0,0.0,27910107.0,124809030.0,-2864280.0,202207.0,202207.0
51,A13084101,0.0,0.0,34020.0,0.0,0.0,0.0,4869231.0,25208680.0,0.0,202207.0,202207.0
52,A13010001,0.0,0.0,0.0,0.0,0.0,0.0,2348896.0,9908320.0,357670.0,202207.0,202207.0
53,A10025227,0.0,0.0,0.0,0.0,0.0,0.0,10213510.0,34318610.0,157040.0,202207.0,202207.0
54,A10024892,,,,,,,,,,202207.0,202207.0
55,A13086703,0.0,0.0,0.0,0.0,0.0,0.0,4165752.0,8740880.0,-188210.0,202207.0,202207.0
56,A13086704,0.0,0.0,0.0,0.0,0.0,0.0,7784315.0,45051940.0,1141110.0,202207.0,202207.0
57,A13086705,-196390.0,16608090.0,0.0,0.0,0.0,7158000.0,2567840.0,51346340.0,0.0,202207.0,202207.0
58,A13086802,0.0,0.0,0.0,0.0,0.0,0.0,15435770.0,0.0,7440440.0,202207.0,202207.0
59,A13086701,3992210.0,0.0,0.0,0.0,0.0,0.0,16280710.0,0.0,0.0,202207.0,202207.0
60,A13071201,0.0,0.0,31830.0,0.0,0.0,0.0,255710.0,2422250.0,239430.0,202207.0,202207.0
61,A13070101,0.0,0.0,0.0,0.0,0.0,0.0,3552527.0,18933250.0,238910.0,202207.0,202207.0
62,A13087201,0.0,0.0,0.0,0.0,0.0,0.0,3293140.0,34393980.0,73300.0,202207.0,202207.0
63,A13009001,0.0,0.0,0.0,0.0,0.0,0.0,4628027.0,21838220.0,0.0,202207.0,202207.0
64,A13009206,0.0,0.0,0.0,0.0,0.0,0.0,2788470.0,28090270.0,123390.0,202207.0,202207.0
65,A13009202,0.0,0.0,0.0,0.0,0.0,0.0,1049540.0,19267560.0,132610.0,202207.0,202207.0
66,A13077703,0.0,0.0,0.0,0.0,0.0,0.0,431940.0,13785610.0,80970.0,202207.0,202207.0
67,A13009101,0.0,0.0,0.0,0.0,0.0,0.0,368677.0,12438620.0,0.0,202207.0,202207.0
68,A13087405,0.0,0.0,0.0,0.0,0.0,0.0,3429140.0,15998700.0,0.0,202207.0,202207.0
69,A13087401,0.0,0.0,0.0,0.0,0.0,0.0,413090.0,8664580.0,0.0,202207.0,202207.0
70,A13078301,0.0,0.0,0.0,0.0,0.0,0.0,0.0,32390450.0,130820.0,202207.0,202207.0
71,A13009002,0.0,0.0,0.0,0.0,0.0,0.0,23232524.0,69221080.0,321400.0,202207.0,202207.0
72,A13077702,0.0,0.0,0.0,0.0,0.0,0.0,18726474.0,0.0,7292390.0,202207.0,202207.0
73,A13087407,0.0,0.0,0.0,0.0,0.0,0.0,2132217.0,22253630.0,0.0,202207.0,202207.0
74,A13009003,0.0,0.0,5650.0,0.0,0.0,0.0,-1656570.0,34263410.0,-32310.0,202207.0,202207.0
75,A10025410,0.0,0.0,0.0,0.0,0.0,0.0,6343770.0,54974480.0,7743070.0,202207.0,202207.0
76,A10027101,,,,,,,,,,202207.0,202207.0
77,A10024244,0.0,0.0,0.0,0.0,0.0,0.0,224910.0,2522070.0,0.0,202207.0,202207.0
78,A10023368,,,,,,,,,,202207.0,202207.0
79,A10024082,0.0,0.0,0.0,0.0,0.0,0.0,6301467.0,12629873.0,326380.0,202207.0,202207.0
80,A10025015,0.0,0.0,0.0,0.0,0.0,0.0,5934630.0,20354670.0,-68340.0,202207.0,202207.0
81,A13082702,0.0,0.0,60970.0,0.0,0.0,0.0,6893281.0,29277600.0,0.0,202207.0,202207.0
82,A13082703,0.0,0.0,0.0,0.0,0.0,0.0,4887726.0,26144090.0,392770.0,202207.0,202207.0
83,A13076801,0.0,0.0,0.0,0.0,0.0,0.0,2013440.0,25673570.0,0.0,202207.0,202207.0
84,A13082502,0.0,0.0,0.0,0.0,0.0,0.0,149580.0,16975930.0,0.0,202207.0,202207.0
85,A13083102,0.0,0.0,0.0,0.0,0.0,0.0,10462341.0,39347000.0,27390.0,202207.0,202207.0
86,A13079401,0.0,0.0,0.0,0.0,0.0,0.0,3457190.0,0.0,1982610.0,202207.0,202207.0
87,A13082704,0.0,0.0,0.0,0.0,0.0,0.0,12717526.0,58077150.0,459900.0,202207.0,202207.0
88,A13008001,0.0,0.0,0.0,0.0,0.0,0.0,1552230.0,12545550.0,0.0,202207.0,202207.0
89,A13079402,0.0,0.0,0.0,0.0,0.0,0.0,3710572.0,0.0,1740950.0,202207.0,202207.0
90,A13079403,3150.0,0.0,0.0,0.0,0.0,0.0,1316452.0,4065670.0,4600.0,202207.0,202207.0
91,A13082805,0.0,0.0,0.0,0.0,0.0,0.0,18196758.0,72026680.0,153960.0,202207.0,202207.0
92,A13082501,0.0,0.0,0.0,0.0,0.0,0.0,3485640.0,15931100.0,109430.0,202207.0,202207.0
