,kaptCode,heatC,heatP,gasC,gasP,waterHotC,waterHotP,electC,electP,waterCoolC,Date,Date
0,A13007002,0.0,0.0,0.0,0.0,0.0,0.0,713940.0,14614960.0,0.0,202212.0,202212.0
1,A13070302,0.0,0.0,0.0,0.0,0.0,0.0,3424410.0,6052480.0,0.0,202212.0,202212.0
2,A13007004,0.0,0.0,0.0,0.0,0.0,0.0,9348547.0,25213570.0,656080.0,202212.0,202212.0
3,A10028080,0.0,0.0,0.0,0.0,0.0,0.0,6068480.0,13697440.0,0.0,202212.0,202212.0
4,A13070301,0.0,0.0,0.0,0.0,0.0,0.0,19636360.0,46193060.0,-6051760.0,202212.0,202212.0
5,A13007001,0.0,0.0,0.0,0.0,0.0,0.0,6597750.0,20804040.0,-420.0,202212.0,202212.0
6,A10024042,0.0,0.0,0.0,0.0,0.0,0.0,26032790.0,36037250.0,11867170.0,202212.0,202212.0
7,A10023389,,,,,,,,,,202212.0,202212.0
8,A13006001,41830.0,0.0,0.0,0.0,0.0,0.0,1709370.0,8019150.0,3371100.0,202212.0,202212.0
9,A13086101,0.0,0.0,597400.0,0.0,0.0,0.0,2838820.0,36186110.0,-990060.0,202212.0,202212.0
10,A13006101,0.0,0.0,0.0,0.0,0.0,0.0,13399827.0,39873400.0,-666560.0,202212.0,202212.0
11,A13006003,0.0,0.0,0.0,0.0,0.0,0.0,1750540.0,13666260.0,180290.0,202212.0,202212.0
12,A13006002,0.0,0.0,0.0,0.0,0.0,0.0,2248710.0,10640050.0,0.0,202212.0,202212.0
13,A13077201,0.0,0.0,0.0,0.0,0.0,0.0,6218346.0,3929400.0,-3624800.0,202212.0,202212.0
14,A13084802,0.0,0.0,724740.0,0.0,0.0,0.0,2764380.0,13050950.0,197980.0,202212.0,202212.0
15,A13084803,0.0,0.0,82580.0,0.0,0.0,0.0,11995110.0,50482020.0,766450.0,202212.0,202212.0
16,A13071302,0.0,0.0,0.0,0.0,0.0,0.0,57574714.0,104809190.0,4414580.0,202212.0,202212.0
17,A13002002,0.0,0.0,0.0,0.0,0.0,0.0,11438954.0,48750550.0,87630.0,202212.0,202212.0
18,A13084804,840370.0,0.0,0.0,0.0,0.0,0.0,15060865.0,70180810.0,-519200.0,202212.0,202212.0
19,A13085901,0.0,0.0,241920.0,0.0,0.0,0.0,3068650.0,14241520.0,337460.0,202212.0,202212.0
20,A13071301,81630.0,0.0,0.0,0.0,0.0,0.0,533570.0,3146280.0,22000.0,202212.0,202212.0
21,A13085902,0.0,0.0,711300.0,0.0,0.0,0.0,4023510.0,17855170.0,0.0,202212.0,202212.0
22,A13085301,0.0,0.0,0.0,0.0,0.0,0.0,3179230.0,20326290.0,51250.0,202212.0,202212.0
23,A10026180,0.0,0.0,0.0,0.0,0.0,0.0,15331050.0,30871820.0,162280.0,202212.0,202212.0
24,A13075402,0.0,0.0,0.0,0.0,0.0,0.0,8772208.0,20186780.0,400610.0,202212.0,202212.0
25,A13003406,0.0,0.0,0.0,0.0,0.0,0.0,9616288.0,28965680.0,709070.0,202212.0,202212.0
26,A13003404,0.0,0.0,0.0,0.0,0.0,0.0,3892932.0,0.0,34400.0,202212.0,202212.0
27,A13080801,0.0,0.0,0.0,0.0,0.0,0.0,12543290.0,11047920.0,4546610.0,202212.0,202212.0
28,A13003202,0.0,0.0,0.0,0.0,0.0,0.0,10106732.0,41056860.0,-979820.0,202212.0,202212.0
29,A13003201,0.0,0.0,148200.0,0.0,0.0,0.0,9794322.0,31726940.0,572780.0,202212.0,202212.0
30,A13075404,0.0,0.0,0.0,0.0,0.0,0.0,0.0,5480040.0,0.0,202212.0,202212.0
31,A13080201,0.0,0.0,152230.0,0.0,0.0,0.0,15695065.0,0.0,5793150.0,202212.0,202212.0
32,A13080702,0.0,0.0,32860.0,0.0,0.0,0.0,1064730.0,9038870.0,0.0,202212.0,202212.0
33,A13075405,0.0,0.0,0.0,0.0,0.0,0.0,1793740.0,4841840.0,0.0,202212.0,202212.0
34,A13075403,0.0,0.0,0.0,0.0,0.0,0.0,8599880.0,0.0,3898170.0,202212.0,202212.0
35,A13003005,0.0,0.0,0.0,0.0,0.0,0.0,9902309.0,31360090.0,0.0,202212.0,202212.0
36,A13003002,0.0,0.0,0.0,0.0,0.0,0.0,5490196.0,17986330.0,202950.0,202212.0,202212.0
37,A13003402,0.0,0.0,0.0,0.0,0.0,0.0,2220150.0,10802660.0,0.0,202212.0,202212.0
38,A13003405,0.0,0.0,0.0,0.0,0.0,0.0,3882230.0,17801430.0,0.0,202212.0,202212.0
39,A13003003,0.0,0.0,0.0,0.0,0.0,0.0,5476760.0,21335950.0,0.0,202212.0,202212.0
40,A10026232,0.0,0.0,0.0,0.0,0.0,0.0,15562700.0,51866120.0,0.0,202212.0,202212.0
41,A10025754,0.0,0.0,0.0,0.0,0.0,0.0,13989000.0,31580020.0,310960.0,202212.0,202212.0
42,A13003007,0.0,0.0,0.0,0.0,0.0,0.0,33603465.0,118420570.0,0.0,202212.0,202212.0
43,A10026104,0.0,0.0,0.0,0.0,0.0,0.0,7274770.0,36629920.0,243620.0,202212.0,202212.0
44,A10027089,0.0,0.0,0.0,0.0,0.0,0.0,3686820.0,0.0,0.0,202212.0,202212.0
45,A10026779,,,,,,,,,,202212.0,202212.0
46,A13010006,0.0,0.0,1276880.0,0.0,0.0,0.0,152371220.0,0.0,43723260.0,202212.0,202212.0
47,A13010004,0.0,0.0,1377580.0,0.0,0.0,0.0,24520311.0,40128060.0,449560.0,202212.0,202212.0
48,A13084701,0.0,0.0,71660.0,0.0,0.0,0.0,3548205.0,13069890.0,156450.0,202212.0,202212.0
49,A13010003,78660410.0,0.0,0.0,0.0,0.0,0.0,31716080.0,0.0,2409200.0,202212.0,202212.0
50,A13010005,0.0,0.0,0.0,0.0,0.0,0.0,25046065.0,90914350.0,-1831400.0,202212.0,202212.0
51,A13084101,0.0,0.0,361520.0,0.0,0.0,0.0,6572382.0,23361270.0,0.0,202212.0,202212.0
52,A13010001,0.0,0.0,0.0,0.0,0.0,0.0,-741503.0,9983780.0,0.0,202212.0,202212.0
53,A10025227,0.0,0.0,0.0,0.0,0.0,0.0,16959970.0,22526590.0,367660.0,202212.0,202212.0
54,A10024892,,,,,,,,,,202212.0,202212.0
55,A13086703,0.0,0.0,0.0,0.0,0.0,0.0,2524550.0,10097710.0,38310.0,202212.0,202212.0
56,A13086704,0.0,0.0,0.0,0.0,0.0,0.0,14507366.0,37747110.0,618050.0,202212.0,202212.0
57,A13086705,-630040.0,254388240.0,0.0,0.0,0.0,15513000.0,8793380.0,52177120.0,210.0,202212.0,202212.0
58,A13086802,0.0,0.0,0.0,0.0,0.0,0.0,15874988.0,0.0,6805920.0,202212.0,202212.0
59,A13086701,39672490.0,39672490.0,0.0,0.0,4904100.0,3471000.0,5128050.0,10395150.0,0.0,202212.0,202212.0
60,A13071201,0.0,0.0,0.0,0.0,0.0,0.0,809473.0,2017460.0,63010.0,202212.0,202212.0
61,A13070101,0.0,0.0,0.0,0.0,0.0,0.0,3667380.0,13666360.0,201200.0,202212.0,202212.0
62,A13087201,0.0,0.0,0.0,0.0,0.0,0.0,7175012.0,28246790.0,0.0,202212.0,202212.0
63,A13009001,0.0,0.0,0.0,0.0,0.0,0.0,5012356.0,19248580.0,848690.0,202212.0,202212.0
64,A13009206,0.0,0.0,0.0,0.0,0.0,0.0,3812740.0,21887500.0,145080.0,202212.0,202212.0
65,A13009202,0.0,0.0,0.0,0.0,0.0,0.0,3673980.0,14131160.0,86610.0,202212.0,202212.0
66,A13077703,0.0,0.0,0.0,0.0,0.0,0.0,0.0,11112860.0,0.0,202212.0,202212.0
67,A13009101,0.0,0.0,0.0,0.0,0.0,0.0,421679.0,11569380.0,0.0,202212.0,202212.0
68,A13087405,0.0,0.0,0.0,0.0,0.0,0.0,3630750.0,13361610.0,0.0,202212.0,202212.0
69,A13087401,0.0,0.0,0.0,0.0,0.0,0.0,1362840.0,6726310.0,0.0,202212.0,202212.0
70,A13078301,0.0,0.0,0.0,0.0,0.0,0.0,3350000.0,19681730.0,0.0,202212.0,202212.0
71,A13009002,0.0,0.0,0.0,0.0,0.0,0.0,24204681.0,59470960.0,203070.0,202212.0,202212.0
72,A13077702,0.0,0.0,0.0,0.0,0.0,0.0,17249869.0,0.0,6566890.0,202212.0,202212.0
73,A13087407,0.0,0.0,0.0,0.0,0.0,0.0,2717598.0,22835710.0,0.0,202212.0,202212.0
74,A13009003,0.0,0.0,97100.0,0.0,0.0,0.0,2007580.0,25929300.0,368540.0,202212.0,202212.0
75,A10025410,0.0,0.0,0.0,0.0,0.0,0.0,8446873.0,41095030.0,4891200.0,202212.0,202212.0
76,A10027101,,,,,,,,,,202212.0,202212.0
77,A10024244,0.0,0.0,0.0,0.0,0.0,0.0,395620.0,1849350.0,111970.0,202212.0,202212.0
78,A10023368,,,,,,,,,,202212.0,202212.0
79,A10024082,0.0,0.0,0.0,0.0,0.0,0.0,18027570.0,11015150.0,2948850.0,202212.0,202212.0
80,A10025015,0.0,0.0,0.0,0.0,0.0,0.0,7708760.0,13098460.0,58540.0,202212.0,202212.0
81,A13082702,0.0,0.0,471870.0,0.0,0.0,0.0,6127135.0,24405580.0,0.0,202212.0,202212.0
82,A13082703,0.0,0.0,0.0,0.0,0.0,0.0,7368973.0,20225660.0,571430.0,202212.0,202212.0
83,A13076801,0.0,0.0,0.0,0.0,0.0,0.0,1136750.0,20474940.0,0.0,202212.0,202212.0
84,A13082502,0.0,0.0,0.0,0.0,0.0,0.0,1108520.0,13778930.0,0.0,202212.0,202212.0
85,A13083102,0.0,0.0,0.0,0.0,0.0,0.0,8931610.0,26850200.0,619400.0,202212.0,202212.0
86,A13079401,0.0,0.0,0.0,0.0,0.0,0.0,3924460.0,0.0,1700600.0,202212.0,202212.0
87,A13082704,0.0,0.0,0.0,0.0,0.0,0.0,13784626.0,55572660.0,1304100.0,202212.0,202212.0
88,A13008001,0.0,0.0,0.0,0.0,0.0,0.0,2339160.0,9549050.0,455740.0,202212.0,202212.0
89,A13079402,0.0,0.0,0.0,0.0,0.0,0.0,4250139.0,0.0,1477400.0,202212.0,202212.0
90,A13079403,49560.0,0.0,0.0,0.0,0.0,0.0,978660.0,3660690.0,53000.0,202212.0,202212.0
91,A13082805,0.0,0.0,0.0,0.0,0.0,0.0,17901648.0,56229420.0,2518780.0,202212.0,202212.0
92,A13082501,0.0,0.0,0.0,0.0,0.0,0.0,5230550.0,13601460.0,0.0,202212.0,202212.0
