,kaptCode,heatC,heatP,gasC,gasP,waterHotC,waterHotP,electC,electP,waterCoolC,Date,Date.1
0,A13007002,0.0,0.0,0.0,0.0,0.0,0.0,557250.0,12200400.0,0.0,202203.0,202203.0
1,A13070302,0.0,0.0,0.0,0.0,0.0,0.0,760200.0,4698770.0,0.0,202203.0,202203.0
2,A13007004,0.0,0.0,0.0,0.0,0.0,0.0,6088155.0,21802210.0,825030.0,202203.0,202203.0
3,A10028080,0.0,0.0,0.0,0.0,0.0,0.0,7518360.0,11751670.0,0.0,202203.0,202203.0
4,A13070301,0.0,0.0,0.0,0.0,0.0,0.0,15902920.0,37156140.0,1325250.0,202203.0,202203.0
5,A13007001,0.0,0.0,0.0,0.0,0.0,0.0,4260280.0,17818540.0,-535350.0,202203.0,202203.0
6,A10024042,0.0,0.0,0.0,0.0,0.0,0.0,12050020.0,30957670.0,10590010.0,202203.0,202203.0
7,A10023389,,,,,,,,,,202203.0,202203.0
8,A13006001,56910.0,0.0,0.0,0.0,0.0,0.0,1480320.0,6741300.0,0.0,202203.0,202203.0
9,A13086101,0.0,0.0,521180.0,0.0,0.0,0.0,121120.0,31182370.0,-2031950.0,202203.0,202203.0
10,A13006101,0.0,0.0,0.0,0.0,0.0,0.0,10812676.0,32250670.0,1299700.0,202203.0,202203.0
11,A13006003,0.0,0.0,0.0,0.0,0.0,0.0,1124870.0,11292440.0,88630.0,202203.0,202203.0
12,A13006002,0.0,0.0,0.0,0.0,0.0,0.0,1540960.0,9350700.0,0.0,202203.0,202203.0
13,A13077201,0.0,0.0,0.0,0.0,0.0,0.0,5015956.0,3491440.0,-2716770.0,202203.0,202203.0
14,A13084802,0.0,0.0,498210.0,0.0,0.0,0.0,3178720.0,10693600.0,274630.0,202203.0,202203.0
15,A13084803,0.0,0.0,187210.0,0.0,0.0,0.0,7264950.0,42056270.0,1034600.0,202203.0,202203.0
16,A13071302,0.0,0.0,0.0,0.0,0.0,0.0,26341336.0,110448410.0,5648310.0,202203.0,202203.0
17,A13002002,0.0,0.0,0.0,0.0,0.0,0.0,7305840.0,42969900.0,2890.0,202203.0,202203.0
18,A13084804,1283290.0,0.0,0.0,0.0,0.0,0.0,13928305.0,64407760.0,3221520.0,202203.0,202203.0
19,A13085901,0.0,0.0,266470.0,0.0,0.0,0.0,2342390.0,11219900.0,0.0,202203.0,202203.0
20,A13071301,72350.0,0.0,0.0,0.0,0.0,0.0,547820.0,2325390.0,22000.0,202203.0,202203.0
21,A13085902,0.0,0.0,601570.0,0.0,0.0,0.0,1262130.0,14740100.0,0.0,202203.0,202203.0
22,A13085301,0.0,0.0,0.0,0.0,0.0,0.0,2277905.0,17075160.0,41420.0,202203.0,202203.0
23,A10026180,0.0,0.0,0.0,0.0,0.0,0.0,7083030.0,27301800.0,89740.0,202203.0,202203.0
24,A13075402,0.0,0.0,0.0,0.0,0.0,0.0,7081761.0,16910300.0,747490.0,202203.0,202203.0
25,A13003406,0.0,0.0,0.0,0.0,0.0,0.0,9676757.0,24275450.0,589030.0,202203.0,202203.0
26,A13003404,0.0,0.0,0.0,0.0,0.0,0.0,2767078.0,0.0,0.0,202203.0,202203.0
27,A13080801,0.0,0.0,0.0,0.0,0.0,0.0,2724110.0,7515450.0,-237140.0,202203.0,202203.0
28,A13003202,0.0,0.0,0.0,0.0,0.0,0.0,8827860.0,38172500.0,2039400.0,202203.0,202203.0
29,A13003201,0.0,0.0,352230.0,0.0,0.0,0.0,6496244.0,26044310.0,-978500.0,202203.0,202203.0
30,A13075404,0.0,0.0,0.0,0.0,0.0,0.0,1006690.0,4216500.0,0.0,202203.0,202203.0
31,A13080201,0.0,0.0,170940.0,0.0,0.0,0.0,13287620.0,0.0,5922830.0,202203.0,202203.0
32,A13080702,0.0,0.0,64290.0,0.0,0.0,0.0,498110.0,7742580.0,0.0,202203.0,202203.0
33,A13075405,0.0,0.0,0.0,0.0,0.0,0.0,1525780.0,3835540.0,0.0,202203.0,202203.0
34,A13075403,0.0,0.0,0.0,0.0,0.0,0.0,7182820.0,0.0,4178550.0,202203.0,202203.0
35,A13003005,0.0,0.0,0.0,0.0,0.0,0.0,8432042.0,26529500.0,0.0,202203.0,202203.0
36,A13003002,0.0,0.0,0.0,0.0,0.0,0.0,3644218.0,14503810.0,0.0,202203.0,202203.0
37,A13003402,0.0,0.0,0.0,0.0,0.0,0.0,1600050.0,9040910.0,29930.0,202203.0,202203.0
38,A13003405,0.0,0.0,0.0,0.0,0.0,0.0,16623360.0,0.0,1078200.0,202203.0,202203.0
39,A13003003,0.0,0.0,0.0,0.0,0.0,0.0,5384380.0,17822540.0,0.0,202203.0,202203.0
40,A10026232,0.0,0.0,0.0,0.0,0.0,0.0,14056870.0,38380450.0,40290.0,202203.0,202203.0
41,A10025754,0.0,0.0,0.0,0.0,0.0,0.0,10890880.0,26436290.0,1308640.0,202203.0,202203.0
42,A13003007,0.0,0.0,0.0,0.0,0.0,0.0,25857082.0,109689080.0,0.0,202203.0,202203.0
43,A10026104,0.0,0.0,0.0,0.0,0.0,0.0,4783870.0,33710620.0,353440.0,202203.0,202203.0
44,A10027089,0.0,0.0,0.0,0.0,0.0,0.0,1372440.0,0.0,0.0,202203.0,202203.0
45,A10026779,,,,,,,,,,202203.0,202203.0
46,A13010006,0.0,0.0,1597550.0,0.0,0.0,0.0,111287860.0,0.0,42850250.0,202203.0,202203.0
47,A13010004,0.0,0.0,491930.0,0.0,0.0,0.0,9117873.0,41004480.0,54870.0,202203.0,202203.0
48,A13084701,0.0,0.0,150500.0,0.0,0.0,0.0,2417506.0,10493740.0,345830.0,202203.0,202203.0
49,A13010003,49607280.0,0.0,0.0,0.0,0.0,0.0,19771280.0,0.0,2000000.0,202203.0,202203.0
50,A13010005,0.0,0.0,0.0,0.0,0.0,0.0,18407918.0,76782990.0,4453810.0,202203.0,202203.0
51,A13084101,0.0,0.0,446260.0,0.0,0.0,0.0,5579004.0,21472700.0,0.0,202203.0,202203.0
52,A13010001,0.0,0.0,0.0,0.0,0.0,0.0,739279.0,8206510.0,323940.0,202203.0,202203.0
53,A10025227,0.0,0.0,0.0,0.0,0.0,0.0,8297700.0,19249970.0,80730.0,202203.0,202203.0
54,A10024892,,,,,,,,,,202203.0,202203.0
55,A13086703,0.0,0.0,0.0,0.0,0.0,0.0,-856320.0,9859230.0,-756020.0,202203.0,202203.0
56,A13086704,0.0,0.0,0.0,0.0,0.0,0.0,11085265.0,30319230.0,975420.0,202203.0,202203.0
57,A13086705,-3983120.0,115168140.0,0.0,0.0,0.0,13992000.0,7515030.0,47811700.0,0.0,202203.0,202203.0
58,A13086802,0.0,0.0,0.0,0.0,0.0,0.0,13845400.0,0.0,6678230.0,202203.0,202203.0
59,A13086701,20939890.0,0.0,0.0,0.0,-3408000.0,3408000.0,7271600.0,7099550.0,0.0,202203.0,202203.0
60,A13071201,0.0,0.0,461770.0,0.0,0.0,0.0,1022650.0,1783310.0,310940.0,202203.0,202203.0
61,A13070101,0.0,0.0,0.0,0.0,0.0,0.0,2617490.0,11523900.0,161780.0,202203.0,202203.0
62,A13087201,0.0,0.0,0.0,0.0,0.0,0.0,8511130.0,18729460.0,385875.0,202203.0,202203.0
63,A13009001,0.0,0.0,0.0,0.0,0.0,0.0,4384568.0,16175910.0,0.0,202203.0,202203.0
64,A13009206,0.0,0.0,0.0,0.0,0.0,0.0,2146467.0,19807170.0,78200.0,202203.0,202203.0
65,A13009202,0.0,0.0,0.0,0.0,0.0,0.0,1512260.0,11681880.0,61060.0,202203.0,202203.0
66,A13077703,0.0,0.0,0.0,0.0,0.0,0.0,0.0,0.0,49620.0,202203.0,202203.0
67,A13009101,0.0,0.0,0.0,0.0,0.0,0.0,450495.0,10316910.0,0.0,202203.0,202203.0
68,A13087405,0.0,0.0,0.0,0.0,0.0,0.0,3823100.0,10639280.0,0.0,202203.0,202203.0
69,A13087401,0.0,0.0,0.0,0.0,0.0,0.0,1079510.0,5692460.0,0.0,202203.0,202203.0
70,A13078301,0.0,0.0,0.0,0.0,0.0,0.0,2556200.0,17214320.0,96220.0,202203.0,202203.0
71,A13009002,0.0,0.0,0.0,0.0,0.0,0.0,12120082.0,49699570.0,230060.0,202203.0,202203.0
72,A13077702,0.0,0.0,0.0,0.0,0.0,0.0,15258912.0,0.0,6147800.0,202203.0,202203.0
73,A13087407,0.0,0.0,0.0,0.0,0.0,0.0,2130024.0,21141940.0,0.0,202203.0,202203.0
74,A13009003,0.0,0.0,74920.0,0.0,0.0,0.0,-478820.0,20313250.0,-382530.0,202203.0,202203.0
75,A10025410,0.0,0.0,0.0,0.0,0.0,0.0,7375062.0,36079620.0,5273200.0,202203.0,202203.0
76,A10027101,,,,,,,,,,202203.0,202203.0
77,A10024244,0.0,0.0,0.0,0.0,0.0,0.0,315510.0,1075500.0,0.0,202203.0,202203.0
78,A10023368,,,,,,,,,,202203.0,202203.0
79,A10024082,0.0,0.0,0.0,0.0,0.0,0.0,3872116.0,6847804.0,0.0,202203.0,202203.0
80,A10025015,0.0,0.0,0.0,0.0,0.0,0.0,3936850.0,10953060.0,20910.0,202203.0,202203.0
81,A13082702,0.0,0.0,784400.0,0.0,0.0,0.0,4732295.0,19691510.0,0.0,202203.0,202203.0
82,A13082703,0.0,0.0,0.0,0.0,0.0,0.0,6881217.0,16427820.0,309290.0,202203.0,202203.0
83,A13076801,0.0,0.0,0.0,0.0,0.0,0.0,1016430.0,17827010.0,0.0,202203.0,202203.0
84,A13082502,0.0,0.0,0.0,0.0,0.0,0.0,553830.0,11886410.0,0.0,202203.0,202203.0
85,A13083102,0.0,0.0,0.0,0.0,0.0,0.0,6012548.0,23400120.0,282540.0,202203.0,202203.0
86,A13079401,0.0,0.0,0.0,0.0,0.0,0.0,3466680.0,2391920.0,1796480.0,202203.0,202203.0
87,A13082704,0.0,0.0,0.0,0.0,0.0,0.0,11964950.0,38927310.0,136080.0,202203.0,202203.0
88,A13008001,0.0,0.0,0.0,0.0,0.0,0.0,1578520.0,8447280.0,0.0,202203.0,202203.0
89,A13079402,0.0,0.0,0.0,0.0,0.0,0.0,3260554.0,2688090.0,1424140.0,202203.0,202203.0
90,A13079403,145440.0,0.0,0.0,0.0,0.0,0.0,1008120.0,2999650.0,4040.0,202203.0,202203.0
91,A13082805,0.0,0.0,0.0,0.0,0.0,0.0,15015147.0,46303100.0,2528010.0,202203.0,202203.0
92,A13082501,0.0,0.0,0.0,0.0,0.0,0.0,4308600.0,11224580.0,183560.0,202203.0,202203.0
