,kaptCode,heatC,heatP,gasC,gasP,waterHotC,waterHotP,electC,electP,waterCoolC,Date,Date.1
0,A13007002,0.0,0.0,0.0,0.0,0.0,0.0,523230.0,11241290.0,0.0,202204.0,202204.0
1,A13070302,0.0,0.0,0.0,0.0,0.0,0.0,896700.0,4331630.0,0.0,202204.0,202204.0
2,A13007004,0.0,0.0,0.0,0.0,0.0,0.0,6877457.0,18917530.0,1250510.0,202204.0,202204.0
3,A10028080,0.0,0.0,0.0,0.0,0.0,0.0,6622450.0,12789110.0,0.0,202204.0,202204.0
4,A13070301,0.0,0.0,0.0,0.0,0.0,0.0,10835640.0,33601880.0,1845080.0,202204.0,202204.0
5,A13007001,0.0,0.0,0.0,0.0,0.0,0.0,4197210.0,15948340.0,253250.0,202204.0,202204.0
6,A10024042,0.0,0.0,0.0,0.0,0.0,0.0,9962590.0,29319280.0,11248920.0,202204.0,202204.0
7,A10023389,,,,,,,,,,202204.0,202204.0
8,A13006001,55160.0,0.0,0.0,0.0,0.0,0.0,1076450.0,7167220.0,2398540.0,202204.0,202204.0
9,A13086101,0.0,0.0,358800.0,0.0,0.0,0.0,1094130.0,27345140.0,-509450.0,202204.0,202204.0
10,A13006101,0.0,0.0,0.0,0.0,0.0,0.0,10595608.0,34908320.0,3208550.0,202204.0,202204.0
11,A13006003,0.0,0.0,0.0,0.0,0.0,0.0,1148480.0,12436020.0,152900.0,202204.0,202204.0
12,A13006002,0.0,0.0,0.0,0.0,0.0,0.0,1806410.0,9798060.0,0.0,202204.0,202204.0
13,A13077201,0.0,0.0,0.0,0.0,0.0,0.0,5033420.0,3856240.0,-3004670.0,202204.0,202204.0
14,A13084802,0.0,0.0,455510.0,0.0,0.0,0.0,3134272.0,12083190.0,319550.0,202204.0,202204.0
15,A13084803,0.0,0.0,134980.0,0.0,0.0,0.0,7193780.0,37491310.0,1034600.0,202204.0,202204.0
16,A13071302,0.0,0.0,0.0,0.0,0.0,0.0,25464925.0,125569390.0,6858840.0,202204.0,202204.0
17,A13002002,0.0,0.0,0.0,0.0,0.0,0.0,2689950.0,38086840.0,170.0,202204.0,202204.0
18,A13084804,860890.0,0.0,0.0,0.0,0.0,0.0,13284689.0,67052860.0,228950.0,202204.0,202204.0
19,A13085901,0.0,0.0,128100.0,0.0,0.0,0.0,2246890.0,10256940.0,0.0,202204.0,202204.0
20,A13071301,32140.0,0.0,0.0,0.0,0.0,0.0,677770.0,2647360.0,22000.0,202204.0,202204.0
21,A13085902,0.0,0.0,355940.0,0.0,0.0,0.0,1621940.0,12910430.0,0.0,202204.0,202204.0
22,A13085301,0.0,0.0,0.0,0.0,0.0,0.0,1992561.0,18412990.0,52570.0,202204.0,202204.0
23,A10026180,0.0,0.0,0.0,0.0,0.0,0.0,6822920.0,24675330.0,79840.0,202204.0,202204.0
24,A13075402,0.0,0.0,0.0,0.0,0.0,0.0,7474415.0,18221340.0,644210.0,202204.0,202204.0
25,A13003406,0.0,0.0,0.0,0.0,0.0,0.0,10033974.0,26088830.0,122200.0,202204.0,202204.0
26,A13003404,0.0,0.0,0.0,0.0,0.0,0.0,2542480.0,0.0,351350.0,202204.0,202204.0
27,A13080801,0.0,0.0,0.0,0.0,0.0,0.0,2642640.0,8179490.0,-276200.0,202204.0,202204.0
28,A13003202,0.0,0.0,0.0,0.0,0.0,0.0,11688309.0,37741700.0,957490.0,202204.0,202204.0
29,A13003201,0.0,0.0,220030.0,0.0,0.0,0.0,5685206.0,24190840.0,-1210550.0,202204.0,202204.0
30,A13075404,0.0,0.0,0.0,0.0,0.0,0.0,776690.0,4864160.0,0.0,202204.0,202204.0
31,A13080201,0.0,0.0,47780.0,0.0,0.0,0.0,14079640.0,0.0,6325870.0,202204.0,202204.0
32,A13080702,0.0,0.0,4470.0,0.0,0.0,0.0,638370.0,8107300.0,0.0,202204.0,202204.0
33,A13075405,0.0,0.0,0.0,0.0,0.0,0.0,1434450.0,4225670.0,0.0,202204.0,202204.0
34,A13075403,0.0,0.0,0.0,0.0,0.0,0.0,8138840.0,0.0,4132400.0,202204.0,202204.0
35,A13003005,0.0,0.0,0.0,0.0,0.0,0.0,8978719.0,28502140.0,0.0,202204.0,202204.0
36,A13003002,0.0,0.0,0.0,0.0,0.0,0.0,2514729.0,13332770.0,0.0,202204.0,202204.0
37,A13003402,0.0,0.0,0.0,0.0,0.0,0.0,1551950.0,10117110.0,0.0,202204.0,202204.0
38,A13003405,0.0,0.0,0.0,0.0,0.0,0.0,1847090.0,12989090.0,1003330.0,202204.0,202204.0
39,A13003003,0.0,0.0,0.0,0.0,0.0,0.0,4980720.0,16253830.0,0.0,202204.0,202204.0
40,A10026232,0.0,0.0,0.0,0.0,0.0,0.0,16807970.0,42416610.0,0.0,202204.0,202204.0
41,A10025754,0.0,0.0,0.0,0.0,0.0,0.0,10152060.0,24537440.0,1151580.0,202204.0,202204.0
42,A13003007,0.0,0.0,0.0,0.0,0.0,0.0,37170120.0,115467840.0,0.0,202204.0,202204.0
43,A10026104,0.0,0.0,0.0,0.0,0.0,0.0,8722180.0,37761930.0,434770.0,202204.0,202204.0
44,A10027089,0.0,0.0,0.0,0.0,0.0,0.0,1391430.0,0.0,0.0,202204.0,202204.0
45,A10026779,,,,,,,,,,202204.0,202204.0
46,A13010006,0.0,0.0,1133470.0,0.0,0.0,0.0,102804398.0,0.0,42104730.0,202204.0,202204.0
47,A13010004,0.0,0.0,353930.0,0.0,0.0,0.0,8822508.0,35978590.0,221820.0,202204.0,202204.0
48,A13084701,0.0,0.0,75880.0,0.0,0.0,0.0,2027582.0,9778160.0,345830.0,202204.0,202204.0
49,A13010003,15318360.0,0.0,0.0,0.0,0.0,0.0,20255380.0,0.0,1730080.0,202204.0,202204.0
50,A13010005,0.0,0.0,0.0,0.0,0.0,0.0,19290343.0,80044370.0,703850.0,202204.0,202204.0
51,A13084101,0.0,0.0,203840.0,0.0,0.0,0.0,5345243.0,23245710.0,0.0,202204.0,202204.0
52,A13010001,0.0,0.0,0.0,0.0,0.0,0.0,601718.0,9670360.0,0.0,202204.0,202204.0
53,A10025227,0.0,0.0,0.0,0.0,0.0,0.0,5707400.0,17246510.0,116340.0,202204.0,202204.0
54,A10024892,,,,,,,,,,202204.0,202204.0
55,A13086703,0.0,0.0,0.0,0.0,0.0,0.0,1318630.0,8029510.0,961930.0,202204.0,202204.0
56,A13086704,0.0,0.0,0.0,0.0,0.0,0.0,9064857.0,33516450.0,962660.0,202204.0,202204.0
57,A13086705,-1424270.0,41977470.0,0.0,0.0,0.0,15564000.0,5820140.0,47639590.0,760.0,202204.0,202204.0
58,A13086802,0.0,0.0,0.0,0.0,0.0,0.0,14336406.0,0.0,7349520.0,202204.0,202204.0
59,A13086701,11241850.0,0.0,0.0,0.0,-3192000.0,3192000.0,3597410.0,7266170.0,0.0,202204.0,202204.0
60,A13071201,0.0,0.0,237660.0,0.0,0.0,0.0,1002400.0,1984360.0,245170.0,202204.0,202204.0
61,A13070101,0.0,0.0,0.0,0.0,0.0,0.0,2531590.0,10192970.0,247320.0,202204.0,202204.0
62,A13087201,0.0,0.0,0.0,0.0,0.0,0.0,2969527.0,21204730.0,385875.0,202204.0,202204.0
63,A13009001,0.0,0.0,0.0,0.0,0.0,0.0,4125880.0,17256240.0,0.0,202204.0,202204.0
64,A13009206,0.0,0.0,0.0,0.0,0.0,0.0,4013180.0,20008210.0,76040.0,202204.0,202204.0
65,A13009202,0.0,0.0,0.0,0.0,0.0,0.0,884440.0,10398800.0,72720.0,202204.0,202204.0
66,A13077703,0.0,0.0,0.0,0.0,0.0,0.0,477290.0,10187000.0,94720.0,202204.0,202204.0
67,A13009101,0.0,0.0,0.0,0.0,0.0,0.0,198676.0,11619270.0,0.0,202204.0,202204.0
68,A13087405,0.0,0.0,0.0,0.0,0.0,0.0,3992560.0,11411980.0,0.0,202204.0,202204.0
69,A13087401,0.0,0.0,0.0,0.0,0.0,0.0,910000.0,6072710.0,232940.0,202204.0,202204.0
70,A13078301,0.0,0.0,0.0,0.0,0.0,0.0,719980.0,15489100.0,114800.0,202204.0,202204.0
71,A13009002,0.0,0.0,0.0,0.0,0.0,0.0,57728188.0,0.0,24611550.0,202204.0,202204.0
72,A13077702,0.0,0.0,0.0,0.0,0.0,0.0,15804964.0,0.0,7161080.0,202204.0,202204.0
73,A13087407,0.0,0.0,0.0,0.0,0.0,0.0,2243051.0,22333370.0,0.0,202204.0,202204.0
74,A13009003,0.0,0.0,8530.0,0.0,0.0,0.0,-861170.0,18199540.0,-150710.0,202204.0,202204.0
75,A10025410,0.0,0.0,0.0,0.0,0.0,0.0,5755260.0,39387290.0,4218480.0,202204.0,202204.0
76,A10027101,,,,,,,,,,202204.0,202204.0
77,A10024244,0.0,0.0,0.0,0.0,0.0,0.0,234970.0,1214900.0,259400.0,202204.0,202204.0
78,A10023368,,,,,,,,,,202204.0,202204.0
79,A10024082,0.0,0.0,0.0,0.0,0.0,0.0,3673626.0,5957644.0,0.0,202204.0,202204.0
80,A10025015,0.0,0.0,0.0,0.0,0.0,0.0,3635240.0,9873250.0,161840.0,202204.0,202204.0
81,A13082702,0.0,0.0,446170.0,0.0,0.0,0.0,4937210.0,17417950.0,0.0,202204.0,202204.0
82,A13082703,0.0,0.0,0.0,0.0,0.0,0.0,6030353.0,18081180.0,475650.0,202204.0,202204.0
83,A13076801,0.0,0.0,0.0,0.0,0.0,0.0,1151900.0,18927350.0,0.0,202204.0,202204.0
84,A13082502,0.0,0.0,0.0,0.0,0.0,0.0,268830.0,13065030.0,0.0,202204.0,202204.0
85,A13083102,0.0,0.0,0.0,0.0,0.0,0.0,6266074.0,21262900.0,47280.0,202204.0,202204.0
86,A13079401,0.0,0.0,0.0,0.0,0.0,0.0,3888210.0,2852040.0,1841620.0,202204.0,202204.0
87,A13082704,0.0,0.0,0.0,0.0,0.0,0.0,12977980.0,41737570.0,211220.0,202204.0,202204.0
88,A13008001,0.0,0.0,0.0,0.0,0.0,0.0,1387430.0,6740990.0,57850.0,202204.0,202204.0
89,A13079402,0.0,0.0,0.0,0.0,0.0,0.0,3248227.0,2052970.0,1429800.0,202204.0,202204.0
90,A13079403,39470.0,0.0,0.0,0.0,0.0,0.0,1159780.0,3206170.0,12120.0,202204.0,202204.0
91,A13082805,0.0,0.0,0.0,0.0,0.0,0.0,16239090.0,50488690.0,0.0,202204.0,202204.0
92,A13082501,0.0,0.0,0.0,0.0,0.0,0.0,4191540.0,12153610.0,70600.0,202204.0,202204.0
