,kaptCode,heatC,heatP,gasC,gasP,waterHotC,waterHotP,electC,electP,waterCoolC,Date,Date.1
0,A13007002,0.0,0.0,0.0,0.0,0.0,0.0,581210.0,13217570.0,0.0,202211.0,202211.0
1,A13070302,0.0,0.0,0.0,0.0,0.0,0.0,2323760.0,5460720.0,0.0,202211.0,202211.0
2,A13007004,0.0,0.0,0.0,0.0,0.0,0.0,6647683.0,22562860.0,1056480.0,202211.0,202211.0
3,A10028080,0.0,0.0,0.0,0.0,0.0,0.0,5901990.0,13641160.0,0.0,202211.0,202211.0
4,A13070301,0.0,0.0,0.0,0.0,0.0,0.0,13164910.0,38460230.0,7030.0,202211.0,202211.0
5,A13007001,0.0,0.0,0.0,0.0,0.0,0.0,5833140.0,16544900.0,256920.0,202211.0,202211.0
6,A10024042,0.0,0.0,0.0,0.0,0.0,0.0,14365350.0,35701670.0,12497970.0,202211.0,202211.0
7,A10023389,,,,,,,,,,202211.0,202211.0
8,A13006001,18650.0,0.0,0.0,0.0,0.0,0.0,1529780.0,7376840.0,0.0,202211.0,202211.0
9,A13086101,0.0,0.0,425140.0,0.0,0.0,0.0,1751310.0,30804370.0,-1040750.0,202211.0,202211.0
10,A13006101,0.0,0.0,0.0,0.0,0.0,0.0,12484264.0,37761110.0,0.0,202211.0,202211.0
11,A13006003,0.0,0.0,0.0,0.0,0.0,0.0,1429180.0,13362260.0,124020.0,202211.0,202211.0
12,A13006002,0.0,0.0,0.0,0.0,0.0,0.0,2004520.0,10300390.0,0.0,202211.0,202211.0
13,A13077201,0.0,0.0,0.0,0.0,0.0,0.0,5118788.0,3767720.0,-2847800.0,202211.0,202211.0
14,A13084802,0.0,0.0,408380.0,0.0,0.0,0.0,2278320.0,12799510.0,282760.0,202211.0,202211.0
15,A13084803,0.0,0.0,32060.0,0.0,0.0,0.0,7887620.0,43116460.0,766450.0,202211.0,202211.0
16,A13071302,0.0,0.0,0.0,0.0,0.0,0.0,41055161.0,118783210.0,4893740.0,202211.0,202211.0
17,A13002002,0.0,0.0,0.0,0.0,0.0,0.0,7597310.0,42515890.0,85840.0,202211.0,202211.0
18,A13084804,353930.0,0.0,0.0,0.0,0.0,0.0,13873247.0,69846620.0,3082100.0,202211.0,202211.0
19,A13085901,0.0,0.0,131440.0,0.0,0.0,0.0,3110510.0,11903210.0,337460.0,202211.0,202211.0
20,A13071301,77080.0,0.0,0.0,0.0,0.0,0.0,780570.0,3148740.0,22000.0,202211.0,202211.0
21,A13085902,0.0,0.0,382020.0,0.0,0.0,0.0,2182940.0,15346100.0,0.0,202211.0,202211.0
22,A13085301,0.0,0.0,0.0,0.0,0.0,0.0,3005596.0,19522960.0,55220.0,202211.0,202211.0
23,A10026180,0.0,0.0,0.0,0.0,0.0,0.0,10221740.0,28356240.0,115220.0,202211.0,202211.0
24,A13075402,0.0,0.0,0.0,0.0,0.0,0.0,8107970.0,19482110.0,412620.0,202211.0,202211.0
25,A13003406,0.0,0.0,0.0,0.0,0.0,0.0,10189913.0,27741910.0,135870.0,202211.0,202211.0
26,A13003404,0.0,0.0,0.0,0.0,0.0,0.0,2888355.0,20401620.0,0.0,202211.0,202211.0
27,A13080801,0.0,0.0,0.0,0.0,0.0,0.0,11704060.0,9079700.0,4868990.0,202211.0,202211.0
28,A13003202,0.0,0.0,0.0,0.0,0.0,0.0,9502168.0,40799180.0,74890.0,202211.0,202211.0
29,A13003201,0.0,0.0,46390.0,0.0,0.0,0.0,7906468.0,26400560.0,-204410.0,202211.0,202211.0
30,A13075404,0.0,0.0,0.0,0.0,0.0,0.0,0.0,5275940.0,0.0,202211.0,202211.0
31,A13080201,0.0,0.0,40900.0,0.0,0.0,0.0,15052400.0,0.0,6261050.0,202211.0,202211.0
32,A13080702,0.0,0.0,0.0,0.0,0.0,0.0,9648240.0,0.0,0.0,202211.0,202211.0
33,A13075405,0.0,0.0,0.0,0.0,0.0,0.0,1487050.0,4952630.0,0.0,202211.0,202211.0
34,A13075403,0.0,0.0,0.0,0.0,0.0,0.0,8196900.0,0.0,3993400.0,202211.0,202211.0
35,A13003005,0.0,0.0,0.0,0.0,0.0,0.0,9458861.0,30918210.0,0.0,202211.0,202211.0
36,A13003002,0.0,0.0,0.0,0.0,0.0,0.0,3562985.0,15096890.0,0.0,202211.0,202211.0
37,A13003402,0.0,0.0,0.0,0.0,0.0,0.0,2344330.0,10486820.0,10540.0,202211.0,202211.0
38,A13003405,0.0,0.0,0.0,0.0,0.0,0.0,2440830.0,15297880.0,498490.0,202211.0,202211.0
39,A13003003,0.0,0.0,0.0,0.0,0.0,0.0,2202740.0,18729800.0,0.0,202211.0,202211.0
40,A10026232,0.0,0.0,0.0,0.0,0.0,0.0,14982530.0,43684620.0,0.0,202211.0,202211.0
41,A10025754,0.0,0.0,0.0,0.0,0.0,0.0,11421550.0,27943380.0,358000.0,202211.0,202211.0
42,A13003007,0.0,0.0,0.0,0.0,0.0,0.0,33327792.0,118797750.0,0.0,202211.0,202211.0
43,A10026104,0.0,0.0,0.0,0.0,0.0,0.0,7051210.0,36958150.0,67440.0,202211.0,202211.0
44,A10027089,0.0,0.0,0.0,0.0,0.0,0.0,3573410.0,0.0,0.0,202211.0,202211.0
45,A10026779,,,,,,,,,,202211.0,202211.0
46,A13010006,0.0,0.0,520960.0,0.0,0.0,0.0,117890300.0,0.0,40994540.0,202211.0,202211.0
47,A13010004,0.0,0.0,805700.0,0.0,0.0,0.0,13776040.0,35701210.0,357790.0,202211.0,202211.0
48,A13084701,0.0,0.0,26390.0,0.0,0.0,0.0,2631696.0,11203250.0,156450.0,202211.0,202211.0
49,A13010003,37485250.0,0.0,0.0,0.0,0.0,0.0,23666380.0,0.0,1900000.0,202211.0,202211.0
50,A13010005,0.0,0.0,0.0,0.0,0.0,0.0,25706697.0,83118360.0,-2075580.0,202211.0,202211.0
51,A13084101,0.0,0.0,213880.0,0.0,0.0,0.0,6477621.0,23437770.0,0.0,202211.0,202211.0
52,A13010001,0.0,0.0,0.0,0.0,0.0,0.0,-760188.0,9830090.0,0.0,202211.0,202211.0
53,A10025227,0.0,0.0,0.0,0.0,0.0,0.0,9920330.0,19608900.0,261030.0,202211.0,202211.0
54,A10024892,,,,,,,,,,202211.0,202211.0
55,A13086703,0.0,0.0,0.0,0.0,0.0,0.0,1488940.0,9773850.0,387530.0,202211.0,202211.0
56,A13086704,0.0,0.0,0.0,0.0,0.0,0.0,10346623.0,36196030.0,759690.0,202211.0,202211.0
57,A13086705,-174750.0,96942330.0,0.0,0.0,0.0,11028000.0,7647880.0,46938050.0,0.0,202211.0,202211.0
58,A13086802,0.0,0.0,0.0,0.0,0.0,0.0,14947131.0,0.0,7047410.0,202211.0,202211.0
59,A13086701,18498240.0,0.0,0.0,0.0,0.0,0.0,13111130.0,0.0,0.0,202211.0,202211.0
60,A13071201,0.0,0.0,0.0,0.0,0.0,0.0,1078130.0,2043570.0,-121750.0,202211.0,202211.0
61,A13070101,0.0,0.0,0.0,0.0,0.0,0.0,2332160.0,11608400.0,162530.0,202211.0,202211.0
62,A13087201,0.0,0.0,0.0,0.0,0.0,0.0,29641985.0,0.0,0.0,202211.0,202211.0
63,A13009001,0.0,0.0,0.0,0.0,0.0,0.0,4792904.0,18281770.0,0.0,202211.0,202211.0
64,A13009206,0.0,0.0,0.0,0.0,0.0,0.0,3573280.0,21111920.0,134320.0,202211.0,202211.0
65,A13009202,0.0,0.0,0.0,0.0,0.0,0.0,1200560.0,11944010.0,173250.0,202211.0,202211.0
66,A13077703,0.0,0.0,0.0,0.0,0.0,0.0,0.0,10902420.0,54730.0,202211.0,202211.0
67,A13009101,0.0,0.0,0.0,0.0,0.0,0.0,529760.0,11632630.0,0.0,202211.0,202211.0
68,A13087405,0.0,0.0,0.0,0.0,0.0,0.0,3435460.0,12669660.0,0.0,202211.0,202211.0
69,A13087401,0.0,0.0,0.0,0.0,0.0,0.0,1011840.0,6420010.0,0.0,202211.0,202211.0
70,A13078301,0.0,0.0,0.0,0.0,0.0,0.0,1446380.0,17193020.0,91350.0,202211.0,202211.0
71,A13009002,0.0,0.0,0.0,0.0,0.0,0.0,13710861.0,50951610.0,168690.0,202211.0,202211.0
72,A13077702,0.0,0.0,0.0,0.0,0.0,0.0,16649999.0,0.0,6732670.0,202211.0,202211.0
73,A13087407,0.0,0.0,0.0,0.0,0.0,0.0,2407624.0,23232450.0,0.0,202211.0,202211.0
74,A13009003,0.0,0.0,59600.0,0.0,0.0,0.0,1049990.0,20896440.0,25190.0,202211.0,202211.0
75,A10025410,0.0,0.0,0.0,0.0,0.0,0.0,8124246.0,39426780.0,4424920.0,202211.0,202211.0
76,A10027101,,,,,,,,,,202211.0,202211.0
77,A10024244,0.0,0.0,0.0,0.0,0.0,0.0,208050.0,1906780.0,0.0,202211.0,202211.0
78,A10023368,,,,,,,,,,202211.0,202211.0
79,A10024082,0.0,0.0,0.0,0.0,0.0,0.0,14605150.0,0.0,3164650.0,202211.0,202211.0
80,A10025015,0.0,0.0,0.0,0.0,0.0,0.0,5207960.0,10345770.0,55380.0,202211.0,202211.0
81,A13082702,0.0,0.0,202460.0,0.0,0.0,0.0,6005254.0,20064270.0,0.0,202211.0,202211.0
82,A13082703,0.0,0.0,0.0,0.0,0.0,0.0,6303003.0,19873700.0,495640.0,202211.0,202211.0
83,A13076801,0.0,0.0,0.0,0.0,0.0,0.0,1609250.0,19461360.0,0.0,202211.0,202211.0
84,A13082502,0.0,0.0,0.0,0.0,0.0,0.0,1168290.0,13198350.0,0.0,202211.0,202211.0
85,A13083102,0.0,0.0,0.0,0.0,0.0,0.0,7409190.0,23895050.0,454330.0,202211.0,202211.0
86,A13079401,0.0,0.0,0.0,0.0,0.0,0.0,3963950.0,0.0,1866270.0,202211.0,202211.0
87,A13082704,0.0,0.0,0.0,0.0,0.0,0.0,20080897.0,62355810.0,99120.0,202211.0,202211.0
88,A13008001,0.0,0.0,0.0,0.0,0.0,0.0,1462540.0,8049320.0,0.0,202211.0,202211.0
89,A13079402,0.0,0.0,0.0,0.0,0.0,0.0,3717178.0,0.0,1503710.0,202211.0,202211.0
90,A13079403,40490.0,0.0,0.0,0.0,0.0,0.0,744180.0,3596200.0,9650.0,202211.0,202211.0
91,A13082805,0.0,0.0,0.0,0.0,0.0,0.0,17345511.0,53912210.0,1697110.0,202211.0,202211.0
92,A13082501,0.0,0.0,0.0,0.0,0.0,0.0,4979970.0,12798130.0,0.0,202211.0,202211.0
