,kaptCode,heatC,heatP,gasC,gasP,waterHotC,waterHotP,electC,electP,waterCoolC,waterCoolP,Date
0,A13822002,18460460,0,0,0,-98730,47607360,79530559,247948100,2457380,79902510,202207.0
1,A13822004,33221730,0,0,0,0,95111260,114553856,419816200,1028850,128863240,202207.0
2,A13886701,1597040,0,0,0,-240,4485630,2780920,16519550,577300,5708300,202207.0
3,A13879102,71506910,0,0,0,-53573680,53492400,38130279,210994237,14535500,0,202207.0
4,A13822902,3149795,0,0,0,7100895,0,30854670,0,4637440,0,202207.0
5,A13822702,5430550,5431110,8816580,8816580,28310500,28310500,113912955,105856700,37644290,37614290,202207.0
6,A13822003,28194410,0,0,0,0,76348650,102050117,428727330,16806130,116121870,202207.0
7,A13822701,2517990,0,0,6978410,0,22661590,20837910,126189810,4907970,27510630,202207.0
8,A13822001,3313830,0,0,0,0,34675290,17228483,248869893,8920290,56235940,202207.0
9,A10023599,,,,,,,,,,,202207.0
10,A13824005,18483060,0,0,0,0,56928269,30752903,195473440,2715810,0,202207.0
11,A13824006,34739100,0,0,0,0,99423800,131055836,395475080,0,150518640,202207.0
12,A13824003,0,0,0,0,3493255,0,17226156,0,1312170,0,202207.0
13,A13872504,0,0,0,0,0,0,11356820,11023370,503000,0,202207.0
14,A13804206,0,0,15790,0,0,0,13689720,49040490,320110,0,202207.0
15,A13887302,0,0,0,0,0,0,0,36119750,1139260,15417700,202207.0
16,A13887301,2102360,11060,0,0,2035210,2035210,0,12880610,1965880,2789470,202207.0
17,A13887405,2814960,0,0,0,0,8033940,5516101,25410510,309370,7651490,202207.0
18,A13804002,0,0,0,0,0,0,6859290,22906980,29990,9802260,202207.0
19,A13804003,0,0,0,0,0,0,4834009,20652680,0,0,202207.0
20,A13887702,1667600,0,-508720,506120,-292520,3732400,1778110,13814130,664160,0,202207.0
21,A13887403,1546540,11350,0,0,0,2979920,3151159,17902040,0,5020730,202207.0
22,A13804001,6303430,0,0,0,-3918300,3918300,1010580,18930130,92240,6746280,202207.0
23,A13804004,3352630,0,0,0,0,13285500,3652610,30831560,2900400,12453040,202207.0
24,A13887901,0,0,0,0,0,0,2904177,11856730,72670,3902100,202207.0
25,A10025467,,,,,,,,,,,202207.0
26,A10026804,,,,,,,,,,,202207.0
27,A10025185,3112400,7205850,0,0,0,0,11441270,58576200,1185820,11994260,202207.0
28,A13885306,4760980,0,0,0,-840,13128350,16695387,53109690,2045630,16593340,202207.0
29,A13817001,4029260,0,0,0,914220,10833610,14028526,86334120,0,16285100,202207.0
30,A13877501,5416880,0,0,0,0,15866730,22885830,52810830,556900,14889540,202207.0
31,A13885304,4659790,0,0,0,-820,10951790,-4155411,50467840,1390,0,202207.0
32,A13885301,0,0,0,0,0,0,1703400,11827690,0,0,202207.0
33,A13885102,3523640,0,0,0,0,7162390,4940540,30518230,0,0,202207.0
34,A13885303,2651090,0,0,0,20,4520810,5108630,27197810,2133600,0,202207.0
35,A13817101,11690,0,0,0,0,0,3267630,0,0,0,202207.0
36,A10028083,,,,,,,,,,,202207.0
37,A10025460,,,,,,,,,,,202207.0
38,A13819001,0,0,0,0,0,0,4443200,20340280,0,8339530,202207.0
39,A13880806,9348750,0,0,0,0,37260000,19000660,74910370,666140,36084540,202207.0
40,A13880407,3870240,0,0,0,0,10808850,10057550,41641620,0,18473180,202207.0
41,A13881103,10307660,0,0,0,-6688000,6688000,1765850,33987700,926850,12359970,202207.0
42,A13880701,0,0,0,0,-3834080,3834080,3145153,17216350,61430,0,202207.0
43,A13816101,0,0,0,0,0,0,2607765,13441270,0,4594480,202207.0
44,A13816202,-2383200,2383200,-1138170,1138170,0,9107000,5150548,29359230,2700000,0,202207.0
45,A13816001,,,,,,,,,,,202207.0
46,A13880406,3220630,0,0,0,0,6927530,1763110,30216730,0,12516640,202207.0
47,A13881005,5022390,147910,0,0,0,11811690,19544550,59072060,360580,19198810,202207.0
48,A13881204,4452450,0,0,0,0,9422990,11112568,42992950,0,14676410,202207.0
49,A13816002,1796030,0,0,0,0,3692100,6386018,18638390,-230,6154000,202207.0
50,A13880603,-39140,1259520,-427760,427760,0,3170000,2646980,17675880,321040,4615350,202207.0
51,A13880602,0,0,0,0,0,0,1613850,9016830,0,0,202207.0
52,A13880105,19540,0,0,0,0,0,1107550,28451720,44530,10735920,202207.0
53,A13880204,2250850,0,0,0,0,6482670,5755530,24306870,664500,0,202207.0
54,A13895502,0,0,0,0,0,0,14706072,0,4258030,0,202207.0
55,A13880201,0,0,0,0,0,0,1929570,8627770,432480,0,202207.0
56,A10025850,51204280,639840,0,48191580,94688400,94235250,166713154,814936050,2270560,142213810,202207.0
57,A13820006,12284390,0,0,0,0,23243610,16302760,163201200,0,38786010,202207.0
58,A13820001,0,0,0,0,0,0,1235902,12875100,209960,3095190,202207.0
59,A13820002,0,0,0,0,0,0,150,10149490,0,0,202207.0
60,A13820004,2914550,0,0,0,-16000,8284000,4735630,26606510,51100,0,202207.0
61,A13820201,28918848,383597,0,14271030,-542400,2242372,62669442,294473720,-30141890,99880950,202207.0
62,A13820007,2929550,110980,0,0,4540200,8640100,742720,31356130,6250,0,202207.0
63,A13882402,0,0,0,0,0,0,16255370,0,4845710,0,202207.0
64,A13882401,0,0,0,0,0,0,2057030,7664010,-360,3417980,202207.0
65,A13820005,9103450,0,0,0,-7372200,7372200,272500,41032010,3834000,0,202207.0
66,A10027346,5467170,0,0,0,0,14528850,25041590,79279010,375000,14625070,202207.0
67,A13821001,0,0,0,0,0,0,11350,13826750,0,3738070,202207.0
68,A13821004,112570,0,0,0,0,0,7735898,32401090,256110,10189470,202207.0
69,A13821002,0,0,0,0,0,0,5898350,21752180,62080,6900860,202207.0
70,A13876112,31930,0,0,0,0,0,464710,16064230,0,4193250,202207.0
71,A13876110,0,0,0,0,0,0,6788280,28313160,0,12767190,202207.0
72,A13821007,0,0,0,0,0,0,5589670,20252640,300500,10866840,202207.0
73,A13876113,4968710,8110,0,0,0,9751520,10371410,55511470,0,19210590,202207.0
74,A13876109,0,0,0,0,0,0,3917613,20120870,147100,6272270,202207.0
75,A13821003,0,0,0,0,0,0,273610,28980450,1242430,8092690,202207.0
76,A13876111,0,0,0,0,0,0,3552325,14711280,901500,4869140,202207.0
77,A13876114,8505720,0,0,0,0,18159350,29423842,102626100,0,34709610,202207.0
78,A13876108,0,0,0,0,0,0,9328158,37498780,379060,11580290,202207.0
79,A13821006,0,0,0,0,0,0,2908320,28767550,1091330,10388320,202207.0
80,A13821005,0,0,0,0,0,0,1313060,27152950,49250,9121920,202207.0
81,A10028086,4275220,35730,0,0,0,7087950,17997876,53898000,0,11925380,202207.0
82,A10026682,12566280,0,0,0,0,18937870,11580000,59144420,197030,31106860,202207.0
83,A10027632,2886550,0,0,0,0,4545950,8617660,30118230,0,7096520,202207.0
84,A10027553,3726410,0,0,0,0,4150170,13951380,48431840,190740,10095240,202207.0
85,A10027461,0,0,2240,0,6000,6359830,7631080,62777670,203540,11517060,202207.0
86,A10023897,2450790,0,0,0,0,2794320,7498507,31024450,0,6213690,202207.0
87,A13805001,10135120,0,0,0,-6452000,6452000,7321417,27837950,2243620,0,202207.0
88,A13883601,-24210,3978240,0,0,0,2800000,498343,18554510,120000,0,202207.0
89,A13805002,34040040,0,0,0,-233908,77539330,120091441,364157250,669710,111794810,202207.0
90,A13883602,3719970,0,0,0,0,11293600,8484168,46260060,140,18619190,202207.0
91,A13805003,,,,,,,,,,,202207.0
92,A10026209,,,,,,,,,,,202207.0
93,A13813008,13962440,0,0,0,-8136000,8136000,-6020080,49888760,-820,14673720,202207.0
94,A13813003,0,0,0,0,0,0,1025310,11261180,250000,0,202207.0
95,A13813002,0,0,0,0,0,0,0,12613740,0,7665330,202207.0
96,A13813010,9620000,0,0,0,-1384,17995374,22145870,75782400,688320,20662250,202207.0
97,A13813005,164302,0,0,0,0,4725946,3085098,17414810,45960,5457760,202207.0
98,A13813006,873120,0,0,0,0,2924000,3164930,12984200,773460,4319250,202207.0
99,A13886009,2704640,0,1120,0,0,7864000,2480518,27270140,109110,10253370,202207.0
100,A13813004,493300,0,0,0,0,3374280,1191880,11839690,968490,3337720,202207.0
101,A13873701,0,0,2610,0,0,0,854770,0,1624520,0,202207.0
102,A10026734,0,0,0,7886170,0,0,2133784,25851570,178050,8563520,202207.0
103,A10025657,0,0,0,0,0,0,2520704,19794660,70280,4495730,202207.0
104,A10026249,0,0,11476950,0,0,0,1559987,33325160,0,12625350,202207.0
105,A10026362,0,0,0,0,0,0,2402280,24120190,1438130,3636030,202207.0
106,A10023333,,,,,,,,,,,202207.0
107,A13881401,0,0,6470,0,0,0,2699360,0,0,0,202207.0
108,A13811203,1680170,0,0,0,0,4305210,2583100,0,955150,8171350,202207.0
109,A13881601,0,0,0,0,0,0,968650,13646420,0,11522640,202207.0
110,A13811205,2627330,0,0,0,0,3898800,4409420,0,200940,11090840,202207.0
111,A13881302,0,0,17480,0,0,0,2894954,12678450,0,0,202207.0
112,A13811204,698240,0,0,0,0,3816000,451065,13301530,559050,5326300,202207.0
113,A13811202,8448980,0,0,0,-4949000,4949000,9411547,30125480,136680,11079660,202207.0
114,A13811206,3123430,0,0,0,15290,11983980,2155467,31172020,0,11420480,202207.0
115,A13811001,5949450,0,0,0,131770,0,14587485,0,385730,0,202207.0
116,A13881603,2382606,0,0,0,-86,6047180,-2321917,28839990,749730,9907110,202207.0
117,A10024655,,,,,,,,,,,202207.0
118,A10023887,33014370,562500,0,0,-23724390,23675810,66136955,118195065,2334370,28856840,202207.0
119,A10024085,10180250,0,0,0,0,0,67526560,0,9358810,0,202207.0
120,A10025284,,,,,,,,,,,202207.0
121,A10024492,8568300,0,0,0,-6346560,6313280,7408090,24699927,98730,8486160,202207.0
122,A10023922,5510370,36490,-1283890,1262650,0,7745760,26063410,70102930,279630,12342270,202207.0
123,A10023927,13783640,0,-1247680,1226850,-8856930,8799660,14485960,64653250,129040,12369200,202207.0
124,A10024152,7199690,186070,0,0,0,15720100,15228696,95356400,320450,22516650,202207.0
125,A10024787,6910490,0,0,6170130,0,6852300,12053179,75607500,0,20202300,202207.0
126,A10024197,2124300,4400,0,0,0,3929040,6314480,22296810,-310,6924930,202207.0
127,A10024577,11020,0,0,0,0,10624940,5568669,48307510,2239770,13771130,202207.0
128,A13812004,0,0,14790,0,0,0,2353900,12082380,137820,5015420,202207.0
129,A13881701,0,0,0,0,0,0,4057900,34744540,0,16037390,202207.0
130,A13812003,0,0,0,0,0,0,20719700,0,4899970,0,202207.0
131,A13812001,0,0,0,0,0,0,201700,11842210,90,3501380,202207.0
132,A13812002,-379330,379330,0,0,0,0,1471500,11516960,37920,4380190,202207.0
133,A13812005,0,0,0,0,0,0,9645060,37945060,0,18825930,202207.0
134,A10026961,,,,,,,,,,,202207.0
135,A10026717,,,,,,,,,,,202207.0
