,kaptCode,heatC,heatP,gasC,gasP,waterHotC,waterHotP,electC,electP,waterCoolC,waterCoolP,Date
0,A13822002,18404010,14731960,0,0,0,72339200,54569821,140356880,2103790,78722910,202205.0
1,A13822004,33231070,24869810,0,0,0,137415600,82548228,223608240,344900,126512730,202205.0
2,A13886701,1721810,0,0,0,7910980,0,13297970,0,5733450,0,202205.0
3,A13879102,95047110,0,0,0,-77026970,76961530,21558876,142374690,27201440,0,202205.0
4,A13822902,5499550,0,0,0,11479500,0,21053580,0,6442650,0,202205.0
5,A13822702,11404600,11404470,8927650,8927650,43947200,43947200,68897995,57899920,36391870,36361870,202205.0
6,A13822003,27438380,42108750,0,0,0,89352700,68971737,208859360,9920290,109103780,202205.0
7,A13822701,2048197,18434643,0,6896480,0,22611420,17254170,69671140,3124360,27792520,202205.0
8,A13822001,6572820,18579030,0,0,0,51219000,7785683,142161350,9848010,54792510,202205.0
9,A10023599,,,,,,,,,,,202205.0
10,A13824005,18483060,0,0,0,0,79884798,20140198,126243080,3611465,0,202205.0
11,A13824006,45134340,32316580,0,0,0,130305000,87282893,271101770,0,145778350,202205.0
12,A13824003,1217689,0,0,0,6405000,0,9682727,0,1114175,0,202205.0
13,A13872504,0,0,10660,0,0,0,6246620,0,149320,0,202205.0
14,A13804206,0,0,73630,0,0,0,6238160,29521090,969890,0,202205.0
15,A13887302,0,0,0,0,0,0,0,29846600,975250,14934140,202205.0
16,A13887301,1045650,533250,0,0,0,2942140,2259080,7701750,1639630,2372320,202205.0
17,A13887405,2814890,2256840,0,0,0,13202530,6602527,15773890,316580,6971490,202205.0
18,A13804002,0,0,0,0,0,0,4574910,13688170,28220,9150920,202205.0
19,A13804003,0,0,0,0,0,0,4621950,13105100,0,0,202205.0
20,A13887702,1669780,0,-430810,429140,-746860,6002800,1486510,9001500,692010,0,202205.0
21,A13887403,1546540,401040,0,0,0,6402500,3716421,9982830,0,4491260,202205.0
22,A13804001,8170280,0,0,0,-6519400,6519400,1312590,11667580,1114300,7155620,202205.0
23,A13804004,3352630,0,0,0,0,18619250,3243050,19685930,3054630,10477350,202205.0
24,A13887901,0,0,0,0,0,0,1825299,6901730,315540,3578490,202205.0
25,A10025467,,,,,,,,,,,202205.0
26,A10026804,,,,,,,,,,,202205.0
27,A10025185,3349620,11629940,0,0,0,0,9531836,30565460,235360,12295080,202205.0
28,A13885306,1925740,5431280,0,0,0,20620000,15259801,30881440,4105770,16109410,202205.0
29,A13817001,4029260,1284350,0,0,1261560,15777840,12923616,38260400,234420,16141240,202205.0
30,A13877501,5430018,3196872,0,0,0,23315500,12984830,32559370,463200,13214960,202205.0
31,A13885304,5799490,3034880,0,0,0,16353900,833510,32141920,1698400,0,202205.0
32,A13885301,0,0,0,0,0,0,2209750,6790390,0,0,202205.0
33,A13885102,3523640,1591100,0,0,0,11808000,5667760,18211780,0,0,202205.0
34,A13885303,2651090,455170,0,0,0,8509240,3994900,15528820,3003530,0,202205.0
35,A13817101,65890,0,0,0,0,0,2596380,0,0,0,202205.0
36,A10028083,,,,,,,,,,,202205.0
37,A10025460,,,,,,,,,,,202205.0
38,A13819001,0,0,0,0,0,0,3999650,11980990,0,8050120,202205.0
39,A13880806,9306110,0,0,0,0,55230000,17837220,64090310,1130260,30586100,202205.0
40,A13880407,3870240,2604840,0,0,0,17149730,8717620,25147040,0,17915720,202205.0
41,A13881103,13710160,0,0,0,-10090500,10090500,1880520,22728740,919500,12365010,202205.0
42,A13880701,150730,691540,0,0,7357600,7357600,2240473,10644610,89660,0,202205.0
43,A13816101,0,0,0,0,0,0,2076336,7739330,0,4592160,202205.0
44,A13816202,-3985810,4658550,-1017440,1017440,0,17297000,4399202,18399620,3500000,0,202205.0
45,A13816001,,,,,,,,,,,202205.0
46,A13880406,3220630,4467250,0,0,0,8843110,5554880,17587610,0,13925730,202205.0
47,A13881005,5118650,2719570,0,0,0,22100610,12860690,32761970,422550,19832040,202205.0
48,A13881204,4452450,1992670,0,0,0,13162900,7426599,22895620,0,14546010,202205.0
49,A13816002,1803730,903410,0,0,0,5764200,6224817,11163650,1150,6059080,202205.0
50,A13880603,-38420,3665920,-387190,387190,0,4375000,1845660,9455680,645540,4586010,202205.0
51,A13880602,0,0,0,0,0,0,1657330,4761300,0,0,202205.0
52,A13880105,261350,0,0,0,0,0,1593120,17706460,131760,10133170,202205.0
53,A13880204,2250820,820280,0,0,0,10599520,5309070,14214140,575900,0,202205.0
54,A13895502,0,0,0,0,0,0,10951550,0,4681240,0,202205.0
55,A13880201,0,0,0,0,0,0,1550460,5034790,363400,0,202205.0
56,A10025850,64020410,9785940,0,45824550,135219360,134699600,88929707,412079930,1933890,136937740,202205.0
57,A13820006,12267690,2506490,0,0,0,42636000,17628570,89898250,0,39151280,202205.0
58,A13820001,0,0,0,0,0,0,645220,6801670,261790,3059080,202205.0
59,A13820002,0,0,0,0,0,0,872180,5528710,0,0,202205.0
60,A13820004,3861570,0,0,0,-24000,11944000,4955700,15379510,82000,0,202205.0
61,A13820201,84066131,23116586,0,13746670,-106800,442864,42291652,174270450,-9762040,86385880,202205.0
62,A13820007,2929550,1674540,0,0,5390680,15580000,3285310,17177080,19270,0,202205.0
63,A13882402,0,0,0,0,0,0,9773740,0,4880640,0,202205.0
64,A13882401,0,0,0,0,0,0,2145780,4475070,-1160,3211160,202205.0
65,A13820005,12083500,1039350,0,0,-11649000,11649000,2078382,21599570,5234100,0,202205.0
66,A10027346,5692260,1298860,0,0,0,22563200,13975530,41138310,395820,12670000,202205.0
67,A13821001,0,0,0,0,0,0,81630,6631560,0,3682100,202205.0
68,A13821004,312840,0,0,0,0,0,5099736,15307330,217260,9988590,202205.0
69,A13821002,0,0,0,0,0,0,3744670,10880560,77270,6676320,202205.0
70,A13876112,249360,0,0,0,0,0,402070,8940880,0,4110120,202205.0
71,A13876110,0,0,0,0,0,0,8099980,22267100,0,13683220,202205.0
72,A13821007,0,0,0,0,0,0,4585870,15645000,50350,10660180,202205.0
73,A13876113,5336890,662580,0,0,0,18158310,12730350,31766710,7554460,18410250,202205.0
74,A13876109,0,0,0,0,0,0,2979437,9464480,121020,6073370,202205.0
75,A13821003,0,0,0,0,0,0,849310,15564010,862510,7942710,202205.0
76,A13876111,0,0,0,0,0,0,2218750,7623180,773830,4834890,202205.0
77,A13876114,10229630,1845140,0,0,0,31495300,16778675,57720380,0,34741110,202205.0
78,A13876108,0,0,0,0,0,0,5232770,18385670,772830,11135640,202205.0
79,A13821006,0,0,0,0,0,0,5284930,14708200,834430,9905850,202205.0
80,A13821005,0,0,0,0,0,0,3911750,13483560,48800,9060470,202205.0
81,A10028086,4275220,994810,0,0,0,11589270,12486958,29954920,0,11662660,202205.0
82,A10026682,12006440,1720800,0,0,0,32121060,8868890,43199810,159850,29927330,202205.0
83,A10027632,3104700,568120,0,0,0,6937600,4818740,17439750,418030,7084670,202205.0
84,A10027553,3790200,1406920,0,0,0,8729600,9084510,24695880,157070,9784580,202205.0
85,A10027461,8900,372280,1380,0,17590,10245920,7240500,27361360,272100,11261260,202205.0
86,A10023897,2450790,470490,0,0,0,5866170,4911981,17897640,0,6017120,202205.0
87,A13805001,13438780,2518030,0,0,-9668000,9668000,7382092,15033290,2938580,0,202205.0
88,A13883601,-24340,4325720,0,0,0,4634000,896100,10406170,117120,0,202205.0
89,A13805002,34043590,10888590,0,37545910,0,144564100,74501956,192931430,14895110,102853230,202205.0
90,A13883602,3719970,0,0,0,0,16902770,4756367,25054570,-190,17510610,202205.0
91,A13805003,,,,,,,,,,,202205.0
92,A10026209,,,,,,,,,,,202205.0
93,A13813008,16961130,3056420,0,0,-12696000,12696000,3020000,27493840,-3200,14794090,202205.0
94,A13813003,0,0,0,0,0,0,997870,7809170,400000,0,202205.0
95,A13813002,0,0,0,0,0,0,1207160,7218770,0,7081080,202205.0
96,A13813010,9620000,0,0,0,3360,28211580,14461080,44003060,678440,18677490,202205.0
97,A13813005,232562,0,0,0,0,6035746,3208320,8683250,32000,5323790,202205.0
98,A13813006,4371300,0,0,0,0,3596000,2314140,6651380,1322940,3948610,202205.0
99,A13886009,2704640,0,8870,0,0,11264000,3468780,16144940,2126500,8767180,202205.0
100,A13813004,3520,0,0,0,0,4362720,1809180,6634290,1444140,2889690,202205.0
101,A13873701,0,0,29660,0,0,0,624550,0,1685120,0,202205.0
102,A10026734,0,0,0,10362720,0,0,2284629,14461330,291680,8300570,202205.0
103,A10025657,0,0,0,0,0,0,12694704,0,4509560,0,202205.0
104,A10026249,0,0,14683260,0,0,0,3487100,21114290,216620,11946270,202205.0
105,A10026362,0,0,0,0,0,0,3452890,11536080,1188450,3453510,202205.0
106,A10023333,,,,,,,,,,,202205.0
107,A13881401,0,0,28660,0,0,0,2391730,0,0,0,202205.0
108,A13811203,1769560,393510,0,0,0,8514880,2328520,0,1718100,7278650,202205.0
109,A13881601,0,0,1010,0,0,0,1151430,10470740,0,10855940,202205.0
110,A13811205,3012140,2580000,0,0,0,6106000,3995600,0,218230,10343700,202205.0
111,A13881302,0,0,81130,0,0,0,2299125,11067790,0,0,202205.0
112,A13811204,1488000,2993580,0,0,0,5260500,585494,8890300,605190,4275740,202205.0
113,A13811202,13348820,1455540,0,0,-9771200,9771200,7610712,17185370,892760,10940970,202205.0
114,A13811206,3412460,3685960,0,0,0,16005000,1331708,18375920,0,9971630,202205.0
115,A13811001,8765930,0,0,0,2424026,0,10177616,0,330624,0,202205.0
116,A13881603,2955070,1858030,0,0,0,7110800,1895735,18045450,651110,9614430,202205.0
117,A10024655,,,,,,,,,,,202205.0
118,A10023887,42358790,3121100,0,0,-30815600,30382640,23911220,68672700,3219590,26725000,202205.0
119,A10024085,5105850,606310,0,837450,9991800,9937200,31580720,28205640,9910840,9628000,202205.0
120,A10025284,,,,,,,,,,,202205.0
121,A10024492,11595860,617650,0,0,-8934000,8868900,3453510,11752780,109740,8122830,202205.0
122,A10023922,6122480,791250,-1113550,1094480,0,13834500,7513510,37362030,-74330,11613000,202205.0
123,A10023927,1568380,1342500,0,990940,0,12570000,4941050,34482730,4019780,11744820,202205.0
124,A10024152,7125040,976940,0,0,0,27514200,7611210,44742990,101060,21891290,202205.0
125,A10024787,6278820,1376670,0,5784000,0,14153400,12276898,44037030,0,19879430,202205.0
126,A10024197,2168860,196390,0,0,0,5087600,2912910,11667850,40,6609850,202205.0
127,A10024577,32090,667550,0,0,0,15425280,1840704,25785190,1586020,13545680,202205.0
128,A13812004,0,0,33700,0,0,0,2893150,7190440,153070,4741060,202205.0
129,A13881701,0,0,0,0,0,0,4952840,24941100,2887890,14915820,202205.0
130,A13812003,0,0,0,0,0,0,12818160,0,4727790,0,202205.0
131,A13812001,0,0,0,0,0,0,161860,7411590,0,3284750,202205.0
132,A13812002,0,0,0,0,0,0,1741140,6723070,36870,4213140,202205.0
133,A13812005,0,0,0,0,0,0,9642620,27629910,0,17775770,202205.0
134,A10026961,,,,,,,,,,,202205.0
135,A10026717,,,,,,,,,,,202205.0
