,kaptCode,heatC,heatP,gasC,gasP,waterHotC,waterHotP,electC,electP,waterCoolC,waterCoolP,Date
0,A13822002,18326630,187760670,0,0,0,103467000,55397819,135243920,1162520,72977040,202203.0
1,A13822004,62356440,239939550,0,0,0,201645000,138471437,241521680,585180,119808140,202203.0
2,A13886701,1597270,14978190,0,0,70,9462820,2908090,10464630,33310,4567550,202203.0
3,A13879102,109240250,193316160,0,0,-55899000,55842000,22835074,157942440,22272280,0,202203.0
4,A13822902,31170040,0,0,0,15084000,0,23213460,0,5547190,0,202203.0
5,A13822702,-40,170517660,0,9309450,0,50734500,19222417,55801720,0,35816900,202203.0
6,A13822003,29031080,348534090,0,0,0,94722810,90247312,221933080,7398730,111795480,202203.0
7,A13822701,22873640,107389630,0,7072090,0,30828330,25103860,67972670,1820100,28673900,202203.0
8,A13822001,20194190,129092630,0,0,0,85400000,27801302,149066910,5547540,55938830,202203.0
9,A10023599,,,,,,,,,,,202203.0
10,A13824005,52261915,191413910,0,0,0,84368000,20987155,136352710,3645095,0,202203.0
11,A13824006,68561640,335223570,0,0,0,189181700,83656899,263047580,12960,130789690,202203.0
12,A13824003,14668653,0,0,0,7493500,0,9460654,0,1864145,0,202203.0
13,A13872504,0,0,74210,0,0,0,8136580,7280990,521000,0,202203.0
14,A13804206,0,0,283500,0,0,0,6833600,31834210,35930,0,202203.0
15,A13887302,0,0,0,0,0,0,195410,32061250,483220,14357610,202203.0
16,A13887301,1045650,7954510,0,0,0,5884440,1922960,8176480,1622630,2165470,202203.0
17,A13887405,2814940,26279180,0,0,0,15402190,6165102,15387540,288380,6061310,202203.0
18,A13804002,0,0,0,0,0,0,4371900,15342890,29300,8087050,202203.0
19,A13804003,0,0,0,0,0,0,5307360,13579910,0,0,202203.0
20,A13887702,6247840,12096000,-416520,416520,0,6385500,3509210,9103740,1315630,0,202203.0
21,A13887403,1546540,12885200,0,0,0,9548220,3843593,10917440,0,3587000,202203.0
22,A13804001,12968580,13516260,0,0,-8728300,8728300,1214520,12080230,89120,6699660,202203.0
23,A13804004,57129140,0,0,0,0,19507500,4919150,19083390,4031260,7912910,202203.0
24,A13887901,0,0,0,0,0,0,1829709,6949000,443360,3354290,202203.0
25,A10025467,,,,,,,,,,,202203.0
26,A10026804,,,,,,,,,,,202203.0
27,A10025185,4500490,36307860,0,0,0,0,9640190,31967850,696970,11608820,202203.0
28,A13885306,905830,54558280,0,0,0,25552000,20622968,34521550,4598820,14465270,202203.0
29,A13817001,4029260,23896590,0,0,2297990,26206470,11384405,38599350,0,16572570,202203.0
30,A13877501,6014282,41830488,0,0,0,35718480,21023620,35736830,710220,12136380,202203.0
31,A13885304,8964040,35717140,0,0,0,22376570,2898122,31444300,5676040,0,202203.0
32,A13885301,0,0,0,0,0,0,1977560,7087010,0,0,202203.0
33,A13885102,3523640,28580460,0,0,0,14079400,5462710,20502980,0,0,202203.0
34,A13885303,-7024910,21910520,0,0,9676010,12234520,5023280,16600070,3479800,0,202203.0
35,A13817101,209150,0,0,0,0,0,2576540,0,0,0,202203.0
36,A10028083,,,,,,,,,,,202203.0
37,A10025460,,,,,,,,,,,202203.0
38,A13819001,0,0,0,0,0,0,16340860,0,6872070,0,202203.0
39,A13880806,10881420,103378240,0,0,0,67785000,16421410,66144930,1056510,28775830,202203.0
40,A13880407,3870240,37185800,0,0,0,28215160,7514990,25019400,0,16440660,202203.0
41,A13881103,17851670,33640630,0,0,-14232000,14232000,4179550,24567190,889250,9385680,202203.0
42,A13880701,555180,15544320,0,0,-9708000,9440000,2248167,11190430,86700,0,202203.0
43,A13816101,0,0,0,0,0,0,2301914,7641800,0,4354650,202203.0
44,A13816202,-7374060,58886400,-1007440,1007440,0,23331000,7654430,17882060,4500000,0,202203.0
45,A13816001,,,,,,,,,,,202203.0
46,A13880406,3220630,34629110,0,0,0,7571610,7486600,18779480,0,12230770,202203.0
47,A13881005,5216730,37945970,0,0,0,35832760,11839750,34426820,193410,19659000,202203.0
48,A13881204,4452450,33524950,0,0,0,19464640,13705922,28892920,0,13735270,202203.0
49,A13816002,4634450,15864250,0,0,0,7312500,7827926,11800450,-680,5528200,202203.0
50,A13880603,-151170,20482560,-387190,387190,0,5830000,2243450,9968620,34280,4671090,202203.0
51,A13880602,0,0,0,0,0,0,1480270,4938780,0,0,202203.0
52,A13880105,847540,0,0,0,0,0,1292950,18740930,88140,9259310,202203.0
53,A13880204,2250820,17918700,0,0,0,14058000,5316410,14709070,575900,0,202203.0
54,A13895502,0,0,0,0,0,0,10982105,0,3980440,0,202203.0
55,A13880201,0,0,0,0,0,0,1712020,5524620,298920,0,202203.0
56,A10025850,77962400,221867640,0,46871390,230444740,229777400,100550198,388528860,1554110,132505540,202203.0
57,A13820006,12267690,112130880,0,0,0,61483500,30214290,90650510,0,36006360,202203.0
58,A13820001,0,0,0,0,0,0,817587,8092300,181010,3297000,202203.0
59,A13820002,0,0,0,0,0,0,957860,5972340,0,0,202203.0
60,A13820004,8813770,24087780,0,0,-36000,14892000,4438010,17055510,98990,0,202203.0
61,A13820201,109402751,236373160,0,13614450,-30260400,123260696,33082761,151998410,19501020,67840130,202203.0
62,A13820007,2929550,30048890,0,0,8918000,17816000,1125910,18391730,24830,0,202203.0
63,A13882402,203170,0,0,0,0,0,10046740,0,4706100,0,202203.0
64,A13882401,0,0,0,0,0,0,2501530,4549420,-60,3175450,202203.0
65,A13820005,15221350,26551200,0,0,-15285600,15285600,3778199,21091810,6786950,0,202203.0
66,A10027346,14353150,24264940,0,0,0,31622940,21525320,43199490,375000,11429660,202203.0
67,A13821001,0,0,0,0,0,0,11400,7545610,0,3693440,202203.0
68,A13821004,1021260,0,0,0,0,0,4744235,17216340,278030,10602730,202203.0
69,A13821002,0,0,0,0,0,0,3870480,11943840,69480,6945520,202203.0
70,A13876112,624790,0,0,0,0,0,1615474,8355450,0,4214430,202203.0
71,A13876110,0,0,0,0,0,0,7558550,22633060,0,12424510,202203.0
72,A13821007,0,0,0,0,0,0,4861370,15411870,110130,9752390,202203.0
73,A13876113,11103860,14496480,0,0,0,34406400,13530070,33931140,1416210,19050750,202203.0
74,A13876109,0,0,0,0,0,0,3112114,10427580,446270,6151500,202203.0
75,A13821003,0,0,0,0,0,0,742170,16965060,1089780,8190940,202203.0
76,A13876111,0,0,0,0,0,0,2197070,8605320,486100,4898940,202203.0
77,A13876114,9411410,40750940,0,0,0,50001390,23253873,62548380,0,35045600,202203.0
78,A13876108,0,0,0,0,0,0,5222030,20515250,601320,11464020,202203.0
79,A13821006,0,0,0,0,0,0,5584890,16034190,1409230,9924470,202203.0
80,A13821005,0,0,0,0,0,0,3415150,14671380,50090,8935430,202203.0
81,A10028086,4244370,18632100,0,0,-16550,16959780,13869787,31325340,0,10713200,202203.0
82,A10026682,16270470,27149520,0,0,0,51077200,14554640,41909450,141170,29946470,202203.0
83,A10027632,3862520,12227540,0,0,0,11588000,9562590,16843950,0,7281770,202203.0
84,A10027553,4259680,17798550,0,0,0,15022800,11747510,26816420,84200,10131860,202203.0
85,A10027461,93610,15497030,660,0,0,18586660,10721220,29468990,199110,10640900,202203.0
86,A10023897,2450790,8808840,0,0,0,9997860,5217904,17392240,0,6296620,202203.0
87,A13805001,15694680,32305790,0,0,-11944000,11944000,7998638,15485970,3929640,0,202203.0
88,A13883601,-83210,28179480,0,0,0,5708500,1555414,10290950,117930,0,202203.0
89,A13805002,86816450,262775030,0,0,0,241467100,100773785,209895590,2047920,107281200,202203.0
90,A13883602,3719870,31741790,0,0,0,22370600,6649803,28011280,50,16343300,202203.0
91,A13805003,,,,,,,,,,,202203.0
92,A10026209,,,,,,,,,,,202203.0
93,A13813008,22565560,44425670,0,0,-16232000,16232000,4718050,26609940,-4820,15434040,202203.0
94,A13813003,0,0,0,0,0,0,775330,8240200,700000,0,202203.0
95,A13813002,0,0,0,0,0,0,810940,8269680,0,8346490,202203.0
96,A13813010,9620020,97498540,0,0,0,31156200,18757070,42868150,686780,16682530,202203.0
97,A13813005,1067722,14903670,0,0,0,6986796,6840280,10159530,29400,5320880,202203.0
98,A13813006,17926230,0,0,0,0,4760000,3494960,7150030,1544940,3755020,202203.0
99,A13886009,2704600,22004400,264970,0,0,14504000,5202542,16051060,388000,7023580,202203.0
100,A13813004,154960,10533900,0,0,0,6587520,3112950,7179320,1256560,2836320,202203.0
101,A13873701,0,0,95360,0,0,0,778640,0,1279040,0,202203.0
102,A10026734,0,0,0,22417050,0,0,2386931,15459170,288150,8255310,202203.0
103,A10025657,0,0,0,0,0,0,13011463,0,4294280,0,202203.0
104,A10026249,0,0,30738290,0,0,0,4629984,21159070,0,11873860,202203.0
105,A10026362,0,0,0,0,0,0,4597950,11203060,721330,3801110,202203.0
106,A10023333,,,,,,,,,,,202203.0
107,A13881401,0,0,139210,0,0,0,2577630,0,0,0,202203.0
108,A13811203,3523330,16665010,0,0,0,9333210,2950030,0,1866280,6485550,202203.0
109,A13881601,0,0,98470,0,0,0,1212400,11053770,0,10639570,202203.0
110,A13811205,2571940,24979500,0,0,0,5550000,4711050,0,305840,10038720,202203.0
111,A13881302,0,0,425320,0,0,0,3279268,11409930,0,0,202203.0
112,A13811204,2643620,17444720,0,0,-54400,6432000,927202,8669770,463210,3777180,202203.0
113,A13811202,20785810,24440380,0,0,-16252400,16252400,11383051,19023350,124390,10410910,202203.0
114,A13811206,3775400,34684900,7060,0,0,17829500,2120465,18011020,0,7198530,202203.0
115,A13811001,13542350,0,0,0,17961020,0,10297948,0,164010,0,202203.0
116,A13881603,4261160,19728150,0,0,0,9706300,2302169,19811810,136170,9380720,202203.0
117,A10024655,,,,,,,,,,,202203.0
118,A10023887,55570670,53032940,0,0,-30912000,30534400,26957100,65536110,1984200,22968900,202203.0
119,A10024085,22430130,0,0,0,12597000,0,21004200,0,9369000,0,202203.0
120,A10025284,,,,,,,,,,,202203.0
121,A10024492,18896120,7480300,0,0,-14717820,14621100,5505170,10928840,93830,8205460,202203.0
122,A10023922,28793680,11846540,-822940,804930,-5055180,17964180,-12180300,40708490,-405190,10324980,202203.0
123,A10023927,3391630,26634380,0,552420,0,13911300,11581420,22372460,0,6384350,202203.0
124,A10024152,7859030,23869910,0,0,0,35042700,12566150,45188320,0,20560960,202203.0
125,A10024787,6287570,26590840,0,6139800,0,25029750,9374593,42322300,0,20349010,202203.0
126,A10024197,2851290,7458600,0,0,0,10659000,3907830,11470920,-20,6317970,202203.0
127,A10024577,85150,12723100,0,0,0,25530480,3564684,27619430,757640,13080660,202203.0
128,A13812004,0,0,197110,0,0,0,2782380,8112850,164420,5020900,202203.0
129,A13881701,0,0,0,0,0,0,6371070,25629360,1323150,13950400,202203.0
130,A13812003,0,0,0,0,0,0,13354410,0,4143000,0,202203.0
131,A13812001,0,0,0,0,0,0,497060,7169480,60,3272290,202203.0
132,A13812002,0,0,0,0,0,0,1203640,7837330,32670,3931370,202203.0
133,A13812005,0,0,0,0,0,0,11736561,27768410,0,16607010,202203.0
134,A10026961,,,,,,,,,,,202203.0
135,A10026717,,,,,,,,,,,202203.0
