,kaptCode,heatC,heatP,gasC,gasP,waterHotC,waterHotP,electC,electP,waterCoolC,waterCoolP,Date
0,A13822002,18446360,2658000,0,22262440,0,52280400,50526190,158550960,1406270,76676830,202206.0
1,A13822004,33221730,0,0,0,0,99392050,105013729,285445100,8945000,122644770,202206.0
2,A13886701,1597040,6160,0,0,470,4695730,730410,13430210,0,6330590,202206.0
3,A13879102,77660120,0,0,0,-59699200,59624400,35421925,136178177,16226110,0,202206.0
4,A13822902,3179365,0,0,0,7586735,0,23153330,0,4637440,0,202206.0
5,A13822702,0,0,0,0,-1584,34746244,13299885,66444110,0,39852130,202206.0
6,A13822003,29148910,140160,0,0,0,81492900,80161607,285372780,1586570,115884810,202206.0
7,A13822701,2648330,0,0,0,0,23647340,17763450,80362200,3200130,27579260,202206.0
8,A13822001,3591770,0,0,0,0,37993770,10982169,177664590,11256300,53405920,202206.0
9,A10023599,,,,,,,,,,,202206.0
10,A13824005,18483060,0,0,0,0,65347419,23063370,138835060,3611465,0,202206.0
11,A13824006,34739100,0,0,0,0,105319700,107275318,284361890,0,152634130,202206.0
12,A13824003,0,0,0,0,5756562,0,12428058,0,1103770,0,202206.0
13,A13872504,0,0,6380,0,0,0,7713120,0,0,0,202206.0
14,A13804206,0,0,25650,0,0,0,6261150,33978200,969910,0,202206.0
15,A13887302,0,0,0,0,0,0,1523670,29788270,819050,15295560,202206.0
16,A13887301,1045650,52140,0,0,0,2192830,1612240,8467580,1599250,2487050,202206.0
17,A13887405,2814960,486720,0,0,0,9071030,6502432,16976570,317190,7753650,202206.0
18,A13804002,0,0,0,0,0,0,4180820,15702510,30160,9541460,202206.0
19,A13804003,0,0,0,0,0,0,4465740,13906510,0,0,202206.0
20,A13887702,1671130,0,-446350,443020,-936360,4970800,2628400,8693670,888730,0,202206.0
21,A13887403,1546540,51860,0,0,0,3840060,4194465,12028090,0,5013310,202206.0
22,A13804001,6446220,0,0,0,-4899640,4899640,1453410,13677580,83710,7010020,202206.0
23,A13804004,3352630,0,0,0,0,16621750,2754560,20859950,3743920,10772200,202206.0
24,A13887901,0,0,0,0,0,0,1879664,7363130,194390,3839480,202206.0
25,A10025467,,,,,,,,,,,202206.0
26,A10026804,,,,,,,,,,,202206.0
27,A10025185,3118880,7792910,0,3578700,0,0,9677770,39856960,330980,11686130,202206.0
28,A13885306,4992190,0,0,0,-120,13804680,12151271,33976760,2540190,16295220,202206.0
29,A13817001,4029260,0,0,0,744600,11442460,15985978,60653390,294260,16619460,202206.0
30,A13877501,5476000,0,0,0,0,17834340,10875960,36684120,439810,14006010,202206.0
31,A13885304,4659790,0,0,0,-2790,12562950,2468724,31790750,100000,0,202206.0
32,A13885301,0,0,0,0,0,0,2175600,7959400,0,0,202206.0
33,A13885102,3523640,0,0,0,0,8745360,5353100,20344550,3574560,0,202206.0
34,A13885303,2651090,0,0,0,-140,4963840,4326470,18239110,2133610,0,202206.0
35,A13817101,25660,0,0,0,0,0,3122840,0,0,0,202206.0
36,A10028083,,,,,,,,,,,202206.0
37,A10025460,,,,,,,,,,,202206.0
38,A13819001,0,0,0,0,0,0,4499630,12686320,7719340,7719340,202206.0
39,A13880806,8803260,0,0,0,0,45460000,18466450,62439800,1632380,32403790,202206.0
40,A13880407,3870240,0,0,0,0,11862500,9392840,27110230,0,17325140,202206.0
41,A13881103,11066860,0,0,0,-7447200,7447200,1499130,25144500,890930,12121860,202206.0
42,A13880701,0,0,0,0,-4638900,4638900,2510063,12263960,465710,0,202206.0
43,A13816101,0,0,0,0,0,0,1919497,8842440,0,4486160,202206.0
44,A13816202,-3022550,3022550,-1064830,1064830,0,14644000,7336021,17702530,3483550,0,202206.0
45,A13816001,,,,,,,,,,,202206.0
46,A13880406,3220630,0,0,0,0,7346410,3898870,20124470,0,12870220,202206.0
47,A13881005,5010650,180030,0,0,0,13923840,11833170,37854940,256770,17789590,202206.0
48,A13881204,4452450,0,0,0,0,10366500,6076314,26533530,0,15391190,202206.0
49,A13816002,1802480,0,0,0,0,3928040,6047473,12235840,-3190,5758890,202206.0
50,A13880603,-38970,1896960,-404670,404670,0,3540000,2879790,12059240,191860,4449370,202206.0
51,A13880602,0,0,0,0,0,0,2376760,5043710,0,0,202206.0
52,A13880105,89780,0,0,0,0,0,994100,19031870,140520,10639930,202206.0
53,A13880204,2217210,0,0,0,0,7467240,4678240,17349130,664500,0,202206.0
54,A13895502,0,0,0,0,0,0,11305368,0,4666040,0,202206.0
55,A13880201,0,0,0,0,0,0,1300450,5527270,0,0,202206.0
56,A10025850,56731140,2064890,0,0,100994150,100567500,137055545,502488410,1550270,145790380,202206.0
57,A13820006,12267690,0,0,0,0,0,15772260,0,0,0,202206.0
58,A13820001,0,0,0,0,0,0,575243,9266690,199690,3231160,202206.0
59,A13820002,0,0,0,0,0,0,1015920,5762780,-70,6256520,202206.0
60,A13820004,2449360,0,0,0,-16000,9832000,4482970,18076920,31100,0,202206.0
61,A13820201,35894447,383597,-1029490,14271030,-1980726,2242372,-7769176,294473720,-18647590,99880950,202206.0
62,A13820007,2929550,588380,0,0,4803960,8982390,1680210,20014180,6040,0,202206.0
63,A13882402,0,0,0,0,0,0,11362810,0,4625750,0,202206.0
64,A13882401,0,0,0,0,0,0,2230580,5127520,-90,3331210,202206.0
65,A13820005,9954690,0,0,0,0,9220200,26123503,25577150,2514600,0,202206.0
66,A10027346,5455100,0,0,0,0,16360500,17325640,52398140,375000,13298170,202206.0
67,A13821001,0,0,0,0,0,0,73540,8155420,0,3535020,202206.0
68,A13821004,176600,0,0,0,0,0,4234509,20082670,339920,9880320,202206.0
69,A13821002,0,0,0,0,0,0,3660140,13586800,123130,6692820,202206.0
70,A13876112,90720,0,0,0,0,0,444460,10517650,0,4068570,202206.0
71,A13876110,0,0,0,0,0,0,8148990,22283750,0,12309350,202206.0
72,A13821007,0,0,0,0,0,0,4698420,16074400,191980,11031880,202206.0
73,A13876113,5013770,35720,0,0,0,10779030,13534260,38147020,3576610,18098250,202206.0
74,A13876109,0,0,0,0,0,0,2088248,12513600,148790,6438060,202206.0
75,A13821003,0,0,0,0,0,0,307660,18895210,950100,7956150,202206.0
76,A13876111,0,0,0,0,0,0,2079235,9538250,902310,4719050,202206.0
77,A13876114,8600000,155560,0,0,0,21128160,19070118,70398950,0,33773040,202206.0
78,A13876108,0,0,0,0,0,0,5186590,23245670,469500,11253970,202206.0
79,A13821006,0,0,0,0,0,0,3655470,18180400,1028320,9861120,202206.0
80,A13821005,0,0,0,0,0,0,2857970,17053400,57440,9124230,202206.0
81,A10028086,4275220,58200,0,0,0,7804500,13494414,36208880,0,12345390,202206.0
82,A10026682,11021350,105560,0,0,0,22380330,9176200,44332550,831830,29487320,202206.0
83,A10027632,2897510,0,0,0,0,5048400,6592450,18264300,320620,7078720,202206.0
84,A10027553,3725510,0,0,0,0,5083200,12094910,30510410,92980,9629480,202206.0
85,A10027461,0,18070,1450,0,5880,7282790,8858001,35572490,279670,10809380,202206.0
86,A10023897,2450790,20940,0,0,0,4031580,5974671,19438510,0,5990900,202206.0
87,A13805001,10475170,0,0,0,-7664000,7664000,6281365,17680170,2598130,0,202206.0
88,A13883601,-24550,3552920,0,0,0,3465000,764620,11772180,120440,0,202206.0
89,A13805002,33596430,0,0,0,0,84661670,80048848,256474280,14386590,110908850,202206.0
90,A13883602,3719970,0,0,0,0,15557200,4292627,29467060,-3280,17672640,202206.0
91,A13805003,,,,,,,,,,,202206.0
92,A10026209,,,,,,,,,,,202206.0
93,A13813008,14602210,0,0,0,-10504000,10504000,-386180,31583810,-4950,14838010,202206.0
94,A13813003,0,0,0,0,0,0,1076020,8420290,92200,0,202206.0
95,A13813002,0,0,0,0,0,0,628280,8105910,0,0,202206.0
96,A13813010,9620000,0,0,0,1362,23138398,14368750,48011660,681550,20030820,202206.0
97,A13813005,176032,0,0,0,0,4950266,2587820,10290270,48560,5281650,202206.0
98,A13813006,2277090,0,0,0,2792000,2792000,2321930,8298120,1284590,4457130,202206.0
99,A13886009,2704640,0,2770,0,0,10680000,4127876,18257380,114220,8317130,202206.0
100,A13813004,256900,0,0,0,0,3603600,1710490,7886290,1186500,3198810,202206.0
101,A13873701,0,0,7790,0,0,0,793370,0,1559780,0,202206.0
102,A10026734,0,0,0,8722710,0,0,2739752,16660720,294300,8195770,202206.0
103,A10025657,0,0,0,0,0,0,14622792,0,4904650,0,202206.0
104,A10026249,0,0,12824320,0,0,0,3646008,22313400,0,11732540,202206.0
105,A10026362,0,0,0,0,0,0,2338690,13842950,833030,3705360,202206.0
106,A10023333,,,,,,,,,,,202206.0
107,A13881401,0,0,16720,0,0,0,2518940,0,0,0,202206.0
108,A13811203,1698300,138180,0,0,0,4995480,2466240,0,1777770,7806580,202206.0
109,A13881601,0,0,920,0,0,0,1217620,10559300,0,0,202206.0
110,A13811205,2497990,0,0,0,0,4532400,4028550,0,274290,10205020,202206.0
111,A13881302,0,0,19130,0,0,0,2258736,11162120,0,0,202206.0
112,A13811204,883030,152330,0,0,0,4813200,175320,10147780,617630,4714780,202206.0
113,A13811202,9426720,32460,3167240,0,-5898360,5898360,8968961,21308850,106300,10617770,202206.0
114,A13811206,3045850,766100,0,0,0,13880300,1077243,20176340,0,10827110,202206.0
115,A13811001,6661220,0,0,0,136110,0,10613205,0,403410,0,202206.0
116,A13881603,2382606,0,0,0,-246,6476540,915535,19691930,213630,10282020,202206.0
117,A10024655,,,,,,,,,,,202206.0
118,A10023887,34743850,892660,0,0,-24376560,24242400,43733385,83269175,4418730,26685040,202206.0
119,A10024085,0,0,0,0,0,6575510,2832430,34525120,0,9310210,202206.0
120,A10025284,,,,,,,,,,,202206.0
121,A10024492,8823120,0,0,0,-6447060,6407910,5406440,13539300,88490,7883360,202206.0
122,A10023922,5526010,91030,-1203890,1184950,0,8473490,14127370,43291420,266970,12292110,202206.0
123,A10023927,14785250,0,-1090000,1071750,-9705300,9667050,7829490,40657700,-373490,12780570,202206.0
124,A10024152,7134290,270460,0,0,0,19345000,14469530,50241450,1340240,21522940,202206.0
125,A10024787,6531210,125630,0,0,0,9169400,9284190,47852040,0,20689410,202206.0
126,A10024197,2150020,38400,0,0,0,4432800,3326690,13473510,440,6901250,202206.0
127,A10024577,24900,8450,0,0,0,11258190,5750256,33616485,2099400,13814180,202206.0
128,A13812004,0,0,59150,0,0,0,3334620,8645330,143890,4802050,202206.0
129,A13881701,0,0,0,0,0,0,5095400,25701670,2093340,15829430,202206.0
130,A13812003,0,0,0,0,0,0,15919160,0,4393400,0,202206.0
131,A13812001,0,0,0,0,0,0,779800,7251980,-20,3609850,202206.0
132,A13812002,-330190,330190,0,0,0,0,-421290,10055840,0,3795480,202206.0
133,A13812005,0,0,0,0,0,0,9947986,28391670,0,19036620,202206.0
134,A10026961,,,,,,,,,,,202206.0
135,A10026717,,,,,,,,,,,202206.0
