,kaptCode,heatC,heatP,gasC,gasP,waterHotC,waterHotP,electC,electP,waterCoolC,waterCoolP,Date
0,A13822002,18419800,94305820,0,24385040,0,72604000,56695096,154190270,700460,76668280,202210.0
1,A13822004,53221800,121498890,0,0,0,148189500,101957468,246856500,553700,123198300,202210.0
2,A13886701,1597070,7126790,0,0,-560,6828050,3178730,11935500,170200,5349270,202210.0
3,A13879102,107740100,42172370,0,0,-82259730,82192110,25880554,150992627,16005340,0,202210.0
4,A13822902,9910020,0,0,0,15012900,0,24347210,0,4167250,0,202210.0
5,A13822702,103860710,103860600,0,0,38762520,38762520,61766560,66014060,37220020,37190020,202210.0
6,A13822003,29452750,180961200,0,0,0,81375000,82321506,233284120,6498030,107647720,202210.0
7,A13822701,20296670,61270580,0,0,0,21182850,20888160,75543970,1298580,25753380,202210.0
8,A13822001,3832560,0,0,0,0,0,7029206,0,7754840,0,202210.0
9,A10023599,0,0,0,0,0,0,4426500,2787730,1647070,2716450,202210.0
10,A13824005,32171525,77567560,0,0,0,44948000,23090838,143720050,1825920,0,202210.0
11,A13824006,55023850,132825280,0,0,0,182542500,124091830,303404620,0,142065740,202210.0
12,A13824003,9808492,0,0,0,5544000,0,11524809,0,960050,0,202210.0
13,A13872504,0,0,0,0,0,0,6975100,0,0,0,202210.0
14,A13804206,0,0,19970,0,0,0,7425320,33214620,980390,0,202210.0
15,A13887302,0,0,0,0,0,0,0,28691100,483220,15228940,202210.0
16,A13887301,1045650,3083610,0,0,0,4349060,2039040,8666440,1554850,2333200,202210.0
17,A13887405,2815010,10748900,0,0,0,16387910,6151485,17950540,322100,6229140,202210.0
18,A13804002,0,0,0,0,0,0,4590300,15943980,29930,9605430,202210.0
19,A13804003,0,0,0,0,0,0,19994400,0,0,0,202210.0
20,A13887702,4013890,4986190,-400740,397600,0,5065400,2810170,9508670,0,0,202210.0
21,A13887403,1546540,3557500,0,0,0,8383920,4408113,11386460,0,4930210,202210.0
22,A13804001,10406290,6896430,0,0,-7141500,7141500,1548920,13634000,473500,6707350,202210.0
23,A13804004,27653800,0,0,0,0,13778500,3194970,22841390,2105870,10737100,202210.0
24,A13887901,0,0,0,0,0,0,2007994,7638140,228910,3467580,202210.0
25,A10025467,,,,,,,,,,,202210.0
26,A10026804,,,,,,,,,,,202210.0
27,A10025185,3833020,18469320,0,4337160,0,0,8384690,33419530,4797710,11282090,202210.0
28,A13885306,3433100,22509280,0,0,0,19220000,15233553,34130760,4085070,15732420,202210.0
29,A13817001,4029260,6997410,0,0,1631920,21607070,12059466,39673310,0,16593130,202210.0
30,A13877501,6837334,14608836,0,0,0,30376500,16241790,36347590,854450,13041540,202210.0
31,A13885304,7092810,16780500,0,0,0,19146100,3597571,32995320,100000,0,202210.0
32,A13885301,0,0,0,0,0,0,2129830,8032960,0,0,202210.0
33,A13885102,3523640,10669200,0,0,0,10496000,6316110,20708110,1711580,0,202210.0
34,A13885303,2651100,12024380,0,0,0,7737120,3955350,16717750,2291730,0,202210.0
35,A13817101,17570,0,0,0,0,0,2792060,0,0,0,202210.0
36,A10028083,,,,,,,,,,,202210.0
37,A10025460,,,,,,,,,,,202210.0
38,A13819001,0,0,0,0,0,0,4565310,13372630,0,8504910,202210.0
39,A13880806,23015020,34542650,0,0,0,49020000,19628020,68467010,143460,31697680,202210.0
40,A13880407,8248290,9958730,0,0,0,26901800,9390990,27969530,0,18370970,202210.0
41,A13881103,15411660,0,0,0,-11792000,11792000,3151820,25743030,905630,11769700,202210.0
42,A13880701,318840,6774250,0,0,-8018000,8018000,4437334,12411000,60350,0,202210.0
43,A13816101,0,0,0,0,0,0,2293134,8408420,0,4503560,202210.0
44,A13816202,-2956770,24629400,-902310,902310,0,16604000,5241089,20915700,1930530,0,202210.0
45,A13816001,,,,,,,,,,,202210.0
46,A13880406,3220630,13764810,0,0,0,10073910,6144080,20929580,0,12582570,202210.0
47,A13881005,6175670,10911200,0,0,0,29940000,13700680,36956770,262150,17187880,202210.0
48,A13881204,4452450,16907520,0,0,0,18022550,8670556,29109890,0,14102540,202210.0
49,A13816002,3207990,6658450,0,0,0,6897160,7271505,12089860,710,5571700,202210.0
50,A13880603,-52430,12241920,-351740,351740,0,4160000,2224510,10470420,645110,4371760,202210.0
51,A13880602,0,0,0,0,0,0,1350040,6052700,0,0,202210.0
52,A13880105,911380,0,0,0,0,0,1030670,20329710,78230,10189060,202210.0
53,A13880204,2250710,5668590,0,0,0,11832000,5187480,16068280,664500,0,202210.0
54,A13895502,0,0,0,0,0,0,11947743,0,4238100,0,202210.0
55,A13880201,0,0,0,0,0,0,1630040,5736990,0,0,202210.0
56,A10025850,77179750,72159310,0,0,0,179351990,113944216,468426630,2492030,140680490,202210.0
57,A13820006,12301290,62466230,0,12660040,0,47817600,25396420,94066100,0,37364790,202210.0
58,A13820001,0,0,0,0,0,0,1285540,7249040,218110,2961340,202210.0
59,A13820002,0,0,0,0,0,0,1045660,5947510,20,6087280,202210.0
60,A13820004,6213110,7129090,0,0,-24000,11748000,5516490,18554270,71000,0,202210.0
61,A13820201,9919648,121810157,0,15798660,-35542800,184384141,44961832,174642670,38256620,73555310,202210.0
62,A13820007,2929550,17356250,0,0,4102620,13540000,1243360,23842100,13330,0,202210.0
63,A13882402,0,0,0,0,0,0,1532470,9699980,290300,4520490,202210.0
64,A13882401,0,0,0,0,0,0,2354050,5015410,-860,3401180,202210.0
65,A13820005,13629420,8970500,0,0,-12042200,12042200,261540,26019920,2852100,0,202210.0
66,A10027346,7304540,9825510,0,0,0,26670300,22059640,46254650,375000,12775950,202210.0
67,A13821001,0,0,0,0,0,0,7680,7719260,53600,3480650,202210.0
68,A13821004,231580,0,0,0,0,0,5175347,17448130,393820,9565700,202210.0
69,A13821002,0,0,0,0,0,0,4270200,11936350,18160,6307080,202210.0
70,A13876112,38400,0,0,0,0,0,564550,9799100,0,4047790,202210.0
71,A13876110,0,0,0,0,0,0,7133740,25344000,0,12767190,202210.0
72,A13821007,0,0,0,0,0,0,5142970,18231530,423830,11034050,202210.0
73,A13876113,9354910,4677080,0,0,0,21204000,15397400,36717320,0,18555430,202210.0
74,A13876109,0,0,0,0,0,0,3646211,10747650,139950,5954960,202210.0
75,A13821003,0,0,0,0,0,0,1219690,17067400,40700,7494070,202210.0
76,A13876111,0,0,0,0,0,0,2562490,8529120,980680,4626050,202210.0
77,A13876114,9877090,14060540,0,0,0,38774820,21428156,65996310,0,34499620,202210.0
78,A13876108,0,0,0,0,0,0,6895740,20792170,649620,10757950,202210.0
79,A13821006,0,0,0,0,0,0,5986425,16718800,2007950,8482390,202210.0
80,A13821005,0,0,0,0,0,0,4168409,15313910,49480,8950170,202210.0
81,A10028086,4275220,6438400,0,0,0,15023580,15008285,33543000,0,11238490,202210.0
82,A10026682,18356180,8409720,0,0,0,40191710,14243650,51898570,182590,29325480,202210.0
83,A10027632,3047360,4135090,0,0,0,9143200,7535210,20446860,0,7566080,202210.0
84,A10027553,3931910,8737350,0,0,0,11420040,12564400,28303740,306110,9572150,202210.0
85,A10027461,17460,3932450,3320,0,11540,13123130,10683530,29765560,209760,10289860,202210.0
86,A10023897,0,2034290,0,0,0,7180350,5445915,21435290,0,6043570,202210.0
87,A13805001,17157980,13426190,0,0,-8656000,8656000,8387572,16648270,2346350,0,202210.0
88,A13883601,-31930,13094760,0,0,0,3944500,1126550,11772440,113990,0,202210.0
89,A13805002,57799568,87241510,0,0,0,213131620,97794080,216652440,23574930,105715920,202210.0
90,A13883602,3720100,14045530,0,0,0,15040400,5725835,29128170,-4450,19092650,202210.0
91,A13805003,,,,,,,,,,,202210.0
92,A10026209,,,,,,,,,,,202210.0
93,A13813008,16512170,24354770,0,0,-11180000,11180000,3368250,30329340,-210,14655620,202210.0
94,A13813003,0,0,0,0,0,0,1091180,8590460,971750,0,202210.0
95,A13813002,0,0,0,0,0,0,1209210,7407640,0,0,202210.0
96,A13813010,9620027,53761993,0,0,0,26115600,18083040,48657680,683340,20859730,202210.0
97,A13813005,559132,6458230,0,0,0,5769096,3635104,11341600,14890,5652520,202210.0
98,A13813006,11023210,0,0,0,0,3808000,2756830,7871580,748910,4230560,202210.0
99,A13886009,2704840,11357390,14790,0,0,11012000,4021082,18921640,179500,9705120,202210.0
100,A13813004,486400,4510450,0,0,0,5695950,2354076,7751600,968490,3425760,202210.0
101,A13873701,0,0,1920,0,0,0,722340,0,1504260,0,202210.0
102,A10026734,0,0,0,16848650,0,0,3961815,16553670,404060,7956440,202210.0
103,A10025657,0,0,0,0,0,0,1420418,13302290,234640,4303150,202210.0
104,A10026249,0,0,23470100,0,0,0,4354498,24603390,0,11661890,202210.0
105,A10026362,0,0,0,0,0,0,3604340,14070390,1034290,3294990,202210.0
106,A10023333,,,,,,,,,,,202210.0
107,A13881401,0,0,9590,0,0,0,2372430,0,0,0,202210.0
108,A13811203,5275720,5997450,0,0,0,8052370,2482380,0,997210,7775370,202210.0
109,A13881601,0,0,0,0,0,0,1303200,11406470,0,0,202210.0
110,A13811205,2586220,11809200,0,0,0,6543500,3941530,0,161290,10170840,202210.0
111,A13881302,0,0,56880,0,0,0,2189720,12073740,0,0,202210.0
112,A13811204,2538560,9158830,0,0,0,5075000,1684621,10453360,680140,4460940,202210.0
113,A13811202,18284180,10886000,3641770,0,-11602500,11602500,8729842,19293510,66610,10730840,202210.0
114,A13811206,3486170,19733640,0,0,0,14524250,2108377,22493370,0,11357220,202210.0
115,A13811001,11000607,0,0,0,8919300,0,11802657,0,107323,0,202210.0
116,A13881603,13375700,0,0,0,8256500,0,22854686,0,11108700,0,202210.0
117,A10024655,,,,,,,,,,,202210.0
118,A10023887,54239890,16058860,0,0,-43012840,43012840,27537187,82156050,6034380,28287820,202210.0
119,A10024085,22403890,0,0,0,0,0,38613430,0,9823340,0,202210.0
120,A10025284,,,,,,,,,,,202210.0
121,A10024492,16198170,3190690,0,0,-12744180,12627360,4821442,10457220,73560,7855900,202210.0
122,A10023922,6640920,7853800,-1132780,1115380,0,16632900,16918110,43304590,297960,12836090,202210.0
123,A10023927,6748510,6325920,-1020890,1000730,0,17784000,10064152,42007170,271780,12469570,202210.0
124,A10024152,14810470,8654130,0,0,0,22532000,8835161,49846660,172990,21501460,202210.0
125,A10024787,6936510,9228350,0,0,0,17674350,11979018,50848630,0,19257690,202210.0
126,A10024197,2894870,1953330,0,0,0,7862400,5776310,13559200,-50,6623440,202210.0
127,A10024577,17750,4983300,0,0,0,22977560,3457290,28532180,945890,13580830,202210.0
128,A13812004,0,0,5810,0,0,0,2927750,8627960,78010,4738370,202210.0
129,A13881701,0,0,0,0,0,0,5178900,27271930,1778660,14550230,202210.0
130,A13812003,0,0,0,0,0,0,13846010,0,4619770,0,202210.0
131,A13812001,0,0,0,0,0,0,984590,7408640,-100,3268820,202210.0
132,A13812002,-314300,314300,0,0,0,0,772370,8933250,0,3817650,202210.0
133,A13812005,0,0,0,0,0,0,11978303,28732600,0,17642310,202210.0
134,A10026961,,,,,,,,,,,202210.0
135,A10026717,,,,,,,,,,,202210.0
