,kaptCode,heatC,heatP,gasC,gasP,waterHotC,waterHotP,electC,electP,waterCoolC,waterCoolP,Date
0,A13822002,18214840,554215460,0,25718110,0,109796000,99180667,169815150,0,72838215,202212.0
1,A13822004,77277540,776315510,0,0,0,237292000,165389478,281539320,636260,121387100,202212.0
2,A13886701,1597080,48572990,0,0,40,9680930,4292340,13061090,107270,4458440,202212.0
3,A13879102,205028640,523462640,0,0,-96103200,96034200,42488952,203929864,10433950,0,202212.0
4,A13822902,68228130,0,0,0,18087300,0,35826000,0,4405125,0,202212.0
5,A13822702,442785490,442785906,0,0,47556500,47556500,70378240,74603240,35272200,35242200,202212.0
6,A13822003,47829070,871206420,0,0,0,162696550,112705371,258206720,8374300,107257910,202212.0
7,A13822701,44635970,277463520,0,0,0,36708840,41308360,84825120,1481710,26467830,202212.0
8,A13822001,14921960,380183700,0,0,0,98467600,37538980,165237410,3781260,52471680,202212.0
9,A10023599,0,0,0,0,0,0,7224000,3198530,1632990,1303050,202212.0
10,A13824005,120438548,577747330,0,0,0,64656000,49893221,181815420,2136070,0,202212.0
11,A13824006,110429020,951504260,0,0,0,229955170,111819149,310797630,0,139249320,202212.0
12,A13824003,46326081,0,0,0,6503000,0,14021058,0,1360750,0,202212.0
13,A13872504,0,0,33650,0,0,0,10074850,0,0,0,202212.0
14,A13804206,0,0,276580,0,0,0,11117120,37052480,138880,0,202212.0
15,A13887302,0,0,0,0,0,0,323740,31158440,561320,14379740,202212.0
16,A13887301,1045650,24837830,0,0,0,7203080,2943220,9647760,1805730,1983200,202212.0
17,A13887405,2814950,73919130,0,0,-150,23264970,8010034,19436580,318610,5981330,202212.0
18,A13804002,0,0,0,0,0,0,6032220,18426150,29770,8942640,202212.0
19,A13804003,0,0,0,0,0,0,22848160,16380250,0,0,202212.0
20,A13887702,11638280,33734800,-407330,407330,0,6359700,6828060,13138110,191910,0,202212.0
21,A13887403,1546540,41925750,0,0,0,13488420,5203290,12869740,0,4402270,202212.0
22,A13804001,16580110,42668500,0,0,-9099000,9099000,1320100,16418040,976270,6778870,202212.0
23,A13804004,129692170,0,0,0,0,17786250,5973410,23669470,638010,9713390,202212.0
24,A13887901,0,0,0,0,0,0,3390561,8429680,202970,3443780,202212.0
25,A10025467,,,,,,,,,,,202212.0
26,A10026804,,,,,,,,,,,202212.0
27,A10025185,5603920,76160960,0,4500220,0,0,11295735,38358410,1444620,11285130,202212.0
28,A13885306,-616380,145731990,0,0,0,26379000,27422474,52073150,5728230,12484240,202212.0
29,A13817001,4173300,77119930,0,0,2389530,31105700,17177309,43096590,0,15756950,202212.0
30,A13877501,17012286,117561411,0,0,0,44786940,24336747,42537590,1764010,11185260,202212.0
31,A13885304,14382980,109353780,0,0,0,24629000,12396660,39257090,100000,0,202212.0
32,A13885301,0,0,0,0,0,0,12924040,0,0,0,202212.0
33,A13885102,3523640,85527030,0,0,0,15329900,8226430,26874120,2693000,0,202212.0
34,A13885303,2650860,76386230,0,0,0,9834580,7381640,21725110,2634480,0,202212.0
35,A13817101,125760,0,0,0,0,0,3442280,0,0,0,202212.0
36,A10028083,,,,,,,,,,,202212.0
37,A10025460,,,,,,,,,,,202212.0
38,A13819001,0,0,0,0,0,0,4664570,15781430,0,7254050,202212.0
39,A13880806,21591390,295821270,0,0,0,57345000,22038373,73244420,2526480,25714900,202212.0
40,A13880407,16507040,102399920,0,0,0,33725160,11082470,31692870,0,17431580,202212.0
41,A13881103,20111790,90535020,0,0,-16492000,16492000,8049210,36447850,922220,12160790,202212.0
42,A13880701,1279460,43868160,0,0,-11985000,11985000,6442674,14732030,78200,0,202212.0
43,A13816101,0,0,0,0,0,0,2506138,9935960,0,4508960,202212.0
44,A13816202,-5710050,116215930,-824570,824570,4865000,22687000,16376086,27681320,6072300,0,202212.0
45,A13816001,,,,,,,,,,,202212.0
46,A13880406,3220630,89331840,0,0,0,10376140,10182130,28438820,0,12418020,202212.0
47,A13881005,8023640,106233300,0,0,0,46674000,14106840,40319210,257930,17176980,202212.0
48,A13881204,4770460,93538900,0,0,0,25083670,17635890,40528750,0,13823050,202212.0
49,A13816002,3905610,47608660,0,0,0,11539320,9034441,13430330,2560,5477120,202212.0
50,A13880603,-422670,48422400,-374650,374650,0,5600000,3677790,13680050,264250,4296500,202212.0
51,A13880602,0,0,0,0,0,0,8977600,0,0,0,202212.0
52,A13880105,1578430,0,0,0,0,0,2053940,22437730,43630,9452380,202212.0
53,A13880204,2250790,54342490,0,0,0,15642000,7656460,20036720,664500,0,202212.0
54,A13895502,0,0,0,0,0,0,12579020,0,4391230,0,202212.0
55,A13880201,0,0,0,0,0,0,2220290,6626050,0,0,202212.0
56,A10025850,98742890,726093510,0,0,0,317019780,186791293,490397680,1841810,141560890,202212.0
57,A13820006,12267690,338538520,0,11897290,0,75030000,38200820,106090190,0,32176540,202212.0
58,A13820001,0,0,0,0,0,0,1727760,9064000,161090,3070990,202212.0
59,A13820002,0,0,0,0,0,0,791290,7370230,0,6153170,202212.0
60,A13820004,16080400,73909910,0,0,-31200,18148000,9055230,25009190,60920,0,202212.0
61,A13820201,151410804,725009692,0,16302110,-30193200,170214165,49623629,183705840,16862640,62667280,202212.0
62,A13820007,2929550,83526270,0,0,3814040,24254030,2285290,26549190,25480,0,202212.0
63,A13882402,393900,0,0,0,0,0,13735320,0,3857590,0,202212.0
64,A13882401,0,0,0,0,0,0,3134720,5890020,-360,3400680,202212.0
65,A13820005,16301870,78313500,0,0,-15070800,15070800,479380,34604290,3569400,0,202212.0
66,A10027346,10183790,82797870,0,0,0,45775850,25203840,48665980,375000,9503570,202212.0
67,A13821001,0,0,0,0,0,0,66200,9518430,0,3350200,202212.0
68,A13821004,1063570,0,0,0,0,0,5604777,21621280,527180,9377400,202212.0
69,A13821002,0,0,0,0,0,0,4914420,14351780,121320,6293840,202212.0
70,A13876112,310060,0,0,0,0,0,548610,11341800,0,4171150,202212.0
71,A13876110,0,0,0,0,0,0,7756090,25615880,0,12762500,202212.0
72,A13821007,0,0,0,0,0,0,5716430,18495990,-287080,10349570,202212.0
73,A13876113,14871050,47615400,0,0,0,42022200,18796550,40299170,189160,17664990,202212.0
74,A13876109,0,0,0,0,0,0,4494284,13168600,203680,6060270,202212.0
75,A13821003,0,0,0,0,0,0,1222000,20404130,217900,7611140,202212.0
76,A13876111,0,0,0,0,0,0,3182700,10040290,1116160,4727440,202212.0
77,A13876114,14772100,123714160,0,0,0,66378600,29948536,72863850,0,35889510,202212.0
78,A13876108,0,0,0,0,0,0,7839005,25242210,1044480,10809540,202212.0
79,A13821006,0,0,0,0,0,0,7606029,19899410,1397420,9141480,202212.0
80,A13821005,0,0,0,0,0,0,6979573,18289890,49130,8395910,202212.0
81,A10028086,4379920,59330350,0,0,-104700,20043000,21363949,37405370,0,10765010,202212.0
82,A10026682,18852300,91096110,0,0,0,75897970,15707370,51391510,167400,28467800,202212.0
83,A10027632,3281380,43143460,0,0,0,15176000,10156800,20529340,0,7760690,202212.0
84,A10027553,5925680,52327920,0,0,0,16354000,15148750,30001500,77050,9011910,202212.0
85,A10027461,397430,56610060,5500,0,42810,23659110,14362760,32865280,122670,9222200,202212.0
86,A10023897,2450790,29161420,0,0,0,13767220,8055398,20396030,0,6283640,202212.0
87,A13805001,20889850,89856500,0,0,-15640000,15640000,11668258,21820990,1280530,0,202212.0
88,A13883601,-113740,66412640,0,0,0,4784500,3793324,13297390,119020,0,202212.0
89,A13805002,231300060,782726240,0,0,0,334430760,166237812,253927690,16769210,105509740,202212.0
90,A13883602,3720130,97647080,0,0,0,26855100,9000193,34230330,-3650,18076980,202212.0
91,A13805003,,,,,,,,,,,202212.0
92,A10026209,,,,,,,,,,,202212.0
93,A13813008,26235320,126461220,0,0,-15800000,15800000,6212870,35774050,-720,14152110,202212.0
94,A13813003,0,0,0,0,0,0,11947410,0,1086350,0,202212.0
95,A13813002,0,0,0,0,0,0,98500,10876060,0,0,202212.0
96,A13813010,9450814,277731206,0,0,0,32898600,34749310,55512000,681050,18390830,202212.0
97,A13813005,2446012,41263170,0,0,0,6815196,7061555,16698150,45340,4990820,202212.0
98,A13813006,36741090,0,0,0,0,5300000,6151370,9305280,949820,3812460,202212.0
99,A13886009,2704790,66073100,153190,0,0,17279600,7150559,22402800,290400,8724790,202212.0
100,A13813004,248920,32037670,0,0,0,7219950,6006874,9896600,1304020,2929420,202212.0
101,A13873701,0,0,89480,0,0,0,1275510,0,1418980,0,202212.0
102,A10026734,0,0,0,48371180,0,0,6423093,18407540,403560,7690790,202212.0
103,A10025657,0,0,0,0,0,0,4859856,14145890,165390,4372400,202212.0
104,A10026249,0,0,65858880,0,0,0,5750382,25739490,0,11005960,202212.0
105,A10026362,0,0,0,0,0,0,5173784,13906370,943140,3630890,202212.0
106,A10023333,,,,,,,,,,,202212.0
107,A13881401,0,0,91360,0,0,0,2825230,0,0,0,202212.0
108,A13811203,9900890,39615750,0,0,0,14411880,4013890,0,565470,7690350,202212.0
109,A13881601,0,0,104880,0,0,0,1887680,12557760,0,0,202212.0
110,A13811205,2640200,65842560,0,0,0,7102500,6698460,0,651860,9357840,202212.0
111,A13881302,0,0,431140,0,0,0,3121558,12831370,0,0,202212.0
112,A13811204,3048380,47562100,0,0,-279260,7087500,3865370,11903760,447260,3678840,202212.0
113,A13811202,25289300,84610900,4021740,0,-18747400,18747400,13759626,23344580,378200,10302580,202212.0
114,A13811206,4517450,93232990,5040,0,0,16450000,3962321,23205880,0,9780050,202212.0
115,A13811001,50796693,0,0,0,13711500,0,14904107,0,121117,0,202212.0
116,A13881603,6918410,60432050,0,0,0,10636500,3724230,22488890,291530,9424930,202212.0
117,A10024655,,,,,,,,,,,202212.0
118,A10023887,88013693,133730940,0,0,-57491500,57491500,64699800,86506407,5075470,26646820,202212.0
119,A10024085,67883170,0,0,0,0,0,44262590,0,9554750,0,202212.0
120,A10025284,,,,,,,,,,,202212.0
121,A10024492,6362370,22150510,0,0,0,20081480,7491392,12321000,27230,7551470,202212.0
122,A10023922,9949970,57482590,-1213870,1190730,0,25943740,26729460,46655770,306520,12473510,202212.0
123,A10023927,9755700,53537950,-1120910,1098670,0,25731000,18405632,46214220,282260,12022690,202212.0
124,A10024152,13164970,89450980,0,0,0,41641500,7713410,58503960,369840,21396650,202212.0
125,A10024787,7583310,78860830,0,0,0,28778400,14512945,51643630,483040,19138930,202212.0
126,A10024197,4044030,21174360,0,0,0,15412980,7258040,14579770,-650,6525520,202212.0
127,A10024577,4916176,42013470,0,0,0,30251000,7503187,33013590,0,13435460,202212.0
128,A13812004,0,0,117440,0,0,0,4759250,9551370,325780,4451730,202212.0
129,A13881701,0,0,0,0,0,0,6152490,29351200,1233700,14065540,202212.0
130,A13812003,0,0,0,0,0,0,17835210,0,4327570,0,202212.0
131,A13812001,0,0,0,0,0,0,645080,9104460,-210,3283890,202212.0
132,A13812002,-303680,303680,0,0,0,0,1957200,9853290,0,3530150,202212.0
133,A13812005,0,0,0,0,0,0,11215451,32383120,0,18013850,202212.0
134,A10026961,,,,,,,,,,,202212.0
135,A10026717,,,,,,,,,,,202212.0
