,kaptCode,heatC,heatP,gasC,gasP,waterHotC,waterHotP,electC,electP,waterCoolC,waterCoolP,Date
0,A13822002,18435390,58952650,0,21213930,0,89421500,57159708,150677530,1430120,75911400,202204.0
1,A13822004,60778910,78396030,0,0,0,154308000,85032895,221705150,1514040,132454770,202204.0
2,A13886701,1597120,3346940,0,0,470,9627460,3165000,11649410,6590,5251740,202204.0
3,A13879102,163363380,0,0,0,0,0,197452580,0,15693610,0,202204.0
4,A13822902,13882350,0,0,0,13279500,0,24621520,0,6442650,0,202204.0
5,A13822702,-100,62540820,0,0,0,50729960,16070154,62865740,0,37873490,202204.0
6,A13822003,28593300,143798190,0,0,0,83745740,68472119,205791790,6535680,110128050,202204.0
7,A13822701,16029806,45798144,0,0,0,25672140,24472980,75557870,2812860,26405330,202204.0
8,A13822001,10610750,46495240,0,0,0,66195500,12293261,136121240,4260300,53675300,202204.0
9,A10023599,,,,,,,,,,,202204.0
10,A13824005,29299351,61294130,0,0,0,79716000,22400027,145781340,3645095,0,202204.0
11,A13824006,52386452,110863640,0,0,0,162316000,120756039,294863980,0,138898390,202204.0
12,A13824003,5041488,0,0,0,6489000,0,11425152,0,1104575,0,202204.0
13,A13872504,0,0,13040,0,0,0,6396630,0,0,0,202204.0
14,A13804206,0,0,182440,0,0,0,6154820,29236680,35920,0,202204.0
15,A13887302,0,0,0,0,0,0,0,34314420,975250,15154690,202204.0
16,A13887301,1045650,2263350,0,0,0,4225470,2273580,8663930,1930660,2229140,202204.0
17,A13887405,2814970,8311310,0,0,0,15758610,6024040,17914670,314420,7256730,202204.0
18,A13804002,0,0,0,0,0,0,4384350,13916730,30450,9301570,202204.0
19,A13804003,0,0,0,0,0,0,5255420,14603190,0,0,202204.0
20,A13887702,3422300,2662900,-406640,406640,0,6708000,2989150,9680010,1254130,0,202204.0
21,A13887403,1546540,3595890,0,0,0,8134500,3814710,9711130,0,4542630,202204.0
22,A13804001,10426990,4561440,0,0,-7377800,7377800,1546060,13097770,101430,6774480,202204.0
23,A13804004,21531000,0,0,0,0,20884500,4135380,21294440,4244040,9171430,202204.0
24,A13887901,0,0,0,0,0,0,2803088,7691410,0,3829420,202204.0
25,A10025467,,,,,,,,,,,202204.0
26,A10026804,,,,,,,,,,,202204.0
27,A10025185,4081790,18960110,0,3836680,0,0,8975167,29746990,1227760,11099240,202204.0
28,A13885306,1659110,21770000,0,0,0,20956000,15794475,36103740,4953320,13602390,202204.0
29,A13817001,4029260,6194550,0,0,1725500,20487020,11920491,35314040,0,16282940,202204.0
30,A13877501,5943538,13812192,0,0,0,27599880,13112380,33373340,652250,12163620,202204.0
31,A13885304,6780530,18655420,0,0,0,14373960,4151018,33438600,100000,0,202204.0
32,A13885301,0,0,0,0,0,0,2202230,7634020,0,0,202204.0
33,A13885102,3523640,9399420,0,0,0,13542300,6599520,20800560,6650380,0,202204.0
34,A13885303,2651040,6638030,0,0,0,9595780,5082620,17727320,3003520,0,202204.0
35,A13817101,128480,0,0,0,0,0,2586070,0,0,0,202204.0
36,A10028083,,,,,,,,,,,202204.0
37,A10025460,,,,,,,,,,,202204.0
38,A13819001,0,0,0,0,0,0,4603860,12908700,7471260,7471260,202204.0
39,A13880806,7182860,29428080,0,0,0,63810000,19502520,69825980,1184290,29875120,202204.0
40,A13880407,3870240,10944430,0,0,0,22637880,9141250,27512280,170650,18400520,202204.0
41,A13881103,18023610,7078440,0,0,-14404000,14404000,4253340,25885600,864680,12158610,202204.0
42,A13880701,346420,3565120,0,0,-9868000,9660000,2416268,12222160,99150,0,202204.0
43,A13816101,0,0,0,0,0,0,2456631,8569730,0,4462370,202204.0
44,A13816202,-6218130,25284520,-923840,923840,0,19677000,6943123,20076111,4580530,0,202204.0
45,A13816001,,,,,,,,,,,202204.0
46,A13880406,3220630,13731290,0,0,0,8197600,7967190,19691510,0,11965670,202204.0
47,A13881005,5328310,12185170,0,0,0,28042080,12571450,32354560,396730,20811350,202204.0
48,A13881204,4452450,10781400,0,0,0,16383680,7518952,24967170,0,15566420,202204.0
49,A13816002,2946190,5107040,0,0,0,6415500,7510986,10839060,-1500,6255540,202204.0
50,A13880603,-37430,7621120,-341810,341810,0,5080000,1843620,9014740,130830,4456730,202204.0
51,A13880602,0,0,0,0,0,0,1712860,5409780,0,0,202204.0
52,A13880105,556620,0,0,0,0,0,1332730,20285070,157220,10633640,202204.0
53,A13880204,2250830,4841420,0,0,0,12633120,5269730,16378980,575900,0,202204.0
54,A13895502,0,0,0,0,0,0,12376893,0,4538310,0,202204.0
55,A13880201,0,0,0,0,0,0,1480370,5165000,0,0,202204.0
56,A10025850,71799380,52760810,0,0,175092960,174457920,94970809,442367760,1869870,144629520,202204.0
57,A13820006,12267690,35006050,0,10594220,0,54009000,8350530,84993470,0,36326040,202204.0
58,A13820001,0,0,0,0,0,0,945220,6514790,213010,2872150,202204.0
59,A13820002,0,0,0,0,0,0,663920,6384820,-20,5959730,202204.0
60,A13820004,4557760,7870320,0,0,-28000,13500000,5589030,17900550,82900,0,202204.0
61,A13820201,116366419,23116586,-611340,13746670,98616720,442864,32310090,174270450,-11183590,86385880,202204.0
62,A13820007,2929550,7844560,0,0,5743790,19372000,1744770,20189720,24380,0,202204.0
63,A13882402,0,0,0,0,0,0,3021830,7938590,-451960,4791450,202204.0
64,A13882401,0,0,0,0,0,0,2588430,4905560,-2040,3212040,202204.0
65,A13820005,16001440,7281600,0,0,-12216600,12216600,2176009,21949090,3331800,0,202204.0
66,A10027346,8020640,6514220,0,0,0,27515820,13782620,40395690,375000,11168580,202204.0
67,A13821001,0,0,0,0,0,0,74860,6714180,0,3405840,202204.0
68,A13821004,615690,0,0,0,0,0,4855779,15185180,266530,9914480,202204.0
69,A13821002,0,0,0,0,0,0,3728040,10724150,59510,6426270,202204.0
70,A13876112,430700,0,0,0,0,0,362314,8967190,0,4089360,202204.0
71,A13876110,0,0,0,0,0,0,7783340,24807960,0,13049840,202204.0
72,A13821007,0,0,0,0,0,0,5159460,17154810,294680,11047050,202204.0
73,A13876113,6398720,3632360,0,0,0,25245720,12894630,31491650,5409150,18075960,202204.0
74,A13876109,0,0,0,0,0,0,1749962,10427580,192100,6151500,202204.0
75,A13821003,0,0,0,0,0,0,812060,15430410,1208210,7787610,202204.0
76,A13876111,0,0,0,0,0,0,2592730,7678690,728130,4637140,202204.0
77,A13876114,9312020,10097800,0,0,0,42096500,19081792,57347140,0,33036490,202204.0
78,A13876108,0,0,0,0,0,0,5179000,18187950,422780,10896010,202204.0
79,A13821006,0,0,0,0,0,0,5157180,14467800,1754900,9403860,202204.0
80,A13821005,0,0,0,0,0,0,3604250,13346960,47550,9072220,202204.0
81,A10028086,4275220,5186650,0,0,-12210,14617360,12035807,29131200,0,11858970,202204.0
82,A10026682,14889660,7316630,0,0,0,39018610,12734830,47895010,479860,29254830,202204.0
83,A10027632,3183820,2974930,0,0,0,9270000,8698630,19120350,0,7364420,202204.0
84,A10027553,3836460,5531800,0,0,0,11790700,9752480,24260070,108690,9694760,202204.0
85,A10027461,5780,3147920,0,0,4300,13938480,8251790,26524160,210000,10984150,202204.0
86,A10023897,2450790,2200150,0,0,0,7930710,5215385,19781160,0,5981290,202204.0
87,A13805001,14956920,10158070,0,0,-11116000,11116000,7812122,17611330,3731670,0,202204.0
88,A13883601,-24160,12872440,0,0,0,5047000,1167972,11393680,117060,0,202204.0
89,A13805002,78794960,60906410,0,0,0,174307700,77931101,188227880,4015340,125705270,202204.0
90,A13883602,3719200,10153890,0,0,0,18205800,5214686,25376090,170,18167170,202204.0
91,A13805003,,,,,,,,,,,202204.0
92,A10026209,,,,,,,,,,,202204.0
93,A13813008,20012160,14067100,0,0,-15196000,15196000,3122490,31494730,-1870,16417150,202204.0
94,A13813003,0,0,0,0,0,0,960190,8723670,61840,0,202204.0
95,A13813002,0,0,0,0,0,0,166190,9042290,0,0,202204.0
96,A13813010,9619944,39504206,0,0,0,27603200,19193010,48127310,684910,18549940,202204.0
97,A13813005,487222,3567770,0,0,0,6297096,3855930,9128970,38980,5115130,202204.0
98,A13813006,8404770,0,0,0,0,4032000,2747960,6589760,1391680,3845320,202204.0
99,A13886009,2705040,6672460,109980,0,0,14592000,5412409,17471230,367350,7447530,202204.0
100,A13813004,-252720,3032760,0,0,0,5669680,2928150,7578170,1679340,2809170,202204.0
101,A13873701,0,0,65460,0,0,0,701650,0,1704110,0,202204.0
102,A10026734,0,0,0,13184020,0,0,2100497,14264400,259860,8020610,202204.0
103,A10025657,0,0,0,0,0,0,13814270,0,4774040,0,202204.0
104,A10026249,0,0,18465310,0,0,0,3984700,23656140,0,11449590,202204.0
105,A10026362,0,0,0,0,0,0,2265700,14753600,387490,4025380,202204.0
106,A10023333,,,,,,,,,,,202204.0
107,A13881401,0,0,93640,0,0,0,2414950,0,0,0,202204.0
108,A13811203,2186410,4225160,0,0,0,9880640,2779300,0,1733090,7445830,202204.0
109,A13881601,0,0,39600,0,0,0,869510,12097630,0,0,202204.0
110,A13811205,2743410,10256000,0,0,0,5292800,4275860,0,237900,10592800,202204.0
111,A13881302,0,0,290720,0,0,0,2464580,12254870,0,0,202204.0
112,A13811204,1554950,7989560,0,0,0,5729000,1902588,9390060,485930,3963420,202204.0
113,A13811202,17188440,6458220,3116390,0,-13630500,13630500,8070718,16958250,244950,11300780,202204.0
114,A13811206,3898440,15358470,1180,0,0,15369250,2098454,19908820,0,9699100,202204.0
115,A13811001,10569540,0,0,0,7859319,0,12201024,0,194541,0,202204.0
116,A13881603,3267940,5633470,0,0,0,8238900,2807980,17752180,133310,10140660,202204.0
117,A10024655,,,,,,,,,,,202204.0
118,A10023887,49536180,14591610,0,0,-33026320,32580240,24429350,65867440,1848460,25146990,202204.0
119,A10024085,4488190,640200,0,700230,11118900,11052600,34736670,29809690,9404920,9405920,202204.0
120,A10025284,,,,,,,,,,,202204.0
121,A10024492,14717950,2386640,0,0,-11820240,11731320,3264140,14265840,131520,7849480,202204.0
122,A10023922,1786120,11846540,-822940,804930,0,17964180,2628190,40708490,42790,10324980,202204.0
123,A10023927,2351740,6451060,0,721600,0,16590500,3626860,33727620,4018710,10534360,202204.0
124,A10024152,10984900,4934900,0,0,0,30627000,8620230,50775270,0,22881040,202204.0
125,A10024787,6123747,7157670,0,0,0,19309900,12006697,48099740,0,19631310,202204.0
126,A10024197,2304200,1588140,0,0,0,7795200,3984550,12689050,-10,6845460,202204.0
127,A10024577,46650,3359850,0,0,0,19954750,2606578,24126040,1880680,13461090,202204.0
128,A13812004,0,0,6380,0,0,0,3065290,6794420,145520,4344530,202204.0
129,A13881701,0,0,0,0,0,0,5381530,28334430,0,15338260,202204.0
130,A13812003,0,0,0,0,0,0,13092500,0,5063580,0,202204.0
131,A13812001,0,0,0,0,0,0,309060,7951050,0,3393120,202204.0
132,A13812002,0,0,0,0,0,0,1668730,6667880,0,3732820,202204.0
133,A13812005,0,0,0,0,0,0,10197087,31042030,0,17894690,202204.0
134,A10026961,,,,,,,,,,,202204.0
135,A10026717,,,,,,,,,,,202204.0
