,kaptCode,heatC,heatP,gasC,gasP,waterHotC,waterHotP,electC,electP,waterCoolC,waterCoolP,Date
0,A13822002,18208850,309241570,0,22684640,0,111144000,99892515,160338720,1015220,77009310,202202.0
1,A13822004,79221570,410237540,0,0,0,209220200,105919798,215735490,880340,129996740,202202.0
2,A13886701,1597060,26684050,0,0,-360,11011270,3274050,12612540,165010,4888680,202202.0
3,A13879102,181063980,278824700,0,0,-113157000,113118000,36186953,209866490,14606560,0,202202.0
4,A13822902,51993300,0,0,0,16960500,0,32359630,0,5547190,0,202202.0
5,A13822702,266231490,266231712,0,0,56622880,56622880,64488240,68708240,37987400,37957400,202202.0
6,A13822003,31071010,540937600,0,0,0,100115000,77229980,197104970,4446620,103945110,202202.0
7,A13822701,29151144,163892516,0,0,0,36629460,37388140,86357670,2305820,25364340,202202.0
8,A13822001,28753160,210916170,0,0,0,92887800,29691310,129523090,4961870,49529880,202202.0
9,A10023599,,,,,,,,,,,202202.0
10,A13824005,77159020,332496580,0,0,0,85980000,42868425,174792950,3498805,0,202202.0
11,A13824006,84526060,559152000,0,0,0,194889050,126698364,311931060,0,148705510,202202.0
12,A13824003,25254139,0,0,0,7297500,0,12866188,0,1886545,0,202202.0
13,A13872504,0,0,102600,0,0,0,8348680,0,0,0,202202.0
14,A13804206,0,0,784140,0,0,0,7284610,29489880,1914320,0,202202.0
15,A13887302,0,0,0,0,0,0,0,38325050,1061160,15497650,202202.0
16,A13887301,1045650,15411320,0,0,0,5846890,2418860,9499430,2125390,2079810,202202.0
17,A13887405,2815080,38008260,0,0,0,24276440,7186910,18425720,303770,6355900,202202.0
18,A13804002,0,0,0,0,0,0,4639730,13870710,30250,9903690,202202.0
19,A13804003,0,0,0,0,0,0,5763020,16483190,0,0,202202.0
20,A13887702,7979080,17673600,-405380,405250,0,7993700,4709500,14221390,488260,0,202202.0
21,A13887403,1546540,21550530,0,0,0,10489600,4011484,9540010,0,4301690,202202.0
22,A13804001,14124990,24378480,0,0,-8783800,8783800,1349770,14926580,73440,6508030,202202.0
23,A13804004,82453000,0,0,0,0,22023500,7240580,22695860,3600140,8689280,202202.0
24,A13887901,0,0,0,0,0,0,3077097,8396730,0,3842390,202202.0
25,A10025467,,,,,,,,,,,202202.0
26,A10026804,,,,,,,,,,,202202.0
27,A10025185,3636440,51760040,0,3579070,0,0,9542650,28099690,62620,11064330,202202.0
28,A13885306,-429450,85646290,0,0,0,28124000,29337547,47216130,7217220,14095740,202202.0
29,A13817001,4029260,45401260,0,0,2197830,24970640,13728760,33423880,0,14738800,202202.0
30,A13877501,5425346,74643264,0,0,0,34286420,19733440,32765540,269460,10934250,202202.0
31,A13885304,10857950,64502550,0,0,940,22518640,10625880,38920370,100000,0,202202.0
32,A13885301,0,0,0,0,0,0,2647610,8479560,0,0,202202.0
33,A13885102,3523640,49576150,0,0,0,15567700,9183840,27173190,3700530,0,202202.0
34,A13885303,2651000,42594290,0,0,0,10005720,7340610,21261630,3479810,0,202202.0
35,A13817101,195990,0,0,0,0,0,2923760,0,0,0,202202.0
36,A10028083,,,,,,,,,,,202202.0
37,A10025460,,,,,,,,,,,202202.0
38,A13819001,0,0,0,0,0,0,4122120,15222240,0,7864370,202202.0
39,A13880806,18210770,169249190,0,0,0,66575000,28700332,72988270,296060,27670300,202202.0
40,A13880407,5283090,64401090,0,0,0,27974400,8680770,29644810,108650,16788980,202202.0
41,A13881103,21055740,52959820,0,0,-17436000,17436000,7281640,32692750,872870,12992010,202202.0
42,A13880701,620760,25245000,0,0,-12252000,12008000,2729596,14057830,84830,0,202202.0
43,A13816101,0,0,0,0,0,0,3971493,9350150,35310,4472760,202202.0
44,A13816202,-10082470,89888260,-879700,879700,0,20734000,15598063,23075890,3769710,0,202202.0
45,A13816001,,,,,,,,,,,202202.0
46,A13880406,3220630,57851890,0,0,0,6847610,8530470,24072010,0,13197190,202202.0
47,A13881005,5613700,68486720,0,0,0,34612890,12041520,30099540,335730,20633600,202202.0
48,A13881204,4452450,55359360,0,0,0,18515040,13275904,29861310,0,15216830,202202.0
49,A13816002,3754770,28389430,0,0,0,8790600,7083709,10711100,-770,4807460,202202.0
50,A13880603,-157000,29365760,-368600,368600,0,5500000,2980760,9269560,381800,4119390,202202.0
51,A13880602,0,0,0,0,0,0,2240500,5751820,0,0,202202.0
52,A13880105,1203220,0,0,0,0,0,972690,22405740,60150,10215190,202202.0
53,A13880204,2250850,32297480,0,0,0,12615000,7774260,18466280,575900,0,202202.0
54,A13895502,0,0,0,0,0,0,13865104,0,5015310,0,202202.0
55,A13880201,0,0,0,0,0,0,1674730,5248510,0,0,202202.0
56,A10025850,107080100,393576660,0,0,235947050,235319450,137983730,480582650,2453810,139138380,202202.0
57,A13820006,12267690,202120800,0,10863820,0,58018500,27496630,80920970,0,38306960,202202.0
58,A13820001,0,0,0,0,0,0,524910,7000050,227390,2779200,202202.0
59,A13820002,0,0,0,0,0,0,2477480,7152670,10,6221490,202202.0
60,A13820004,12214090,47641530,0,0,-28000,13976000,8919410,21440840,151120,0,202202.0
61,A13820201,267350179,236373160,206490,13614450,-1136844,123260696,66368190,151998410,13193470,67840130,202202.0
62,A13820007,2929550,42481860,0,0,9213070,25144000,6270670,18703740,43270,0,202202.0
63,A13882402,407810,0,0,0,0,0,13053670,0,4729960,0,202202.0
64,A13882401,0,0,0,0,0,0,8691570,5773690,3228370,3229780,202202.0
65,A13820005,13682500,46537750,0,0,-14460800,14460800,3842758,21869760,3615200,0,202202.0
66,A10027346,38708950,48004760,0,0,-35874360,35789910,13039730,37143060,7639080,11117780,202202.0
67,A13821001,0,0,0,0,0,0,53910,7034620,0,3179220,202202.0
68,A13821004,1368440,0,0,0,0,0,4519181,15729820,194840,9400650,202202.0
69,A13821002,0,0,0,0,0,0,3855320,10515810,51450,6102310,202202.0
70,A13876112,662870,0,0,0,0,0,1456364,7489480,0,3840430,202202.0
71,A13876110,0,0,0,0,0,0,12118050,26196440,0,11639390,202202.0
72,A13821007,0,0,0,0,0,0,5539000,18867980,301390,11059690,202202.0
73,A13876113,12235950,30001660,0,0,0,32025600,13391460,29607550,3248230,16861710,202202.0
74,A13876109,0,0,0,0,0,0,3384965,9372500,491710,5321140,202202.0
75,A13821003,0,0,0,0,0,0,849390,15376500,945480,7286790,202202.0
76,A13876111,0,0,0,0,0,0,2882460,7657500,741770,4318700,202202.0
77,A13876114,9566610,78251320,0,0,0,46966640,23995970,55619050,0,31257320,202202.0
78,A13876108,0,0,0,0,0,0,5010860,18716720,535150,10068380,202202.0
79,A13821006,0,0,0,0,0,0,5729160,14538220,1258250,8559540,202202.0
80,A13821005,0,0,0,0,0,0,4293730,13305750,46390,8138780,202202.0
81,A10028086,-2561500,42738790,0,0,-1075800,15868990,8943507,33475900,1401800,10797500,202202.0
82,A10026682,17925790,52472150,0,0,0,50561760,19169310,49919780,212630,26655890,202202.0
83,A10027632,4043860,24979450,0,0,0,10952000,13011500,19597920,0,7482430,202202.0
84,A10027553,4703780,30876280,0,0,0,13795000,10854040,22704710,162990,9005100,202202.0
85,A10027461,203590,29854430,0,0,23310,21291670,11184330,25389220,197600,10285180,202202.0
86,A10023897,2450790,17458940,0,0,0,10022680,8964760,20518800,0,5601070,202202.0
87,A13805001,15531230,55229300,0,0,-13380000,13380000,13261292,18619150,3299050,0,202202.0
88,A13883601,-145260,42283360,0,0,0,5456500,3827462,12729640,120030,0,202202.0
89,A13805002,74024350,575771760,0,41398160,0,230211800,84591903,192739000,1300810,119076550,202202.0
90,A13883602,3719770,61647680,0,0,0,21819600,6667174,26606660,770,18968760,202202.0
91,A13805003,,,,,,,,,,,202202.0
92,A10026209,,,,,,,,,,,202202.0
93,A13813008,24986390,72851450,0,0,-17232000,17232000,2970400,34844840,600,14907340,202202.0
94,A13813003,0,0,0,0,0,0,1624160,10106790,866300,0,202202.0
95,A13813002,0,0,0,0,0,0,769190,9904130,0,0,202202.0
96,A13813010,9617999,155082001,0,0,0,30757200,30369940,52527960,679420,17421540,202202.0
97,A13813005,1544132,29184910,0,0,0,7320096,5700730,13390870,50320,5179410,202202.0
98,A13813006,24075120,0,0,0,0,4804000,3924230,6290290,1361000,3826550,202202.0
99,A13886009,2704680,35306690,413520,0,0,19236000,7069454,19870820,163450,8585390,202202.0
100,A13813004,-212800,18110070,0,0,0,6993840,5211620,10122740,1636240,2837510,202202.0
101,A13873701,0,0,97870,0,0,0,1095810,0,1676890,0,202202.0
102,A10026734,0,0,0,28728770,0,0,3347572,13805940,207610,7332670,202202.0
103,A10025657,0,0,0,0,0,0,17527227,0,4576490,0,202202.0
104,A10026249,0,0,40041900,0,0,0,6174834,25248500,0,10390440,202202.0
105,A10026362,0,0,0,0,0,0,4701520,14492870,473110,3430800,202202.0
106,A10023333,,,,,,,,,,,202202.0
107,A13881401,0,0,182120,0,0,0,2922200,0,0,0,202202.0
108,A13811203,4875210,23960620,0,0,0,12734700,3794470,0,1743610,7752900,202202.0
109,A13881601,0,0,119150,0,0,0,995290,13234610,0,0,202202.0
110,A13811205,2372330,40425150,0,0,0,6457500,6067680,0,94490,9551430,202202.0
111,A13881302,0,0,613820,0,0,0,3311560,14335570,0,0,202202.0
112,A13811204,3778700,28439860,0,0,-85800,6867300,1733023,11044720,462180,4198160,202202.0
113,A13811202,24678040,45430570,3292250,0,-19840100,19840100,7844108,17735920,319420,11579820,202202.0
114,A13811206,4467230,47784890,25050,0,0,22597250,3772472,20726500,0,10217330,202202.0
115,A13811001,-2883090,22821120,-579710,579710,7663100,15292300,3216408,9811920,98060,0,202202.0
116,A13881603,5272900,35952470,0,0,0,9332200,1858006,18619330,350720,10189270,202202.0
117,A10024655,,,,,,,,,,,202202.0
118,A10023887,46890270,90224420,0,0,-15254890,14711030,32413000,22541310,1228600,9315720,202202.0
119,A10024085,5035770,0,0,0,14597100,0,39653850,0,7766110,0,202202.0
120,A10025284,,,,,,,,,,,202202.0
121,A10024492,19559980,12888560,0,0,-15604160,15504280,8543440,15072740,111000,7168270,202202.0
122,A10023922,478476,35172340,0,87480,0,4316900,343870,4899870,938927,1500450,202202.0
123,A10023927,25150910,18839270,-104370,104370,-5071500,5071500,17866980,6663940,468900,945260,202202.0
124,A10024152,8110750,54675520,0,0,0,36670400,21962290,54509040,248670,22624900,202202.0
125,A10024787,5822820,48560300,0,0,0,13480000,12176276,50191100,0,17944080,202202.0
126,A10024197,2915970,13881600,0,0,0,10352000,5220980,16557820,0,6904210,202202.0
127,A10024577,159860,24151400,0,0,0,24457750,5247389,24177900,1543730,13218520,202202.0
128,A13812004,0,0,289680,0,0,0,3075520,7399880,146240,4339500,202202.0
129,A13881701,0,0,0,0,0,0,6965680,31365910,1093090,15631710,202202.0
130,A13812003,0,0,0,0,0,0,12806750,0,4255450,0,202202.0
131,A13812001,0,0,0,0,0,0,805160,9310280,30,3163960,202202.0
132,A13812002,0,0,0,0,0,0,1123870,7744200,0,3910480,202202.0
133,A13812005,0,0,0,0,0,0,17943640,34913590,0,17027720,202202.0
134,A10026961,,,,,,,,,,,202202.0
135,A10026717,,,,,,,,,,,202202.0
