,kaptCode,heatC,heatP,gasC,gasP,waterHotC,waterHotP,electC,electP,waterCoolC,waterCoolP,Date
0,A13822002,18460460,0,0,20898540,-12400,45317160,83876202,289300910,2690140,78913450,202208.0
1,A13822004,33221730,0,0,0,0,90605040,109654096,358699300,853730,130473300,202208.0
2,A13886701,1597040,0,0,0,-30,4227500,3377980,20511230,325110,6285170,202208.0
3,A13879102,70861220,0,0,0,-52897560,52816200,34285258,264720197,12554840,0,202208.0
4,A13822902,3149795,0,0,0,6047845,0,38808660,0,3762265,0,202208.0
5,A13822702,6379490,6379770,0,0,26141600,26006790,142623339,126850700,38800100,38770100,202208.0
6,A13822003,29614100,0,0,0,0,71316000,101966132,360451690,8800050,111174300,202208.0
7,A13822701,13355140,0,0,0,0,21553610,24144830,151596300,1536020,28369780,202208.0
8,A13822001,3211850,0,0,0,0,34438950,13673759,218985616,10386500,55011640,202208.0
9,A10023599,0,0,0,0,0,0,1854410,2129370,1829533,568050,202208.0
10,A13824005,18483060,0,0,0,0,51434530,30553850,242058740,2715810,0,202208.0
11,A13824006,34739100,0,0,0,0,96031740,142720847,527059250,0,155009620,202208.0
12,A13824003,0,0,0,0,4501677,0,19119822,0,736615,0,202208.0
13,A13872504,0,0,0,0,0,0,10587120,10104160,0,0,202208.0
14,A13804206,0,0,9090,0,0,0,-1218960,53275220,320100,0,202208.0
15,A13887302,0,0,0,0,0,0,0,52249380,818000,16310520,202208.0
16,A13887301,1045650,36340,0,0,0,1864360,0,14392850,1455420,2754780,202208.0
17,A13887405,2814960,0,0,0,0,7779930,7071921,30710340,310710,8165850,202208.0
18,A13804002,0,0,0,0,0,0,3463980,21742110,29670,10508340,202208.0
19,A13804003,0,0,0,0,0,0,24456900,23260310,0,0,202208.0
20,A13887702,1640560,0,-458570,454500,683670,2621470,2683060,17014010,692040,0,202208.0
21,A13887403,1546540,26120,0,0,0,2902720,2658214,16823020,0,5553210,202208.0
22,A13804001,6101580,0,0,0,-4558470,4558470,1039290,21585950,635440,7547360,202208.0
23,A13804004,3352630,0,0,0,0,11759750,3333210,35900020,1504550,12492360,202208.0
24,A13887901,0,0,0,0,0,0,3757669,13065790,428330,3650820,202208.0
25,A10025467,,,,,,,,,,,202208.0
26,A10026804,,,,,,,,,,,202208.0
27,A10025185,3102310,6860880,0,3923540,0,0,12292973,49859070,865460,11629180,202208.0
28,A13885306,4731650,0,0,0,-1620,12591940,17682615,65075200,1294030,19603760,202208.0
29,A13817001,4029260,0,0,0,745530,10429520,5903924,72662940,0,16781000,202208.0
30,A13877501,5410480,0,0,0,0,12328230,12381850,56744150,600890,15956610,202208.0
31,A13885304,4659790,0,0,0,-1570,10498370,-987972,60212740,100000,0,202208.0
32,A13885301,0,0,0,0,0,0,1407350,13478270,0,0,202208.0
33,A13885102,3523640,0,0,0,0,6816000,8394880,37311560,2045530,0,202208.0
34,A13885303,2651090,0,0,0,10,4334950,5300530,31581210,1739220,0,202208.0
35,A13817101,11490,0,0,0,0,0,3241280,0,0,0,202208.0
36,A10028083,,,,,,,,,,,202208.0
37,A10025460,,,,,,,,,,,202208.0
38,A13819001,0,0,0,0,0,0,6834200,22603370,0,7884720,202208.0
39,A13880806,4626090,0,0,0,0,29925000,28020210,109635410,-1340,38785550,202208.0
40,A13880407,3870240,0,0,0,0,10473510,7124920,47285630,0,18370690,202208.0
41,A13881103,10036660,0,0,0,-6417000,6417000,1982730,42759310,867200,13370810,202208.0
42,A13880701,0,0,0,0,-3652830,3652830,3165606,19764380,83330,0,202208.0
43,A13816101,0,0,0,0,0,0,2727573,16019550,0,4551650,202208.0
44,A13816202,-2583900,2583900,-969020,969020,0,11291000,3870540,40246110,2762850,0,202208.0
45,A13816001,,,,,,,,,,,202208.0
46,A13880406,3220630,0,0,0,0,6817060,2018700,34655060,0,13571350,202208.0
47,A13881005,5012490,70180,0,0,0,11766770,19684220,51781390,347960,18903270,202208.0
48,A13881204,4452450,0,0,0,0,9009150,8419098,40601880,0,15511100,202208.0
49,A13816002,1795830,0,0,0,-240,3512370,4819195,18237340,2600,6012750,202208.0
50,A13880603,-36740,1454080,-395200,395200,0,2945000,2041980,14787970,224130,4631750,202208.0
51,A13880602,0,0,0,0,0,0,2672520,9570000,0,0,202208.0
52,A13880105,45010,0,0,0,0,0,1473000,32100630,65400,10766530,202208.0
53,A13880204,2250660,0,0,0,0,6223220,6028850,28045410,664500,0,202208.0
54,A13895502,0,0,0,0,0,0,19307618,0,4920200,0,202208.0
55,A13880201,0,0,0,0,0,0,732600,8193070,0,0,202208.0
56,A10025850,54668460,1089960,0,0,0,87887250,169327799,975256270,9481500,158002390,202208.0
57,A13820006,12267690,0,0,10376690,0,22295360,16270600,121631810,0,38949870,202208.0
58,A13820001,0,0,0,0,0,0,289800,11668360,211800,3171920,202208.0
59,A13820002,0,0,0,0,0,0,190930,12077980,50,6515540,202208.0
60,A13820004,2258520,0,0,0,-12000,8728000,8091520,31463960,41220,0,202208.0
61,A13820201,26351722,1034060,0,13998560,-1164000,4812170,64985476,348464540,-27746490,111300040,202208.0
62,A13820007,2929550,2422960,0,0,3422480,5930670,1154680,33801870,6770,0,202208.0
63,A13882402,0,0,0,0,0,0,18477040,0,4821270,0,202208.0
64,A13882401,0,0,0,0,0,0,2751200,8688940,-30,3469550,202208.0
65,A13820005,8950350,0,0,0,-7590000,7590000,247440,36754060,2070000,0,202208.0
66,A10027346,5521370,0,0,0,0,14021050,26469940,72034410,375000,15025440,202208.0
67,A13821001,0,0,0,0,0,0,3731610,7537010,244050,3499490,202208.0
68,A13821004,67670,0,0,0,0,0,6864133,26645250,357160,10098920,202208.0
69,A13821002,0,0,0,0,0,0,5673660,17755190,15370,6796560,202208.0
70,A13876112,24850,0,0,0,0,0,508920,13964900,0,4567240,202208.0
71,A13876110,0,0,0,0,0,0,11443470,43371650,0,13411070,202208.0
72,A13821007,0,0,0,0,0,0,3673340,31440140,57190,11411190,202208.0
73,A13876113,5217320,54140,0,0,0,9282800,11029810,50917400,0,18771000,202208.0
74,A13876109,0,0,0,0,0,0,3998464,14611060,1131930,5433940,202208.0
75,A13821003,0,0,0,0,0,0,807010,22590190,881930,7976640,202208.0
76,A13876111,0,0,0,0,0,0,3020830,12038020,985190,4738200,202208.0
77,A13876114,8553270,53550,0,0,0,17148730,27279265,94482110,0,34307950,202208.0
78,A13876108,0,0,0,0,0,0,8361507,30856320,495470,11501900,202208.0
79,A13821006,0,0,0,0,0,0,3451600,24276210,1309880,10159270,202208.0
80,A13821005,0,0,0,0,0,0,2158970,22114030,48740,9293910,202208.0
81,A10028086,4275220,37200,0,0,-8070,6469450,19287114,49232960,0,9559530,202208.0
82,A10026682,12389070,0,0,0,0,18180970,10776360,86353970,250640,30182050,202208.0
83,A10027632,2925560,0,0,0,0,4222400,10162390,37026150,540350,7372950,202208.0
84,A10027553,3725920,0,0,0,0,3815830,14574683,44064340,297490,9924560,202208.0
85,A10027461,0,0,3120,0,41310,0,12027175,0,885420,0,202208.0
86,A10023897,2450790,0,0,0,0,2876100,7858130,38112290,0,6273880,202208.0
87,A13805001,9873550,0,0,0,-6484000,6484000,10014561,30940020,2182860,0,202208.0
88,A13883601,-23760,3148600,0,0,0,2999500,225694,22043020,83750,0,202208.0
89,A13805002,34040040,0,0,36511950,0,66904770,94605628,308135920,4200650,119201380,202208.0
90,A13883602,3719970,0,0,0,0,12068800,7507560,41372860,-8280,19422550,202208.0
91,A13805003,,,,,,,,,,,202208.0
92,A10026209,,,,,,,,,,,202208.0
93,A13813008,13582490,0,0,0,-8200000,8200000,-3626900,59206500,-1010,13415700,202208.0
94,A13813003,0,0,0,0,0,0,1571400,16395850,107380,0,202208.0
95,A13813002,0,0,0,0,0,0,276110,13209030,0,0,202208.0
96,A13813010,9620000,0,0,0,-1886,17971506,24677150,90770310,678820,22659910,202208.0
97,A13813005,149612,0,0,0,0,4554756,4366562,14385300,30150,5651210,202208.0
98,A13813006,1081150,0,0,0,0,2544000,1973270,10804950,719730,4683340,202208.0
99,A13886009,2704640,0,0,0,0,7468000,1627564,31912400,637100,9883020,202208.0
100,A13813004,1122700,0,0,0,0,2628700,2358180,14029330,117000,3527880,202208.0
101,A13873701,0,0,2690,0,0,0,853330,0,1721080,0,202208.0
102,A10026734,0,0,0,7246490,0,0,1579365,24786160,451650,8305750,202208.0
103,A10025657,0,0,0,0,0,0,2026588,23903650,238790,4665860,202208.0
104,A10026249,0,0,10338780,0,0,0,5963373,39214450,162140,12200740,202208.0
105,A10026362,0,0,0,0,0,0,2463790,29492560,1160070,3728130,202208.0
106,A10023333,,,,,,,,,,,202208.0
107,A13881401,0,0,3500,0,0,0,2894750,0,0,0,202208.0
108,A13811203,1738470,0,0,0,0,4118400,2559760,0,1019780,8607510,202208.0
109,A13881601,0,0,0,0,0,0,1107230,17385650,0,0,202208.0
110,A13811205,2649930,0,0,0,0,3695400,4636710,0,148290,10321530,202208.0
111,A13881302,0,0,21370,0,0,0,3159214,18641050,0,0,202208.0
112,A13811204,751120,0,0,0,0,3719600,-5104885,15725130,479830,5019560,202208.0
113,A13811202,8244600,0,3141630,0,-4723600,4723600,9057601,24541530,170120,11381430,202208.0
114,A13811206,2922220,0,2500,0,10910,11189760,1582075,33535632,0,12606190,202208.0
115,A13811001,5386070,0,0,0,134683,0,15873320,0,220427,0,202208.0
116,A13881603,2382606,0,0,0,-256,5451780,-2102030,27453910,327530,10672690,202208.0
117,A10024655,,,,,,,,,,,202208.0
118,A10023887,32000680,576540,0,0,-21516840,21490920,64647394,108629274,1886850,28491430,202208.0
119,A10024085,9926240,0,0,0,0,0,78806520,0,9720220,0,202208.0
120,A10025284,,,,,,,,,,,202208.0
121,A10024492,8391310,0,0,0,-6156670,6127840,9966382,21703860,101610,8249830,202208.0
122,A10023922,5504270,183030,-1172080,1150580,0,7695460,24559360,87084110,392440,13682460,202208.0
123,A10023927,8406200,0,-1122990,1100060,-3585940,8340200,16991810,80582730,229400,13058680,202208.0
124,A10024152,7220950,10460,0,0,0,14874000,18231848,104569830,566560,22669120,202208.0
125,A10024787,6760420,0,0,0,0,6560700,11960142,88883450,0,20245530,202208.0
126,A10024197,2142600,14400,0,0,0,3780000,8755670,26462460,-20,7103810,202208.0
127,A10024577,0,0,0,0,0,10276070,4696290,39328320,1893000,14600990,202208.0
128,A13812004,0,0,4110,0,0,0,2182030,10777070,65820,5191060,202208.0
129,A13881701,0,0,0,0,0,0,7602970,44278770,1473280,16273080,202208.0
130,A13812003,0,0,0,0,0,0,17351360,0,4742660,0,202208.0
131,A13812001,0,0,0,0,0,0,0,14223630,-50,3555650,202208.0
132,A13812002,-365070,365070,0,0,0,0,628230,9547760,0,3776320,202208.0
133,A13812005,0,0,0,0,0,0,16483183,49129650,0,17670470,202208.0
134,A10026961,,,,,,,,,,,202208.0
135,A10026717,,,,,,,,,,,202208.0
