,kaptCode,heatC,heatP,gasC,gasP,waterHotC,waterHotP,electC,electP,waterCoolC,waterCoolP,Date
0,A13822002,18439390,193583860,0,0,0,79919000,64454548,165397600,804840,75791490,202211.0
1,A13822004,73224160,231706060,0,0,0,184829100,100494796,247510450,339310,126599780,202211.0
2,A13886701,1597110,16046540,0,0,-30,7855440,3220080,13347530,213140,5400700,202211.0
3,A13879102,120058810,175606020,0,0,-72040600,71976200,34105037,169036619,10985010,0,202211.0
4,A13822902,25059640,0,0,0,16308500,0,27245110,0,4167250,0,202211.0
5,A13822702,194701610,194701914,9761500,9761500,42834900,42834900,90587294,70019810,36007120,35977120,202211.0
6,A13822003,32480830,338889000,0,0,0,104238250,85163829,230546290,5243200,104857080,202211.0
7,A13822701,26407510,111494800,0,7913300,0,25443990,33618600,79233510,385760,27226860,202211.0
8,A13822001,19385210,132498520,0,0,0,73044000,17628067,149734730,5145180,51487030,202211.0
9,A10023599,0,0,0,0,0,0,5003730,2754280,1174590,1373400,202211.0
10,A13824005,53465698,198234780,0,0,0,52256000,26405869,159928800,2136070,0,202211.0
11,A13824006,67211300,315859770,0,0,0,190757600,122186154,309861330,0,139000550,202211.0
12,A13824003,16576006,0,0,0,5803000,0,12563479,0,930450,0,202211.0
13,A13872504,0,0,3340,0,0,0,7015570,0,503000,0,202211.0
14,A13804206,0,0,98290,0,0,0,7486970,33202240,138870,0,202211.0
15,A13887302,0,0,0,0,0,0,0,30965620,733140,15211880,202211.0
16,A13887301,1045650,6497490,0,0,0,6145520,2851880,9248430,1793040,2095010,202211.0
17,A13887405,2814950,24619770,0,0,-910,18508640,6737114,19180580,310720,6746070,202211.0
18,A13804002,0,0,0,0,0,0,5132450,15496720,30650,9629640,202211.0
19,A13804003,0,0,0,0,0,0,23142000,15395220,0,0,202211.0
20,A13887702,6105955,12791950,-448120,446350,0,6114600,3866340,10423490,0,0,202211.0
21,A13887403,1546540,14037830,0,0,0,9144340,3950406,11682600,0,4796810,202211.0
22,A13804001,12501400,13862920,0,0,-8347500,8347500,2015290,14545330,128110,6355730,202211.0
23,A13804004,56861250,0,0,0,0,17110500,5154880,23701510,4162140,10508660,202211.0
24,A13887901,0,0,0,0,0,0,2245195,8173350,141730,3659100,202211.0
25,A10025467,,,,,,,,,,,202211.0
26,A10026804,,,,,,,,,,,202211.0
27,A10025185,3947100,31285840,0,0,0,0,10408840,31273770,4422940,10989690,202211.0
28,A13885306,1516060,55885140,0,0,0,20180000,18140737,39407130,4291920,13928860,202211.0
29,A13817001,4029260,18573570,0,0,2006610,26819680,14668347,38916650,0,15536090,202211.0
30,A13877501,9918061,39080349,0,0,0,35732400,16396345,35779714,992100,12306970,202211.0
31,A13885304,45436710,0,0,0,20244150,0,41650650,0,-452210,0,202211.0
32,A13885301,0,0,0,0,0,0,2440880,8813930,0,0,202211.0
33,A13885102,3523640,27664920,0,0,0,12300000,7980200,22881870,0,0,202211.0
34,A13885303,28950570,0,0,0,8588840,0,25503970,0,2291730,0,202211.0
35,A13817101,85330,0,0,0,0,0,3166010,0,0,0,202211.0
36,A10028083,,,,,,,,,,,202211.0
37,A10025460,,,,,,,,,,,202211.0
38,A13819001,0,0,0,0,0,0,4691240,14760390,0,7016470,202211.0
39,A13880806,17439750,99518830,0,0,0,54215000,21675864,72872510,637390,30649870,202211.0
40,A13880407,8420840,32868550,0,0,0,29000370,11349600,30273950,0,17412860,202211.0
41,A13881103,17139520,42659350,0,0,-13520000,13520000,5486540,29655350,874970,11868320,202211.0
42,A13880701,546710,0,0,0,-8628000,0,5208690,0,90470,0,202211.0
43,A13816101,0,0,0,0,0,0,2478869,9418300,0,4183260,202211.0
44,A13816202,-3805470,55253500,-1074910,1074910,0,17857000,8280920,22157430,3000000,0,202211.0
45,A13816001,,,,,,,,,,,202211.0
46,A13880406,3220630,30582250,0,0,0,9374350,8947040,23286610,0,13287040,202211.0
47,A13881005,6564190,28490300,0,0,0,37965500,12543080,36112650,961060,18565020,202211.0
48,A13881204,4451390,30361130,0,0,60,21298400,10914669,27556750,0,15158960,202211.0
49,A13816002,5067300,15007920,0,0,0,7741820,8026525,11858400,-2110,5436100,202211.0
50,A13880603,-129890,22016000,-391200,391200,0,4670000,2997540,10645000,257660,4222570,202211.0
51,A13880602,0,0,0,0,0,0,2211280,5759410,0,0,202211.0
52,A13880105,1197100,0,0,0,0,0,1586730,21502740,32570,10131560,202211.0
53,A13880204,2250800,17348570,0,0,0,11398080,7677460,17026090,664500,0,202211.0
54,A13895502,0,0,0,0,0,0,12193393,0,4711360,0,202211.0
55,A13880201,0,0,0,0,0,0,1688070,5774720,333900,0,202211.0
56,A10025850,94662620,181889090,0,56357750,0,232899660,157307815,480490800,-2569500,141804620,202211.0
57,A13820006,12312690,128295470,0,0,0,52880000,27502340,93564960,0,33809670,202211.0
58,A13820001,0,0,0,0,0,0,1050550,7666960,212850,2966600,202211.0
59,A13820002,0,0,0,0,0,0,807310,6801190,0,0,202211.0
60,A13820004,6586460,19492590,0,0,-36400,16270800,7345330,21112050,52000,0,202211.0
61,A13820201,88503341,274917829,0,15788710,-24979200,129579600,44398415,183514570,-4077550,64268880,202211.0
62,A13820007,2929550,29477670,0,0,3918740,17396000,3604720,23307830,22910,0,202211.0
63,A13882402,0,0,0,0,0,0,12611090,0,5617330,0,202211.0
64,A13882401,0,0,0,0,0,0,2678860,5383770,-520,3106710,202211.0
65,A13820005,15284550,26090400,0,0,-13919400,13919400,299750,26853880,3208300,0,202211.0
66,A10027346,9876530,23624290,0,0,0,31879640,15442870,44778490,375000,11996940,202211.0
67,A13821001,0,0,0,0,0,0,103970,7719260,0,3480650,202211.0
68,A13821004,564790,0,0,0,0,0,5146794,17639320,465750,9314270,202211.0
69,A13821002,0,0,0,0,0,0,4546090,12182930,45430,6207890,202211.0
70,A13876112,95310,0,0,0,0,0,597230,9895080,0,4078860,202211.0
71,A13876110,0,0,0,0,0,0,7924930,25592320,0,12701910,202211.0
72,A13821007,0,0,0,0,0,0,5615940,18326040,-136300,10965590,202211.0
73,A13876113,11568800,11789370,0,0,0,31075000,15386250,36197000,0,17623150,202211.0
74,A13876109,0,0,0,0,0,0,3699535,10986850,124470,6156170,202211.0
75,A13821003,0,0,0,0,0,0,1133420,17309920,101980,7776820,202211.0
76,A13876111,0,0,0,0,0,0,2606990,8520860,764900,5063590,202211.0
77,A13876114,10318250,35411190,0,0,0,54110940,23090532,64054730,0,32360140,202211.0
78,A13876108,0,0,0,0,0,0,6909536,21127570,147030,10719270,202211.0
79,A13821006,0,0,0,0,0,0,5981889,16524530,607910,9510660,202211.0
80,A13821005,0,0,0,0,0,0,4155667,15441350,50000,8835350,202211.0
81,A10028086,4275220,17023800,0,0,-23490,16762500,14724401,32369350,0,11751520,202211.0
82,A10026682,14331470,26930840,0,0,0,53793590,15159570,51024890,235740,28031790,202211.0
83,A10027632,3124600,11657750,0,0,0,11360000,8893470,20202860,0,7565310,202211.0
84,A10027553,4277890,18070560,0,0,0,13890800,12543000,27469340,131770,9197680,202211.0
85,A10027461,95260,14220910,3630,0,30540,15939270,11368820,28943810,1383260,10641000,202211.0
86,A10023897,0,6634460,0,0,0,9195890,6872837,20006060,0,5922770,202211.0
87,A13805001,17393900,31698360,0,0,-13065000,13065000,9557097,18741140,2643000,0,202211.0
88,A13883601,-31520,25209240,0,0,0,4739000,1508928,12433160,113700,0,202211.0
89,A13805002,85813790,206321680,0,41536370,0,305007530,87588292,234329840,6848700,111868620,202211.0
90,A13883602,3720080,24932890,0,0,0,24990000,6376790,29035190,-5090,18316950,202211.0
91,A13805003,,,,,,,,,,,202211.0
92,A10026209,,,,,,,,,,,202211.0
93,A13813008,21188575,44800725,0,0,-14512000,14512000,4982350,34092190,1010,14746360,202211.0
94,A13813003,0,0,0,0,0,0,938550,9316230,350000,0,202211.0
95,A13813002,0,0,0,0,0,0,868380,9151690,0,7832040,202211.0
96,A13813010,9510881,111266589,0,0,0,27476400,24785290,53118950,677980,19496150,202211.0
97,A13813005,1062872,15959840,0,0,0,5838396,5069757,11345920,53270,4945670,202211.0
98,A13813006,18751580,0,0,0,0,4060000,3294430,7802670,1032990,4131130,202211.0
99,A13886009,2704910,19552320,133370,0,0,16468400,5903165,20317450,268850,8759920,202211.0
100,A13813004,217120,12295800,0,0,0,5612880,2623574,9583400,1231700,3070810,202211.0
101,A13873701,0,0,36270,0,0,0,846540,0,1667810,0,202211.0
102,A10026734,0,0,0,28545550,0,0,3774240,16413890,267790,7733860,202211.0
103,A10025657,0,0,0,0,0,0,3579285,12639460,247140,4459980,202211.0
104,A10026249,0,0,38773050,0,0,0,4381663,25073660,0,11174500,202211.0
105,A10026362,0,0,0,0,0,0,4814956,13683710,761390,3374820,202211.0
106,A10023333,,,,,,,,,,,202211.0
107,A13881401,0,0,94580,0,0,0,2533180,0,0,0,202211.0
108,A13811203,6080420,13650300,0,0,0,9824980,3415880,0,765920,8062120,202211.0
109,A13881601,0,0,0,0,0,0,1655610,12260400,0,9648730,202211.0
110,A13811205,2637600,22236000,0,0,0,7445000,5664680,0,230580,9905190,202211.0
111,A13881302,0,0,165560,0,0,0,2529268,12676280,0,0,202211.0
112,A13811204,2581320,16852060,0,0,-339200,5219200,3145630,11149490,534890,4239180,202211.0
113,A13811202,46035940,24271280,0,0,0,15577100,29243506,20206820,11096470,10847650,202211.0
114,A13811206,4303990,36616560,5010,0,0,16394000,2788251,22879790,0,10820260,202211.0
115,A13811001,21055094,0,0,0,9763300,0,14043505,0,145376,0,202211.0
116,A13881603,4285617,20696710,0,0,0,9117500,3314022,20057180,616990,9528070,202211.0
117,A10024655,,,,,,,,,,,202211.0
118,A10023887,64835560,40853810,0,0,-53157500,53157500,35292900,81080760,3408520,27439750,202211.0
119,A10024085,32023750,0,0,0,0,0,42204910,0,9307160,0,202211.0
120,A10025284,,,,,,,,,,,202211.0
121,A10024492,4553420,6390810,0,0,0,14805550,6784970,10788210,34140,7356600,202211.0
122,A10023922,7360750,17741330,-1269940,1247690,0,20460270,17454940,46293780,296550,13354400,202211.0
123,A10023927,8201540,14638970,-1140720,1116570,9600,21708000,12968736,44977390,370580,12697900,202211.0
124,A10024152,8699900,24117510,0,0,0,35805000,5347440,59129540,279580,22302940,202211.0
125,A10024787,6807920,23188890,0,7068570,0,22436700,12908559,51153130,344330,18826890,202211.0
126,A10024197,3515490,5112240,0,0,0,10612140,5989660,14410380,-820,6778470,202211.0
127,A10024577,263550,10968710,0,0,0,28297500,7256892,27418380,0,15749590,202211.0
128,A13812004,0,0,87570,0,0,0,3483690,8599610,174350,4538390,202211.0
129,A13881701,0,0,0,0,0,0,5626620,28527990,857310,15207090,202211.0
130,A13812003,0,0,0,0,0,0,14936410,0,4372480,0,202211.0
131,A13812001,0,0,0,0,0,0,271110,9023280,60,3575870,202211.0
132,A13812002,-375790,375790,0,0,0,0,2381130,7633110,37520,3649360,202211.0
133,A13812005,0,0,0,0,0,0,10584154,33124060,0,17231970,202211.0
134,A10026961,,,,,,,,,,,202211.0
135,A10026717,,,,,,,,,,,202211.0
