,kaptCode,heatC,heatP,gasC,gasP,waterHotC,waterHotP,electC,electP,waterCoolC,waterCoolP,Date
0,A13822002,18376910,366857250,0,0,0,123020000,101670462,165183050,1329690,79808990,202201.0
1,A13822004,78645420,497211820,0,0,0,232377600,146457827,252102200,702020,127903430,202201.0
2,A13886701,1597140,32074710,0,0,150,10621460,3295020,12661990,209630,4712830,202201.0
3,A13879102,138220120,382596920,0,0,-51207000,51099000,40266117,214360270,21104320,0,202201.0
4,A13822902,62769140,0,0,0,15057000,0,34808490,0,4294200,0,202201.0
5,A13822702,315431370,315431574,0,9139560,55174620,55174620,68428720,72658720,33363870,33333870,202201.0
6,A13822003,29179880,631372800,0,0,0,115164400,129309048,230612790,5540430,111866160,202201.0
7,A13822701,32356814,241135196,0,7282210,0,41551020,38019420,88639750,2504680,28722880,202201.0
8,A13822001,33843980,254522840,0,0,0,101723500,39403948,149271670,5360370,56443350,202201.0
9,A10023599,,,,,,,,,,,202201.0
10,A13824005,93837866,427010590,0,0,0,78636000,44576126,182047020,3498805,0,202201.0
11,A13824006,91248170,667792750,0,0,0,214433650,120431628,312205220,0,134188970,202201.0
12,A13824003,20752646,0,0,0,8106000,0,13509324,0,1200480,0,202201.0
13,A13872504,0,0,106950,0,0,0,10096980,0,551000,0,202201.0
14,A13804206,0,0,837400,0,0,0,6473870,36150320,1914340,0,202201.0
15,A13887302,0,0,0,0,0,0,152400,36603400,694090,14481210,202201.0
16,A13887301,1045650,18656640,0,0,0,5349710,2118670,9941600,1616280,2226890,202201.0
17,A13887405,2814940,50218210,0,0,0,20238450,7981977,18816100,341050,6419130,202201.0
18,A13804002,0,0,0,0,0,0,5093710,16437030,29820,9145230,202201.0
19,A13804003,0,0,0,0,0,0,5835110,16755590,0,0,202201.0
20,A13887702,30671020,21792020,0,476470,7813100,7813100,19546660,14126250,522700,0,202201.0
21,A13887403,1546540,25090720,0,0,0,11475200,4281701,11259080,0,4401650,202201.0
22,A13804001,13684330,30006880,0,0,-7770000,7770000,1513820,15015010,827360,6930300,202201.0
23,A13804004,96565530,0,0,0,0,21267000,8286200,22840680,2817000,8884060,202201.0
24,A13887901,0,0,0,0,0,0,3179719,8403570,262550,3366120,202201.0
25,A10025467,,,,,,,,,,,202201.0
26,A10026804,,,,,,,,,,,202201.0
27,A10025185,3866400,59742390,0,0,0,0,9618410,32166330,569890,11726290,202201.0
28,A13885306,-283490,108545060,0,0,0,24388000,26540887,55319550,7062380,11303620,202201.0
29,A13817001,4029260,53919780,0,0,2378160,27364330,15657160,38768700,0,17289450,202201.0
30,A13877501,8940192,84679344,0,0,0,41898840,23236670,38363830,763930,10591030,202201.0
31,A13885304,11865240,71919450,0,0,0,28199150,7685981,43625270,1424760,0,202201.0
32,A13885301,0,0,0,0,0,0,2823910,8692460,0,0,202201.0
33,A13885102,3523640,58742240,0,0,0,15358600,8870860,28872500,0,0,202201.0
34,A13885303,2651180,51332860,0,0,0,11032560,7480230,21867700,2781300,0,202201.0
35,A13817101,190380,0,0,0,0,0,3091620,0,0,0,202201.0
36,A10028083,,,,,,,,,,,202201.0
37,A10025460,,,,,,,,,,,202201.0
38,A13819001,0,0,0,0,0,0,4151810,15483310,0,7279030,202201.0
39,A13880806,21733820,200290550,0,0,0,61410000,20793450,73319840,19100,26374880,202201.0
40,A13880407,8934890,72556380,0,0,0,30202200,9623340,29989510,152320,18185350,202201.0
41,A13881103,21303830,63603840,0,0,-17684000,17684000,7754820,34483400,806780,13135230,202201.0
42,A13880701,736250,30977280,0,0,-11588000,11588000,3007204,12869250,59250,0,202201.0
43,A13816101,0,0,0,0,0,0,3846870,9435820,0,4036960,202201.0
44,A13816202,-10257400,103564570,-1012660,1012660,0,23247000,16090455,26768510,3600000,0,202201.0
45,A13816001,,,,,,,,,,,202201.0
46,A13880406,3220630,68502730,0,0,0,7150390,8570190,25155030,0,12197950,202201.0
47,A13881005,6288090,80763950,0,0,0,37966320,17809980,34936000,2870130,17269040,202201.0
48,A13881204,68613900,0,0,0,22114360,0,53046799,0,13881470,0,202201.0
49,A13816002,4216650,33269720,0,0,0,9555000,8522381,12590880,0,6468600,202201.0
50,A13880603,-156190,34670080,-417220,417220,0,5975000,3437950,11428840,963310,4278700,202201.0
51,A13880602,0,0,0,0,0,0,1381000,6504160,0,0,202201.0
52,A13880105,1393060,0,0,0,0,0,83160,22906010,-3790,10099650,202201.0
53,A13880204,2250850,37792780,0,0,0,14295000,8038020,18524130,575900,0,202201.0
54,A13895502,0,0,0,0,0,0,13292208,0,4342200,0,202201.0
55,A13880201,0,0,0,0,0,0,1916400,6098700,184440,0,202201.0
56,A10025850,93951520,500750640,0,50181860,255458790,254885400,176131478,445411510,2308970,138608490,202201.0
57,A13820006,12267690,237983970,0,0,0,64323000,35476760,97684040,0,35308620,202201.0
58,A13820001,0,0,0,0,0,0,1552578,8301530,152710,3168160,202201.0
59,A13820002,0,0,0,0,0,0,3138430,7402640,0,0,202201.0
60,A13820004,11260290,54411100,0,0,-28000,15168000,9318580,22076140,0,0,202201.0
61,A13820201,177894877,449302300,-14630,13820940,-38407512,158007452,41955166,179788180,3853760,74353470,202201.0
62,A13820007,2929550,59192910,0,0,2740630,18086390,1985050,24056520,16110,0,202201.0
63,A13882402,408800,0,0,0,0,0,13794130,0,4252030,0,202201.0
64,A13882401,0,0,0,0,0,0,2868650,5828320,-130,2801960,202201.0
65,A13820005,15329580,54032000,0,0,-12849500,12849500,4782519,26663730,3006020,0,202201.0
66,A10027346,42764570,56798200,0,0,-39652450,39562370,20848860,43305560,8406300,9809960,202201.0
67,A13821001,0,0,0,0,0,0,6870,8567140,0,3971160,202201.0
68,A13821004,1328950,0,0,0,0,0,4809568,18872580,252240,10618020,202201.0
69,A13821002,0,0,0,0,0,0,4043700,12591990,67200,6666400,202201.0
70,A13876112,372860,0,0,0,0,0,1700644,8863750,0,4609220,202201.0
71,A13876110,0,0,0,0,0,0,12013790,26252060,0,13211830,202201.0
72,A13821007,0,0,0,0,0,0,5237060,18655390,279010,10322390,202201.0
73,A13876113,8761820,35117820,0,0,0,30418980,16106000,34912350,3113470,18657690,202201.0
74,A13876109,0,0,0,0,0,0,3816746,11334800,394090,6125180,202201.0
75,A13821003,0,0,0,0,0,0,892150,18290540,1177050,8222210,202201.0
76,A13876111,0,0,0,0,0,0,3378720,11294640,629280,4891270,202201.0
77,A13876114,10243540,93590910,0,0,0,50388000,27262653,65293010,0,34100670,202201.0
78,A13876108,0,0,0,0,0,0,5206400,22273050,544740,11221370,202201.0
79,A13821006,0,0,0,0,0,0,6819610,17405210,1258910,9925670,202201.0
80,A13821005,0,0,0,0,0,0,5167080,15940390,22280,9247190,202201.0
81,A10028086,4256650,42738790,0,0,-22610,15868990,22629744,33475900,0,10797500,202201.0
82,A10026682,18301320,64363520,0,0,0,56656450,17725790,50545700,3888770,26653140,202201.0
83,A10027632,4130950,30532560,0,0,0,11805300,12186450,19991770,0,7155090,202201.0
84,A10027553,5018560,37444290,0,0,0,15025500,14253480,27195370,88340,10026010,202201.0
85,A10027461,213980,35932060,1990,0,17290,23906820,13036060,30221200,624580,10732730,202201.0
86,A10023897,2450790,20885700,0,0,0,11238310,8894260,20692740,0,6544170,202201.0
87,A13805001,17162830,65853110,0,0,-13124000,13124000,12597479,20174390,3207940,0,202201.0
88,A13883601,-22330,47987520,0,0,0,6345500,2641790,15316980,113340,0,202201.0
89,A13805002,214755110,549612000,0,0,36309000,216878900,137495299,232483320,35731930,103904960,202201.0
90,A13883602,3719800,76852670,0,0,0,21234400,13065502,28799390,80,18199490,202201.0
91,A13805003,,,,,,,,,,,202201.0
92,A10026209,,,,,,,,,,,202201.0
93,A13813008,24731120,90069130,0,0,-16116000,16116000,4776020,36615560,284660,14317090,202201.0
94,A13813003,0,0,0,0,0,0,1381840,10859790,600000,0,202201.0
95,A13813002,0,0,0,0,0,0,550920,10374540,0,7712650,202201.0
96,A13813010,9619637,187273023,0,0,0,32398800,31422400,53897900,640120,17405040,202201.0
97,A13813005,1837022,29184910,0,0,0,7320096,8112100,13390870,57040,5179410,202201.0
98,A13813006,27829530,0,0,0,0,5296000,4510290,7210290,1134630,3665040,202201.0
99,A13886009,2704620,49056910,217510,0,0,14804000,6745341,20993220,340400,8307810,202201.0
100,A13813004,-572600,21931520,0,0,0,7245990,5360380,10944030,2244180,2794380,202201.0
101,A13873701,0,0,93050,0,0,0,1228860,0,1454870,0,202201.0
102,A10026734,0,0,0,34421010,0,0,5053934,16487550,410010,8225100,202201.0
103,A10025657,0,0,0,0,0,0,18318658,0,4728080,0,202201.0
104,A10026249,0,0,47617050,0,0,0,6013635,25730000,0,11607750,202201.0
105,A10026362,0,0,0,0,0,0,4843410,14703940,1352840,3736620,202201.0
106,A10023333,,,,,,,,,,,202201.0
107,A13881401,0,0,181720,0,0,0,2849220,0,0,0,202201.0
108,A13811203,7394470,28586190,0,0,0,11332200,3704050,0,2199010,7217110,202201.0
109,A13881601,0,0,103170,0,0,0,787460,13359860,0,10156790,202201.0
110,A13811205,2904530,45939000,0,0,0,7834900,6105350,0,303120,10103410,202201.0
111,A13881302,0,0,504080,0,0,0,3360807,13280200,0,0,202201.0
112,A13811204,-204550,33810740,0,0,-75900,7524000,1360367,10494850,442260,3229050,202201.0
113,A13811202,27026930,54366390,0,0,-20521200,20521200,13661022,21132650,80940,10671340,202201.0
114,A13811206,4466490,63760890,0,0,0,15895750,3890090,21376510,0,9500750,202201.0
115,A13811001,16271830,0,0,0,32489220,0,13528707,0,131290,0,202201.0
116,A13881603,5761710,43001010,0,0,0,10161600,3126872,20624890,444740,9393990,202201.0
117,A10024655,,,,,,,,,,,202201.0
118,A10023887,34010600,90224420,0,0,-15254890,14711030,61786010,22541310,-5685060,9315720,202201.0
119,A10024085,45484940,0,0,0,15145900,0,39100730,0,9475040,0,202201.0
120,A10025284,,,,,,,,,,,202201.0
121,A10024492,20968700,14666840,0,0,-17197880,17080160,10235370,13577840,67350,7911620,202201.0
122,A10023922,0,0,0,0,0,0,0,0,0,0,202201.0
123,A10023927,,,,,,,,,,,202201.0
124,A10024152,15216034,64774110,0,0,0,36872500,23270920,55474580,470710,21253760,202201.0
125,A10024787,5999170,56476250,0,6596380,0,11298000,7135578,49927120,0,20286330,202201.0
126,A10024197,2859090,18021840,0,0,0,11588000,6516580,16734820,10,6675250,202201.0
127,A10024577,101690,29667950,0,0,0,27018550,6585570,28461060,1504540,14541630,202201.0
128,A13812004,0,0,210820,0,0,0,3729600,8804300,173010,4908680,202201.0
129,A13881701,0,0,0,0,0,0,6450190,30910600,277890,15381120,202201.0
130,A13812003,0,0,0,0,0,0,16144430,0,5032140,0,202201.0
131,A13812001,0,0,0,0,0,0,0,8367940,210,3741630,202201.0
132,A13812002,0,0,0,0,0,0,2080840,8408880,42490,3526310,202201.0
133,A13812005,0,0,0,0,0,0,16696846,34373170,0,18964100,202201.0
134,A10026961,,,,,,,,,,,202201.0
135,A10026717,,,,,,,,,,,202201.0
