,kaptCode,heatC,heatP,gasC,gasP,waterHotC,waterHotP,electC,electP,waterCoolC,waterCoolP,Date
0,A13822002,18456840,2530000,0,0,0,54732800,65644313,180117840,2130910,75185110,202209.0
1,A13822004,33221730,0,0,0,0,96398710,73760781,250358120,424540,129480490,202209.0
2,A13886701,1597040,0,0,0,350,5683220,1785870,12784370,208010,6073410,202209.0
3,A13879102,77905010,0,0,0,-59889310,59846020,26106918,158156690,10766060,0,202209.0
4,A13822902,3149795,0,0,0,8244545,0,24524550,0,3762265,0,202209.0
5,A13822702,1734860,1735260,9026130,9026130,34349640,34316770,82787630,73174640,39659270,39629270,202209.0
6,A13822003,28327480,6102000,0,0,0,79215000,68564363,238129050,5755230,105824610,202209.0
7,A13822701,13522930,0,0,7082720,0,23515920,16854230,85858350,145070,27193560,202209.0
8,A13822001,3203260,0,0,0,0,40129200,13673759,157025157,10386500,52612390,202209.0
9,A10023599,0,0,0,0,0,0,4644540,3668570,0,0,202209.0
10,A13824005,18483060,0,0,0,0,53185519,17077768,150528250,1825920,0,202209.0
11,A13824006,34739100,0,0,0,0,110811410,130138096,393535270,0,143356150,202209.0
12,A13824003,0,0,0,0,5335815,0,13204965,0,690615,0,202209.0
13,A13872504,0,0,0,0,0,0,6847390,6847390,125430,0,202209.0
14,A13804206,0,0,10670,0,0,0,6667220,33098790,980410,0,202209.0
15,A13887302,0,0,0,0,0,0,0,45776430,560600,15871710,202209.0
16,A13887301,1045650,165110,0,0,0,2290850,0,10157130,1593960,2492340,202209.0
17,A13887405,2814960,0,0,0,0,9821990,4177763,22172810,311050,7537270,202209.0
18,A13804002,0,0,0,0,0,0,4639650,15224520,29800,9860840,202209.0
19,A13804003,0,0,0,0,0,0,3834838,16859860,0,0,202209.0
20,A13887702,1678700,0,-443650,441110,-921950,4510700,1931460,10178930,432375,0,202209.0
21,A13887403,1546540,148100,0,0,0,3729980,3087379,11894740,0,5538070,202209.0
22,A13804001,6765180,0,0,0,-4876600,4876600,987760,14905730,97010,6648210,202209.0
23,A13804004,3352630,0,0,0,0,13111250,1917410,26422670,1591560,12329600,202209.0
24,A13887901,0,0,0,0,0,0,2235971,8853520,45200,3790430,202209.0
25,A10025467,,,,,,,,,,,202209.0
26,A10026804,,,,,,,,,,,202209.0
27,A10025185,3520910,8288330,0,0,0,0,12401622,35621620,1381840,10967520,202209.0
28,A13885306,5020120,0,0,0,-220,14441820,10815691,37482140,2669880,16263750,202209.0
29,A13817001,4029260,0,0,0,884070,11896890,14834230,32755500,0,15531510,202209.0
30,A13877501,5466322,284778,0,0,0,17473040,11300410,35405780,487470,13840860,202209.0
31,A13885304,4659790,0,0,0,1320,13772690,381308,34368910,1464040,0,202209.0
32,A13885301,0,0,0,0,0,0,2067180,8437890,0,0,202209.0
33,A13885102,3523640,0,0,0,0,8788320,4641620,22277080,0,0,202209.0
34,A13885303,2651090,0,0,0,-70,5225580,3620800,18124180,1739220,0,202209.0
35,A13817101,10670,0,0,0,0,0,2634990,0,0,0,202209.0
36,A10028083,,,,,,,,,,,202209.0
37,A10025460,,,,,,,,,,,202209.0
38,A13819001,0,0,0,0,0,0,4000260,16044450,0,7223200,202209.0
39,A13880806,11892630,0,0,0,0,37690000,22330220,92659380,979670,32116610,202209.0
40,A13880407,3870240,0,0,0,0,12526420,8373800,33681690,0,16931040,202209.0
41,A13881103,11762660,0,0,0,-8143000,8143000,1632700,25928820,867000,12080100,202209.0
42,A13880701,0,0,0,0,-4824770,4824770,3125193,13102030,88550,0,202209.0
43,A13816101,0,0,0,0,0,0,2055562,8688550,0,4637700,202209.0
44,A13816202,-1570130,1570130,-982700,982700,0,13440000,3300961,22326480,1900000,0,202209.0
45,A13816001,,,,,,,,,,,202209.0
46,A13880406,3220630,0,0,0,0,8710160,3661240,22472650,0,13548620,202209.0
47,A13881005,5039260,952250,0,0,0,14917200,14360000,33730600,136090,19237330,202209.0
48,A13881204,4452450,0,0,0,0,11610760,7951075,24664630,0,14525010,202209.0
49,A13816002,1802180,0,0,0,0,4054670,3938196,12137860,1180,5571230,202209.0
50,A13880603,-45710,2260480,-384560,384560,0,3560000,1689120,10812790,179080,4542640,202209.0
51,A13880602,0,0,0,0,0,0,1727970,6052700,0,0,202209.0
52,A13880105,368240,0,0,0,0,0,1210680,23112760,34020,10697330,202209.0
53,A13880204,2250500,0,0,0,0,5897760,4078460,17325850,664500,0,202209.0
54,A13895502,0,0,0,0,0,0,15046180,0,4475870,0,202209.0
55,A13880201,0,0,0,0,0,0,1363560,5633680,198750,0,202209.0
56,A10025850,62756340,3643150,0,50064770,0,100801650,124490325,539886900,3044350,147398140,202209.0
57,A13820006,12267690,0,0,0,0,29352660,17916050,95024450,0,37535430,202209.0
58,A13820001,0,0,0,0,0,0,287510,7790240,208630,3159370,202209.0
59,A13820002,0,0,0,0,0,0,190270,7636190,0,0,202209.0
60,A13820004,2070110,0,0,0,-20000,10284000,4754490,19185050,59500,0,202209.0
61,A13820201,32120143,15037,0,14592150,-3080400,13828429,49752877,239451490,-9316160,93792170,202209.0
62,A13820007,2929550,62620,0,0,2972060,9909350,932630,24278240,44190,0,202209.0
63,A13882402,0,0,0,0,0,0,2411350,9097930,14540,4747350,202209.0
64,A13882401,0,0,0,0,0,0,2115540,5361990,-240,3435150,202209.0
65,A13820005,9996590,0,0,0,-8778000,8778000,593620,24813740,2606500,0,202209.0
66,A10027346,5872940,0,0,0,0,15862420,20599620,48230980,375000,13361540,202209.0
67,A13821001,0,0,0,0,0,0,58740,7537010,0,3499490,202209.0
68,A13821004,73190,0,0,0,0,0,4612774,17670240,303960,9599210,202209.0
69,A13821002,0,0,0,0,0,0,3752330,11910440,18510,6364480,202209.0
70,A13876112,25370,0,0,0,0,0,358600,9540960,0,4151680,202209.0
71,A13876110,0,0,0,0,0,0,10845060,36194580,0,12178440,202209.0
72,A13821007,0,0,0,0,0,0,3957660,25975390,-712240,11748050,202209.0
73,A13876113,6132200,94020,0,0,0,10179800,13261010,36210250,0,17910520,202209.0
74,A13876109,0,0,0,0,0,0,2827093,10920430,93990,6550370,202209.0
75,A13821003,0,0,0,0,0,0,862510,16859430,957650,7710320,202209.0
76,A13876111,0,0,0,0,0,0,2075770,8220530,995930,4589760,202209.0
77,A13876114,8662540,325700,0,0,0,20716770,17977516,65521080,0,31466920,202209.0
78,A13876108,0,0,0,0,0,0,5500630,20039710,478670,10939400,202209.0
79,A13821006,0,0,0,0,0,0,5141058,17256590,971020,9540320,202209.0
80,A13821005,0,0,0,0,0,0,3493629,15318540,47070,8723930,202209.0
81,A10028086,4275220,89050,0,0,0,7941680,13812179,33610880,0,9566060,202209.0
82,A10026682,14185510,392780,0,0,0,21137520,11312840,74480750,284820,28778230,202209.0
83,A10027632,2883410,0,0,0,0,5079000,9484080,26162290,0,7638430,202209.0
84,A10027553,3736550,637840,0,0,0,5674200,11419350,28312000,274110,9475790,202209.0
85,A10027461,0,72190,3110,0,4580,7289320,11315190,31881590,1940750,10907280,202209.0
86,A10023897,2450790,0,0,0,0,3466550,6662891,27250130,0,5909010,202209.0
87,A13805001,11110200,0,0,0,-6968000,6968000,5001330,19306440,2079080,0,202209.0
88,A13883601,-31560,3541440,0,0,0,3171000,242778,12753670,113820,0,202209.0
89,A13805002,34040040,0,0,0,0,81400180,63675705,221495250,3978740,109948750,202209.0
90,A13883602,3719970,0,0,0,0,14139800,4396734,28555750,-4170,18661000,202209.0
91,A13805003,,,,,,,,,,,202209.0
92,A10026209,,,,,,,,,,,202209.0
93,A13813008,15125970,0,0,0,-10244000,10244000,-2691340,35147050,-300,16685500,202209.0
94,A13813003,0,0,0,0,0,0,924100,9918230,200000,0,202209.0
95,A13813002,0,0,0,0,0,0,0,10846040,0,8046990,202209.0
96,A13813010,9620000,0,0,0,-974,22891814,14254510,54313920,688060,23049680,202209.0
97,A13813005,182032,0,0,0,0,5068746,2789720,9989920,57120,5152050,202209.0
98,A13813006,1271860,0,0,0,0,3192000,2200200,7683730,728860,4425390,202209.0
99,A13886009,2704640,0,0,0,0,9292000,3723119,20415030,418650,10402250,202209.0
100,A13813004,1051000,0,0,0,0,3235950,1649250,8292190,307360,3465300,202209.0
101,A13873701,0,0,1890,0,0,0,668280,0,1617070,0,202209.0
102,A10026734,0,0,0,10323730,0,0,3494841,16410550,228800,7988770,202209.0
103,A10025657,0,0,0,0,0,0,2617788,14456210,212200,4636020,202209.0
104,A10026249,0,0,14992680,0,0,0,4094408,28723140,0,11600260,202209.0
105,A10026362,0,0,0,0,0,0,3681650,18096950,1051870,3641250,202209.0
106,A10023333,,,,,,,,,,,202209.0
107,A13881401,0,0,1890,0,0,0,2710640,0,0,0,202209.0
108,A13811203,1629850,191170,0,0,0,5393450,2023210,0,225650,8661430,202209.0
109,A13881601,0,0,1360,0,0,0,585570,13259510,0,11549800,202209.0
110,A13811205,2525340,0,0,0,0,5225000,4030470,0,194350,10005880,202209.0
111,A13881302,0,0,18650,0,0,0,2788692,17050560,0,0,202209.0
112,A13811204,970430,0,0,0,0,5031000,1929042,12530360,430410,4708900,202209.0
113,A13811202,10663790,202480,0,0,-7066400,7066400,6964142,18237750,125620,10960650,202209.0
114,A13811206,1908310,1370100,0,0,0,12978750,3534819,25896050,0,12586460,202209.0
115,A13811001,6367700,9035520,0,613820,283308,8919300,13217719,10124930,106172,0,202209.0
116,A13881603,2744448,0,0,0,-408,5669270,216928,19498260,134890,10560430,202209.0
117,A10024655,,,,,,,,,,,202209.0
118,A10023887,36451980,836730,0,0,-24636960,24636960,27842205,81732900,2354060,27486110,202209.0
119,A10024085,10934090,0,0,0,0,0,46551520,0,9307160,0,202209.0
120,A10025284,,,,,,,,,,,202209.0
121,A10024492,9594090,116440,0,0,-7152650,7122500,4174051,14562820,75200,7736880,202209.0
122,A10023922,5707170,513550,-1160700,1137940,0,9794600,20264960,50460750,340710,13364700,202209.0
123,A10023927,10431650,395350,-1056040,1032230,-5051660,10716300,11894876,48424750,211250,12918470,202209.0
124,A10024152,7493900,300440,0,0,0,17620600,3964480,60004330,270680,22344330,202209.0
125,A10024787,6971240,227460,0,5981380,0,8972300,12740156,59726800,0,18874230,202209.0
126,A10024197,2141720,12600,0,0,0,3687840,5261760,15116140,-170,6832190,202209.0
127,A10024577,0,0,0,0,0,11905370,2524465,28598440,1809320,13745240,202209.0
128,A13812004,0,0,3930,0,0,0,2739330,8025850,73970,4747340,202209.0
129,A13881701,0,0,0,0,0,0,3988110,33692720,6850,15728760,202209.0
130,A13812003,0,0,0,0,0,0,13309990,0,4720170,0,202209.0
131,A13812001,0,0,0,0,0,0,316530,8427110,-530,3375560,202209.0
132,A13812002,-324130,324130,0,0,0,0,1311910,7578050,38970,4046180,202209.0
133,A13812005,0,0,0,0,0,0,10737792,37245430,0,18915640,202209.0
134,A10026961,,,,,,,,,,,202209.0
135,A10026717,,,,,,,,,,,202209.0
