,kaptCode,heatC,heatP,gasC,gasP,waterHotC,waterHotP,electC,electP,waterCoolC,waterCoolP,Date
0,A13203302,0,0,0,0,0,0,2996102,15991620,0,6491180,202107.0
1,A13203303,0,0,0,0,0,0,5012192,25444910,1093640,15345060,202107.0
2,A13295201,0,0,0,0,0,0,2385984,7328340,0,5758630,202107.0
3,A13286107,0,0,0,0,0,0,513000,21771500,-930,12468390,202107.0
4,A13287801,0,0,0,0,0,0,1103515,9359310,0,5776840,202107.0
5,A13286203,0,0,6910,0,0,0,2506299,6487610,0,0,202107.0
6,A13286109,0,0,0,0,0,0,2087600,29589950,503745,0,202107.0
7,A13203403,0,0,-839070,839070,0,0,3379030,15429690,439570,7376580,202107.0
8,A13286110,0,0,0,0,0,0,3969111,40526740,255150,22576170,202107.0
9,A13287503,0,0,0,0,0,0,2234027,18440580,504900,0,202107.0
10,A13203202,0,0,0,0,0,0,418320,17803660,110920,4906200,202107.0
11,A13286304,0,0,0,0,0,0,7872974,43833950,-525360,23353080,202107.0
12,A13286106,0,0,1670,0,0,0,24238231,0,231105,0,202107.0
13,A13203408,0,0,0,0,0,0,69300,24760940,61790,0,202107.0
14,A13286904,0,0,0,0,0,0,3783379,13857500,303215,0,202107.0
15,A13203002,0,0,0,0,0,0,521210,22971510,0,5048960,202107.0
16,A13203102,0,0,1100,0,0,0,2748350,0,552640,0,202107.0
17,A13286105,0,0,0,0,0,0,442080,15803720,581670,0,202107.0
18,A13203001,0,0,0,0,0,0,1732530,0,388270,0,202107.0
19,A13203401,0,0,0,0,0,0,229173,9155060,0,0,202107.0
20,A13286002,0,0,0,0,0,0,696593,6888310,0,4159570,202107.0
21,A10026175,,,,,,,,,,,202107.0
22,A10024827,,,,,,,,,,,202107.0
23,A10023732,,,,,,,,,,,202107.0
24,A13202306,0,0,0,0,0,0,870110,9263780,341700,0,202107.0
25,A13285503,0,0,0,0,0,0,3894380,13595890,0,4110020,202107.0
26,A13282510,0,0,0,0,0,0,840959,22005740,0,12079850,202107.0
27,A13276416,0,0,0,0,0,0,4854160,21657490,69800,12695590,202107.0
28,A13202302,0,0,3470,0,0,0,118100,5967070,0,0,202107.0
29,A13285406,0,0,0,0,0,0,0,64234270,0,13469310,202107.0
30,A13283405,0,0,0,0,0,0,3390620,11890250,0,0,202107.0
31,A13202308,0,0,0,0,0,0,16284740,0,0,0,202107.0
32,A13276414,0,0,0,0,0,0,1276640,6924760,0,8821820,202107.0
33,A13202102,0,0,0,0,0,0,1085900,7023780,72240,5098490,202107.0
34,A13276415,0,0,0,0,0,0,13104240,39185050,0,19549640,202107.0
35,A13285507,0,0,0,0,0,0,-519870,21726130,0,0,202107.0
36,A13202103,0,0,10940,0,0,0,6469780,20001210,0,6255730,202107.0
37,A13202002,0,0,2510,0,0,0,13094389,44793620,0,0,202107.0
38,A13285401,2420,0,0,0,0,0,3315020,11092830,0,3673140,202107.0
39,A13202304,0,0,0,0,0,0,0,5866740,100900,0,202107.0
40,A13272102,0,0,0,0,0,0,706520,28838660,0,4896850,202107.0
41,A13283611,0,0,0,0,0,0,4447600,24175520,-1040,15635900,202107.0
42,A13276417,0,0,0,0,0,0,18255630,0,226450,0,202107.0
43,A13202312,0,0,14000,0,0,0,15428220,99936310,1870590,55637610,202107.0
44,A13285305,0,0,0,0,0,0,-240556,22249840,95420,0,202107.0
45,A13285601,0,0,0,0,0,0,5317120,0,0,0,202107.0
46,A10026856,,,,,,,,,,,202107.0
47,A10026279,,,,,,,,,,,202107.0
48,A10027555,,,,,,,,,,,202107.0
49,A10024822,0,0,0,0,0,0,1483140,5224640,0,2625910,202107.0
50,A13204506,0,0,0,0,0,0,25366100,0,8710850,0,202107.0
51,A13204502,0,0,7940,0,0,0,4162783,16616520,-210,3923910,202107.0
52,A13204501,0,0,0,0,0,0,1158620,12979820,216000,3569350,202107.0
53,A13204505,0,0,0,0,0,0,931300,11864820,0,0,202107.0
54,A13290404,0,0,0,0,0,0,6629823,21504750,-28900,6311240,202107.0
55,A13204503,0,0,0,0,0,0,653297,13923530,0,7200350,202107.0
56,A13204402,0,0,0,0,0,0,883627,19975410,38930,4963150,202107.0
57,A13204510,0,0,70030,0,0,0,34415771,176938680,1214260,47842390,202107.0
58,A13292002,0,0,0,0,0,0,2962031,17224440,0,4203180,202107.0
59,A13204409,8068350,0,0,0,0,12038320,14240998,61079180,7665100,0,202107.0
60,A13204508,0,0,0,0,0,0,1835856,15535590,95740,8774440,202107.0
61,A13204408,4114240,0,0,0,0,14791000,8633062,29938590,2081105,0,202107.0
62,A13272201,0,0,0,0,0,0,1672850,14905390,0,8372470,202107.0
63,A13204507,0,0,0,0,-1237230,1237230,435395,25341850,-1256240,12715430,202107.0
64,A13204302,0,0,0,0,0,5222160,3194350,0,277060,9119760,202107.0
65,A13204001,0,0,0,0,0,0,2122800,17295130,0,8230660,202107.0
66,A13204406,5257230,0,0,0,0,10542390,2684502,50144450,0,27114800,202107.0
67,A13204105,8501113,0,0,0,11375640,9443700,2441070,88994130,896760,0,202107.0
68,A13290105,2827830,900,0,0,1904640,3665270,2307204,21289120,0,0,202107.0
69,A13290003,2553830,0,0,0,0,5002500,6803350,23217620,4022460,0,202107.0
70,A13290809,0,0,0,0,0,0,2180911,19214350,0,0,202107.0
71,A13204204,0,0,0,0,0,0,2392015,29632330,-1470,17465060,202107.0
72,A13204002,0,0,0,0,0,0,2883040,34959220,66300,10063060,202107.0
73,A13290107,6588580,0,0,0,0,8635690,18756610,67682810,4000000,0,202107.0
74,A13292701,0,0,0,0,0,0,1594711,6558210,0,0,202107.0
75,A13204201,0,0,0,0,0,0,1545000,6599370,50320,0,202107.0
76,A13204103,7254730,0,0,0,0,9552750,4233354,58161990,5708620,27112760,202107.0
77,A13204104,-514210,7982700,0,0,0,10694400,4589019,27687810,150570,18894890,202107.0
78,A13204301,0,0,0,0,0,0,216840,17738950,60120,8520110,202107.0
79,A13204205,0,0,0,0,0,0,17762122,42906720,0,19121510,202107.0
80,A13204203,0,0,0,0,0,0,2535773,21708920,0,5639800,202107.0
81,A13204003,,,,,,,,,,,202107.0
82,A13275001,,,,,,,,,,,202107.0
83,A13292501,0,0,0,0,0,0,567980,7338250,10,4051880,202107.0
84,A13204404,0,0,41860,0,0,0,1223010,64915940,0,32406030,202107.0
85,A10026109,,,,,,,,,,,202107.0
86,A13201207,1421770,0,0,0,0,6672000,2664050,24925070,3114360,0,202107.0
87,A13201202,0,0,1460,0,0,0,1680610,12531430,0,4209260,202107.0
88,A13201206,0,0,0,0,0,0,8424551,36097710,0,11313210,202107.0
89,A13201201,0,0,0,0,0,0,1234310,6342970,0,3262140,202107.0
90,A13201203,0,0,0,0,0,0,-350470,9922800,112750,0,202107.0
91,A13275302,2419740,0,0,0,-3231800,3231800,1907400,7484510,1634900,0,202107.0
92,A13293505,0,0,0,0,0,0,3324333,19903850,0,8958450,202107.0
93,A13281802,0,0,0,0,0,0,22977410,22318450,11546920,11533920,202107.0
94,A13275303,,,,,,,,,,,202107.0
95,A13281201,0,0,0,0,0,0,1113170,0,904510,0,202107.0
96,A13201208,0,0,0,2453200,0,12187800,9621100,34819140,2879540,0,202107.0
97,A13275301,,,,,,,,,,,202107.0
98,A13201209,0,0,0,0,0,0,19975760,100779170,0,50138650,202107.0
99,A13201001,0,0,60350,0,0,0,512420,3248070,24770,1768890,202107.0
100,A13201002,0,0,0,0,0,0,420410,6512090,0,3244110,202107.0
101,A13280104,0,0,0,0,0,0,460600,12587480,51480,0,202107.0
102,A10027136,0,0,0,0,0,0,5789100,0,2523450,0,202107.0
103,A10026714,,,,,,,,,,,202107.0
