,kaptCode,heatC,heatP,gasC,gasP,waterHotC,waterHotP,electC,electP,waterCoolC,waterCoolP,Date
0,A13203302,0,0,0,0,0,0,3787811,16721010,0,6537450,202102.0
1,A13203303,0,0,0,0,0,0,6858389,22986140,1061100,11508340,202102.0
2,A13295201,0,0,0,0,0,0,1806207,6081930,0,0,202102.0
3,A13286107,0,0,0,0,0,0,579330,23489980,-90,11776990,202102.0
4,A13287801,0,0,0,0,0,0,1881748,11770640,0,5207490,202102.0
5,A13286203,0,0,116980,0,0,0,2099138,5815720,0,0,202102.0
6,A13286109,0,0,0,0,0,0,3770350,26169990,0,0,202102.0
7,A13203403,0,0,-626410,626410,0,0,2612910,13717790,231910,6708100,202102.0
8,A13286110,0,0,0,0,0,0,4861676,37064600,0,19481140,202102.0
9,A13287503,0,0,0,0,0,0,3238003,17432340,549450,0,202102.0
10,A13203202,215960,0,0,0,0,0,2040790,8233260,63720,4536870,202102.0
11,A13286304,0,0,0,0,0,0,9792676,40973450,2123710,21168570,202102.0
12,A13286106,0,0,102280,0,0,0,22068899,0,552780,0,202102.0
13,A13203408,0,0,0,0,0,0,3275162,19930890,189200,0,202102.0
14,A13286904,0,0,0,0,0,0,3510406,14177310,491640,0,202102.0
15,A13203002,0,0,0,0,0,0,1478550,11807380,0,4879690,202102.0
16,A13203102,0,0,103550,0,0,0,3820650,0,524380,0,202102.0
17,A13286105,0,0,0,0,0,0,1526820,16850540,37260,0,202102.0
18,A13203001,0,0,0,0,0,0,2509840,0,275580,0,202102.0
19,A13203401,0,0,0,0,0,0,1205269,10750920,0,8111720,202102.0
20,A13286002,0,0,0,0,0,0,2443571,7227870,0,3589030,202102.0
21,A10026175,,,,,,,,,,,202102.0
22,A10024827,,,,,,,,,,,202102.0
23,A10023732,,,,,,,,,,,202102.0
24,A13202306,0,0,0,0,0,0,2215760,10955060,518180,0,202102.0
25,A13285503,0,0,0,0,0,0,1344620,9980730,0,3762730,202102.0
26,A13282510,0,0,0,0,0,0,663149,25446080,-2800,10773240,202102.0
27,A13276416,0,0,0,0,0,0,5589326,23520560,0,11838160,202102.0
28,A13202302,0,0,165470,0,0,0,98780,8180020,201235,0,202102.0
29,A13285406,0,0,340170,0,0,0,0,31122340,0,11128550,202102.0
30,A13283405,0,0,0,0,0,0,2703290,13851720,0,0,202102.0
31,A13202308,0,0,0,0,0,0,2551070,13081360,0,0,202102.0
32,A13276414,0,0,0,0,0,0,2679070,7349940,0,0,202102.0
33,A13202102,0,0,0,0,0,0,2172890,9000710,214140,4771800,202102.0
34,A13276415,0,0,0,0,0,0,11108270,35208740,0,19964900,202102.0
35,A13285507,0,0,0,0,0,0,1556190,12401040,0,0,202102.0
36,A13202103,0,0,84230,0,0,0,3688570,10022330,0,4798660,202102.0
37,A13202002,0,0,525520,0,0,0,26144527,59932720,-171560,49284140,202102.0
38,A13285401,68840,0,0,0,0,0,1686970,5811920,62860,3110000,202102.0
39,A13202304,0,0,0,0,0,0,0,5693550,78480,0,202102.0
40,A13272102,0,0,0,0,0,0,1840620,13603430,0,4842030,202102.0
41,A13283611,0,0,0,0,0,0,5222020,27394180,-940,12385890,202102.0
42,A13276417,0,0,0,0,0,0,19053610,0,0,0,202102.0
43,A13202312,0,0,317690,0,0,0,26072710,85095990,1246880,45142710,202102.0
44,A13285305,0,0,87530,0,0,0,1239756,12690310,256780,0,202102.0
45,A13285601,0,0,0,0,0,0,7335710,0,5203020,0,202102.0
46,A10026856,,,,,,,,,,,202102.0
47,A10026279,,,,,,,,,,,202102.0
48,A10027555,,,,,,,,,,,202102.0
49,A10024822,0,0,0,0,0,0,1380280,3920240,0,2043480,202102.0
50,A13204506,0,0,0,0,0,0,17223330,0,8590970,0,202102.0
51,A13204502,0,0,13050,0,0,0,2711597,7539210,0,4021980,202102.0
52,A13204501,0,0,0,0,0,0,1447120,6671090,216000,3095840,202102.0
53,A13204505,0,0,0,0,0,0,2241210,10779240,0,0,202102.0
54,A13290404,0,0,0,0,0,0,4798643,10610890,-29950,6815420,202102.0
55,A13204503,0,0,0,0,0,0,839049,6696550,0,0,202102.0
56,A13204402,0,0,0,0,0,0,881674,7943200,43440,4037290,202102.0
57,A13204510,0,0,1076320,0,0,0,15908054,90620010,-3119030,42250500,202102.0
58,A13292002,0,0,0,0,0,0,1815380,7748880,0,3873970,202102.0
59,A13204409,19341990,101033120,0,0,0,70387200,19440621,72394600,19470170,0,202102.0
60,A13204508,0,0,15380,0,0,0,4227794,12404110,181830,8660770,202102.0
61,A13204408,97109920,0,0,0,0,29508500,5058312,26199720,604485,0,202102.0
62,A13272201,0,0,0,0,0,0,5321490,17148790,0,6685280,202102.0
63,A13204507,0,0,0,0,-885690,885690,5592894,19332100,-2103110,11700870,202102.0
64,A13204302,1974598,16402882,0,0,25370,21216730,4698070,0,277170,9524130,202102.0
65,A13204001,0,0,0,0,0,0,1994990,8033610,0,0,202102.0
66,A13204406,17237030,96805800,0,0,0,23337500,15314048,53641510,0,24924090,202102.0
67,A13204105,20392163,121991720,0,0,14626020,45701100,16918465,76459500,867980,0,202102.0
68,A13290105,7494280,31935710,0,0,4567230,13903140,4447782,18171020,0,0,202102.0
69,A13290003,42674010,0,0,0,0,17179500,11371990,24080090,5000000,0,202102.0
70,A13290809,0,0,0,0,0,0,4846134,16157800,1491720,0,202102.0
71,A13204204,0,0,0,0,0,0,2569886,38673750,-1390,17020780,202102.0
72,A13204002,0,0,0,0,0,0,2148750,18680790,46750,8422950,202102.0
73,A13290107,15430640,70837860,0,0,0,55575000,9452960,49982800,9952400,0,202102.0
74,A13292701,0,0,0,0,0,0,2188152,8620030,6510030,0,202102.0
75,A13204201,0,0,0,0,0,0,2450350,6960710,65660,0,202102.0
76,A13204103,21621304,95962430,0,0,0,42890100,3885475,72249160,14446820,22696610,202102.0
77,A13204104,-1945390,118082400,0,0,0,23689600,5485190,33223150,0,15649520,202102.0
78,A13204301,0,0,0,0,0,0,1018220,8157250,0,0,202102.0
79,A13204205,0,0,0,0,0,0,7276754,40984820,0,18001680,202102.0
80,A13204203,0,0,0,0,0,0,2250011,10781690,0,5553710,202102.0
81,A13204003,,,,,,,,,,,202102.0
82,A13275001,,,,,,,,,,,202102.0
83,A13292501,0,0,0,0,0,0,699110,4255390,0,0,202102.0
84,A13204404,0,0,489060,0,0,0,3645642,32759330,0,0,202102.0
85,A10026109,,,,,,,,,,,202102.0
86,A13201207,49434500,0,0,0,0,16976000,4820480,19904540,0,0,202102.0
87,A13201202,0,0,123410,0,0,0,1912750,6788830,0,3263450,202102.0
88,A13201206,0,0,0,0,0,0,5781974,18968640,0,10012800,202102.0
89,A13201201,85230,0,0,0,0,0,1756330,8188830,0,2817110,202102.0
90,A13201203,0,0,0,0,0,0,339190,9076790,0,0,202102.0
91,A13275302,26188440,0,0,0,-5483400,5483400,2383300,9987040,3323565,0,202102.0
92,A13293505,0,0,0,0,0,0,5890559,15957510,0,7100760,202102.0
93,A13281802,0,0,121080,0,0,0,27984880,22835800,10947110,10934110,202102.0
94,A13275303,,,,,,,,,,,202102.0
95,A13281201,0,0,0,0,0,0,14261370,0,4899420,0,202102.0
96,A13201208,10677160,58745600,0,1860260,0,38041800,17481010,39528310,2902130,0,202102.0
97,A13275301,,,,,,,,,,,202102.0
98,A13201209,0,0,631170,0,0,0,-864070,119547830,0,46674540,202102.0
99,A13201001,0,0,56030,0,0,0,1341070,3694330,26320,1574860,202102.0
100,A13201002,0,0,0,0,0,0,402180,6205360,0,2919270,202102.0
101,A13280104,0,0,0,0,0,0,479700,11853080,0,0,202102.0
102,A10027136,0,0,0,0,0,0,6090130,0,2712780,0,202102.0
103,A10026714,,,,,,,,,,,202102.0
