,kaptCode,heatC,heatP,gasC,gasP,waterHotC,waterHotP,electC,electP,waterCoolC,waterCoolP,Date
0,A13203302,0,0,0,0,0,0,3553515,12619540,0,6044560,202103.0
1,A13203303,0,0,0,0,0,0,4608360,17919930,1448380,13620900,202103.0
2,A13295201,0,0,0,0,0,0,1484785,4888490,0,5230080,202103.0
3,A13286107,0,0,0,0,0,0,555030,18824070,-940,11345520,202103.0
4,A13287801,0,0,0,0,0,0,1907686,9367130,0,4650480,202103.0
5,A13286203,0,0,79090,0,0,0,1257465,4454230,0,0,202103.0
6,A13286109,0,0,0,0,0,0,2814170,20085480,647765,0,202103.0
7,A13203403,0,0,-634150,634150,0,0,2199570,10698990,270370,6059890,202103.0
8,A13286110,0,0,0,0,0,0,2952726,27831660,0,21768540,202103.0
9,A13287503,0,0,0,0,0,0,2790414,13339450,549450,0,202103.0
10,A13203202,129560,0,0,0,0,0,1535530,8951610,18880,3991240,202103.0
11,A13286304,0,0,0,0,0,0,6474405,31538500,-1694310,21835170,202103.0
12,A13286106,0,0,79760,0,0,0,17245259,0,551205,0,202103.0
13,A13203408,0,0,0,0,0,0,1783041,15425580,448780,0,202103.0
14,A13286904,0,0,0,0,0,0,3046696,11491770,528360,0,202103.0
15,A13203002,0,0,0,0,0,0,1218020,12746240,0,4273080,202103.0
16,A13203102,0,0,71740,0,0,0,3179920,0,524380,0,202103.0
17,A13286105,0,0,0,0,0,0,1111950,13158350,921150,0,202103.0
18,A13203001,0,0,0,0,0,0,1791980,0,275560,0,202103.0
19,A13203401,0,0,0,0,0,0,374054,8508880,0,0,202103.0
20,A13286002,0,0,0,0,0,0,1703746,6130620,0,3909250,202103.0
21,A10026175,,,,,,,,,,,202103.0
22,A10024827,,,,,,,,,,,202103.0
23,A10023732,,,,,,,,,,,202103.0
24,A13202306,0,0,0,0,0,0,1749680,8690240,585900,0,202103.0
25,A13285503,0,0,0,0,0,0,2308090,7754490,0,3975220,202103.0
26,A13282510,0,0,0,0,0,0,492375,19983900,96900,10619240,202103.0
27,A13276416,0,0,0,0,0,0,5608977,17469580,0,12171530,202103.0
28,A13202302,0,0,154140,0,0,0,19780,6877360,201235,0,202103.0
29,A13285406,0,0,324680,0,0,0,2175960,32134570,0,12259640,202103.0
30,A13283405,0,0,0,0,0,0,12466790,0,0,0,202103.0
31,A13202308,0,0,0,0,0,0,1753180,10371110,0,0,202103.0
32,A13276414,0,0,0,0,0,0,1725630,6211550,127580,7669020,202103.0
33,A13202102,0,0,0,0,0,0,1909510,7103290,92880,4173120,202103.0
34,A13276415,0,0,0,0,0,0,9832350,27212660,0,17487140,202103.0
35,A13285507,0,0,0,0,0,0,964660,13263530,0,0,202103.0
36,A13202103,0,0,49270,0,0,0,3685370,10390290,0,5316630,202103.0
37,A13202002,0,0,260330,0,0,0,14988283,44983590,0,0,202103.0
38,A13285401,37060,0,0,0,0,0,1052200,6963680,0,3566590,202103.0
39,A13202304,0,0,0,0,0,0,0,4264510,0,0,202103.0
40,A13272102,0,0,0,0,0,0,1705390,14832760,0,5766630,202103.0
41,A13283611,0,0,0,0,0,0,4593720,20876340,-250,13721370,202103.0
42,A13276417,0,0,0,0,0,0,14783140,0,0,0,202103.0
43,A13202312,0,0,171400,0,0,0,18710360,67059970,1525590,49239750,202103.0
44,A13285305,0,0,38930,0,0,0,914779,13304630,256780,0,202103.0
45,A13285601,0,0,0,0,0,0,5649160,0,0,0,202103.0
46,A10026856,,,,,,,,,,,202103.0
47,A10026279,,,,,,,,,,,202103.0
48,A10027555,,,,,,,,,,,202103.0
49,A10024822,0,0,0,0,0,0,996170,3030580,0,2173800,202103.0
50,A13204506,0,0,0,0,0,0,14642780,0,7497880,0,202103.0
51,A13204502,0,0,13640,0,0,0,11929285,0,3597480,0,202103.0
52,A13204501,0,0,0,0,0,0,1038580,7445690,216000,3445280,202103.0
53,A13204505,0,0,0,0,0,0,1296950,8430860,0,0,202103.0
54,A13290404,0,0,0,0,0,0,4540603,11392040,-139910,6813930,202103.0
55,A13204503,0,0,0,0,0,0,671278,7105920,45980,6428050,202103.0
56,A13204402,0,0,0,0,0,0,1955176,9991840,44060,4448670,202103.0
57,A13204510,0,0,956340,0,0,0,33223069,90620010,515170,42250500,202103.0
58,A13292002,0,0,0,0,0,0,1636253,8233040,0,3387080,202103.0
59,A13204409,17205160,53167840,0,0,0,66244000,20393556,51597710,13250430,0,202103.0
60,A13204508,0,0,0,0,0,0,584326,10875110,0,7605830,202103.0
61,A13204408,79557540,0,0,0,0,22935500,4316740,20876940,3066415,0,202103.0
62,A13272201,0,0,0,0,0,0,3451480,13432130,0,7502570,202103.0
63,A13204507,0,0,0,0,-918230,918230,2982531,16078930,-752180,10211880,202103.0
64,A13204302,1939970,15196800,0,0,59850,12223750,3695130,0,277060,7877420,202103.0
65,A13204001,0,0,0,0,0,0,1570080,8429640,184840,7351980,202103.0
66,A13204406,12119080,57167600,0,0,0,25315000,10781327,45680970,0,26078630,202103.0
67,A13204105,16733919,69402900,0,0,16394180,49337290,20292304,50843380,870560,0,202103.0
68,A13290105,5965840,22594860,0,0,3959010,9319600,2484009,14386350,0,0,202103.0
69,A13290003,28353950,0,0,0,0,14671800,7179770,17335670,5281810,0,202103.0
70,A13290809,0,0,0,0,0,0,2462428,12832080,0,0,202103.0
71,A13204204,0,0,0,0,0,0,2510293,30727710,-600,16374430,202103.0
72,A13204002,0,0,0,0,0,0,1631820,20161570,37000,9237540,202103.0
73,A13290107,12725940,47662630,0,0,0,42826500,20464120,40597660,9500000,0,202103.0
74,A13292701,0,0,0,0,0,0,1826571,6664840,0,0,202103.0
75,A13204201,0,0,0,0,0,0,2220630,5389840,274270,0,202103.0
76,A13204103,16818074,50713560,0,0,0,44910600,5036920,56465940,10681330,18914960,202103.0
77,A13204104,-1912610,82552200,0,0,0,17372800,3583830,24034870,6861790,8787220,202103.0
78,A13204301,0,0,0,0,0,0,326040,9381150,82780,8072300,202103.0
79,A13204205,0,0,0,0,0,0,7299692,31330560,0,15782560,202103.0
80,A13204203,0,0,0,0,0,0,1859214,11475870,0,5025170,202103.0
81,A13204003,,,,,,,,,,,202103.0
82,A13275001,,,,,,,,,,,202103.0
83,A13292501,0,0,0,0,0,0,622610,4692500,90,4017020,202103.0
84,A13204404,0,0,399530,0,0,0,2623213,35407050,0,31632210,202103.0
85,A10026109,,,,,,,,,,,202103.0
86,A13201207,37961740,0,0,0,0,13076000,3756130,15334620,6284900,0,202103.0
87,A13201202,0,0,111140,0,0,0,1532350,7264950,0,3541910,202103.0
88,A13201206,0,0,0,0,0,0,5826648,19847710,0,9667640,202103.0
89,A13201201,13940,0,0,0,0,0,1491370,6367140,0,2713770,202103.0
90,A13201203,0,0,0,0,0,0,591680,6757380,149650,0,202103.0
91,A13275302,18638100,0,0,0,-6969600,6969600,1087930,8253080,3099565,0,202103.0
92,A13293505,0,0,0,0,0,0,5058846,12268850,0,7725310,202103.0
93,A13281802,0,0,71670,0,0,0,21592030,16667800,10947110,10934110,202103.0
94,A13275303,,,,,,,,,,,202103.0
95,A13281201,0,0,0,0,0,0,2642030,8867710,-68490,5097320,202103.0
96,A13201208,7446550,33457600,0,1839390,0,36049000,9986430,32449770,2708730,0,202103.0
97,A13275301,,,,,,,,,,,202103.0
98,A13201209,0,0,401880,0,0,0,3716270,88416910,0,41721250,202103.0
99,A13201001,0,0,65650,0,0,0,978390,2989960,23160,1553950,202103.0
100,A13201002,0,0,0,0,0,0,397820,4972120,0,2672820,202103.0
101,A13280104,0,0,0,0,0,0,503500,9046410,208780,0,202103.0
102,A10027136,0,0,0,0,0,0,4804830,0,2373510,0,202103.0
103,A10026714,,,,,,,,,,,202103.0
