,kaptCode,heatC,heatP,gasC,gasP,waterHotC,waterHotP,electC,electP,waterCoolC,waterCoolP,Date
0,A13203302,0,0,0,0,0,0,2996713,14185860,0,7238270,202110.0
1,A13203303,0,0,0,0,0,0,3642873,19475290,1018320,13661670,202110.0
2,A13295201,0,0,0,0,0,0,1446956,5064580,0,0,202110.0
3,A13286107,0,0,0,0,0,0,488070,21655170,-2020,13098750,202110.0
4,A13287801,0,0,0,0,0,0,1436663,9539600,0,5050300,202110.0
5,A13286203,0,0,6400,0,0,0,854454,5259760,0,0,202110.0
6,A13286109,0,0,0,0,0,0,3542300,20787660,296400,0,202110.0
7,A13203403,0,0,-716370,716370,0,0,2133150,11514140,501180,6908760,202110.0
8,A13286110,0,0,0,0,0,0,5264241,28518890,0,21615940,202110.0
9,A13287503,0,0,0,0,0,0,3089795,14379500,0,0,202110.0
10,A13203202,0,0,0,0,0,0,544630,8719580,42480,4535420,202110.0
11,A13286304,0,0,0,0,0,0,6568491,34040320,-4614000,26334840,202110.0
12,A13286106,0,0,1100,0,0,0,17852836,0,523390,0,202110.0
13,A13203408,0,0,0,0,0,0,1991655,16503950,61920,0,202110.0
14,A13286904,0,0,0,0,0,0,2657599,12851570,231990,0,202110.0
15,A13203002,0,0,0,0,0,0,910340,12515520,0,4870320,202110.0
16,A13203102,0,0,1100,0,0,0,2398960,0,392175,0,202110.0
17,A13286105,0,0,0,0,0,0,452260,14196850,316710,0,202110.0
18,A13203001,0,0,0,0,0,0,1295050,0,424360,0,202110.0
19,A13203401,0,0,0,0,0,0,368738,8708410,1456130,7101150,202110.0
20,A13286002,0,0,0,0,0,0,1628468,5878030,0,3839610,202110.0
21,A10026175,,,,,,,,,,,202110.0
22,A10024827,,,,,,,,,,,202110.0
23,A10023732,,,,,,,,,,,202110.0
24,A13202306,0,0,0,0,0,0,1440300,9158760,705175,0,202110.0
25,A13285503,0,0,0,0,0,0,2780370,7587910,0,4945460,202110.0
26,A13282510,0,0,0,0,0,0,746921,20938680,0,11613940,202110.0
27,A13276416,0,0,0,0,0,0,5447613,19188630,120620,11979950,202110.0
28,A13202302,0,0,1380,0,0,0,444540,5857220,0,0,202110.0
29,A13285406,0,0,0,0,0,0,0,31901310,618470,13023920,202110.0
30,A13283405,0,0,0,0,0,0,2333170,10609930,0,0,202110.0
31,A13202308,0,0,0,0,0,0,1555760,11379650,84600,0,202110.0
32,A13276414,0,0,0,0,0,0,1178020,6802910,0,0,202110.0
33,A13202102,0,0,0,0,0,0,1225770,7534390,147060,4730430,202110.0
34,A13276415,0,0,0,0,0,0,9743250,29608850,0,19082060,202110.0
35,A13285507,0,0,0,0,0,0,305600,12869950,0,0,202110.0
36,A13202103,0,0,11040,0,0,0,3310270,10233220,0,5703010,202110.0
37,A13202002,0,0,1780,0,0,0,12777845,46209420,-244170,53555210,202110.0
38,A13285401,1100,0,0,0,0,0,2293000,5375570,96510,3479670,202110.0
39,A13202304,0,0,0,0,0,0,0,4807850,61560,0,202110.0
40,A13272102,0,0,0,0,0,0,645940,14219190,68220,5771320,202110.0
41,A13283611,0,0,0,0,0,0,4119000,22165780,140,14248630,202110.0
42,A13276417,0,0,0,0,0,0,14834660,0,0,0,202110.0
43,A13202312,0,0,11550,0,0,0,16819860,75754740,1682480,51196040,202110.0
44,A13285305,0,0,2420,0,0,0,218725,12841770,31230,0,202110.0
45,A13285601,0,0,0,0,0,0,5537530,0,5740140,0,202110.0
46,A10026856,,,,,,,,,,,202110.0
47,A10026279,,,,,,,,,,,202110.0
48,A10027555,,,,,,,,,,,202110.0
49,A10024822,0,0,0,144160,0,0,821720,3941010,0,2500400,202110.0
50,A13204506,0,0,0,0,0,0,15513630,0,8446080,0,202110.0
51,A13204502,0,0,4980,0,0,0,2544085,7857310,0,4593110,202110.0
52,A13204501,0,0,0,0,0,0,1153650,6768900,216000,3595830,202110.0
53,A13204505,0,0,0,0,0,0,1093770,8852860,75780,0,202110.0
54,A13290404,0,0,0,0,0,0,3920963,10905740,-29340,6973510,202110.0
55,A13204503,0,0,0,0,0,0,8040478,0,0,0,202110.0
56,A13204402,0,0,0,0,0,0,720393,9914570,31740,4680180,202110.0
57,A13204510,0,0,4150,0,0,0,17362634,90366200,730010,44005740,202110.0
58,A13292002,0,0,0,0,0,0,1581407,7878330,0,3903650,202110.0
59,A13204409,11139070,20301430,0,0,0,29297500,13263453,57905810,8596230,0,202110.0
60,A13204508,0,0,0,0,0,0,705840,11923460,0,8689590,202110.0
61,A13204408,33610120,0,0,0,0,16128000,1241841,28326860,715370,0,202110.0
62,A13272201,0,0,0,0,0,0,3047290,14091650,0,7407650,202110.0
63,A13204507,0,0,0,0,-1046070,1046070,2360363,17169410,-971720,11214900,202110.0
64,A13204302,281830,4652980,0,0,18330,9768370,3420215,0,277200,10103570,202110.0
65,A13204001,0,0,0,0,0,0,1721380,8372960,0,0,202110.0
66,A13204406,8846910,18196500,0,0,-7050,14779150,1123265,47936630,0,26353990,202110.0
67,A13204105,10864659,13447400,0,0,18451000,27934200,4019801,66376740,884600,0,202110.0
68,A13290105,2773790,5546090,0,0,2237760,7522690,3167744,15207970,0,0,202110.0
69,A13290003,9566180,0,0,0,0,8828800,5250680,17164720,3000000,0,202110.0
70,A13290809,0,0,0,0,0,0,2119919,14465540,612560,0,202110.0
71,A13204204,0,0,0,0,0,0,1106778,32556970,-1160,17686300,202110.0
72,A13204002,0,0,0,0,0,0,2452580,18014890,47780,9294280,202110.0
73,A13290107,8356440,5229570,0,0,0,27230000,16117370,39475580,6534810,0,202110.0
74,A13292701,0,0,0,0,0,0,1257415,6639470,7369220,0,202110.0
75,A13204201,0,0,0,0,0,0,2030220,5818010,34560,0,202110.0
76,A13204103,10841130,16016730,0,0,0,25814700,1001000,59059080,8241390,23530850,202110.0
77,A13204104,-2791420,35834700,0,0,0,13667200,2437125,28942900,992500,16061120,202110.0
78,A13204301,0,0,0,0,0,0,1233860,8368350,0,0,202110.0
79,A13204205,0,0,0,0,0,0,7981969,34359100,0,16715080,202110.0
80,A13204203,0,0,0,0,0,0,1586389,11124180,0,5890590,202110.0
81,A13204003,,,,,,,,,,,202110.0
82,A13275001,,,,,,,,,,,202110.0
83,A13292501,0,0,0,0,0,0,1376760,3807680,0,0,202110.0
84,A13204404,0,0,6110,0,0,0,2179479,34082860,0,0,202110.0
85,A10026109,,,,,,,,,,,202110.0
86,A13201207,15313770,0,0,0,0,9056000,3237000,17512720,0,0,202110.0
87,A13201202,0,0,1690,0,0,0,1408240,7172990,0,3823640,202110.0
88,A13201206,0,0,0,0,0,0,5226772,19671560,0,9989920,202110.0
89,A13201201,0,0,0,0,0,0,600030,7168630,0,3279020,202110.0
90,A13201203,0,0,0,0,0,0,233340,7327000,0,0,202110.0
91,A13275302,9055580,0,0,0,-3666200,3666200,1349710,6872730,2214495,0,202110.0
92,A13293505,0,0,0,0,0,0,3291774,14405700,0,9732060,202110.0
93,A13281802,0,0,0,0,0,0,19984460,19116120,12176760,12163760,202110.0
94,A13275303,,,,,,,,,,,202110.0
95,A13281201,0,0,0,0,0,0,1365050,9482720,18240,5136010,202110.0
96,A13201208,0,12531200,0,2112650,0,15560100,6852760,35179510,2925870,0,202110.0
97,A13275301,,,,,,,,,,,202110.0
98,A13201209,0,0,0,0,0,0,18198620,78997460,0,47404560,202110.0
99,A13201001,0,0,0,0,0,0,932310,3019880,24960,1796170,202110.0
100,A13201002,0,0,0,0,0,0,0,5893170,0,2437020,202110.0
101,A13280104,0,0,0,0,0,0,361790,9525900,0,0,202110.0
102,A10027136,0,0,0,0,0,0,5486970,0,2715000,0,202110.0
103,A10026714,,,,,,,,,,,202110.0
