,kaptCode,heatC,heatP,gasC,gasP,waterHotC,waterHotP,electC,electP,waterCoolC,waterCoolP,Date
0,A13203302,0,0,0,0,0,0,3604366,13012440,0,6346470,202105.0
1,A13203303,0,0,0,0,0,0,3784638,18524720,1363590,12845570,202105.0
2,A13295201,0,0,0,0,0,0,1472241,4833280,0,5373870,202105.0
3,A13286107,0,0,0,0,0,0,531990,18982810,0,11180050,202105.0
4,A13287801,0,0,0,0,0,0,1548687,9064380,0,5049940,202105.0
5,A13286203,0,0,22040,0,0,0,780240,5088730,0,0,202105.0
6,A13286109,0,0,0,0,0,0,2370720,20716460,433455,0,202105.0
7,A13203403,0,0,-702530,702530,0,0,2148790,10971510,424550,6551860,202105.0
8,A13286110,0,0,0,0,0,0,2661287,29171690,0,22066130,202105.0
9,A13287503,0,0,0,0,0,0,2711462,13895560,0,0,202105.0
10,A13203202,0,0,0,0,0,0,1238610,8285480,283200,4608890,202105.0
11,A13286304,0,0,0,0,0,0,4185961,34426790,-6640,22982740,202105.0
12,A13286106,0,0,2310,0,0,0,17235306,0,319920,0,202105.0
13,A13203408,0,0,0,0,0,0,1836184,15614200,567600,0,202105.0
14,A13286904,0,0,0,0,0,0,3112111,11465630,378510,0,202105.0
15,A13203002,0,0,0,0,0,0,1258820,12156540,0,4707470,202105.0
16,A13203102,0,0,17720,0,0,0,2570220,0,525120,0,202105.0
17,A13286105,0,0,0,0,0,0,837950,13385220,151110,0,202105.0
18,A13203001,0,0,0,0,0,0,1541160,0,323450,0,202105.0
19,A13203401,0,0,0,0,0,0,333585,8359060,0,0,202105.0
20,A13286002,0,0,0,0,0,0,1273889,6026990,0,4091330,202105.0
21,A10026175,,,,,,,,,,,202105.0
22,A10024827,,,,,,,,,,,202105.0
23,A10023732,,,,,,,,,,,202105.0
24,A13202306,0,0,0,0,0,0,1027060,9031390,349590,0,202105.0
25,A13285503,0,0,0,0,0,0,1943310,8111440,0,4363250,202105.0
26,A13282510,0,0,0,0,0,0,457702,19962580,96280,11214670,202105.0
27,A13276416,0,0,0,0,0,0,5401726,17591830,0,11724070,202105.0
28,A13202302,0,0,76600,0,0,0,56080,6450390,0,0,202105.0
29,A13285406,0,0,140230,0,0,0,0,30420010,0,11644640,202105.0
30,A13283405,0,0,0,0,0,0,2285300,9785680,0,0,202105.0
31,A13202308,0,0,0,0,0,0,1523110,10733110,0,0,202105.0
32,A13276414,0,0,0,0,0,0,1704130,6064470,155210,7722830,202105.0
33,A13202102,0,0,0,0,0,0,1454710,6676630,92880,4536040,202105.0
34,A13276415,0,0,0,0,0,0,9852970,28239600,0,19377680,202105.0
35,A13285507,0,0,0,0,0,0,385140,12810180,0,0,202105.0
36,A13202103,0,0,22540,0,0,0,3369210,9852060,0,5467960,202105.0
37,A13202002,0,0,71750,0,0,0,13640418,43343090,0,0,202105.0
38,A13285401,16440,0,0,0,0,0,1689220,5950520,176000,3568480,202105.0
39,A13202304,0,0,0,0,0,0,0,4442110,141160,0,202105.0
40,A13272102,0,0,0,0,0,0,631360,13875940,0,4806480,202105.0
41,A13283611,0,0,0,0,0,0,3766180,21668100,100,13992760,202105.0
42,A13276417,0,0,0,0,0,0,14638590,0,540290,0,202105.0
43,A13202312,0,0,16590,0,0,0,16748390,71090780,2084410,49861440,202105.0
44,A13285305,0,0,4160,0,0,0,548043,12271950,192580,0,202105.0
45,A13285601,0,0,0,0,0,0,5467150,0,0,0,202105.0
46,A10026856,,,,,,,,,,,202105.0
47,A10026279,,,,,,,,,,,202105.0
48,A10027555,,,,,,,,,,,202105.0
49,A10024822,0,0,0,0,0,0,1110290,3195370,0,2241270,202105.0
50,A13204506,0,0,0,0,0,0,14526620,0,8052500,0,202105.0
51,A13204502,0,0,14270,0,0,0,2404511,7757980,-300,3520980,202105.0
52,A13204501,0,0,0,0,0,0,868060,6919810,216000,3689890,202105.0
53,A13204505,0,0,0,0,0,0,888800,8488270,0,0,202105.0
54,A13290404,0,0,0,0,0,0,4278693,10745320,-26730,6380100,202105.0
55,A13204503,0,0,0,0,0,0,678930,6670440,41,6721699,202105.0
56,A13204402,0,0,0,0,0,0,646164,9614400,50570,4460890,202105.0
57,A13204510,0,0,365550,0,0,0,16672409,87345570,372600,43716810,202105.0
58,A13292002,0,0,0,0,0,0,1662599,8143130,0,3927740,202105.0
59,A13204409,11931560,2119450,0,0,0,31424400,17963207,52442090,10570340,0,202105.0
60,A13204508,0,0,0,0,0,0,1069482,10501610,0,8382250,202105.0
61,A13204408,16965020,0,0,0,0,21007000,3167050,23202210,1150750,0,202105.0
62,A13272201,0,0,0,0,0,0,3973150,12324230,0,7561180,202105.0
63,A13204507,0,0,0,0,-1001070,1001070,3608973,15026650,-361960,10658950,202105.0
64,A13204302,1066050,2513290,0,0,34011,10515489,3355810,0,276580,9132060,202105.0
65,A13204001,0,0,0,0,0,0,1583770,8047510,328590,7664340,202105.0
66,A13204406,8280530,8089200,0,0,0,19260780,10917919,43585460,0,26819030,202105.0
67,A13204105,10452676,7947200,0,0,11782000,27290100,4183633,61763570,877440,0,202105.0
68,A13290105,3733580,2934180,0,0,2962980,8882940,3276692,14077320,0,0,202105.0
69,A13290003,8550760,0,0,0,0,10115200,7041780,16084030,4051670,0,202105.0
70,A13290809,0,0,0,0,0,0,2033327,13287740,0,0,202105.0
71,A13204204,0,0,0,0,0,0,2288321,28907440,-1090,17949630,202105.0
72,A13204002,0,0,0,0,0,0,1450830,18869000,42570,9437130,202105.0
73,A13290107,8236690,3137000,0,0,0,27714000,12463250,38823240,7288000,0,202105.0
74,A13292701,0,0,0,0,0,0,1392283,6366040,0,0,202105.0
75,A13204201,0,0,0,0,0,0,2362610,5150410,5600,0,202105.0
76,A13204103,9930796,6230670,0,0,0,27407500,4035357,54991260,10815330,25719080,202105.0
77,A13204104,-617390,24385500,0,0,0,15097600,3568362,24697690,982090,15387070,202105.0
78,A13204301,0,0,0,0,0,0,805730,8294260,26780,8386120,202105.0
79,A13204205,0,0,0,0,0,0,9878114,33057980,0,17192970,202105.0
80,A13204203,0,0,0,0,0,0,1872617,10709030,0,5331410,202105.0
81,A13204003,,,,,,,,,,,202105.0
82,A13275001,,,,,,,,,,,202105.0
83,A13292501,0,0,0,0,0,0,246460,4901670,-20,4193310,202105.0
84,A13204404,0,0,69620,0,0,0,2700367,32987500,0,30564010,202105.0
85,A10026109,,,,,,,,,,,202105.0
86,A13201207,12359460,0,0,0,0,11232000,3239220,16669400,5387580,0,202105.0
87,A13201202,0,0,44500,0,0,0,1209460,6703190,0,3560480,202105.0
88,A13201206,0,0,0,0,0,0,4988317,19220050,0,10077200,202105.0
89,A13201201,3720,0,0,0,0,0,1300440,5822940,0,2975770,202105.0
90,A13201203,0,0,0,0,0,0,548170,6840320,227550,0,202105.0
91,A13275302,7865350,0,0,0,-5120000,5120000,891050,7636080,1982085,0,202105.0
92,A13293505,0,0,0,0,0,0,4300561,12672020,0,9185830,202105.0
93,A13281802,0,0,0,0,0,0,21577340,17765580,11298510,11285510,202105.0
94,A13275303,,,,,,,,,,,202105.0
95,A13281201,0,0,0,0,0,0,1453730,8984560,1198610,5276770,202105.0
96,A13201208,2574030,4708800,0,2012930,0,18665100,8870210,30740950,3322630,0,202105.0
97,A13275301,,,,,,,,,,,202105.0
98,A13201209,0,0,0,0,0,0,1337100,91279980,0,46213100,202105.0
99,A13201001,0,0,80840,0,0,0,965290,2682050,29700,1745320,202105.0
100,A13201002,0,0,0,0,0,0,415510,4882860,0,2685840,202105.0
101,A13280104,0,0,0,0,0,0,557240,9159090,51300,0,202105.0
102,A10027136,0,0,0,0,0,0,4810010,0,2767590,0,202105.0
103,A10026714,,,,,,,,,,,202105.0
