,kaptCode,heatC,heatP,gasC,gasP,waterHotC,waterHotP,electC,electP,waterCoolC,waterCoolP,Date
0,A13203302,0,0,0,0,0,0,4188363,14230210,0,7463000,202111.0
1,A13203303,0,0,0,0,0,0,4874914,21219140,1492400,14280750,202111.0
2,A13295201,0,0,0,0,0,0,1624920,5519220,0,5433720,202111.0
3,A13286107,0,0,0,0,0,0,522180,23346760,-1550,12094350,202111.0
4,A13287801,0,0,0,0,0,0,1481185,9927770,0,5902510,202111.0
5,A13286203,0,0,16380,0,0,0,1520672,5253800,0,0,202111.0
6,A13286109,0,0,0,0,0,0,3839190,22662500,519365,0,202111.0
7,A13203403,0,0,-644360,644360,0,0,2488400,12434700,601410,6930870,202111.0
8,A13286110,0,0,0,0,0,0,2849129,33483430,1219390,21660960,202111.0
9,A13287503,0,0,0,0,0,0,2979906,16186140,0,0,202111.0
10,A13203202,0,0,0,0,0,0,864960,8805320,134520,4713620,202111.0
11,A13286304,0,0,0,0,0,0,6566085,37769450,189520,22861440,202111.0
12,A13286106,0,0,1100,0,0,0,19746830,0,91760,0,202111.0
13,A13203408,0,0,0,0,0,0,2453836,18360910,123750,0,202111.0
14,A13286904,0,0,0,0,0,0,2815726,13138010,390720,0,202111.0
15,A13203002,0,0,0,0,0,0,1010360,12567690,0,5000880,202111.0
16,A13203102,0,0,22360,0,0,0,2847270,0,392175,0,202111.0
17,A13286105,0,0,0,0,0,0,884480,14772470,355180,0,202111.0
18,A13203001,0,0,0,0,0,0,1646480,0,371060,0,202111.0
19,A13203401,0,0,0,0,0,0,355438,9224280,0,0,202111.0
20,A13286002,0,0,0,0,0,0,1094318,6801430,0,3951630,202111.0
21,A10026175,,,,,,,,,,,202111.0
22,A10024827,,,,,,,,,,,202111.0
23,A10023732,,,,,,,,,,,202111.0
24,A13202306,0,0,0,0,0,0,1731160,9158760,705175,0,202111.0
25,A13285503,0,0,0,0,0,0,452170,9098090,0,4208160,202111.0
26,A13282510,0,0,0,0,0,0,835543,22679280,0,11636530,202111.0
27,A13276416,0,0,0,0,0,0,6091758,20175160,43830,11867670,202111.0
28,A13202302,0,0,45170,0,0,0,-427070,7354150,0,0,202111.0
29,A13285406,0,0,105830,0,0,0,0,31399690,0,12477220,202111.0
30,A13283405,0,0,0,0,0,0,3005250,11112660,0,0,202111.0
31,A13202308,0,0,0,0,0,0,1978360,12252220,0,0,202111.0
32,A13276414,0,0,0,0,0,0,2038050,6488010,308450,7837380,202111.0
33,A13202102,0,0,0,0,0,0,1495140,7551010,169620,4755230,202111.0
34,A13276415,0,0,0,0,0,0,10352410,32273500,0,18894570,202111.0
35,A13285507,0,0,0,0,0,0,1360640,12067420,0,0,202111.0
36,A13202103,0,0,33670,0,0,0,3465690,10359730,0,5399010,202111.0
37,A13202002,0,0,57920,0,0,0,13551082,48293230,0,0,202111.0
38,A13285401,1760,0,0,0,0,0,1116540,6681580,128720,3514080,202111.0
39,A13202304,0,0,0,0,0,0,0,5234020,61560,0,202111.0
40,A13272102,0,0,0,0,0,0,649110,14157670,0,4885530,202111.0
41,A13283611,0,0,0,0,0,0,4331700,24040790,1480,13806090,202111.0
42,A13276417,0,0,0,0,0,0,16301620,0,0,0,202111.0
43,A13202312,0,0,25110,0,0,0,19796510,81133730,1538280,48340000,202111.0
44,A13285305,0,0,3090,0,0,0,464417,13098880,31230,0,202111.0
45,A13285601,0,0,10310,0,0,0,1402680,4475130,0,0,202111.0
46,A10026856,,,,,,,,,,,202111.0
47,A10026279,,,,,,,,,,,202111.0
48,A10027555,,,,,,,,,,,202111.0
49,A10024822,0,0,0,162670,0,0,1203760,4205130,0,2447200,202111.0
50,A13204506,0,0,0,0,0,0,17976980,0,8381140,0,202111.0
51,A13204502,0,0,5200,0,0,0,2769955,7913730,320,3576380,202111.0
52,A13204501,0,0,0,0,0,0,1206080,7005400,216000,3451540,202111.0
53,A13204505,0,0,0,0,0,0,637920,10170620,0,0,202111.0
54,A13290404,0,0,0,0,0,0,4041103,10936800,-29200,6897250,202111.0
55,A13204503,0,0,0,0,0,0,653888,7521830,0,6953440,202111.0
56,A13204402,0,0,0,0,0,0,2071367,9936000,36570,4404550,202111.0
57,A13204510,0,0,53230,0,0,0,24260439,86645370,1859130,40300100,202111.0
58,A13292002,0,0,0,0,0,0,1637740,8267720,0,3884310,202111.0
59,A13204409,12902100,57812610,0,0,0,42911400,25076423,52843560,10744950,0,202111.0
60,A13204508,0,0,57330,0,0,0,1892648,12081600,0,8464030,202111.0
61,A13204408,72979350,0,0,0,0,22554000,3084513,27228020,2811690,0,202111.0
62,A13272201,0,0,0,0,0,0,3431070,14437240,0,7266130,202111.0
63,A13204507,0,0,0,0,-1011850,1011850,2606637,18195430,-490770,10458410,202111.0
64,A13204302,989490,15472320,0,0,9500,11474600,5331819,0,277020,8192990,202111.0
65,A13204001,0,0,0,0,0,0,1841420,9174830,123900,7860500,202111.0
66,A13204406,11901570,52818000,0,0,-16000,17062000,12329171,49912480,0,25850850,202111.0
67,A13204105,15210580,55789520,0,0,16111440,45039000,11607101,72287367,879480,0,202111.0
68,A13290105,5338840,16611190,0,0,2229090,9654630,4012012,16852710,0,0,202111.0
69,A13290003,25233180,0,0,0,0,10736000,8133740,19770770,3012000,0,202111.0
70,A13290809,0,0,0,0,0,0,3138073,14869470,0,0,202111.0
71,A13204204,0,0,0,0,0,0,1468270,32920460,-2050,17770760,202111.0
72,A13204002,0,0,0,0,0,0,1748330,19069740,43070,8589530,202111.0
73,A13290107,11577550,36275350,0,0,0,39298500,11155850,48144080,9000000,0,202111.0
74,A13292701,0,0,0,0,0,0,1446371,6930340,0,0,202111.0
75,A13204201,0,0,0,0,0,0,2145540,5964760,73290,0,202111.0
76,A13204103,15362438,52566610,0,0,0,29956500,1100500,60500810,10888300,23293150,202111.0
77,A13204104,-448190,84788400,0,0,108800,15267200,3502757,29378326,1286160,15167220,202111.0
78,A13204301,0,0,0,0,0,0,1411000,8580680,74550,8605460,202111.0
79,A13204205,0,0,0,0,0,0,8556023,36198030,0,18929390,202111.0
80,A13204203,0,0,0,0,0,0,1994000,11149660,0,5746550,202111.0
81,A13204003,,,,,,,,,,,202111.0
82,A13275001,,,,,,,,,,,202111.0
83,A13292501,0,0,0,0,0,0,1377940,3761700,0,4204800,202111.0
84,A13204404,0,0,87970,0,0,0,2447683,34184930,0,36638980,202111.0
85,A10026109,,,,,,,,,,,202111.0
86,A13201207,33790680,0,0,0,0,10920000,3725790,18852670,2556420,0,202111.0
87,A13201202,0,0,48310,0,0,0,1430220,7406210,0,3536360,202111.0
88,A13201206,0,0,0,0,0,0,5799661,20089580,0,9900550,202111.0
89,A13201201,65820,0,0,0,0,0,1557440,6525260,0,3333410,202111.0
90,A13201203,0,0,0,0,0,0,183460,8196260,233700,0,202111.0
91,A13275302,17030630,0,0,0,-3666200,3666200,2835830,6872730,2310495,0,202111.0
92,A13293505,0,0,0,0,0,0,4890827,14688920,0,8183360,202111.0
93,A13281802,0,0,2940,0,0,0,21074940,20121700,10907430,10894430,202111.0
94,A13275303,,,,,,,,,,,202111.0
95,A13281201,0,0,0,0,0,0,11605840,0,5831530,0,202111.0
96,A13201208,6268080,34456000,0,2109340,0,17695800,12538320,34752180,2699860,0,202111.0
97,A13275301,,,,,,,,,,,202111.0
98,A13201209,0,0,0,0,0,0,21410390,86910510,0,47413940,202111.0
99,A13201001,0,0,17820,0,0,0,918110,3219430,25100,1702380,202111.0
100,A13201002,0,0,0,0,0,0,0,5741400,0,2693220,202111.0
101,A13280104,0,0,0,0,0,0,466130,10672140,51480,0,202111.0
102,A10027136,0,0,0,0,0,0,5409270,0,2608740,0,202111.0
103,A10026714,,,,,,,,,,,202111.0
