,kaptCode,heatC,heatP,gasC,gasP,waterHotC,waterHotP,electC,electP,waterCoolC,waterCoolP,Date
0,A13203302,0,0,0,0,0,0,3055754,14207200,0,8286290,202109.0
1,A13203303,0,0,0,0,0,0,2828302,20642280,1019280,13776480,202109.0
2,A13295201,0,0,0,0,0,0,1341880,5400280,0,5660670,202109.0
3,A13286107,0,0,0,0,0,0,547110,20966300,-230,13205760,202109.0
4,A13287801,0,0,0,0,0,0,897242,9906340,0,6122480,202109.0
5,A13286203,0,0,2400,0,0,0,1207077,5371550,0,0,202109.0
6,A13286109,0,0,0,0,0,0,2770010,22041710,296400,0,202109.0
7,A13203403,0,0,-749010,749010,0,0,1680720,12071610,544110,7391670,202109.0
8,A13286110,0,0,0,0,0,0,3444670,33133050,0,22103570,202109.0
9,A13287503,0,0,0,0,0,0,2662645,14921500,685575,0,202109.0
10,A13203202,0,0,0,0,0,0,153970,8483690,155760,4991770,202109.0
11,A13286304,0,0,0,0,0,0,4490556,37359710,3222570,21020180,202109.0
12,A13286106,0,0,1100,0,0,0,17985982,0,523390,0,202109.0
13,A13203408,0,0,0,0,0,0,1245371,17699820,272880,0,202109.0
14,A13286904,0,0,0,0,0,0,2417841,13161610,231990,0,202109.0
15,A13203002,0,0,0,0,0,0,402090,12349430,0,5216260,202109.0
16,A13203102,0,0,3050,0,0,0,2654790,0,494550,0,202109.0
17,A13286105,0,0,0,0,0,0,315180,14211950,316710,0,202109.0
18,A13203001,0,0,0,0,0,0,1130540,0,381240,0,202109.0
19,A13203401,0,0,0,0,0,0,468441,8737450,0,0,202109.0
20,A13286002,0,0,0,0,0,0,1887016,6490420,0,4233900,202109.0
21,A10026175,,,,,,,,,,,202109.0
22,A10024827,,,,,,,,,,,202109.0
23,A10023732,,,,,,,,,,,202109.0
24,A13202306,0,0,0,0,0,0,435020,10027710,411065,0,202109.0
25,A13285503,0,0,0,0,0,0,1914560,8246140,0,4345160,202109.0
26,A13282510,0,0,,,0,0,809469,20424990,0,12576000,202109.0
27,A13276416,0,0,0,0,0,0,3835468,20341600,40830,12248900,202109.0
28,A13202302,0,0,,,,,,,,,202109.0
29,A13285406,0,0,0,0,,,0,31558840,680250,13309040,202109.0
30,A13283405,0,0,0,0,,,2480260,10829890,,,202109.0
31,A13202308,0,0,0,0,0,0,,,,,202109.0
32,A13276414,0,0,0,0,0,0,1243710,6240150,-112600,8963680,202109.0
33,A13202102,0,0,0,0,0,0,,,72240,5113500,202109.0
34,A13276415,0,0,0,0,0,0,8569090,31244110,0,21990740,202109.0
35,A13285507,,,0,0,0,0,-497480,12792660,0,0,202109.0
36,A13202103,0,0,8910,0,,,3146260,10150010,0,5481920,202109.0
37,A13202002,0,0,1780,0,0,0,15380235,47657650,0,0,202109.0
38,A13285401,,,0,0,0,0,1436150,5921060,683340,3359190,202109.0
39,A13202304,0,0,0,0,0,0,0,5162980,0,0,202109.0
40,A13272102,0,0,0,0,0,0,556770,14289940,0,5567780,202109.0
41,A13283611,0,0,0,0,0,0,3707340,21761410,160,14374460,202109.0
42,A13276417,0,0,0,0,0,0,14737330,0,0,0,202109.0
43,A13202312,0,0,12840,0,0,0,12871010,82511100,1904130,51357200,202109.0
44,A13285305,0,0,3050,0,0,0,-444917,12196410,130120,0,202109.0
45,A13285601,0,0,0,0,0,0,5464240,4551520,0,0,202109.0
46,A10026856,,,,,,,,,,,202109.0
47,A10026279,,,,,,,,,,,202109.0
48,A10027555,,,,,,,,,,,202109.0
49,A10024822,0,0,0,0,0,0,1011560,4302500,0,2375200,202109.0
50,A13204506,0,0,0,0,0,0,16065140,0,8872320,0,202109.0
51,A13204502,0,0,3930,0,0,0,2430075,7916970,-130,3602000,202109.0
52,A13204501,0,0,0,0,0,0,1076240,6691870,216000,3577800,202109.0
53,A13204505,0,0,0,0,0,0,41800,9497730,0,0,202109.0
54,A13290404,0,0,0,0,0,0,2949053,10993200,-30040,6872520,202109.0
55,A13204503,0,0,0,0,0,0,8024528,0,7228320,0,202109.0
56,A13204402,0,0,0,0,0,0,439093,9891340,47320,4606580,202109.0
57,A13204510,0,0,1290,0,0,0,11677993,93196470,0,44150650,202109.0
58,A13292002,0,0,0,0,0,0,1475083,7984170,0,4232120,202109.0
59,A13204409,9527190,0,0,0,0,13054500,2485185,68312680,8095770,0,202109.0
60,A13204508,0,0,0,0,0,0,910402,13200390,47230,9031090,202109.0
61,A13204408,7492540,0,0,0,0,13958000,1639443,29619460,1211370,0,202109.0
62,A13272201,0,0,0,101760,0,0,3671100,14619010,101760,7146490,202109.0
63,A13204507,0,0,0,0,-1111340,1111340,2678983,17662030,-362970,11275990,202109.0
64,A13204302,0,0,0,0,-860,6394760,2786080,0,276960,9248090,202109.0
65,A13204001,0,0,0,0,0,0,1745180,7930550,94290,8517970,202109.0
66,A13204406,5257230,0,0,0,12012020,0,51074510,0,26261860,0,202109.0
67,A13204105,8572365,0,0,0,16427520,10589910,2235400,74369130,892800,0,202109.0
68,A13290105,2877760,188160,0,0,1588160,4089510,1051168,16650860,0,0,202109.0
69,A13290003,2540530,0,0,0,0,5565000,3748330,18044630,1319920,0,202109.0
70,A13290809,0,0,0,0,0,0,1918645,15607840,0,0,202109.0
71,A13204204,0,0,0,0,0,0,2819080,32871740,-790,19137880,202109.0
72,A13204002,0,0,0,0,0,0,1004340,18150050,47980,10824980,202109.0
73,A13290107,6663320,0,0,0,10197380,0,-7240940,58260400,6300000,0,202109.0
74,A13292701,0,0,0,0,0,0,1699534,7329050,0,0,202109.0
75,A13204201,0,0,0,0,0,0,1267370,6426780,37140,0,202109.0
76,A13204103,7530204,258980,0,0,0,11773350,1265000,77288590,7254310,27230150,202109.0
77,A13204104,-457510,8979000,0,0,0,11936000,4316970,31686090,0,18339070,202109.0
78,A13204301,0,0,0,0,0,0,-452850,9387570,13730,9414040,202109.0
79,A13204205,0,0,0,0,0,0,6354082,37089460,0,19016540,202109.0
80,A13204203,0,0,0,0,0,0,930230,11249290,0,5784890,202109.0
81,A13204003,,,,,,,,,,,202109.0
82,A13275001,,,,,,,,,,,202109.0
83,A13292501,0,0,0,0,0,0,1232450,4021520,-60,4751480,202109.0
84,A13204404,0,0,5090,0,0,0,1723785,33612900,0,38507120,202109.0
85,A10026109,,,,,,,,,,,202109.0
86,A13201207,3279810,0,0,0,0,7872000,2597440,19009360,2183190,0,202109.0
87,A13201202,0,0,0,0,0,0,1289490,6807250,0,3727880,202109.0
88,A13201206,0,0,0,0,0,0,4454564,19608590,0,11328160,202109.0
89,A13201201,0,0,0,0,0,0,1538580,6881210,0,3505950,202109.0
90,A13201203,0,0,0,0,0,0,37580,7568410,196800,0,202109.0
91,A13275302,3013970,0,0,0,-1818000,1818000,-2965470,11690970,1192850,0,202109.0
92,A13293505,0,0,0,0,0,0,3225781,14587230,0,9432430,202109.0
93,A13281802,0,0,0,0,0,0,18849760,17993680,12418530,12405530,202109.0
94,A13275303,,,,,,,,,,,202109.0
95,A13281201,0,0,0,0,0,0,488660,10451050,647830,5484150,202109.0
96,A13201208,0,13600,0,2231350,0,12819600,4689310,37719670,2410090,0,202109.0
97,A13275301,,,,,,,,,,,202109.0
98,A13201209,0,0,0,0,0,0,14169240,81400350,0,50761410,202109.0
99,A13201001,0,0,0,0,0,0,156560,3825430,26440,1785540,202109.0
100,A13201002,0,0,0,0,0,0,400270,5182790,0,3285360,202109.0
101,A13280104,0,0,0,0,0,0,433280,9610260,0,0,202109.0
102,A10027136,0,0,0,0,0,0,5720710,0,2730130,0,202109.0
103,A10026714,,,,,,,,,,,202109.0
