,kaptCode,heatC,heatP,gasC,gasP,waterHotC,waterHotP,electC,electP,waterCoolC,waterCoolP,Date
0,A13203302,0,0,0,0,0,0,5649761,18360090,0,6310810,202101.0
1,A13203303,0,0,0,0,0,0,7351554,25215640,830380,13525010,202101.0
2,A13295201,0,0,0,0,0,0,3026338,6458580,0,5373870,202101.0
3,A13286107,0,0,0,0,0,0,587070,28449220,-1060,11561800,202101.0
4,A13287801,0,0,0,0,0,0,1740340,12248690,0,5047760,202101.0
5,A13286203,0,0,92820,0,0,0,1804976,6967440,0,0,202101.0
6,A13286109,0,0,0,0,0,0,6202230,26015170,0,0,202101.0
7,A13203403,0,0,-694340,694340,0,0,2908800,14986500,207400,6624400,202101.0
8,A13286110,0,0,0,0,0,0,8454883,37834920,583210,21812700,202101.0
9,A13287503,0,0,0,0,0,0,3420261,18778120,366300,0,202101.0
10,A13203202,73450,0,0,0,0,0,3420270,11109610,151040,4600490,202101.0
11,A13286304,0,0,0,0,0,0,12067207,43616170,1932110,20798590,202101.0
12,A13286106,0,0,51510,0,0,0,23683815,0,552780,0,202101.0
13,A13203408,0,0,0,0,0,0,1683040,22419170,123660,0,202101.0
14,A13286904,0,0,0,0,0,0,2691486,16511980,491640,0,202101.0
15,A13203002,0,0,0,0,0,0,4167590,15680350,0,4852530,202101.0
16,A13203102,0,0,75170,0,0,0,3682050,0,554400,0,202101.0
17,A13286105,0,0,0,0,0,0,1123680,18689620,37260,0,202101.0
18,A13203001,0,0,0,0,0,0,2650750,0,315170,0,202101.0
19,A13203401,0,0,0,0,0,0,3392755,9329030,0,0,202101.0
20,A13286002,0,0,0,0,0,0,1407355,8521370,155520,3847440,202101.0
21,A10026175,,,,,,,,,,,202101.0
22,A10024827,,,,,,,,,,,202101.0
23,A10023732,,,,,,,,,,,202101.0
24,A13202306,0,0,0,0,0,0,1910340,11622330,0,0,202101.0
25,A13285503,0,0,0,0,0,0,3367960,9267810,0,4069490,202101.0
26,A13282510,0,0,0,0,0,0,412182,27501600,302000,11393400,202101.0
27,A13276416,0,0,0,0,0,0,8261936,22621360,140960,11133760,202101.0
28,A13202302,0,0,158760,0,0,0,156240,8643870,0,0,202101.0
29,A13285406,0,0,282470,0,0,0,2786220,41318380,0,12585570,202101.0
30,A13283405,0,0,0,0,0,0,3875950,13285590,0,0,202101.0
31,A13202308,0,0,0,0,0,0,2843820,13956190,0,0,202101.0
32,A13276414,0,0,0,0,0,0,1213420,9638950,-431850,8172770,202101.0
33,A13202102,0,0,0,0,0,0,2415180,9211970,188340,4620960,202101.0
34,A13276415,0,0,0,0,0,0,10235950,39569860,-4300,20692950,202101.0
35,A13285507,0,0,0,0,0,0,1250160,16014640,0,0,202101.0
36,A13202103,0,0,22160,0,0,0,5795570,12879200,0,5494740,202101.0
37,A13202002,0,0,449920,0,0,0,27068378,59053240,0,0,202101.0
38,A13285401,28520,0,0,0,0,0,2265790,6888840,0,3396510,202101.0
39,A13202304,0,0,0,0,0,0,0,6543720,0,0,202101.0
40,A13272102,0,0,0,0,0,0,2133800,17363120,0,4650440,202101.0
41,A13283611,0,0,0,0,0,0,8806110,30160850,-910,13981760,202101.0
42,A13276417,0,0,0,0,0,0,20527330,0,87300,0,202101.0
43,A13202312,0,0,148790,0,0,0,26487320,93577150,1994760,49940290,202101.0
44,A13285305,0,0,25990,0,0,0,591179,17035090,223810,0,202101.0
45,A13285601,0,0,0,0,0,0,1805730,5742700,0,0,202101.0
46,A10026856,,,,,,,,,,,202101.0
47,A10026279,,,,,,,,,,,202101.0
48,A10027555,,,,,,,,,,,202101.0
49,A10024822,0,0,0,0,0,0,1232420,4482900,0,2314390,202101.0
50,A13204506,0,0,0,0,0,0,19469550,0,8728720,0,202101.0
51,A13204502,0,0,10010,0,0,0,4639356,9526200,-330,3393940,202101.0
52,A13204501,0,0,0,0,0,0,1170170,8579370,216000,3305510,202101.0
53,A13204505,0,0,0,0,0,0,2050520,12389840,0,0,202101.0
54,A13290404,0,0,0,0,0,0,8082973,13539480,-27220,6136450,202101.0
55,A13204503,0,0,0,0,0,0,890291,0,6858580,0,202101.0
56,A13204402,0,0,0,0,0,0,2659052,11609100,48980,4574840,202101.0
57,A13204510,0,0,884660,0,0,0,42595738,107223580,648480,42486140,202101.0
58,A13292002,0,0,0,0,0,0,3344350,9916730,0,3986280,202101.0
59,A13204409,21092660,168737750,0,0,0,81331200,24479917,72238490,11073620,0,202101.0
60,A13204508,0,0,29970,0,0,0,4682133,13910450,0,10046660,202101.0
61,A13204408,134237890,0,0,0,0,23030000,7534397,30274060,316685,0,202101.0
62,A13272201,0,0,0,0,0,0,5144050,17575580,0,7336690,202101.0
63,A13204507,0,0,0,0,-957400,957400,2336040,23940690,72540,9589650,202101.0
64,A13204302,1973180,37844930,0,0,26720,13490980,6116300,0,277220,8775830,202101.0
65,A13204001,0,0,0,0,0,0,2302680,10521200,0,7373550,202101.0
66,A13204406,23679170,143603520,0,0,-14120,29016000,18907902,60797310,0,24813120,202101.0
67,A13204105,25358991,172354380,0,0,14703420,61435100,17607771,83977492,867120,0,202101.0
68,A13290105,9669970,52483250,0,0,3670710,12770980,5540800,19592620,0,0,202101.0
69,A13290003,62804050,0,0,0,0,17202900,11567420,29280030,3384740,0,202101.0
70,A13290809,0,0,0,0,0,0,5027962,17808660,0,0,202101.0
71,A13204204,0,0,0,0,0,0,2309565,38794400,-1070,15586510,202101.0
72,A13204002,0,0,0,0,0,0,4208490,24244600,62000,9212540,202101.0
73,A13290107,19180260,127312050,0,0,0,49000500,19165110,58244400,11000000,0,202101.0
74,A13292701,0,0,0,0,0,0,2192869,8624400,0,0,202101.0
75,A13204201,0,0,0,0,0,0,2416190,7365070,52130,0,202101.0
76,A13204103,27991152,148281770,0,0,0,47899500,2611126,75864500,12857240,19975220,202101.0
77,A13204104,-1871010,164083500,0,0,0,23734400,12868667,26723110,1064750,17133240,202101.0
78,A13204301,0,0,0,0,0,0,2231200,10647200,23430,8408010,202101.0
79,A13204205,0,0,0,0,0,0,13624656,42760310,0,17305620,202101.0
80,A13204203,0,0,0,0,0,0,4042991,13876950,0,5470990,202101.0
81,A13204003,,,,,,,,,,,202101.0
82,A13275001,,,,,,,,,,,202101.0
83,A13292501,0,0,0,0,0,0,1070910,5135130,-70,4075900,202101.0
84,A13204404,0,0,323730,0,0,0,3649481,43187090,0,31001600,202101.0
85,A10026109,,,,,,,,,,,202101.0
86,A13201207,67674710,0,0,0,0,15940000,4753810,22502840,1959320,0,202101.0
87,A13201202,0,0,106520,0,0,0,3215240,8646680,96240,3482810,202101.0
88,A13201206,0,0,0,0,0,0,10188472,23758040,0,9997080,202101.0
89,A13201201,47750,0,0,0,0,0,1428060,8465380,0,3016910,202101.0
90,A13201203,0,0,0,0,0,0,-88800,10240290,264450,0,202101.0
91,A13275302,34899050,0,0,0,-5302500,5302500,6089040,8414830,1551030,0,202101.0
92,A13293505,0,0,0,0,0,0,7736831,18494060,0,7602100,202101.0
93,A13281802,0,0,161980,0,0,0,29748570,24920370,12469830,12456830,202101.0
94,A13275303,,,,,,,,,,,202101.0
95,A13281201,0,0,0,0,0,0,1986500,0,315960,0,202101.0
96,A13201208,14731430,76477600,0,1862240,0,48438200,19392330,41153100,2599130,0,202101.0
97,A13275301,,,,,,,,,,,202101.0
98,A13201209,0,0,315620,0,0,0,-5723430,136357290,0,46815890,202101.0
99,A13201001,0,0,0,0,0,0,1080590,3957820,26330,1663500,202101.0
100,A13201002,0,0,0,0,0,0,374150,7148210,0,2639340,202101.0
101,A13280104,0,0,0,0,0,0,368770,13020700,102960,0,202101.0
102,A10027136,0,0,0,0,0,0,6215770,0,2761980,0,202101.0
103,A10026714,,,,,,,,,,,202101.0
