,kaptCode,heatC,heatP,gasC,gasP,waterHotC,waterHotP,electC,electP,waterCoolC,waterCoolP,Date
0,A13203302,0,0,0,0,0,0,3730155,15423790,0,6682190,202112.0
1,A13203303,0,0,0,0,0,0,5766977,21826150,0,14223200,202112.0
2,A13295201,0,0,0,0,0,0,1607674,5730950,0,0,202112.0
3,A13286107,0,0,0,0,0,0,426960,22659340,-110,10921600,202112.0
4,A13287801,0,0,0,0,0,0,1695294,10222460,0,4940290,202112.0
5,A13286203,0,0,103950,0,0,0,1946893,5164530,0,0,202112.0
6,A13286109,0,0,0,0,0,0,4230620,22991420,519365,0,202112.0
7,A13203403,0,0,-758410,758410,0,0,2777060,12897890,586820,6663060,202112.0
8,A13286110,0,0,0,0,0,0,3940749,34563360,0,20049900,202112.0
9,A13287503,0,0,0,0,0,0,3540626,16618790,0,0,202112.0
10,A13203202,0,0,0,0,0,0,1511440,10062780,245440,4465690,202112.0
11,A13286304,0,0,0,0,0,0,8929002,37857470,-392080,20487440,202112.0
12,A13286106,0,0,1100,0,0,0,20746407,0,91760,0,202112.0
13,A13203408,0,0,0,0,0,0,3834561,18267070,30000,0,202112.0
14,A13286904,0,0,0,0,0,0,2867393,13392060,390720,0,202112.0
15,A13203002,0,0,0,0,0,0,2626040,14762090,0,4814220,202112.0
16,A13203102,0,0,55200,0,0,0,3225400,0,481950,0,202112.0
17,A13286105,0,0,0,0,0,0,1051660,15376580,355180,0,202112.0
18,A13203001,0,0,0,0,0,0,2025800,0,377910,0,202112.0
19,A13203401,0,0,0,0,0,0,9817403,0,7767140,0,202112.0
20,A13286002,0,0,0,0,0,0,1556870,6719300,0,3718240,202112.0
21,A10026175,,,,,,,,,,,202112.0
22,A10024827,,,,,,,,,,,202112.0
23,A10023732,,,,,,,,,,,202112.0
24,A13202306,0,0,0,0,0,0,1644440,9402380,254640,0,202112.0
25,A13285503,0,0,0,0,0,0,12070530,0,4109035,0,202112.0
26,A13282510,0,0,0,0,0,0,881871,23111890,0,10995090,202112.0
27,A13276416,0,0,0,0,0,0,5806235,21336830,22490,11825950,202112.0
28,A13202302,0,0,98190,0,0,0,309550,7075220,0,0,202112.0
29,A13285406,0,0,204330,0,0,0,0,39901720,0,12671520,202112.0
30,A13283405,0,0,0,0,0,0,3239270,11461190,0,0,202112.0
31,A13202308,0,0,0,0,0,0,2153540,12611430,0,0,202112.0
32,A13276414,0,0,0,0,0,0,1661400,7249560,0,0,202112.0
33,A13202102,0,0,0,0,0,0,1522590,7825410,71960,4428670,202112.0
34,A13276415,0,0,0,0,0,0,10893480,33131870,0,18407210,202112.0
35,A13285507,0,0,0,0,0,0,402690,15197800,0,0,202112.0
36,A13202103,0,0,83330,0,0,0,5526800,11964660,0,5595980,202112.0
37,A13202002,0,0,511850,0,0,0,15961145,48382700,-182580,49874570,202112.0
38,A13285401,15100,0,0,0,0,0,1532520,7050540,154890,3209910,202112.0
39,A13202304,0,0,0,0,0,0,0,5245840,39770,0,202112.0
40,A13272102,0,0,0,0,0,0,693150,16299650,0,5058450,202112.0
41,A13283611,0,0,0,0,0,0,5778990,24040790,-46830,13806090,202112.0
42,A13276417,0,0,0,0,0,0,17266600,0,231840,0,202112.0
43,A13202312,0,0,345210,0,0,0,22863150,82089250,2200260,48010580,202112.0
44,A13285305,0,0,2430,0,0,0,426041,15057660,98900,0,202112.0
45,A13285601,0,0,0,0,0,0,6308310,0,5319940,0,202112.0
46,A10026856,,,,,,,,,,,202112.0
47,A10026279,,,,,,,,,,,202112.0
48,A10027555,,,,,,,,,,,202112.0
49,A10024822,0,0,0,0,0,0,1386450,3902100,0,2273820,202112.0
50,A13204506,0,0,0,0,0,0,17520290,0,8206660,0,202112.0
51,A13204502,0,0,15420,0,0,0,4594771,9001650,0,4473820,202112.0
52,A13204501,0,0,0,0,0,0,1324750,8034320,216000,3445640,202112.0
53,A13204505,0,0,0,0,0,0,1572150,10127720,477840,0,202112.0
54,A13290404,0,0,0,0,0,0,6648993,12545180,-28010,6540190,202112.0
55,A13204503,0,0,0,0,0,0,9386088,0,0,0,202112.0
56,A13204402,0,0,0,0,0,0,2491505,11056130,24640,4587390,202112.0
57,A13204510,0,0,452720,0,0,0,39805906,105084860,831580,42816690,202112.0
58,A13292002,0,0,0,0,0,0,2730958,9438210,0,3824100,202112.0
59,A13204409,17337670,140642910,0,0,0,60207000,13772566,65709280,7622290,0,202112.0
60,A13204508,0,0,138570,0,0,0,3127185,11887270,20400,8299650,202112.0
61,A13204408,111360240,0,0,0,0,22403500,4351276,26540260,2824590,0,202112.0
62,A13272201,0,0,0,0,0,0,3657170,14723760,0,6819250,202112.0
63,A13204507,0,0,0,0,-948210,948210,3908925,19601930,402900,9913700,202112.0
64,A13204302,1984120,30960430,0,0,15430,11997570,6228000,0,276830,8531860,202112.0
65,A13204001,0,0,0,0,0,0,2766910,9696560,0,0,202112.0
66,A13204406,16840060,118849250,0,0,-18200,24564800,14559731,48743310,0,25341220,202112.0
67,A13204105,21423323,129672690,0,0,17165400,55835500,14502366,73884327,885960,0,202112.0
68,A13290105,8298100,42182740,0,0,2157600,10720800,4468420,17986790,0,0,202112.0
69,A13290003,52036000,0,0,0,0,15112500,8199990,22128720,3600000,0,202112.0
70,A13290809,0,0,0,0,0,0,4654744,15201410,0,0,202112.0
71,A13204204,0,0,0,0,0,0,1745350,33230570,-1340,16676420,202112.0
72,A13204002,0,0,0,0,0,0,1421670,22055500,48690,10002320,202112.0
73,A13290107,17104900,101331910,0,0,0,48685500,17046390,52954180,4840860,0,202112.0
74,A13292701,0,0,0,0,0,0,9082924,0,7632850,0,202112.0
75,A13204201,0,0,0,0,0,0,2282920,6225460,191690,0,202112.0
76,A13204103,24226332,119652080,0,0,0,42645900,1113500,63060400,11078110,18949320,202112.0
77,A13204104,-1752420,136950900,0,0,0,15376000,6282497,27842400,3389170,15180020,202112.0
78,A13204301,0,0,0,0,0,0,413350,10793030,0,0,202112.0
79,A13204205,0,0,0,0,0,0,8389946,36862820,0,17717750,202112.0
80,A13204203,0,0,0,0,0,0,2079002,12660640,0,5429920,202112.0
81,A13204003,,,,,,,,,,,202112.0
82,A13275001,,,,,,,,,,,202112.0
83,A13292501,0,0,0,0,0,0,1553270,4176810,0,0,202112.0
84,A13204404,0,0,558550,0,0,0,2490093,39135680,0,0,202112.0
85,A10026109,,,,,,,,,,,202112.0
86,A13201207,53142830,0,0,0,14144000,0,23729150,0,0,0,202112.0
87,A13201202,0,0,131060,0,0,0,1893330,8475920,0,3603670,202112.0
88,A13201206,0,0,0,0,0,0,9057016,23231000,0,10298580,202112.0
89,A13201201,242950,0,0,0,0,0,1791140,6791040,0,3151660,202112.0
90,A13201203,0,0,0,0,0,0,138460,8566850,0,0,202112.0
91,A13275302,27552470,0,0,0,-4585000,4585000,3543060,7111050,1603400,0,202112.0
92,A13293505,0,0,0,0,0,0,4737288,15685110,0,7008390,202112.0
93,A13281802,0,0,76020,0,0,0,22693450,21799130,11086640,11073640,202112.0
94,A13275303,,,,,,,,,,,202112.0
95,A13281201,0,0,0,0,0,0,1959480,10277110,677740,4886700,202112.0
96,A13201208,11764250,0,0,0,0,0,15445850,0,2233280,0,202112.0
97,A13275301,,,,,,,,,,,202112.0
98,A13201209,0,0,442760,0,0,0,21928750,94031060,0,44810900,202112.0
99,A13201001,0,0,72020,0,0,0,835940,3487850,25150,1624250,202112.0
100,A13201002,0,0,0,0,0,0,0,6802360,0,2765730,202112.0
101,A13280104,0,0,0,0,0,0,435200,11144960,0,0,202112.0
102,A10027136,0,0,0,0,0,0,5681520,0,2453250,0,202112.0
103,A10026714,,,,,,,,,,,202112.0
