,kaptCode,heatC,heatP,gasC,gasP,waterHotC,waterHotP,electC,electP,waterCoolC,waterCoolP,Date
0,A13203302,0,0,0,0,0,0,3692713,13831140,0,7215820,202104.0
1,A13203303,0,0,0,0,0,0,5258506,18917810,1529850,13100040,202104.0
2,A13295201,0,0,0,0,0,0,1531373,5242620,0,0,202104.0
3,A13286107,0,0,0,0,0,0,543960,20929010,-1070,11496030,202104.0
4,A13287801,0,0,0,0,0,0,1723590,9861500,0,5209740,202104.0
5,A13286203,0,0,55700,0,0,0,1546469,4394440,0,0,202104.0
6,A13286109,0,0,0,0,0,0,4918300,19936690,647765,0,202104.0
7,A13203403,0,0,-608090,608090,0,0,2326310,11852970,350370,6806680,202104.0
8,A13286110,0,0,0,0,0,0,4802372,29679750,0,21624490,202104.0
9,A13287503,0,0,0,0,0,0,3068343,14652950,0,0,202104.0
10,A13203202,12220,0,0,0,0,0,1378770,7864010,84960,4554540,202104.0
11,A13286304,0,0,0,0,0,0,6951648,34635210,-1664730,22923030,202104.0
12,A13286106,0,0,25060,0,0,0,18631777,0,551205,0,202104.0
13,A13203408,0,0,0,0,0,0,2265770,16784170,319920,0,202104.0
14,A13286904,0,0,0,0,0,0,3167053,12197660,528360,0,202104.0
15,A13203002,0,0,0,0,0,0,1387320,11390270,0,4761800,202104.0
16,A13203102,0,0,37370,0,0,0,2827270,0,525120,0,202104.0
17,A13286105,0,0,0,0,0,0,895610,14399360,921150,0,202104.0
18,A13203001,0,0,0,0,0,0,1463140,0,315530,0,202104.0
19,A13203401,0,0,0,0,0,0,274638,9100180,140540,7491180,202104.0
20,A13286002,0,0,0,0,0,0,1423352,6438760,0,3921830,202104.0
21,A10026175,,,,,,,,,,,202104.0
22,A10024827,,,,,,,,,,,202104.0
23,A10023732,,,,,,,,,,,202104.0
24,A13202306,0,0,0,0,0,0,1712460,9261280,292950,0,202104.0
25,A13285503,0,0,0,0,0,0,1733090,7750000,0,4270590,202104.0
26,A13282510,0,0,0,0,0,0,410337,21447550,26870,11924380,202104.0
27,A13276416,0,0,0,0,0,0,4070002,19088480,0,10959550,202104.0
28,A13202302,0,0,149120,0,0,0,58950,6487540,0,0,202104.0
29,A13285406,0,0,241660,0,0,0,0,30224350,0,12705910,202104.0
30,A13283405,0,0,0,0,0,0,2463950,10553930,0,0,202104.0
31,A13202308,0,0,0,0,0,0,1961600,11424470,0,0,202104.0
32,A13276414,0,0,0,0,0,0,1622220,6868650,0,0,202104.0
33,A13202102,0,0,0,0,0,0,1784020,7448860,165120,4554020,202104.0
34,A13276415,0,0,0,0,0,0,10183920,30330900,0,18591750,202104.0
35,A13285507,0,0,0,0,0,0,1795550,10835910,0,0,202104.0
36,A13202103,0,0,25630,0,0,0,3329970,9297800,0,5263090,202104.0
37,A13202002,0,0,125220,0,0,0,15331291,46708610,-189480,46669340,202104.0
38,A13285401,11760,0,0,0,0,0,1661520,5633000,42760,3105220,202104.0
39,A13202304,0,0,0,0,0,0,0,4373140,141160,0,202104.0
40,A13272102,0,0,0,0,0,0,546580,13922190,0,4593270,202104.0
41,A13283611,0,0,0,0,0,0,4312490,22998440,-650,13303650,202104.0
42,A13276417,0,0,0,0,0,0,15936310,0,540280,0,202104.0
43,A13202312,0,0,36290,0,0,0,19252900,75016100,1687920,47341040,202104.0
44,A13285305,0,0,17880,0,0,0,774030,11568620,192590,0,202104.0
45,A13285601,0,0,0,0,0,0,5876560,0,5085910,0,202104.0
46,A10026856,,,,,,,,,,,202104.0
47,A10026279,,,,,,,,,,,202104.0
48,A10027555,,,,,,,,,,,202104.0
49,A10024822,0,0,0,0,0,0,895020,3821590,0,2405290,202104.0
50,A13204506,0,0,0,0,0,0,15283120,0,8227720,0,202104.0
51,A13204502,0,0,11010,0,0,0,2433695,7363280,0,4279080,202104.0
52,A13204501,0,0,0,0,0,0,975510,6611850,216000,3253090,202104.0
53,A13204505,0,0,0,0,0,0,1146590,9346920,629000,0,202104.0
54,A13290404,0,0,0,0,0,0,4371573,10204780,-26870,6622950,202104.0
55,A13204503,0,0,0,0,0,0,652885,0,0,0,202104.0
56,A13204402,0,0,0,0,0,0,877034,9002640,36540,4268930,202104.0
57,A13204510,0,0,975290,0,0,0,16403121,84195400,-814850,42018550,202104.0
58,A13292002,0,0,0,0,0,0,1742413,7523090,0,3817770,202104.0
59,A13204409,10765270,18233310,0,0,0,40348000,25801930,51596080,10280410,0,202104.0
60,A13204508,0,0,0,0,0,0,2685551,10126810,56950,8316000,202104.0
61,A13204408,44208690,0,0,0,0,21644000,4113333,23309030,3361615,0,202104.0
62,A13272201,0,0,0,0,0,0,3624610,14365930,0,7315180,202104.0
63,A13204507,0,0,0,0,-890220,890220,2765180,17417870,-633870,10737670,202104.0
64,A13204302,980640,6219130,0,0,19560,11391840,3397320,0,277090,8898020,202104.0
65,A13204001,0,0,0,0,0,0,1645620,7039370,0,0,202104.0
66,A13204406,9290460,18202800,0,0,0,20371560,12740248,47387970,0,25431010,202104.0
67,A13204105,12001047,27310320,0,0,12129440,29452000,1050618,73337010,884320,0,202104.0
68,A13290105,8580600,6399220,0,0,3653130,9680920,4050250,15021700,0,0,202104.0
69,A13290003,14105360,0,0,0,0,11113600,7623310,17896400,4000000,0,202104.0
70,A13290809,0,0,0,0,0,0,2845741,13798850,748650,0,202104.0
71,A13204204,0,0,0,0,0,0,2493496,32526350,-830,15224100,202104.0
72,A13204002,0,0,0,0,0,0,1534460,18021720,32000,8906140,202104.0
73,A13290107,-24238110,47662630,0,0,-13264500,42826500,12241460,40597660,6868000,0,202104.0
74,A13292701,0,0,0,0,0,0,1543133,7247390,6852250,0,202104.0
75,A13204201,0,0,0,0,0,0,2287540,5828680,248850,0,202104.0
76,A13204103,11152123,12695970,0,0,0,31935600,4009939,60912810,9761650,19674590,202104.0
77,A13204104,-525050,37233900,0,0,92800,16755200,5982432,24712010,4745220,13384050,202104.0
78,A13204301,0,0,0,0,0,0,1298680,7480040,0,0,202104.0
79,A13204205,0,0,0,0,0,0,7833762,35157610,0,17289710,202104.0
80,A13204203,0,0,0,0,0,0,1977960,10150600,0,5415370,202104.0
81,A13204003,,,,,,,,,,,202104.0
82,A13275001,,,,,,,,,,,202104.0
83,A13292501,0,0,0,0,0,0,222400,4650310,0,0,202104.0
84,A13204404,0,0,259290,0,0,0,2992076,31363570,0,0,202104.0
85,A10026109,,,,,,,,,,,202104.0
86,A13201207,19694190,0,0,0,0,12712000,3651000,17117970,0,0,202104.0
87,A13201202,0,0,85940,0,0,0,1396270,6378210,0,3411980,202104.0
88,A13201206,0,0,0,0,0,0,5436592,17896940,0,10029580,202104.0
89,A13201201,6720,0,0,0,0,0,1357300,6502290,0,2887590,202104.0
90,A13201203,0,0,0,0,0,0,684260,7391810,0,0,202104.0
91,A13275302,10739440,0,0,0,-5860000,5860000,2947370,7188440,2064085,0,202104.0
92,A13293505,0,0,0,0,0,0,4123942,13863420,0,8268430,202104.0
93,A13281802,0,0,0,0,0,0,23326370,18969360,11357060,11344060,202104.0
94,A13275303,,,,,,,,,,,202104.0
95,A13281201,0,0,0,0,0,0,1632380,10253490,474620,4900780,202104.0
96,A13201208,3806340,15389600,0,1810840,0,21672900,11713530,33483130,2721380,0,202104.0
97,A13275301,,,,,,,,,,,202104.0
98,A13201209,0,0,159990,0,0,0,2203470,97282680,0,46455340,202104.0
99,A13201001,0,0,105150,0,0,0,959540,3136200,30350,1458120,202104.0
100,A13201002,0,0,0,0,0,0,449520,5980370,0,2962050,202104.0
101,A13280104,0,0,0,0,0,0,530500,9733350,0,0,202104.0
102,A10027136,0,0,0,0,0,0,5178150,0,2490660,0,202104.0
103,A10026714,,,,,,,,,,,202104.0
