,kaptCode,heatC,heatP,gasC,gasP,waterHotC,waterHotP,electC,electP,waterCoolC,waterCoolP,Date
0,A13203302,0,0,0,0,0,0,4997557,28619550,0,7471830,202108.0
1,A13203303,0,0,0,0,0,0,132297,34774280,1333920,15189610,202108.0
2,A13295201,0,0,0,0,0,0,1514493,9644200,0,0,202108.0
3,A13286107,0,0,0,0,0,0,555030,41517380,-1050,11609290,202108.0
4,A13287801,0,0,0,0,0,0,2158683,18241880,0,5994560,202108.0
5,A13286203,0,0,1100,0,0,0,901456,9460720,0,0,202108.0
6,A13286109,0,0,0,0,0,0,1434350,34817920,503745,0,202108.0
7,A13203403,0,0,-767600,767600,0,0,1050960,22416850,473260,7639350,202108.0
8,A13286110,0,0,0,0,0,0,948670,53577730,0,24614790,202108.0
9,A13287503,0,0,0,0,0,0,1143057,22413670,685575,0,202108.0
10,A13203202,0,0,0,0,0,0,422520,10844320,179360,5093560,202108.0
11,A13286304,0,0,0,0,0,0,-2533433,61256520,993940,24874410,202108.0
12,A13286106,0,0,1100,0,0,0,29388666,0,231105,0,202108.0
13,A13203408,0,0,0,0,0,0,15090,28611330,250000,0,202108.0
14,A13286904,0,0,0,0,0,0,4552200,25973900,303215,0,202108.0
15,A13203002,0,0,0,0,0,0,764920,16184550,0,5150640,202108.0
16,A13203102,0,0,2310,0,0,0,2962250,0,494550,0,202108.0
17,A13286105,0,0,0,0,0,0,449890,27770460,581670,0,202108.0
18,A13203001,0,0,0,0,0,0,2448830,0,395110,0,202108.0
19,A13203401,0,0,0,0,0,0,376685,16799250,1429440,7327540,202108.0
20,A13286002,0,0,0,0,0,0,1833231,10565050,0,4202250,202108.0
21,A10026175,,,,,,,,,,,202108.0
22,A10024827,,,,,,,,,,,202108.0
23,A10023732,,,,,,,,,,,202108.0
24,A13202306,0,0,0,0,0,0,1896320,18912440,411065,0,202108.0
25,A13285503,0,0,0,0,0,0,2393890,11673430,0,4281820,202108.0
26,A13282510,0,0,0,0,0,0,1588422,35569610,39240,12277710,202108.0
27,A13276416,0,0,0,0,0,0,6174146,34569830,141260,12589670,202108.0
28,A13202302,0,0,6690,0,0,0,118100,13373000,110220,0,202108.0
29,A13285406,0,0,0,0,0,0,0,39119370,0,13469310,202108.0
30,A13283405,0,0,0,0,0,0,3111770,19874070,0,0,202108.0
31,A13202308,0,0,0,0,0,0,351600,19249470,443580,0,202108.0
32,A13276414,0,0,0,0,0,0,1794480,11906050,0,0,202108.0
33,A13202102,0,0,0,0,0,0,2007760,13915240,72240,5130970,202108.0
34,A13276415,0,0,0,0,0,0,11711560,53024610,0,23483540,202108.0
35,A13285507,0,0,0,0,0,0,-1140900,15566860,0,0,202108.0
36,A13202103,0,0,8980,0,0,0,2588570,12609650,0,5951730,202108.0
37,A13202002,0,0,1780,0,0,0,15223706,107934680,-222730,50787060,202108.0
38,A13285401,1100,0,0,0,0,0,135900,8757250,9650,3686080,202108.0
39,A13202304,0,0,0,0,0,0,0,6899920,39060,0,202108.0
40,A13272102,0,0,0,0,0,0,617000,19498930,0,5209620,202108.0
41,A13283611,0,0,0,0,0,0,4780830,45830900,-240,14942200,202108.0
42,A13276417,0,0,0,0,0,0,20626790,0,0,0,202108.0
43,A13202312,0,0,13470,0,0,0,4677840,128206870,1268490,54317230,202108.0
44,A13285305,0,0,0,0,0,0,-2803151,16349010,130130,0,202108.0
45,A13285601,0,0,0,0,0,0,10089740,0,5494740,0,202108.0
46,A10026856,,,,,,,,,,,202108.0
47,A10026279,,,,,,,,,,,202108.0
48,A10027555,,,,,,,,,,,202108.0
49,A10024822,0,0,0,0,0,0,1106320,7003570,0,2433330,202108.0
50,A13204506,0,0,0,0,0,0,22258490,0,8764520,0,202108.0
51,A13204502,0,0,5220,0,0,0,3677348,9171340,0,4791290,202108.0
52,A13204501,0,0,0,0,0,0,1025750,7264320,216000,3803820,202108.0
53,A13204505,0,0,0,0,0,0,0,15769650,317180,0,202108.0
54,A13290404,0,0,0,0,0,0,3534853,16080280,-29410,6947160,202108.0
55,A13204503,0,0,0,0,0,0,8874033,0,0,0,202108.0
56,A13204402,0,0,0,0,0,0,1266004,10947040,39350,4846660,202108.0
57,A13204510,0,0,9950,0,0,0,24767996,107582890,1941220,46128070,202108.0
58,A13292002,0,0,0,0,0,0,1131925,9230090,0,4290050,202108.0
59,A13204409,8146480,0,0,0,0,9658600,27136733,116388360,4478430,0,202108.0
60,A13204508,0,0,12660,0,0,0,93420,19176040,0,9294290,202108.0
61,A13204408,4417550,0,0,0,0,8477000,3795724,39176110,3524305,0,202108.0
62,A13272201,0,0,0,0,0,0,1832690,30087050,0,8308660,202108.0
63,A13204507,0,0,0,0,-1102240,1102240,1440470,28027490,-1234330,11762650,202108.0
64,A13204302,0,0,0,0,650,4947790,3134720,0,276980,10234780,202108.0
65,A13204001,0,0,0,0,0,0,1858000,10275330,0,0,202108.0
66,A13204406,5257230,0,0,0,8940720,0,104150940,0,28594570,0,202108.0
67,A13204105,8249107,0,0,0,13722940,6237700,2473900,118082210,887600,0,202108.0
68,A13290105,2786410,939730,0,0,1462540,3286090,734220,26942020,0,0,202108.0
69,A13290003,2683200,0,0,0,0,3965000,4486180,33185900,3200000,0,202108.0
70,A13290809,0,0,0,0,0,0,1009051,23054310,763800,0,202108.0
71,A13204204,0,0,0,0,0,0,2367568,59189680,-2720,17607480,202108.0
72,A13204002,0,0,0,0,0,0,1887320,24743120,61320,9543150,202108.0
73,A13290107,6456810,0,0,0,0,7012200,5348680,57820420,5151800,0,202108.0
74,A13292701,0,0,0,0,0,0,1666571,13622800,7667910,0,202108.0
75,A13204201,0,0,0,0,0,0,3129380,12261150,50940,0,202108.0
76,A13204103,7085962,0,0,0,0,8035040,4764368,134384300,5687850,31507210,202108.0
77,A13204104,-485230,5389200,0,0,0,6304000,1957876,50359740,1281920,18795240,202108.0
78,A13204301,0,0,0,0,0,0,842950,9633680,0,0,202108.0
79,A13204205,0,0,0,0,0,0,7962780,64177930,0,21590980,202108.0
80,A13204203,0,0,0,0,0,0,0,14990320,0,6187220,202108.0
81,A13204003,,,,,,,,,,,202108.0
82,A13275001,,,,,,,,,,,202108.0
83,A13292501,0,0,0,0,0,0,916670,4714600,0,0,202108.0
84,A13204404,0,0,26000,0,0,0,1323752,41444780,0,0,202108.0
85,A10026109,,,,,,,,,,,202108.0
86,A13201207,3534920,0,0,0,0,4336000,2040330,29450820,0,0,202108.0
87,A13201202,0,0,760,0,0,0,928220,7468360,0,3996040,202108.0
88,A13201206,0,0,0,0,0,0,3009642,23483720,0,10982250,202108.0
89,A13201201,0,0,0,0,0,0,1122020,12469310,0,3506900,202108.0
90,A13201203,0,0,0,0,0,0,110580,11655730,0,0,202108.0
91,A13275302,1927220,0,0,0,-2302000,2302000,4055690,7398460,1070450,0,202108.0
92,A13293505,0,0,0,0,0,0,4115427,23398997,0,10160470,202108.0
93,A13281802,0,0,0,0,0,0,28739580,28464040,13022970,13009970,202108.0
94,A13275303,,,,,,,,,,,202108.0
95,A13281201,0,0,0,0,0,0,403540,15466450,90160,5364540,202108.0
96,A13201208,0,279200,0,2225280,0,9973800,208920,64698980,2514500,0,202108.0
97,A13275301,,,,,,,,,,,202108.0
98,A13201209,0,0,0,0,0,0,6424620,129406060,0,51265340,202108.0
99,A13201001,0,0,2270,0,0,0,212990,5555620,26490,1697800,202108.0
100,A13201002,0,0,0,0,0,0,400270,8702150,0,2964450,202108.0
101,A13280104,0,0,0,0,0,0,444080,14647800,0,0,202108.0
102,A10027136,0,0,0,0,0,0,8593310,0,3055510,0,202108.0
103,A10026714,,,,,,,,,,,202108.0
