,kaptCode,heatC,heatP,gasC,gasP,waterHotC,waterHotP,electC,electP,waterCoolC,waterCoolP,Date
0,A13203302,0,0,0,0,0,0,3876524,13815240,0,7593500,202106.0
1,A13203303,0,0,0,0,0,0,4048787,19971430,1059090,14768390,202106.0
2,A13295201,0,0,0,0,0,0,1422648,5417480,0,0,202106.0
3,A13286107,0,0,0,0,0,0,556470,21417090,-210,11450410,202106.0
4,A13287801,0,0,0,0,0,0,1397414,9491670,0,5289610,202106.0
5,A13286203,0,0,11620,0,0,0,1461900,5132300,0,0,202106.0
6,A13286109,0,0,0,0,0,0,3350700,21613340,433455,0,202106.0
7,A13203403,0,0,-738480,934130,0,0,2079750,15346070,382450,8787400,202106.0
8,A13286110,0,0,0,0,0,0,4131403,30464100,0,21283150,202106.0
9,A13287503,0,0,0,0,0,0,3047856,14174520,504900,0,202106.0
10,A13203202,0,0,0,0,0,0,832020,8556890,0,4662870,202106.0
11,A13286304,0,0,0,0,0,0,6555700,34575950,-1364230,23855110,202106.0
12,A13286106,0,0,1100,0,0,0,18389170,0,319920,0,202106.0
13,A13203408,0,0,0,0,0,0,1919652,16946730,61800,0,202106.0
14,A13286904,0,0,0,0,0,0,3039187,12554020,378510,0,202106.0
15,A13203002,0,0,0,0,0,0,1159730,12097610,0,5041980,202106.0
16,A13203102,0,0,7750,0,0,0,2796830,0,552640,0,202106.0
17,A13286105,0,0,0,0,0,0,680740,14289010,151110,0,202106.0
18,A13203001,0,0,0,0,0,0,1483940,0,259890,0,202106.0
19,A13203401,0,0,0,0,0,0,212689,8955140,245760,7813670,202106.0
20,A13286002,0,0,0,0,0,0,1279168,6183670,0,3862800,202106.0
21,A10026175,,,,,,,,,,,202106.0
22,A10024827,,,,,,,,,,,202106.0
23,A10023732,,,,,,,,,,,202106.0
24,A13202306,0,0,0,0,0,0,1916960,8415850,341700,0,202106.0
25,A13285503,0,0,0,0,0,0,2957640,7935600,0,3998010,202106.0
26,A13282510,0,0,0,0,0,0,942441,20646930,0,12127010,202106.0
27,A13276416,0,0,0,0,0,0,5503044,19320540,0,11809540,202106.0
28,A13202302,0,0,10540,0,0,0,83280,6470400,0,0,202106.0
29,A13285406,0,0,51050,0,0,0,0,30968520,0,12077950,202106.0
30,A13283405,0,0,0,0,0,0,2776060,10613150,0,0,202106.0
31,A13202308,0,0,0,0,0,0,1548650,11622860,84420,0,202106.0
32,A13276414,0,0,0,0,0,0,1743910,6263680,0,0,202106.0
33,A13202102,0,0,0,0,0,0,1255930,7020480,92880,4908100,202106.0
34,A13276415,0,0,0,0,0,0,10123380,30245740,0,19580250,202106.0
35,A13285507,0,0,0,0,0,0,793060,12062790,0,0,202106.0
36,A13202103,0,0,12210,0,0,0,3243460,10038860,0,5597970,202106.0
37,A13202002,0,0,8870,0,0,0,13277261,45548450,-212650,48808710,202106.0
38,A13285401,7750,0,0,0,0,0,1826870,6029220,67490,3546460,202106.0
39,A13202304,0,0,0,0,0,0,0,4923610,100910,0,202106.0
40,A13272102,0,0,0,0,0,0,961480,14551160,0,5461960,202106.0
41,A13283611,0,0,0,0,0,0,4496010,21997410,-150,13746230,202106.0
42,A13276417,0,0,0,0,0,0,14925150,0,226460,0,202106.0
43,A13202312,0,0,15190,0,0,0,17437640,77025100,2197470,49812820,202106.0
44,A13285305,0,0,0,0,0,0,366296,11874940,95430,0,202106.0
45,A13285601,0,0,0,0,0,0,5588870,0,5242420,0,202106.0
46,A10026856,,,,,,,,,,,202106.0
47,A10026279,,,,,,,,,,,202106.0
48,A10027555,,,,,,,,,,,202106.0
49,A10024822,0,0,0,0,0,0,1540820,3642770,0,2251180,202106.0
50,A13204506,0,0,0,0,0,0,16053960,0,8599790,0,202106.0
51,A13204502,0,0,12100,0,0,0,2325086,7983040,0,4599690,202106.0
52,A13204501,0,0,0,0,0,0,821040,7119380,216000,3522830,202106.0
53,A13204505,0,0,0,0,0,0,942680,9226060,702910,0,202106.0
54,A13290404,0,0,0,0,0,0,4260523,11012440,-29460,6655520,202106.0
55,A13204503,0,0,0,0,0,0,528253,7364280,0,0,202106.0
56,A13204402,0,0,0,0,0,0,1170492,9697570,63260,4502440,202106.0
57,A13204510,0,0,105690,0,0,0,12206029,92794950,-186360,44198740,202106.0
58,A13292002,0,0,0,0,0,0,1523395,8104420,0,3899440,202106.0
59,A13204409,8630533,-53970,0,0,0,17521200,10732813,60946190,6429410,0,202106.0
60,A13204508,0,0,0,0,0,0,1512312,11294740,0,8661200,202106.0
61,A13204408,6035820,0,0,0,0,18956000,2240551,26095340,1619550,0,202106.0
62,A13272201,0,0,0,0,0,0,2944390,14009580,0,7871000,202106.0
63,A13204507,0,0,0,0,-1041050,1041050,3195508,17008860,-1064920,10986050,202106.0
64,A13204302,0,0,0,0,-10,7735110,3324110,0,276900,9080220,202106.0
65,A13204001,0,0,0,0,0,0,1745840,8756150,0,0,202106.0
66,A13204406,5257230,0,0,0,0,14430270,4143808,48362500,0,25429210,202106.0
67,A13204105,8911972,259700,0,0,12448500,14330000,2363425,67036810,880020,0,202106.0
68,A13290105,2989100,14930,0,0,2559040,5100180,2331288,15616310,0,0,202106.0
69,A13290003,2642290,0,0,0,0,6985000,4550710,17087890,2700000,0,202106.0
70,A13290809,0,0,0,0,0,0,2302260,14555110,585460,0,202106.0
71,A13204204,0,0,0,0,0,0,2303826,30097350,-630,16098540,202106.0
72,A13204002,0,0,0,0,0,0,1351180,18699750,59320,9896340,202106.0
73,A13290107,6782510,0,0,0,0,12847800,9842600,43054330,9064280,0,202106.0
74,A13292701,0,0,0,0,0,0,1476276,6542460,7055040,0,202106.0
75,A13204201,0,0,0,0,0,0,1902420,6074500,6700,0,202106.0
76,A13204103,7732832,0,0,0,0,13852650,4790925,56157010,7500910,23607320,202106.0
77,A13204104,-530120,11624700,0,0,0,14806400,3807427,25487530,0,18634570,202106.0
78,A13204301,0,0,0,0,0,0,107500,8899240,0,0,202106.0
79,A13204205,0,0,0,0,0,0,7535408,35941870,0,18431540,202106.0
80,A13204203,0,0,0,0,0,0,1486352,11162930,0,5609860,202106.0
81,A13204003,,,,,,,,,,,202106.0
82,A13275001,,,,,,,,,,,202106.0
83,A13292501,0,0,0,0,0,0,591060,4521750,0,0,202106.0
84,A13204404,0,0,68650,0,0,0,2697550,33197880,0,0,202106.0
85,A10026109,,,,,,,,,,,202106.0
86,A13201207,4446620,0,0,0,0,10324000,3428590,18525040,0,0,202106.0
87,A13201202,0,0,4250,0,0,0,1122950,6633310,0,3675730,202106.0
88,A13201206,0,0,0,0,0,0,4402066,19166160,0,10189760,202106.0
89,A13201201,700,0,0,0,0,0,1321540,6174310,0,3063810,202106.0
90,A13201203,0,0,0,0,0,0,535160,7396660,0,0,202106.0
91,A13275302,3394060,0,0,0,-4607500,4607500,2201410,6677990,1762100,0,202106.0
92,A13293505,0,0,0,0,0,0,3675478,14441180,0,8308090,202106.0
93,A13281802,0,0,0,0,0,0,22373500,17963720,11589030,11576030,202106.0
94,A13275303,,,,,,,,,,,202106.0
95,A13281201,0,0,0,0,0,0,1490110,9201620,-892410,5403600,202106.0
96,A13201208,0,0,0,2170310,0,16880400,6819980,33437340,3017150,0,202106.0
97,A13275301,,,,,,,,,,,202106.0
98,A13201209,0,0,0,0,0,0,19795600,79144920,0,48196280,202106.0
99,A13201001,0,0,66560,0,0,0,810430,2978830,26340,1584780,202106.0
100,A13201002,0,0,0,0,0,0,400270,5342870,0,2923920,202106.0
101,A13280104,0,0,0,0,0,0,487640,9738950,0,0,202106.0
102,A10027136,0,0,0,0,0,0,5388710,0,2772120,0,202106.0
103,A10026714,,,,,,,,,,,202106.0
