,kaptCode,heatC,heatP,gasC,gasP,waterHotC,waterHotP,electC,electP,waterCoolC,waterCoolP,Date
0,A13203302,0,0,0,0,0,0,4235179,13639740,0,7896430,202206.0
1,A13203303,0,0,0,0,0,0,3924731,20229680,1882000,14196880,202206.0
2,A13295201,0,0,0,0,0,0,1600887,5598870,0,0,202206.0
3,A13286107,0,0,0,0,0,0,421740,22603200,-1060,12201560,202206.0
4,A13287801,0,0,0,0,0,0,1615127,9647620,0,5665930,202206.0
5,A13286203,0,0,12250,0,0,0,1824760,5223280,0,0,202206.0
6,A13286109,0,0,0,0,0,0,3699890,22733560,568145,0,202206.0
7,A13203403,0,0,-675720,675720,0,0,2386370,12087840,753850,7541110,202206.0
8,A13286110,0,0,0,0,0,0,5055197,31086020,0,23869120,202206.0
9,A13287503,0,0,0,0,0,0,3040938,15421550,411655,0,202206.0
10,A13203202,0,0,0,0,0,0,50,9703180,0,4943460,202206.0
11,A13286304,0,0,0,0,0,0,6590819,36809050,-909830,25054670,202206.0
12,A13286106,0,0,1100,0,0,0,19058374,0,101270,0,202206.0
13,A13203408,0,0,0,0,0,0,2455721,17408570,100000,0,202206.0
14,A13286904,0,0,0,0,0,0,4035587,11588890,468050,0,202206.0
15,A13203002,0,0,0,0,0,0,190390,13759060,0,5335000,202206.0
16,A13203102,0,0,12990,0,0,0,2719810,0,461475,0,202206.0
17,A13286105,0,0,0,0,0,0,545580,14403080,648900,0,202206.0
18,A13203001,0,0,0,0,0,0,1848080,0,-97080,0,202206.0
19,A13203401,0,0,0,0,0,0,322507,9148900,296250,8012670,202206.0
20,A13286002,0,0,0,0,0,0,1476511,6100480,0,4291780,202206.0
21,A10026175,,,,,,,,,,,202206.0
22,A10024827,,,,,,,,,,,202206.0
23,A10023732,0,0,0,0,0,0,0,0,0,0,202206.0
24,A13202306,0,0,0,0,0,0,917500,9186810,490775,0,202206.0
25,A13285503,0,0,0,0,0,0,11884020,0,4491210,0,202206.0
26,A13282510,0,0,0,0,0,0,984485,21036930,49910,12712210,202206.0
27,A13276416,0,0,0,0,0,0,5481221,19284170,31460,12989640,202206.0
28,A13202302,0,0,20300,0,0,0,1414252,5476830,33400,0,202206.0
29,A13285406,0,0,30100,0,0,0,4984980,34146020,0,13957000,202206.0
30,A13283405,0,0,0,0,0,0,3107480,10481100,0,0,202206.0
31,A13202308,0,0,0,0,0,0,1603710,12072770,590400,0,202206.0
32,A13276414,0,0,0,0,0,0,1591900,6381670,0,0,202206.0
33,A13202102,0,0,0,0,0,0,1241030,7554280,159960,5079710,202206.0
34,A13276415,0,0,0,0,0,0,10123360,31444130,380430,21260150,202206.0
35,A13285507,0,0,0,0,0,0,338110,13507650,0,0,202206.0
36,A13202103,0,0,16710,0,0,0,4128470,11831480,0,6127660,202206.0
37,A13202002,0,0,85060,0,0,0,18173193,43519700,-407400,54230000,202206.0
38,A13285401,7600,0,0,0,0,0,1842100,6442310,647650,3399760,202206.0
39,A13202304,0,0,0,0,0,0,0,4895190,113930,0,202206.0
40,A13272102,0,0,0,0,0,0,671430,16953750,225490,5273480,202206.0
41,A13283611,0,0,0,0,0,0,4236480,22887500,-20,15032120,202206.0
42,A13276417,0,0,0,0,0,0,15937430,0,302600,0,202206.0
43,A13202312,0,0,35550,0,0,0,16909110,81616940,1760670,52038710,202206.0
44,A13285305,0,0,2580,0,0,0,135815,13110400,143590,0,202206.0
45,A13285601,0,0,0,0,0,0,1717860,4452990,5616290,0,202206.0
46,A10026856,,,,,,,,,,,202206.0
47,A10026279,,,,,,,,,,,202206.0
48,A10027555,,,,,,,,,,,202206.0
49,A10024822,0,0,0,0,0,0,1763300,4252160,0,2406170,202206.0
50,A13204506,0,0,0,0,0,0,17767500,0,9349600,0,202206.0
51,A13204502,0,0,8870,0,0,0,3580850,9720290,0,4709350,202206.0
52,A13204501,0,0,0,0,0,0,1200210,8032000,216000,3657860,202206.0
53,A13204505,0,0,0,0,0,0,897002,10224020,697010,0,202206.0
54,A13290404,0,0,0,0,0,0,4045353,12290190,-133980,7227470,202206.0
55,A13204503,0,0,0,0,0,0,618150,8960190,0,0,202206.0
56,A13204402,0,0,0,0,0,0,1472116,12102490,19310,4792260,202206.0
57,A13204510,0,0,52780,0,0,0,32639503,104015300,13710,45605450,202206.0
58,A13292002,0,0,0,0,0,0,1764687,9737350,0,3978370,202206.0
59,A13204409,8026950,0,0,0,0,14595700,12126080,61665290,12419110,0,202206.0
60,A13204508,0,0,45020,0,0,0,934607,12772790,0,9328610,202206.0
61,A13204408,9199770,0,0,0,0,17440500,3480010,27947980,5782245,0,202206.0
62,A13272201,0,0,0,0,0,0,4046900,13428930,225780,7766150,202206.0
63,A13204507,0,0,0,0,-927980,927980,2810903,18058430,-692710,10923090,202206.0
64,A13204302,0,0,0,0,0,6731330,3156850,0,0,10578560,202206.0
65,A13204001,0,0,0,0,0,0,1835160,10943710,0,0,202206.0
66,A13204406,5257230,0,0,0,0,13648710,6048233,47551710,0,28438480,202206.0
67,A13204105,8899699,878380,0,0,12359520,13294710,2625604,72224500,924840,0,202206.0
68,A13290105,3022650,5000,0,0,2521230,5414120,2882061,16479240,1251940,0,202206.0
69,A13290003,2673540,0,0,0,0,6362500,5556170,17629420,3400000,0,202206.0
70,A13290809,0,0,0,0,0,0,2378624,15668180,841050,0,202206.0
71,A13204204,0,0,0,0,0,0,1827788,31600630,-640,18111430,202206.0
72,A13204002,0,0,0,0,0,0,616050,20926860,57920,10894020,202206.0
73,A13290107,6815330,0,0,0,0,12021800,11201020,46694260,10662920,0,202206.0
74,A13292701,0,0,0,0,0,0,1725698,6803040,7621600,0,202206.0
75,A13204201,0,0,0,0,0,0,2375790,5602110,87020,0,202206.0
76,A13204103,7639312,0,0,0,0,13016310,6472162,57808170,8278460,26226250,202206.0
77,A13204104,-991460,14460900,0,0,656000,11523200,3093230,29400940,-1493310,19754770,202206.0
78,A13204301,0,0,0,0,0,0,192600,11071680,0,0,202206.0
79,A13204205,0,0,0,0,0,0,9868406,36855960,0,19375020,202206.0
80,A13204203,0,0,0,0,0,0,1645198,11935130,0,6015840,202206.0
81,A13204003,,,,,,,,,,,202206.0
82,A13275001,,,,,,,,,,,202206.0
83,A13292501,0,0,0,0,0,0,1358710,4794910,0,0,202206.0
84,A13204404,0,0,24440,0,0,0,3146215,36230520,0,0,202206.0
85,A10026109,,,,,,,,,,,202206.0
86,A13201207,5384600,0,0,0,0,9244000,3357270,19413500,0,0,202206.0
87,A13201202,0,0,9560,0,0,0,1105520,8562720,0,4090840,202206.0
88,A13201206,0,0,0,0,0,0,4937913,23096060,0,11689380,202206.0
89,A13201201,0,0,0,0,0,0,1514840,6313340,-208060,3678310,202206.0
90,A13201203,0,0,0,0,0,0,225700,7891780,0,0,202206.0
91,A13275302,3122410,0,0,0,-4183700,4183700,1526470,6370150,2053125,0,202206.0
92,A13293505,0,0,0,0,0,0,3835804,15411840,0,9592780,202206.0
93,A13281802,0,0,0,0,0,0,20900150,19996850,11559480,11539480,202206.0
94,A13275303,,,,,,,,,,,202206.0
95,A13281201,0,0,0,0,0,0,1473910,9736330,333870,5681860,202206.0
96,A13201208,1297900,0,0,1908820,0,15411600,6098800,35064100,3688480,0,202206.0
97,A13275301,,,,,,,,,,,202206.0
98,A13201209,0,0,0,0,0,0,19828100,84638270,0,51690560,202206.0
99,A13201001,0,0,4240,0,0,0,1035160,3030030,25130,1766060,202206.0
100,A13201002,0,0,0,0,0,0,299860,5898580,0,3335850,202206.0
101,A13280104,0,0,0,0,0,0,448480,9776780,0,0,202206.0
102,A10027136,0,0,0,0,0,0,5713000,0,3271750,0,202206.0
103,A10026714,,,,,,,,,,,202206.0
