,kaptCode,heatC,heatP,gasC,gasP,waterHotC,waterHotP,electC,electP,waterCoolC,waterCoolP,Date
0,A13203302,0,0,0,0,0,0,3684222,16387100,0,7928620,202209.0
1,A13203303,0,0,0,0,0,0,2861293,23018640,1627820,14406390,202209.0
2,A13295201,0,0,0,0,0,0,1437601,5887440,0,6046110,202209.0
3,A13286107,0,0,0,0,0,0,420750,24920370,-1440,13329770,202209.0
4,A13287801,0,0,0,0,0,0,863152,12301730,0,5535150,202209.0
5,A13286203,0,0,5080,0,0,0,1709222,5666810,0,0,202209.0
6,A13286109,0,0,0,0,0,0,2851650,24949930,409500,0,202209.0
7,A13203403,0,0,-647300,647300,0,0,1522540,13475440,216250,7470940,202209.0
8,A13286110,0,0,0,0,0,0,3434400,37585600,0,23509870,202209.0
9,A13287503,0,0,0,0,0,0,2111405,16510020,0,0,202209.0
10,A13203202,0,0,0,0,0,0,546267,9523120,73160,4906050,202209.0
11,A13286304,0,0,0,0,0,0,3823454,42812690,-1988560,25465830,202209.0
12,A13286106,0,0,6670,0,0,0,20026496,0,0,0,202209.0
13,A13203408,0,0,0,0,0,0,1135223,20606010,285000,0,202209.0
14,A13286904,0,0,0,0,0,0,3327151,14493990,0,0,202209.0
15,A13203002,0,0,0,0,0,0,1447000,12732620,0,5293810,202209.0
16,A13203102,0,0,2690,0,0,0,2876790,0,496125,0,202209.0
17,A13286105,0,0,0,0,0,0,1018810,15665620,257500,0,202209.0
18,A13203001,0,0,0,0,0,0,2236040,0,57270,0,202209.0
19,A13203401,0,0,0,0,0,0,419950,10310120,0,0,202209.0
20,A13286002,0,0,0,0,0,0,1835231,6633780,0,4243730,202209.0
21,A10026175,,,,,,,,,,,202209.0
22,A10024827,,,,,,,,,,,202209.0
23,A10023732,0,0,0,0,0,0,4998480,2198180,1003450,1082610,202209.0
24,A13202306,0,0,0,0,0,0,1224580,11316440,385250,0,202209.0
25,A13285503,0,0,0,0,0,0,12301410,0,4189450,0,202209.0
26,A13282510,0,0,0,0,0,0,828676,24232000,295480,12720680,202209.0
27,A13276416,0,0,0,0,0,0,4745356,23137580,33160,12434100,202209.0
28,A13202302,0,0,38190,0,0,0,323160,7796250,0,0,202209.0
29,A13285406,0,0,3490,0,0,0,1100570,31521250,0,13209670,202209.0
30,A13283405,0,0,0,0,0,0,2956820,12366300,0,0,202209.0
31,A13202308,0,0,0,0,0,0,910050,13734630,0,0,202209.0
32,A13276414,0,0,0,0,0,0,1583790,7229970,166270,8931990,202209.0
33,A13202102,0,0,0,0,0,0,623170,9519450,105780,5022540,202209.0
34,A13276415,0,0,0,0,0,0,8958520,34385280,305070,19786840,202209.0
35,A13285507,0,0,0,0,0,0,102120,13821520,0,0,202209.0
36,A13202103,0,0,9860,0,0,0,3817850,10551430,0,5601150,202209.0
37,A13202002,0,0,14950,0,0,0,73965776,0,0,0,202209.0
38,A13285401,1890,0,0,0,0,0,1915200,6534400,167360,3507600,202209.0
39,A13202304,0,0,0,0,0,0,0,5459520,90050,0,202209.0
40,A13272102,0,0,0,0,0,0,688140,15833370,0,5536460,202209.0
41,A13283611,0,0,0,0,0,0,2751464,28038670,0,15011350,202209.0
42,A13276417,0,0,0,0,0,0,16571060,0,0,0,202209.0
43,A13202312,0,0,32640,0,0,0,16083260,90139820,1815680,52563430,202209.0
44,A13285305,0,0,4280,0,0,0,2249002,10959070,107570,0,202209.0
45,A13285601,0,0,0,0,0,0,273500,6372040,0,0,202209.0
46,A10026856,,,,,,,,,,,202209.0
47,A10026279,,,,,,,,,,,202209.0
48,A10027555,,,,,,,,,,,202209.0
49,A10024822,0,0,0,0,0,0,1487500,4756310,0,2421920,202209.0
50,A13204506,0,0,0,0,0,0,18133520,0,9304730,0,202209.0
51,A13204502,0,0,2710,0,0,0,2775271,8220070,3160,3651790,202209.0
52,A13204501,0,0,0,0,0,0,960840,7400910,216020,3715420,202209.0
53,A13204505,0,0,0,0,0,0,486676,11078770,0,0,202209.0
54,A13290404,0,0,0,0,0,0,3760307,12323440,-133560,7070490,202209.0
55,A13204503,0,0,0,0,0,0,982570,7897760,111860,7437500,202209.0
56,A13204402,0,0,0,0,0,0,1078529,9571720,17040,4614650,202209.0
57,A13204510,0,0,53060,0,0,0,20032320,94376560,0,44945730,202209.0
58,A13292002,0,0,0,0,0,0,1945565,7934180,0,3991170,202209.0
59,A13204409,9031970,723230,0,0,0,14859000,3105016,80163970,9977180,0,202209.0
60,A13204508,0,0,30570,0,0,0,1641250,14574870,0,9186370,202209.0
61,A13204408,9895680,0,0,0,0,14560000,1138265,36226390,1270205,0,202209.0
62,A13272201,0,0,0,0,0,0,3245020,17900350,0,7574270,202209.0
63,A13204507,0,0,0,0,-907600,907600,2919647,19667280,-1452770,11922330,202209.0
64,A13204302,0,0,0,0,0,8381950,2670125,0,0,8911950,202209.0
65,A13204001,0,0,0,0,0,0,1795990,8982740,0,8358250,202209.0
66,A13204406,5257230,0,0,0,0,14564410,0,59677400,0,28173440,202209.0
67,A13204105,8955182,0,0,0,11664000,14910530,2199880,81976710,922680,0,202209.0
68,A13290105,3061630,127470,0,0,2068360,5643250,1964774,19658340,6340,0,202209.0
69,A13290003,3184280,0,0,0,0,6175000,3933430,20293530,2723390,0,202209.0
70,A13290809,0,0,0,0,0,0,2769833,17388740,0,0,202209.0
71,A13204204,0,0,0,0,0,0,1320719,41855400,440,17087360,202209.0
72,A13204002,0,0,0,0,0,0,1137350,20272980,94770,9613220,202209.0
73,A13290107,6883810,0,0,0,0,12236160,3469990,53083040,7000000,0,202209.0
74,A13292701,0,0,0,0,0,0,2044220,9426490,0,0,202209.0
75,A13204201,0,0,0,0,0,0,1757400,7118360,42850,0,202209.0
76,A13204103,7725387,0,0,0,0,13790660,1003000,86679880,8040370,26472510,202209.0
77,A13204104,-459040,19290000,0,0,0,11040000,6844041,37844680,-2098440,20867070,202209.0
78,A13204301,0,0,0,0,0,0,1349030,8966190,-527280,9677930,202209.0
79,A13204205,0,0,0,0,0,0,7395205,41309040,0,20134300,202209.0
80,A13204203,0,0,0,0,0,0,849415,12095180,0,6194590,202209.0
81,A13204003,,,,,,,,,,,202209.0
82,A13275001,,,,,,,,,,,202209.0
83,A13292501,0,0,0,0,0,0,1703040,4278620,50,4742830,202209.0
84,A13204404,0,0,19690,0,0,0,3139283,35180360,0,39113890,202209.0
85,A10026109,,,,,,,,,,,202209.0
86,A13201207,7419390,0,0,0,0,7816000,3166950,20838730,2468590,0,202209.0
87,A13201202,0,0,2920,0,0,0,1554420,7129110,0,3975620,202209.0
88,A13201206,0,0,0,0,0,0,5065379,20907950,0,9797670,202209.0
89,A13201201,0,0,0,0,0,0,10021270,0,3514620,0,202209.0
90,A13201203,0,0,0,0,0,0,218300,8298840,426300,0,202209.0
91,A13275302,3790090,0,0,0,-2387000,2387000,-745230,10012820,2048180,0,202209.0
92,A13293505,0,0,0,0,0,0,5384351,15582340,1810,9263240,202209.0
93,A13281802,0,0,5250,0,0,0,22026140,21172700,13668390,13648390,202209.0
94,A13275303,,,,,,,,,,,202209.0
95,A13281201,0,0,0,0,0,0,705140,12478900,349440,5739330,202209.0
96,A13201208,1227230,143200,0,2036450,0,15082200,6108630,44526410,3451370,0,202209.0
97,A13275301,,,,,,,,,,,202209.0
98,A13201209,0,0,0,0,0,0,18166220,91376680,0,51954610,202209.0
99,A13201001,0,0,1450,0,0,0,449890,4304200,25010,1795270,202209.0
100,A13201002,0,0,0,0,0,0,400270,5840020,0,3451250,202209.0
101,A13280104,0,0,0,0,0,0,343560,10339920,356250,0,202209.0
102,A10027136,0,0,0,0,0,0,6745500,0,2852210,0,202209.0
103,A10026714,,,,,,,,,,,202209.0
