,kaptCode,heatC,heatP,gasC,gasP,waterHotC,waterHotP,electC,electP,waterCoolC,waterCoolP,Date
0,A13203302,0.0,0.0,0.0,0.0,0.0,0.0,3961592.0,17145440.0,0.0,7557530.0,202202.0
1,A13203303,0.0,0.0,0.0,0.0,0.0,0.0,6893914.0,24195660.0,1633680.0,11300570.0,202202.0
2,A13295201,0.0,0.0,0.0,0.0,0.0,0.0,8338613.0,0.0,0.0,0.0,202202.0
3,A13286107,0.0,0.0,0.0,0.0,0.0,0.0,406980.0,26678670.0,-800.0,12573390.0,202202.0
4,A13287801,0.0,0.0,0.0,0.0,0.0,0.0,2090124.0,12086380.0,0.0,5596670.0,202202.0
5,A13286203,0.0,0.0,140090.0,0.0,0.0,0.0,2087435.0,5982870.0,0.0,0.0,202202.0
6,A13286109,0.0,0.0,0.0,0.0,0.0,0.0,4646100.0,25706790.0,0.0,0.0,202202.0
7,A13203403,0.0,0.0,-623280.0,623280.0,0.0,0.0,3070400.0,13957630.0,773870.0,7391980.0,202202.0
8,A13286110,0.0,0.0,0.0,0.0,0.0,0.0,5551424.0,38754170.0,2749030.0,21504480.0,202202.0
9,A13287503,0.0,0.0,0.0,0.0,0.0,0.0,3700254.0,18606220.0,546975.0,0.0,202202.0
10,A13203202,0.0,0.0,0.0,0.0,0.0,0.0,1796480.0,8521930.0,0.0,4728730.0,202202.0
11,A13286304,0.0,0.0,0.0,0.0,0.0,0.0,12605541.0,40010580.0,-229300.0,25068910.0,202202.0
12,A13286106,0.0,0.0,159650.0,0.0,0.0,0.0,22412503.0,0.0,520320.0,0.0,202202.0
13,A13203408,0.0,0.0,0.0,0.0,0.0,0.0,3942569.0,20751370.0,220000.0,0.0,202202.0
14,A13286904,0.0,0.0,0.0,0.0,0.0,0.0,3320942.0,15379260.0,354090.0,0.0,202202.0
15,A13203002,0.0,0.0,0.0,0.0,0.0,0.0,1254700.0,12367330.0,0.0,5346150.0,202202.0
16,A13203102,0.0,0.0,101170.0,0.0,0.0,0.0,3651540.0,0.0,411600.0,0.0,202202.0
17,A13286105,0.0,0.0,0.0,0.0,0.0,0.0,1897230.0,16863150.0,0.0,0.0,202202.0
18,A13203001,0.0,0.0,0.0,0.0,0.0,0.0,2880020.0,0.0,48790.0,0.0,202202.0
19,A13203401,0.0,0.0,0.0,0.0,0.0,0.0,1299210.0,10721010.0,207610.0,8162050.0,202202.0
20,A13286002,0.0,0.0,0.0,0.0,0.0,0.0,2046042.0,7491220.0,0.0,4121940.0,202202.0
21,A10026175,,,,,,,,,,,202202.0
22,A10024827,,,,,,,,,,,202202.0
23,A10023732,,,,,,,,,,,202202.0
24,A13202306,0.0,0.0,0.0,0.0,0.0,0.0,2677430.0,10569010.0,374255.0,0.0,202202.0
25,A13285503,0.0,0.0,0.0,0.0,0.0,0.0,10801730.0,8883040.0,4406785.0,3777290.0,202202.0
26,A13282510,0.0,0.0,0.0,0.0,0.0,0.0,834947.0,25746120.0,2520.0,12732820.0,202202.0
27,A13276416,0.0,0.0,0.0,0.0,0.0,0.0,6927732.0,23373830.0,41490.0,11723810.0,202202.0
28,A13202302,0.0,0.0,243930.0,0.0,0.0,0.0,158070.0,8292740.0,0.0,0.0,202202.0
29,A13285406,0.0,0.0,245410.0,0.0,0.0,0.0,-440.0,30855910.0,161700.0,12447990.0,202202.0
30,A13283405,0.0,0.0,0.0,0.0,0.0,0.0,3751500.0,12943400.0,0.0,0.0,202202.0
31,A13202308,0.0,0.0,0.0,0.0,0.0,0.0,2570260.0,14126280.0,0.0,0.0,202202.0
32,A13276414,0.0,0.0,0.0,0.0,0.0,0.0,1834980.0,8049960.0,0.0,0.0,202202.0
33,A13202102,0.0,0.0,0.0,0.0,0.0,0.0,1678090.0,9150150.0,242520.0,4934980.0,202202.0
34,A13276415,0.0,0.0,0.0,0.0,0.0,0.0,10832480.0,36860460.0,-2660.0,19093990.0,202202.0
35,A13285507,0.0,0.0,0.0,0.0,0.0,0.0,1228890.0,12809710.0,0.0,0.0,202202.0
36,A13202103,0.0,0.0,123310.0,0.0,0.0,0.0,3961700.0,10261360.0,0.0,5312770.0,202202.0
37,A13202002,0.0,0.0,716390.0,0.0,0.0,0.0,28127168.0,58465440.0,-185110.0,52911090.0,202202.0
38,A13285401,41450.0,0.0,0.0,0.0,0.0,0.0,586820.0,7045110.0,236700.0,3292940.0,202202.0
39,A13202304,0.0,0.0,0.0,0.0,0.0,0.0,0.0,5938150.0,109650.0,0.0,202202.0
40,A13272102,0.0,0.0,0.0,0.0,0.0,0.0,2054940.0,14169040.0,176090.0,5481780.0,202202.0
41,A13283611,0.0,0.0,0.0,0.0,0.0,0.0,6078510.0,27636110.0,1650.0,13459950.0,202202.0
42,A13276417,0.0,0.0,0.0,0.0,0.0,0.0,19563020.0,0.0,91420.0,0.0,202202.0
43,A13202312,0.0,0.0,638820.0,0.0,0.0,0.0,26737620.0,88581350.0,2086600.0,48294070.0,202202.0
44,A13285305,0.0,0.0,28630.0,0.0,0.0,0.0,524982.0,13078460.0,208200.0,0.0,202202.0
45,A13285601,0.0,0.0,0.0,0.0,0.0,0.0,7706360.0,0.0,5813600.0,0.0,202202.0
46,A10026856,,,,,,,,,,,202202.0
47,A10026279,,,,,,,,,,,202202.0
48,A10027555,,,,,,,,,,,202202.0
49,A10024822,0.0,0.0,0.0,0.0,0.0,0.0,1559880.0,4518360.0,0.0,2328790.0,202202.0
50,A13204506,0.0,0.0,0.0,0.0,0.0,0.0,19017030.0,0.0,8942010.0,0.0,202202.0
51,A13204502,0.0,0.0,18740.0,0.0,0.0,0.0,2840555.0,7581180.0,0.0,4281590.0,202202.0
52,A13204501,0.0,0.0,0.0,0.0,0.0,0.0,1219450.0,7168250.0,216000.0,3405180.0,202202.0
53,A13204505,0.0,0.0,0.0,0.0,0.0,0.0,2067440.0,11505660.0,0.0,0.0,202202.0
54,A13290404,0.0,0.0,0.0,0.0,0.0,0.0,4563713.0,11316980.0,-30240.0,7600160.0,202202.0
55,A13204503,0.0,0.0,0.0,0.0,0.0,0.0,8327720.0,0.0,0.0,0.0,202202.0
56,A13204402,0.0,0.0,0.0,0.0,0.0,0.0,1252199.0,9033230.0,93830.0,4314190.0,202202.0
57,A13204510,0.0,0.0,1610840.0,0.0,0.0,0.0,35162761.0,89156830.0,294870.0,41273420.0,202202.0
58,A13292002,0.0,0.0,0.0,0.0,0.0,0.0,1610564.0,7666330.0,0.0,3660890.0,202202.0
59,A13204409,29186240.0,120402240.0,0.0,0.0,0.0,70113700.0,20702050.0,69858770.0,18771650.0,0.0,202202.0
60,A13204508,0.0,0.0,39290.0,0.0,0.0,0.0,4529938.0,13457570.0,215750.0,9496050.0,202202.0
61,A13204408,102596260.0,0.0,0.0,0.0,0.0,33015500.0,4817332.0,28672230.0,961080.0,0.0,202202.0
62,A13272201,0.0,0.0,0.0,0.0,0.0,0.0,5076380.0,18333730.0,0.0,6337640.0,202202.0
63,A13204507,0.0,0.0,0.0,0.0,-867730.0,867730.0,3516369.0,21731830.0,-2915290.0,12729280.0,202202.0
64,A13204302,2941470.0,22083150.0,0.0,0.0,55190.0,19924110.0,5412590.0,0.0,276970.0,10589460.0,202202.0
65,A13204001,0.0,0.0,0.0,0.0,0.0,0.0,1370420.0,9988520.0,0.0,0.0,202202.0
66,A13204406,16958270.0,113355600.0,0.0,0.0,-6860.0,27397500.0,13104557.0,56459190.0,0.0,28877930.0,202202.0
67,A13204105,21864972.0,121671360.0,0.0,0.0,20083620.0,65114000.0,17189566.0,81073950.0,885960.0,0.0,202202.0
68,A13290105,8191390.0,37730120.0,0.0,0.0,2830500.0,14214990.0,5912666.0,19050640.0,0.0,0.0,202202.0
69,A13290003,51564570.0,0.0,0.0,0.0,16239600.0,0.0,38049180.0,0.0,5800000.0,0.0,202202.0
70,A13290809,0.0,0.0,0.0,0.0,0.0,0.0,5523681.0,16497250.0,2551450.0,0.0,202202.0
71,A13204204,0.0,0.0,0.0,0.0,0.0,0.0,991953.0,39557740.0,-1480.0,19704400.0,202202.0
72,A13204002,0.0,0.0,0.0,0.0,0.0,0.0,1331480.0,19552820.0,37270.0,8987900.0,202202.0
73,A13290107,104193750.0,0.0,0.0,0.0,59886000.0,0.0,62047420.0,0.0,14332640.0,0.0,202202.0
74,A13292701,0.0,0.0,0.0,0.0,0.0,0.0,2906568.0,8559480.0,7642550.0,0.0,202202.0
75,A13204201,0.0,0.0,0.0,0.0,0.0,0.0,2317140.0,6994520.0,262120.0,0.0,202202.0
76,A13204103,24034256.0,121060120.0,0.0,0.0,0.0,39510400.0,6946309.0,69428440.0,14608230.0,22764520.0,202202.0
77,A13204104,-1691250.0,147742200.0,0.0,0.0,0.0,15376000.0,8592560.0,32762340.0,2591740.0,15086250.0,202202.0
78,A13204301,0.0,0.0,0.0,0.0,0.0,0.0,1338610.0,8652390.0,0.0,0.0,202202.0
79,A13204205,0.0,0.0,0.0,0.0,0.0,0.0,8684195.0,40660190.0,0.0,20154780.0,202202.0
80,A13204203,0.0,0.0,0.0,0.0,0.0,0.0,1871375.0,11325900.0,0.0,6110500.0,202202.0
81,A13204003,,,,,,,,,,,202202.0
82,A13275001,,,,,,,,,,,202202.0
83,A13292501,0.0,0.0,0.0,0.0,0.0,0.0,1391370.0,3680200.0,0.0,0.0,202202.0
84,A13204404,0.0,0.0,1363230.0,0.0,0.0,0.0,3231106.0,35179570.0,0.0,0.0,202202.0
85,A10026109,,,,,,,,,,,202202.0
86,A13201207,48384850.0,0.0,0.0,0.0,0.0,15972000.0,4799320.0,21025800.0,0.0,0.0,202202.0
87,A13201202,0.0,0.0,179340.0,0.0,0.0,0.0,1987670.0,7084590.0,0.0,3420400.0,202202.0
88,A13201206,0.0,0.0,0.0,0.0,0.0,0.0,5800672.0,19394970.0,0.0,9511670.0,202202.0
89,A13201201,214520.0,0.0,0.0,0.0,0.0,0.0,2188540.0,8309710.0,0.0,3731060.0,202202.0
90,A13201203,0.0,0.0,0.0,0.0,0.0,0.0,130.0,9837930.0,0.0,0.0,202202.0
91,A13275302,28118470.0,0.0,0.0,0.0,-4729400.0,4729400.0,3944590.0,8505660.0,1651020.0,0.0,202202.0
92,A13293505,0.0,0.0,0.0,0.0,0.0,0.0,5283207.0,17404630.0,0.0,8433680.0,202202.0
93,A13281802,0.0,0.0,1090.0,0.0,0.0,0.0,24808500.0,23934440.0,13026360.0,13013360.0,202202.0
94,A13275303,,,,,,,,,,,202202.0
95,A13281201,0.0,0.0,0.0,0.0,0.0,0.0,2986320.0,11711130.0,1236810.0,4661960.0,202202.0
96,A13201208,11961000.0,73113600.0,0.0,1716790.0,0.0,37054800.0,19759050.0,38775020.0,2967080.0,0.0,202202.0
97,A13275301,,,,,,,,,,,202202.0
98,A13201209,0.0,0.0,743620.0,0.0,0.0,0.0,25163010.0,104374060.0,0.0,51209570.0,202202.0
99,A13201001,0.0,0.0,197320.0,0.0,0.0,0.0,1587240.0,3564100.0,25090.0,1752590.0,202202.0
100,A13201002,0.0,0.0,0.0,0.0,0.0,0.0,0.0,6576490.0,0.0,2637600.0,202202.0
101,A13280104,0.0,0.0,0.0,0.0,0.0,0.0,643780.0,12115530.0,0.0,0.0,202202.0
102,A10027136,0.0,0.0,0.0,0.0,0.0,0.0,6465210.0,0.0,2333810.0,0.0,202202.0
103,A10026714,,,,,,,,,,,202202.0
