,kaptCode,heatC,heatP,gasC,gasP,waterHotC,waterHotP,electC,electP,waterCoolC,waterCoolP,Date
0,A13203302,0.0,0.0,0.0,0.0,0.0,0.0,3696144.0,13835950.0,0.0,7002770.0,202203.0
1,A13203303,0.0,0.0,0.0,0.0,0.0,0.0,4850101.0,19704360.0,1795800.0,13711450.0,202203.0
2,A13295201,0.0,0.0,0.0,0.0,0.0,0.0,6692952.0,0.0,5656380.0,0.0,202203.0
3,A13286107,0.0,0.0,0.0,0.0,0.0,0.0,354420.0,22186300.0,-880.0,12844910.0,202203.0
4,A13287801,0.0,0.0,0.0,0.0,0.0,0.0,1990370.0,9816800.0,0.0,5025260.0,202203.0
5,A13286203,0.0,0.0,165450.0,0.0,0.0,0.0,1384782.0,4909820.0,0.0,0.0,202203.0
6,A13286109,0.0,0.0,0.0,0.0,0.0,0.0,3450810.0,20712390.0,490770.0,0.0,202203.0
7,A13203403,0.0,0.0,-669640.0,669640.0,0.0,0.0,2526560.0,11533270.0,749200.0,6768360.0,202203.0
8,A13286110,0.0,0.0,0.0,0.0,0.0,0.0,3960893.0,30056550.0,1665450.0,24999600.0,202203.0
9,A13287503,0.0,0.0,0.0,0.0,0.0,0.0,3181200.0,14867840.0,546975.0,0.0,202203.0
10,A13203202,0.0,0.0,0.0,0.0,0.0,0.0,1326450.0,9367630.0,0.0,4491300.0,202203.0
11,A13286304,0.0,0.0,0.0,0.0,0.0,0.0,6585576.0,34200670.0,-1503730.0,24059420.0,202203.0
12,A13286106,0.0,0.0,81870.0,0.0,0.0,0.0,18096063.0,0.0,917550.0,0.0,202203.0
13,A13203408,0.0,0.0,0.0,0.0,0.0,0.0,2448572.0,16843660.0,62900.0,0.0,202203.0
14,A13286904,0.0,0.0,0.0,0.0,0.0,0.0,3067945.0,12618790.0,641000.0,0.0,202203.0
15,A13203002,0.0,0.0,0.0,0.0,0.0,0.0,534890.0,13826400.0,0.0,4794140.0,202203.0
16,A13203102,0.0,0.0,114370.0,0.0,0.0,0.0,3163990.0,0.0,411600.0,0.0,202203.0
17,A13286105,0.0,0.0,0.0,0.0,0.0,0.0,1344290.0,13813950.0,1300950.0,0.0,202203.0
18,A13203001,0.0,0.0,0.0,0.0,0.0,0.0,1791940.0,0.0,0.0,0.0,202203.0
19,A13203401,0.0,0.0,0.0,0.0,0.0,0.0,342687.0,8895070.0,0.0,0.0,202203.0
20,A13286002,0.0,0.0,0.0,0.0,0.0,0.0,1792145.0,6240330.0,0.0,4191850.0,202203.0
21,A10026175,,,,,,,,,,,202203.0
22,A10024827,,,,,,,,,,,202203.0
23,A10023732,,,,,,,,,,,202203.0
24,A13202306,0.0,0.0,0.0,0.0,0.0,0.0,1283590.0,9689340.0,374255.0,0.0,202203.0
25,A13285503,0.0,0.0,0.0,0.0,0.0,0.0,11354780.0,7552860.0,8183955.0,4523170.0,202203.0
26,A13282510,0.0,0.0,0.0,0.0,0.0,0.0,750011.0,21463890.0,171900.0,11454080.0,202203.0
27,A13276416,0.0,0.0,0.0,0.0,0.0,0.0,5810669.0,19402950.0,38720.0,12940910.0,202203.0
28,A13202302,0.0,0.0,231380.0,0.0,0.0,0.0,138241.0,6807590.0,0.0,0.0,202203.0
29,A13285406,0.0,0.0,241880.0,0.0,0.0,0.0,2397410.0,33719470.0,460.0,13874090.0,202203.0
30,A13283405,0.0,0.0,0.0,0.0,0.0,0.0,2632200.0,10801110.0,0.0,0.0,202203.0
31,A13202308,0.0,0.0,0.0,0.0,0.0,0.0,1757400.0,11409370.0,0.0,0.0,202203.0
32,A13276414,0.0,0.0,0.0,0.0,0.0,0.0,8154540.0,0.0,8628900.0,0.0,202203.0
33,A13202102,0.0,0.0,0.0,0.0,0.0,0.0,1463630.0,7380720.0,0.0,4440100.0,202203.0
34,A13276415,0.0,0.0,0.0,0.0,0.0,0.0,9742790.0,29649240.0,-370.0,19532720.0,202203.0
35,A13285507,0.0,0.0,0.0,0.0,0.0,0.0,708540.0,13933380.0,0.0,0.0,202203.0
36,A13202103,0.0,0.0,80870.0,0.0,0.0,0.0,3714590.0,11121190.0,0.0,5977780.0,202203.0
37,A13202002,0.0,0.0,607340.0,0.0,0.0,0.0,16603286.0,47859210.0,0.0,0.0,202203.0
38,A13285401,35920.0,0.0,0.0,0.0,0.0,0.0,1542100.0,6570440.0,102700.0,3775570.0,202203.0
39,A13202304,0.0,0.0,0.0,0.0,0.0,0.0,0.0,4729340.0,109650.0,0.0,202203.0
40,A13272102,0.0,0.0,0.0,0.0,0.0,0.0,1972460.0,15419470.0,0.0,5461480.0,202203.0
41,A13283611,0.0,0.0,0.0,0.0,0.0,0.0,5092870.0,22534570.0,200.0,14864200.0,202203.0
42,A13276417,0.0,0.0,0.0,0.0,0.0,0.0,15535250.0,0.0,0.0,0.0,202203.0
43,A13202312,0.0,0.0,256200.0,0.0,0.0,0.0,18900000.0,73548020.0,633800.0,55192500.0,202203.0
44,A13285305,0.0,0.0,44670.0,0.0,0.0,0.0,447234.0,14092360.0,208200.0,0.0,202203.0
45,A13285601,0.0,0.0,0.0,0.0,0.0,0.0,6401130.0,0.0,0.0,0.0,202203.0
46,A10026856,,,,,,,,,,,202203.0
47,A10026279,,,,,,,,,,,202203.0
48,A10027555,,,,,,,,,,,202203.0
49,A10024822,0.0,0.0,0.0,0.0,0.0,0.0,1207470.0,3652950.0,0.0,2370150.0,202203.0
50,A13204506,0.0,0.0,0.0,0.0,0.0,0.0,16054900.0,0.0,8067720.0,0.0,202203.0
51,A13204502,0.0,0.0,18870.0,0.0,0.0,0.0,4017514.0,8409980.0,-320.0,4129780.0,202203.0
52,A13204501,0.0,0.0,0.0,0.0,0.0,0.0,1090030.0,7509330.0,216000.0,3780000.0,202203.0
53,A13204505,0.0,0.0,0.0,0.0,0.0,0.0,1443770.0,8986000.0,0.0,0.0,202203.0
54,A13290404,0.0,0.0,0.0,0.0,0.0,0.0,3969303.0,12274250.0,-26670.0,6237550.0,202203.0
55,A13204503,0.0,0.0,0.0,0.0,0.0,0.0,8661699.0,0.0,7218450.0,0.0,202203.0
56,A13204402,0.0,0.0,0.0,0.0,0.0,0.0,2223849.0,10093800.0,46700.0,4954800.0,202203.0
57,A13204510,0.0,0.0,1618330.0,0.0,0.0,0.0,35894517.0,97378700.0,391060.0,46803720.0,202203.0
58,A13292002,0.0,0.0,0.0,0.0,0.0,0.0,1686855.0,8444500.0,0.0,4125880.0,202203.0
59,A13204409,14662950.0,65554890.0,0.0,0.0,0.0,69867000.0,22102449.0,54126340.0,12217080.0,0.0,202203.0
60,A13204508,0.0,0.0,0.0,0.0,0.0,0.0,1357630.0,11298480.0,0.0,8462490.0,202203.0
61,A13204408,82344120.0,0.0,0.0,0.0,0.0,17664500.0,4408831.0,23418580.0,1476855.0,0.0,202203.0
62,A13272201,0.0,0.0,0.0,0.0,0.0,0.0,3717500.0,14454410.0,0.0,8453830.0,202203.0
63,A13204507,0.0,0.0,0.0,0.0,-920760.0,920760.0,3366343.0,17331550.0,-933970.0,11340210.0,202203.0
64,A13204302,0.0,6558610.0,0.0,0.0,0.0,11412350.0,4230520.0,0.0,0.0,9137560.0,202203.0
65,A13204001,0.0,0.0,0.0,0.0,0.0,0.0,2227060.0,8183200.0,78790.0,8233410.0,202203.0
66,A13204406,16737640.0,68169600.0,0.0,0.0,0.0,22396400.0,12637376.0,46670690.0,0.0,26746230.0,202203.0
67,A13204105,17946070.0,65520800.0,0.0,0.0,22932900.0,74298000.0,12595573.0,65481650.0,878400.0,0.0,202203.0
68,A13290105,6440700.0,23036430.0,0.0,0.0,2777520.0,13141440.0,3283778.0,16032880.0,0.0,0.0,202203.0
69,A13290003,35268400.0,0.0,0.0,0.0,0.0,13958100.0,7292160.0,19514930.0,5803550.0,0.0,202203.0
70,A13290809,0.0,0.0,0.0,0.0,0.0,0.0,3223104.0,13866760.0,0.0,0.0,202203.0
71,A13204204,0.0,0.0,0.0,0.0,0.0,0.0,1501227.0,33106730.0,1430.0,16035290.0,202203.0
72,A13204002,0.0,0.0,0.0,0.0,0.0,0.0,1864390.0,20384850.0,43230.0,10512950.0,202203.0
73,A13290107,13729480.0,59629810.0,0.0,0.0,0.0,44041500.0,19103690.0,44753690.0,9000000.0,0.0,202203.0
74,A13292701,0.0,0.0,0.0,0.0,0.0,0.0,2126429.0,7202040.0,0.0,0.0,202203.0
75,A13204201,0.0,0.0,0.0,0.0,0.0,0.0,2097460.0,5819290.0,252750.0,0.0,202203.0
76,A13204103,18322668.0,66347690.0,0.0,0.0,0.0,42817500.0,7577591.0,58035180.0,12512570.0,21556160.0,202203.0
77,A13204104,-1749590.0,95882100.0,0.0,0.0,0.0,24105600.0,4611771.0,28004610.0,2742430.0,14252710.0,202203.0
78,A13204301,0.0,0.0,0.0,0.0,0.0,0.0,657350.0,9924020.0,-673600.0,9306410.0,202203.0
79,A13204205,0.0,0.0,0.0,0.0,0.0,0.0,7596700.0,33233160.0,0.0,17139370.0,202203.0
80,A13204203,0.0,0.0,0.0,0.0,0.0,0.0,2080394.0,11909600.0,0.0,5334110.0,202203.0
81,A13204003,,,,,,,,,,,202203.0
82,A13275001,,,,,,,,,,,202203.0
83,A13292501,0.0,0.0,0.0,0.0,0.0,0.0,1450380.0,4109130.0,10.0,4296320.0,202203.0
84,A13204404,0.0,0.0,854270.0,0.0,0.0,0.0,2750128.0,37242130.0,0.0,36274440.0,202203.0
85,A10026109,,,,,,,,,,,202203.0
86,A13201207,42276160.0,0.0,0.0,0.0,0.0,12668000.0,3697670.0,16928240.0,9498580.0,0.0,202203.0
87,A13201202,0.0,0.0,163060.0,0.0,0.0,0.0,1620640.0,7786530.0,0.0,4007040.0,202203.0
88,A13201206,0.0,0.0,0.0,0.0,0.0,0.0,5430054.0,21590710.0,0.0,10547750.0,202203.0
89,A13201201,140000.0,0.0,21110.0,0.0,0.0,0.0,1163680.0,6407660.0,-782710.0,3558450.0,202203.0
90,A13201203,0.0,0.0,0.0,0.0,0.0,0.0,334210.0,7591220.0,643650.0,0.0,202203.0
91,A13275302,19736130.0,0.0,0.0,0.0,-6636000.0,6636000.0,1524630.0,7822900.0,1286620.0,0.0,202203.0
92,A13293505,0.0,0.0,0.0,0.0,0.0,0.0,4708692.0,13750520.0,0.0,8151090.0,202203.0
93,A13281802,0.0,0.0,9610.0,0.0,0.0,0.0,19838340.0,19017160.0,10196250.0,10183250.0,202203.0
94,A13275303,,,,,,,,,,,202203.0
95,A13281201,0.0,0.0,0.0,0.0,0.0,0.0,2570880.0,9767550.0,1059920.0,4940710.0,202203.0
96,A13201208,8468950.0,35671200.0,0.0,1890210.0,0.0,33666100.0,11754610.0,33962360.0,2968960.0,0.0,202203.0
97,A13275301,,,,,,,,,,,202203.0
98,A13201209,0.0,0.0,684890.0,0.0,0.0,0.0,19448020.0,82703240.0,0.0,45835690.0,202203.0
99,A13201001,0.0,0.0,152500.0,0.0,0.0,0.0,640030.0,3627140.0,24770.0,1820820.0,202203.0
100,A13201002,0.0,0.0,0.0,0.0,0.0,0.0,0.0,5062350.0,0.0,2780400.0,202203.0
101,A13280104,0.0,0.0,0.0,0.0,0.0,0.0,737350.0,9498810.0,237380.0,0.0,202203.0
102,A10027136,0.0,0.0,0.0,0.0,0.0,0.0,5322460.0,0.0,2576930.0,0.0,202203.0
103,A10026714,,,,,,,,,,,202203.0
