,kaptCode,heatC,heatP,gasC,gasP,waterHotC,waterHotP,electC,electP,waterCoolC,waterCoolP,Date
0,A13203302,0.0,0.0,0.0,0.0,0.0,0.0,5015334.0,16823520.0,0.0,7011480.0,202212.0
1,A13203303,0.0,0.0,0.0,0.0,0.0,0.0,7660811.0,25783100.0,1540550.0,14547520.0,202212.0
2,A13295201,0.0,0.0,0.0,0.0,0.0,0.0,2383935.0,6459270.0,0.0,0.0,202212.0
3,A13286107,0.0,0.0,0.0,0.0,0.0,0.0,428850.0,27529510.0,-880.0,11498790.0,202212.0
4,A13287801,0.0,0.0,0.0,0.0,0.0,0.0,2133203.0,11537600.0,0.0,5114100.0,202212.0
5,A13286203,0.0,0.0,142450.0,0.0,0.0,0.0,2681131.0,6040220.0,0.0,0.0,202212.0
6,A13286109,0.0,0.0,0.0,0.0,0.0,0.0,5743140.0,27405440.0,159695.0,0.0,202212.0
7,A13203403,0.0,0.0,-583320.0,583320.0,0.0,0.0,3500830.0,14642300.0,319660.0,6636200.0,202212.0
8,A13286110,0.0,0.0,0.0,0.0,0.0,0.0,8041988.0,40931800.0,0.0,21891660.0,202212.0
9,A13287503,0.0,0.0,0.0,0.0,0.0,0.0,4604440.0,19671280.0,617460.0,0.0,202212.0
10,A13203202,0.0,0.0,0.0,0.0,0.0,0.0,2409691.0,11891850.0,386150.0,4162650.0,202212.0
11,A13286304,0.0,0.0,0.0,0.0,0.0,0.0,9113077.0,47402310.0,-1703770.0,23037660.0,202212.0
12,A13286106,0.0,0.0,53750.0,0.0,0.0,0.0,24498240.0,0.0,881100.0,0.0,202212.0
13,A13203408,0.0,0.0,0.0,0.0,0.0,0.0,26461758.0,0.0,300000.0,0.0,202212.0
14,A13286904,0.0,0.0,0.0,0.0,0.0,0.0,3451581.0,15078920.0,0.0,0.0,202212.0
15,A13203002,0.0,0.0,0.0,0.0,0.0,0.0,4083380.0,16531610.0,0.0,4894420.0,202212.0
16,A13203102,0.0,0.0,109170.0,0.0,0.0,0.0,3901430.0,0.0,524275.0,0.0,202212.0
17,A13286105,0.0,0.0,0.0,0.0,0.0,0.0,969530.0,17788390.0,384540.0,0.0,202212.0
18,A13203001,0.0,0.0,0.0,0.0,0.0,0.0,2339330.0,17940930.0,-66750.0,3060540.0,202212.0
19,A13203401,0.0,0.0,0.0,0.0,0.0,0.0,-991535.0,12232070.0,8745960.0,0.0,202212.0
20,A13286002,0.0,0.0,0.0,0.0,0.0,0.0,1812959.0,7235620.0,0.0,3831140.0,202212.0
21,A10026175,,,,,,,,,,,202212.0
22,A10024827,,,,,,,,,,,202212.0
23,A10023732,0.0,0.0,2526270.0,0.0,0.0,0.0,4854100.0,2475280.0,0.0,0.0,202212.0
24,A13202306,0.0,0.0,0.0,0.0,0.0,0.0,2109870.0,11130290.0,0.0,0.0,202212.0
25,A13285503,0.0,0.0,0.0,0.0,0.0,0.0,13982510.0,0.0,4416630.0,0.0,202212.0
26,A13282510,0.0,0.0,0.0,0.0,0.0,0.0,1140774.0,26815850.0,561830.0,11075840.0,202212.0
27,A13276416,0.0,0.0,0.0,0.0,0.0,0.0,5837917.0,24540510.0,24890.0,12586800.0,202212.0
28,A13202302,0.0,0.0,217090.0,0.0,0.0,0.0,993290.0,0.0,68060.0,0.0,202212.0
29,A13285406,0.0,0.0,133010.0,0.0,0.0,0.0,3417692.0,42507720.0,630330.0,12647340.0,202212.0
30,A13283405,0.0,0.0,0.0,0.0,0.0,0.0,3770070.0,13191470.0,0.0,0.0,202212.0
31,A13202308,0.0,0.0,0.0,0.0,0.0,0.0,2822720.0,14966940.0,393420.0,0.0,202212.0
32,A13276414,0.0,0.0,0.0,0.0,0.0,0.0,1816100.0,8244080.0,0.0,0.0,202212.0
33,A13202102,0.0,0.0,0.0,0.0,0.0,0.0,1801530.0,8951050.0,185040.0,4431160.0,202212.0
34,A13276415,0.0,0.0,0.0,0.0,0.0,0.0,12827560.0,38867780.0,49820.0,21564760.0,202212.0
35,A13285507,0.0,0.0,0.0,0.0,0.0,0.0,1306300.0,17163050.0,0.0,0.0,202212.0
36,A13202103,0.0,0.0,74080.0,0.0,0.0,0.0,7166700.0,13466760.0,0.0,5797280.0,202212.0
37,A13202002,0.0,0.0,1281960.0,0.0,0.0,0.0,17457397.0,54567190.0,-525560.0,51814570.0,202212.0
38,A13285401,54840.0,0.0,0.0,0.0,0.0,0.0,3647640.0,7848680.0,28880.0,3473360.0,202212.0
39,A13202304,0.0,0.0,0.0,0.0,0.0,0.0,0.0,6543790.0,0.0,0.0,202212.0
40,A13272102,0.0,0.0,0.0,0.0,0.0,0.0,2383100.0,17815710.0,0.0,4920880.0,202212.0
41,A13283611,0.0,0.0,0.0,0.0,0.0,0.0,6047155.0,28132580.0,-10.0,14379910.0,202212.0
42,A13276417,0.0,0.0,0.0,0.0,0.0,0.0,20887710.0,0.0,97400.0,0.0,202212.0
43,A13202312,0.0,0.0,1101540.0,0.0,0.0,0.0,27768430.0,96813000.0,1341390.0,50304920.0,202212.0
44,A13285305,0.0,0.0,113790.0,0.0,0.0,0.0,4324097.0,14266130.0,107570.0,0.0,202212.0
45,A13285601,0.0,0.0,0.0,0.0,0.0,0.0,6931660.0,0.0,5545940.0,0.0,202212.0
46,A10026856,,,,,,,,,,,202212.0
47,A10026279,,,,,,,,,,,202212.0
48,A10027555,,,,,,,,,,,202212.0
49,A10024822,0.0,0.0,0.0,0.0,0.0,0.0,1691590.0,5009040.0,0.0,2613780.0,202212.0
50,A13204506,0.0,0.0,0.0,0.0,0.0,0.0,19867210.0,0.0,8512020.0,0.0,202212.0
51,A13204502,0.0,0.0,9990.0,0.0,0.0,0.0,5472880.0,9982970.0,0.0,4372560.0,202212.0
52,A13204501,0.0,0.0,0.0,0.0,0.0,0.0,1572220.0,9462280.0,215950.0,3494420.0,202212.0
53,A13204505,0.0,0.0,0.0,0.0,0.0,0.0,2504420.0,12064470.0,438900.0,0.0,202212.0
54,A13290404,0.0,0.0,0.0,0.0,0.0,0.0,8169645.0,14366660.0,-133630.0,7101900.0,202212.0
55,A13204503,0.0,0.0,0.0,0.0,0.0,0.0,1911812.0,9538780.0,0.0,0.0,202212.0
56,A13204402,0.0,0.0,0.0,0.0,0.0,0.0,3250898.0,12022130.0,61730.0,4613940.0,202212.0
57,A13204510,0.0,0.0,1552950.0,0.0,0.0,0.0,48391907.0,119625580.0,831790.0,42956320.0,202212.0
58,A13292002,0.0,0.0,0.0,0.0,0.0,0.0,2501222.0,10386130.0,0.0,4114810.0,202212.0
59,A13204409,25766760.0,225655410.0,0.0,0.0,0.0,88926000.0,12439770.0,78843000.0,15178800.0,0.0,202212.0
60,A13204508,0.0,0.0,307500.0,0.0,0.0,0.0,4353265.0,16588140.0,0.0,9543830.0,202212.0
61,A13204408,166219880.0,0.0,0.0,0.0,0.0,24104500.0,5888804.0,36598680.0,72765.0,0.0,202212.0
62,A13272201,0.0,0.0,0.0,0.0,0.0,0.0,3978680.0,16510630.0,659760.0,7047020.0,202212.0
63,A13204507,0.0,0.0,0.0,0.0,-851490.0,851490.0,4197080.0,23212800.0,133990.0,10563520.0,202212.0
64,A13204302,1984940.0,54970780.0,0.0,0.0,4500.0,12753000.0,7065370.0,0.0,276940.0,8883700.0,202212.0
65,A13204001,0.0,0.0,0.0,0.0,0.0,0.0,14430360.0,0.0,0.0,0.0,202212.0
66,A13204406,28408290.0,183602000.0,0.0,0.0,-68000.0,35192000.0,13818988.0,58301090.0,0.0,25326660.0,202212.0
67,A13204105,29148102.0,207873540.0,0.0,0.0,23672270.0,87767770.0,9830687.0,86784270.0,876240.0,0.0,202212.0
68,A13290105,12524000.0,74605320.0,0.0,0.0,3415890.0,16311590.0,5784570.0,22274720.0,824530.0,0.0,202212.0
69,A13290003,83129570.0,0.0,0.0,0.0,0.0,17154000.0,10023110.0,26232310.0,4300000.0,0.0,202212.0
70,A13290809,0.0,0.0,0.0,0.0,0.0,0.0,5453165.0,18680520.0,1168000.0,0.0,202212.0
71,A13204204,0.0,0.0,0.0,0.0,0.0,0.0,1558007.0,37926110.0,90.0,17871150.0,202212.0
72,A13204002,0.0,0.0,0.0,0.0,0.0,0.0,2147690.0,24884400.0,143910.0,9350400.0,202212.0
73,A13290107,23020110.0,185661210.0,0.0,0.0,0.0,50274000.0,19167320.0,64289530.0,15285060.0,0.0,202212.0
74,A13292701,0.0,0.0,0.0,0.0,0.0,0.0,1069678.0,8260570.0,6394270.0,0.0,202212.0
75,A13204201,0.0,0.0,0.0,0.0,0.0,0.0,2451950.0,6977830.0,243940.0,0.0,202212.0
76,A13204103,34378930.0,209316000.0,0.0,0.0,0.0,44355600.0,7051216.0,70908690.0,11905400.0,20003510.0,202212.0
77,A13204104,-2677550.0,220269300.0,0.0,0.0,0.0,14713600.0,7057301.0,34777980.0,2219350.0,17191330.0,202212.0
78,A13204301,0.0,0.0,0.0,0.0,0.0,0.0,3125410.0,11572300.0,0.0,0.0,202212.0
79,A13204205,0.0,0.0,0.0,0.0,0.0,0.0,10330746.0,42241430.0,0.0,18446720.0,202212.0
80,A13204203,0.0,0.0,0.0,0.0,0.0,0.0,2427934.0,14636880.0,0.0,5597310.0,202212.0
81,A13204003,,,,,,,,,,,202212.0
82,A13275001,,,,,,,,,,,202212.0
83,A13292501,0.0,0.0,0.0,0.0,0.0,0.0,2220320.0,4970370.0,0.0,0.0,202212.0
84,A13204404,0.0,0.0,658280.0,0.0,0.0,0.0,5055202.0,43503370.0,0.0,0.0,202212.0
85,A10026109,,,,,,,,,,,202212.0
86,A13201207,103036880.0,0.0,0.0,0.0,13280000.0,0.0,26837810.0,0.0,0.0,0.0,202212.0
87,A13201202,0.0,0.0,140280.0,0.0,0.0,0.0,2071970.0,10231610.0,0.0,3859390.0,202212.0
88,A13201206,0.0,0.0,0.0,0.0,0.0,0.0,10872982.0,26013510.0,0.0,9587780.0,202212.0
89,A13201201,0.0,0.0,0.0,0.0,0.0,0.0,9664380.0,0.0,2970600.0,0.0,202212.0
90,A13201203,0.0,0.0,0.0,0.0,0.0,0.0,500410.0,10318030.0,0.0,0.0,202212.0
91,A13275302,44276350.0,0.0,0.0,0.0,-5964000.0,5964000.0,2861870.0,7588610.0,1901080.0,0.0,202212.0
92,A13293505,0.0,0.0,0.0,0.0,0.0,0.0,7234342.0,18315480.0,-382450.0,7942610.0,202212.0
93,A13281802,0.0,0.0,434560.0,0.0,0.0,0.0,26177690.0,25155830.0,11416740.0,11396740.0,202212.0
94,A13275303,,,,,,,,,,,202212.0
95,A13281201,0.0,0.0,0.0,0.0,0.0,0.0,2617310.0,11492700.0,1086200.0,5217670.0,202212.0
96,A13201208,18307840.0,92691900.0,0.0,1715760.0,0.0,39724400.0,11268430.0,53246590.0,3311280.0,0.0,202212.0
97,A13275301,,,,,,,,,,,202212.0
98,A13201209,0.0,0.0,810430.0,0.0,0.0,0.0,29148950.0,112870430.0,0.0,46583880.0,202212.0
99,A13201001,0.0,0.0,141850.0,0.0,0.0,0.0,1027800.0,3963770.0,24930.0,1711880.0,202212.0
100,A13201002,0.0,0.0,0.0,0.0,0.0,0.0,0.0,6366080.0,0.0,3039530.0,202212.0
101,A13280104,0.0,0.0,0.0,0.0,0.0,0.0,420050.0,12931040.0,0.0,0.0,202212.0
102,A10027136,0.0,0.0,0.0,0.0,0.0,0.0,6529080.0,0.0,2824100.0,0.0,202212.0
103,A10026714,,,,,,,,,,,202212.0
