,kaptCode,heatC,heatP,gasC,gasP,waterHotC,waterHotP,electC,electP,waterCoolC,waterCoolP,Date
0,A13203302,0.0,0.0,0.0,0.0,0.0,0.0,3949806.0,20146280.0,0.0,6989790.0,202207.0
1,A13203303,0.0,0.0,0.0,0.0,0.0,0.0,2832999.0,28507230.0,1449300.0,14773460.0,202207.0
2,A13295201,0.0,0.0,0.0,0.0,0.0,0.0,1463573.0,8248130.0,0.0,6176010.0,202207.0
3,A13286107,0.0,0.0,0.0,0.0,0.0,0.0,413730.0,27326350.0,-1170.0,13157000.0,202207.0
4,A13287801,0.0,0.0,0.0,0.0,0.0,0.0,1038478.0,12997730.0,0.0,5335090.0,202207.0
5,A13286203,0.0,0.0,5620.0,0.0,0.0,0.0,1610141.0,8055910.0,0.0,0.0,202207.0
6,A13286109,0.0,0.0,0.0,0.0,0.0,0.0,2647340.0,32105970.0,241800.0,0.0,202207.0
7,A13203403,0.0,0.0,-754830.0,754830.0,0.0,0.0,1501790.0,17635690.0,577030.0,7342770.0,202207.0
8,A13286110,0.0,0.0,0.0,0.0,0.0,0.0,3525625.0,46728260.0,0.0,23502140.0,202207.0
9,A13287503,0.0,0.0,0.0,0.0,0.0,0.0,1891791.0,20886600.0,411655.0,0.0,202207.0
10,A13203202,0.0,0.0,0.0,0.0,0.0,0.0,10000.0,15287640.0,320960.0,4782780.0,202207.0
11,A13286304,0.0,0.0,0.0,0.0,0.0,0.0,3141439.0,52355210.0,22220.0,24758820.0,202207.0
12,A13286106,0.0,0.0,6370.0,0.0,0.0,0.0,25651859.0,0.0,414160.0,0.0,202207.0
13,A13203408,0.0,0.0,0.0,0.0,0.0,0.0,438027.0,27740630.0,38000.0,0.0,202207.0
14,A13286904,0.0,0.0,0.0,0.0,0.0,0.0,3786634.0,18921160.0,382580.0,0.0,202207.0
15,A13203002,0.0,0.0,0.0,0.0,0.0,0.0,943940.0,20123090.0,0.0,5212250.0,202207.0
16,A13203102,0.0,0.0,9360.0,0.0,0.0,0.0,3114120.0,0.0,461475.0,0.0,202207.0
17,A13286105,0.0,0.0,0.0,0.0,0.0,0.0,858650.0,19326830.0,216300.0,0.0,202207.0
18,A13203001,0.0,0.0,0.0,0.0,0.0,0.0,2004650.0,0.0,-62290.0,0.0,202207.0
19,A13203401,0.0,0.0,0.0,0.0,0.0,0.0,453783.0,12488530.0,0.0,0.0,202207.0
20,A13286002,0.0,0.0,0.0,0.0,0.0,0.0,652430.0,8712460.0,0.0,4298990.0,202207.0
21,A10026175,,,,,,,,,,,202207.0
22,A10024827,,,,,,,,,,,202207.0
23,A10023732,0.0,0.0,0.0,0.0,0.0,0.0,5653600.0,1940760.0,1269680.0,267160.0,202207.0
24,A13202306,0.0,0.0,0.0,0.0,0.0,0.0,1254610.0,12264800.0,490775.0,0.0,202207.0
25,A13285503,0.0,0.0,0.0,0.0,0.0,0.0,15503750.0,0.0,4043780.0,0.0,202207.0
26,A13282510,0.0,0.0,0.0,0.0,0.0,0.0,923688.0,27999250.0,521640.0,12603730.0,202207.0
27,A13276416,0.0,0.0,0.0,0.0,0.0,0.0,4561378.0,28359730.0,32940.0,13057140.0,202207.0
28,A13202302,0.0,0.0,36640.0,0.0,0.0,0.0,521832.0,7993180.0,0.0,0.0,202207.0
29,A13285406,0.0,0.0,5640.0,0.0,0.0,0.0,3789110.0,49930620.0,408600.0,14496400.0,202207.0
30,A13283405,0.0,0.0,0.0,0.0,0.0,0.0,3668640.0,15469890.0,0.0,0.0,202207.0
31,A13202308,0.0,0.0,0.0,0.0,0.0,0.0,470700.0,17081000.0,0.0,0.0,202207.0
32,A13276414,0.0,0.0,0.0,0.0,0.0,0.0,562660.0,10078540.0,42150.0,8901030.0,202207.0
33,A13202102,0.0,0.0,0.0,0.0,0.0,0.0,1432720.0,9763200.0,134160.0,5072690.0,202207.0
34,A13276415,0.0,0.0,0.0,0.0,0.0,0.0,11221350.0,45887980.0,301080.0,21749020.0,202207.0
35,A13285507,0.0,0.0,0.0,0.0,0.0,0.0,-576250.0,19025980.0,0.0,0.0,202207.0
36,A13202103,0.0,0.0,11680.0,0.0,0.0,0.0,5706440.0,17110180.0,0.0,6145030.0,202207.0
37,A13202002,0.0,0.0,32680.0,0.0,0.0,0.0,19465757.0,61604530.0,0.0,0.0,202207.0
38,A13285401,1100.0,0.0,0.0,0.0,0.0,0.0,3659110.0,8840950.0,0.0,3859230.0,202207.0
39,A13202304,0.0,0.0,0.0,0.0,0.0,0.0,0.0,6459896.0,113920.0,0.0,202207.0
40,A13272102,0.0,0.0,0.0,0.0,0.0,0.0,732690.0,25714590.0,0.0,5401310.0,202207.0
41,A13283611,0.0,0.0,0.0,0.0,0.0,0.0,3687296.0,35373650.0,-30.0,15908280.0,202207.0
42,A13276417,0.0,0.0,0.0,0.0,0.0,0.0,19705780.0,0.0,302600.0,0.0,202207.0
43,A13202312,0.0,0.0,33600.0,0.0,0.0,0.0,11851520.0,115037490.0,1780300.0,56003360.0,202207.0
44,A13285305,0.0,0.0,5610.0,0.0,0.0,0.0,1649305.0,16685870.0,143590.0,0.0,202207.0
45,A13285601,0.0,0.0,0.0,0.0,0.0,0.0,702430.0,6342530.0,0.0,0.0,202207.0
46,A10026856,,,,,,,,,,,202207.0
47,A10026279,,,,,,,,,,,202207.0
48,A10027555,,,,,,,,,,,202207.0
49,A10024822,0.0,0.0,0.0,0.0,0.0,0.0,1521140.0,6421400.0,0.0,2567770.0,202207.0
50,A13204506,0.0,0.0,0.0,0.0,0.0,0.0,23137850.0,0.0,9298880.0,0.0,202207.0
51,A13204502,0.0,0.0,6390.0,0.0,0.0,0.0,4852232.0,12873900.0,1820.0,4000840.0,202207.0
52,A13204501,0.0,0.0,0.0,0.0,0.0,0.0,1238950.0,10046380.0,216000.0,3776230.0,202207.0
53,A13204505,0.0,0.0,0.0,0.0,0.0,0.0,1640815.0,12864900.0,0.0,0.0,202207.0
54,A13290404,0.0,0.0,0.0,0.0,0.0,0.0,5776433.0,19686970.0,-132510.0,6693760.0,202207.0
55,A13204503,0.0,0.0,0.0,0.0,0.0,0.0,-718733.0,12772690.0,95830.0,7539430.0,202207.0
56,A13204402,0.0,0.0,0.0,0.0,0.0,0.0,1190590.0,16102380.0,22100.0,4969570.0,202207.0
57,A13204510,0.0,0.0,32120.0,0.0,0.0,0.0,31015663.0,152959460.0,0.0,48996260.0,202207.0
58,A13292002,0.0,0.0,0.0,0.0,0.0,0.0,2830513.0,13040620.0,0.0,4274290.0,202207.0
59,A13204409,7932310.0,0.0,0.0,0.0,0.0,12644100.0,11400896.0,85277750.0,7854890.0,0.0,202207.0
60,A13204508,0.0,0.0,16240.0,0.0,0.0,0.0,752837.0,18876850.0,0.0,9339110.0,202207.0
61,A13204408,8792570.0,0.0,0.0,0.0,0.0,14899500.0,1260876.0,44248280.0,2961130.0,0.0,202207.0
62,A13272201,0.0,0.0,0.0,0.0,0.0,0.0,2200880.0,18667150.0,0.0,8511770.0,202207.0
63,A13204507,0.0,0.0,0.0,0.0,-1021420.0,1021420.0,1609292.0,26355030.0,-925280.0,12340380.0,202207.0
64,A13204302,0.0,0.0,0.0,0.0,0.0,7206570.0,2858140.0,0.0,0.0,9556190.0,202207.0
65,A13204001,0.0,0.0,0.0,0.0,0.0,0.0,2576540.0,14215040.0,0.0,8297750.0,202207.0
66,A13204406,5257230.0,0.0,0.0,0.0,12347970.0,12347970.0,70334190.0,69815050.0,27753520.0,27735580.0,202207.0
67,A13204105,8714613.0,0.0,0.0,0.0,10811880.0,11750440.0,2472190.0,102429040.0,918360.0,0.0,202207.0
68,A13290105,2979110.0,0.0,0.0,0.0,1804210.0,5027190.0,2448422.0,24856950.0,1285900.0,0.0,202207.0
69,A13290003,3196100.0,0.0,0.0,0.0,0.0,5135000.0,4009610.0,27310690.0,3683300.0,0.0,202207.0
70,A13290809,0.0,0.0,0.0,0.0,0.0,0.0,2280425.0,21895310.0,0.0,0.0,202207.0
71,A13204204,0.0,0.0,0.0,0.0,0.0,0.0,1423307.0,38234680.0,200.0,18091740.0,202207.0
72,A13204002,0.0,0.0,0.0,0.0,0.0,0.0,4042120.0,29132250.0,62040.0,10459320.0,202207.0
73,A13290107,6677100.0,0.0,0.0,0.0,10449360.0,10423600.0,81593320.0,64883090.0,5000000.0,0.0,202207.0
74,A13292701,0.0,0.0,0.0,0.0,0.0,0.0,1993315.0,8378580.0,0.0,0.0,202207.0
75,A13204201,0.0,0.0,0.0,0.0,0.0,0.0,1596970.0,8728540.0,24910.0,0.0,202207.0
76,A13204103,7500467.0,0.0,0.0,0.0,0.0,11763580.0,10133446.0,73213550.0,6611170.0,28278740.0,202207.0
77,A13204104,-458410.0,15151500.0,0.0,0.0,0.0,10684800.0,7164654.0,35017780.0,-375380.0,21009980.0,202207.0
78,A13204301,0.0,0.0,0.0,0.0,0.0,0.0,770000.0,15424280.0,-351340.0,10016070.0,202207.0
79,A13204205,0.0,0.0,0.0,0.0,0.0,0.0,9962257.0,50257460.0,0.0,19792250.0,202207.0
80,A13204203,0.0,0.0,0.0,0.0,0.0,0.0,2568608.0,18351230.0,0.0,5941960.0,202207.0
81,A13204003,,,,,,,,,,,202207.0
82,A13275001,,,,,,,,,,,202207.0
83,A13292501,0.0,0.0,0.0,0.0,0.0,0.0,1272660.0,6213630.0,-80.0,4544030.0,202207.0
84,A13204404,0.0,0.0,24320.0,0.0,0.0,0.0,2990348.0,55960880.0,0.0,37943470.0,202207.0
85,A10026109,,,,,,,,,,,202207.0
86,A13201207,6700010.0,0.0,0.0,0.0,0.0,6852000.0,3192510.0,26924690.0,3851550.0,0.0,202207.0
87,A13201202,0.0,0.0,2160.0,0.0,0.0,0.0,889210.0,10973760.0,0.0,4426080.0,202207.0
88,A13201206,0.0,0.0,0.0,0.0,0.0,0.0,7525673.0,31846300.0,0.0,11082450.0,202207.0
89,A13201201,0.0,0.0,0.0,0.0,0.0,0.0,9292390.0,0.0,3223300.0,0.0,202207.0
90,A13201203,0.0,0.0,0.0,0.0,0.0,0.0,-327330.0,11085530.0,337340.0,0.0,202207.0
91,A13275302,2726420.0,0.0,0.0,0.0,-2952600.0,2952600.0,3301220.0,6672530.0,1915525.0,0.0,202207.0
92,A13293505,0.0,0.0,0.0,0.0,0.0,0.0,4350900.0,21689990.0,0.0,9825400.0,202207.0
93,A13281802,0.0,0.0,3700.0,0.0,0.0,0.0,27370690.0,26844830.0,13274610.0,12005100.0,202207.0
94,A13275303,,,,,,,,,,,202207.0
95,A13281201,0.0,0.0,0.0,0.0,0.0,0.0,1670925.0,10802960.0,372390.0,5752900.0,202207.0
96,A13201208,1114510.0,0.0,0.0,2098160.0,0.0,12006900.0,7188370.0,48764050.0,4571170.0,0.0,202207.0
97,A13275301,,,,,,,,,,,202207.0
98,A13201209,0.0,0.0,0.0,0.0,0.0,0.0,17262120.0,113546450.0,0.0,51678560.0,202207.0
99,A13201001,0.0,0.0,1080.0,0.0,0.0,0.0,341710.0,4246770.0,25070.0,1939280.0,202207.0
100,A13201002,0.0,0.0,0.0,0.0,0.0,0.0,400270.0,6883070.0,0.0,3165750.0,202207.0
101,A13280104,0.0,0.0,0.0,0.0,0.0,0.0,521000.0,13444850.0,356250.0,0.0,202207.0
102,A10027136,0.0,0.0,0.0,0.0,0.0,0.0,7674190.0,0.0,2709450.0,0.0,202207.0
103,A10026714,,,,,,,,,,,202207.0
