,kaptCode,heatC,heatP,gasC,gasP,waterHotC,waterHotP,electC,electP,waterCoolC,waterCoolP,Date
0,A13203302,0,0,0,0,0,0,5269485,23651890,0,7800610,202208.0
1,A13203303,0,0,0,0,0,0,2599746,33889710,1368350,15548700,202208.0
2,A13295201,0,0,0,0,0,0,2296510,9221390,0,0,202208.0
3,A13286107,0,0,0,0,0,0,434970,37416320,-340,13145670,202208.0
4,A13287801,0,0,0,0,0,0,397872,16228230,0,5865970,202208.0
5,A13286203,0,0,3490,0,0,0,1832565,8796060,0,0,202208.0
6,A13286109,0,0,0,0,0,0,1626640,38099550,241800,0,202208.0
7,A13203403,0,0,-655740,655740,0,0,792160,21517220,324910,7432820,202208.0
8,A13286110,0,0,0,0,0,0,2123358,54272090,0,23846940,202208.0
9,A13287503,0,0,0,0,0,0,1380137,24608780,201720,0,202208.0
10,A13203202,0,0,0,0,0,0,-415172,13218150,269040,4904440,202208.0
11,A13286304,0,0,0,0,0,0,2322131,60824120,-1096320,25543510,202208.0
12,A13286106,0,0,5890,0,0,0,29039406,0,414160,0,202208.0
13,A13203408,0,0,0,0,0,0,397771,31148590,285000,0,202208.0
14,A13286904,0,0,0,0,0,0,3689116,22483010,382580,0,202208.0
15,A13203002,0,0,0,0,0,0,1816030,18559380,0,5304310,202208.0
16,A13203102,0,0,2690,0,0,0,3149590,0,496125,0,202208.0
17,A13286105,0,0,0,0,0,0,892040,21568910,216300,0,202208.0
18,A13203001,0,0,0,0,0,0,1771640,0,-62490,0,202208.0
19,A13203401,0,0,0,0,0,0,589601,14566980,255460,8730120,202208.0
20,A13286002,0,0,0,0,0,0,1659041,9151520,0,4496410,202208.0
21,A10026175,,,,,,,,,,,202208.0
22,A10024827,,,,,,,,,,,202208.0
23,A10023732,0,0,0,0,0,0,6730230,2097680,0,0,202208.0
24,A13202306,0,0,0,0,0,0,237970,16005760,385250,0,202208.0
25,A13285503,0,0,0,0,0,0,15798880,0,5070800,0,202208.0
26,A13282510,0,0,0,0,0,0,1157197,31454310,0,12699800,202208.0
27,A13276416,0,0,0,0,0,0,2812674,33357620,34970,12503380,202208.0
28,A13202302,0,0,22160,0,0,0,2105610,8687410,0,0,202208.0
29,A13285406,0,0,3490,0,0,0,1276330,42786520,0,14328090,202208.0
30,A13283405,0,0,0,0,0,0,3166220,18584970,0,0,202208.0
31,A13202308,0,0,0,0,0,0,0,20407010,391760,0,202208.0
32,A13276414,0,0,0,0,0,0,628050,11169200,0,0,202208.0
33,A13202102,0,0,0,0,0,0,840310,12495230,23220,5265100,202208.0
34,A13276415,0,0,0,0,0,0,15547641,54124250,201190,21439390,202208.0
35,A13285507,0,0,0,0,0,0,-2044700,19272510,0,0,202208.0
36,A13202103,0,0,8280,0,0,0,3643130,14091160,0,5873100,202208.0
37,A13202002,0,0,14420,0,0,0,17714703,83578840,-492750,55303510,202208.0
38,A13285401,1100,0,0,0,0,0,-395260,11084720,209140,3865090,202208.0
39,A13202304,0,0,0,0,0,0,0,7224684,90060,0,202208.0
40,A13272102,0,0,0,0,0,0,712440,23008840,671560,5513660,202208.0
41,A13283611,0,0,0,0,0,0,7991081,38622190,-30,15563280,202208.0
42,A13276417,0,0,0,0,0,0,22617450,0,0,0,202208.0
43,A13202312,0,0,27690,0,0,0,10854790,134446230,1256110,54899260,202208.0
44,A13285305,0,0,6690,0,0,0,306239,16394990,107570,0,202208.0
45,A13285601,0,0,0,0,0,0,1128040,7195860,6478000,0,202208.0
46,A10026856,,,,,,,,,,,202208.0
47,A10026279,,,,,,,,,,,202208.0
48,A10027555,,,,,,,,,,,202208.0
49,A10024822,0,0,0,0,0,0,1811800,7077540,0,2341570,202208.0
50,A13204506,0,0,0,0,0,0,26047920,0,9561180,0,202208.0
51,A13204502,0,0,2270,0,0,0,3396885,11408810,0,5057060,202208.0
52,A13204501,0,0,0,0,0,0,1020950,8924730,215950,3756550,202208.0
53,A13204505,0,0,0,0,0,0,0,17466090,171380,0,202208.0
54,A13290404,0,0,0,0,0,0,4093803,18813310,-135030,7560570,202208.0
55,A13204503,0,0,0,0,0,0,302501,10128840,0,0,202208.0
56,A13204402,0,0,0,0,0,0,1235165,12213740,35400,4956270,202208.0
57,A13204510,0,0,29290,0,0,0,29999144,125962100,24150,46721320,202208.0
58,A13292002,0,0,0,0,0,0,1376856,9993290,0,4170850,202208.0
59,A13204409,7686740,0,0,0,0,12170250,13213566,95609100,8288000,0,202208.0
60,A13204508,0,0,25010,0,0,0,179076,20979980,0,9260370,202208.0
61,A13204408,5673090,0,0,0,0,9684500,4193798,46006780,4153130,0,202208.0
62,A13272201,0,0,0,0,0,0,3612370,23834010,416930,7690170,202208.0
63,A13204507,0,0,0,0,-942360,942360,1957232,29667180,-519240,11788930,202208.0
64,A13204302,0,0,0,0,9390,8381950,2771040,0,0,8911950,202208.0
65,A13204001,0,0,0,0,0,0,2478660,11767340,0,0,202208.0
66,A13204406,5257230,0,0,0,12025930,0,78686110,0,27895020,0,202208.0
67,A13204105,8608946,0,0,0,12069000,10339740,2384050,123911080,908640,0,202208.0
68,A13290105,2972070,0,0,0,1819250,4962690,1504604,28660200,255630,0,202208.0
69,A13290003,3196620,0,0,0,0,5040000,6960750,33296920,2723390,0,202208.0
70,A13290809,0,0,0,0,0,0,1136479,25619620,495380,0,202208.0
71,A13204204,0,0,0,0,0,0,1396994,48176220,-1810,19865560,202208.0
72,A13204002,0,0,0,0,0,0,2209010,28489610,88150,10433210,202208.0
73,A13290107,6695030,0,0,0,0,10194930,4101500,69721360,8253150,0,202208.0
74,A13292701,0,0,0,0,0,0,2013908,11554470,7174810,0,202208.0
75,A13204201,0,0,0,0,0,0,2056440,10185680,24730,0,202208.0
76,A13204103,7491913,0,0,0,0,11688150,5001366,105563350,6848600,29419860,202208.0
77,A13204104,-457400,9735900,0,0,0,7740300,-10259,51157940,-3014970,21494450,202208.0
78,A13204301,0,0,0,0,0,0,-568990,13367240,0,0,202208.0
79,A13204205,0,0,0,0,0,0,15674224,60512650,0,20590570,202208.0
80,A13204203,0,0,0,0,0,0,0,18046080,0,6257790,202208.0
81,A13204003,,,,,,,,,,,202208.0
82,A13275001,,,,,,,,,,,202208.0
83,A13292501,0,0,0,0,0,0,1345120,5342170,0,0,202208.0
84,A13204404,0,0,19050,0,0,0,2336820,47831000,0,0,202208.0
85,A10026109,,,,,,,,,,,202208.0
86,A13201207,3638560,0,0,0,0,3368000,2190980,31498030,0,0,202208.0
87,A13201202,0,0,1200,0,0,0,988970,9358650,0,4174640,202208.0
88,A13201206,0,0,0,0,0,0,3526509,27664400,0,11409600,202208.0
89,A13201201,0,0,0,0,0,0,11215110,0,3527840,0,202208.0
90,A13201203,0,0,0,0,0,0,228264,12818680,0,0,202208.0
91,A13275302,2591930,0,0,0,-2442600,2442600,2333650,8645850,1975380,0,202208.0
92,A13293505,0,0,0,0,0,0,5606976,26367460,1580,9729490,202208.0
93,A13281802,0,0,5210,0,0,0,31266050,30804350,14920800,13495850,202208.0
94,A13275303,,,,,,,,,,,202208.0
95,A13281201,0,0,0,0,0,0,661505,14223020,702580,5641790,202208.0
96,A13201208,1036020,0,0,1866100,0,11866500,4468020,54719570,4165970,0,202208.0
97,A13275301,,,,,,,,,,,202208.0
98,A13201209,0,0,0,0,0,0,13208500,137746780,0,53418500,202208.0
99,A13201001,0,0,0,0,0,0,456540,5047130,24860,1889400,202208.0
100,A13201002,0,0,0,0,0,0,400270,6370400,0,3153230,202208.0
101,A13280104,0,0,0,0,0,0,544890,15568650,0,0,202208.0
102,A10027136,0,0,0,0,0,0,8392060,0,2426570,0,202208.0
103,A10026714,,,,,,,,,,,202208.0
