,kaptCode,heatC,heatP,gasC,gasP,waterHotC,waterHotP,electC,electP,waterCoolC,waterCoolP,Date
0,A13203302,0,0,0,0,0,0,5040693,13959240,0,7363360,202210.0
1,A13203303,0,0,0,0,0,0,3992481,21430880,1283210,13345270,202210.0
2,A13295201,0,0,0,0,0,0,1995164,5656720,0,0,202210.0
3,A13286107,0,0,0,0,0,0,448290,23736230,-3590,12050610,202210.0
4,A13287801,0,0,0,0,0,0,1617856,10370880,0,5204360,202210.0
5,A13286203,0,0,20510,0,0,0,925559,6137180,0,0,202210.0
6,A13286109,0,0,0,0,0,0,4233660,22796890,409500,0,202210.0
7,A13203403,0,0,-607420,607420,0,0,2459500,12582400,198500,7000410,202210.0
8,A13286110,0,0,0,0,0,0,2791343,35036700,0,21975270,202210.0
9,A13287503,0,0,0,0,0,0,2292049,16280330,411655,0,202210.0
10,A13203202,0,0,0,0,0,0,942735,10082910,326170,4549000,202210.0
11,A13286304,0,0,0,0,0,0,5405339,39582580,-238010,23219890,202210.0
12,A13286106,0,0,8490,0,0,0,20079006,0,0,0,202210.0
13,A13203408,0,0,0,0,0,0,2979128,17807500,335000,0,202210.0
14,A13286904,0,0,0,0,0,0,3301036,13246220,0,0,202210.0
15,A13203002,0,0,0,0,0,0,1416850,13412850,0,4956440,202210.0
16,A13203102,0,0,15710,0,0,0,2783070,0,494550,0,202210.0
17,A13286105,0,0,0,0,0,0,2508840,13418190,257500,0,202210.0
18,A13203001,0,0,0,0,0,0,1137290,0,-12170,0,202210.0
19,A13203401,0,0,0,0,0,0,507046,9481720,202960,8105960,202210.0
20,A13286002,0,0,0,0,0,0,1478017,6438490,0,3848750,202210.0
21,A10026175,,,,,,,,,,,202210.0
22,A10024827,,,,,,,,,,,202210.0
23,A10023732,0,0,0,0,0,0,3751620,2030720,0,0,202210.0
24,A13202306,0,0,0,0,0,0,1518280,10101870,351750,0,202210.0
25,A13285503,0,0,0,0,0,0,11644960,0,4050430,0,202210.0
26,A13282510,0,0,0,0,0,0,1147618,23127970,342770,11762190,202210.0
27,A13276416,0,0,0,0,0,0,5723803,19766940,30270,12505950,202210.0
28,A13202302,0,0,61440,0,0,0,1437910,5442060,139450,0,202210.0
29,A13285406,0,0,7420,0,0,0,1253231,32934330,160,14096230,202210.0
30,A13283405,0,0,0,0,0,0,2460560,11508440,0,0,202210.0
31,A13202308,0,0,0,0,0,0,1629110,12882530,0,0,202210.0
32,A13276414,0,0,0,0,0,0,1389780,7140690,0,0,202210.0
33,A13202102,0,0,0,0,0,0,1348500,8257270,159960,4696990,202210.0
34,A13276415,0,0,0,0,0,0,11287960,32387670,400860,20909190,202210.0
35,A13285507,0,0,0,0,0,0,733790,14322130,0,0,202210.0
36,A13202103,0,0,16130,0,0,0,3692400,11448740,0,5903310,202210.0
37,A13202002,0,0,71300,0,0,0,13879329,49608440,-505540,52619710,202210.0
38,A13285401,1100,0,0,0,0,0,2121130,6726090,111990,3581210,202210.0
39,A13202304,0,0,0,0,0,0,0,5060120,66960,0,202210.0
40,A13272102,0,0,0,0,0,0,693890,15569350,0,5417900,202210.0
41,A13283611,0,0,0,0,0,0,4642745,24857200,-10,14735410,202210.0
42,A13276417,0,0,0,0,0,0,16561790,0,0,0,202210.0
43,A13202312,0,0,33750,0,0,0,18577650,84902130,1751510,52087630,202210.0
44,A13285305,0,0,6860,0,0,0,2973555,11780560,144000,0,202210.0
45,A13285601,0,0,0,0,0,0,1736700,4527940,6317350,0,202210.0
46,A10026856,,,,,,,,,,,202210.0
47,A10026279,,,,,,,,,,,202210.0
48,A10027555,,,,,,,,,,,202210.0
49,A10024822,0,0,0,0,0,0,1414530,4168810,0,2389110,202210.0
50,A13204506,0,0,0,0,0,0,16510830,0,8761420,0,202210.0
51,A13204502,0,0,2330,0,0,0,3095134,8434490,0,4552880,202210.0
52,A13204501,0,0,0,0,0,0,1192740,7478890,215930,3686890,202210.0
53,A13204505,0,0,0,0,0,0,970610,10303130,171380,0,202210.0
54,A13290404,0,0,0,0,0,0,4465658,12280200,-133350,7007710,202210.0
55,A13204503,0,0,0,0,0,0,1254258,7900120,0,0,202210.0
56,A13204402,0,0,0,0,0,0,1354494,9986180,36490,4552840,202210.0
57,A13204510,0,0,77670,0,0,0,22624586,99479930,159930,44764770,202210.0
58,A13292002,0,0,0,0,0,0,2175053,8389200,0,4075760,202210.0
59,A13204409,14963030,29286490,0,0,0,36484250,16478560,64337920,10292220,0,202210.0
60,A13204508,0,0,167580,0,0,0,1430813,13974440,0,8945420,202210.0
61,A13204408,57034480,0,0,0,0,16562000,4529872,30898960,812605,0,202210.0
62,A13272201,0,0,0,0,0,0,4059990,14495870,578850,7727570,202210.0
63,A13204507,0,0,0,0,-852930,852930,2802490,18785500,-288570,10841380,202210.0
64,A13204302,463940,11533840,0,0,52640,10765360,3579778,0,276380,10257710,202210.0
65,A13204001,0,0,0,0,0,0,2174280,9118170,0,0,202210.0
66,A13204406,10713710,28220400,0,0,-51300,19588500,5963503,50338470,0,27150030,202210.0
67,A13204105,13105966,29057400,0,0,16776720,40969000,2206770,76493950,904320,0,202210.0
68,A13290105,4580540,7245850,0,0,2463570,12193780,2389996,18287870,359880,0,202210.0
69,A13290003,12963140,0,0,0,0,9216000,5962290,19261950,3540000,0,202210.0
70,A13290809,0,0,0,0,0,0,2211112,16822950,496000,0,202210.0
71,A13204204,0,0,0,0,0,0,1040197,35949550,-580,18374280,202210.0
72,A13204002,0,0,0,0,0,0,2180470,20642390,155890,10085720,202210.0
73,A13290107,9675770,13367560,0,0,0,32119500,15453640,47647540,9548430,0,202210.0
74,A13292701,0,0,0,0,0,0,1482812,7276290,6935130,0,202210.0
75,A13204201,0,0,0,0,0,0,2089190,6228850,43370,0,202210.0
76,A13204103,13006026,27309640,0,0,0,34006000,1003000,63418250,10620660,26857710,202210.0
77,A13204104,-2059430,68894400,0,0,0,13520000,3033339,33299570,965250,18277270,202210.0
78,A13204301,0,0,0,0,0,0,1260860,9650110,0,0,202210.0
79,A13204205,0,0,0,0,0,0,9925414,37080110,0,17966700,202210.0
80,A13204203,0,0,0,0,0,0,2077625,12211510,0,5942500,202210.0
81,A13204003,,,,,,,,,,,202210.0
82,A13275001,,,,,,,,,,,202210.0
83,A13292501,0,0,0,0,0,0,1851680,4340550,0,0,202210.0
84,A13204404,0,0,24990,0,0,0,3801559,36779910,0,0,202210.0
85,A10026109,,,,,,,,,,,202210.0
86,A13201207,29244390,0,0,0,0,9068000,3626860,19490350,0,0,202210.0
87,A13201202,0,0,6430,0,0,0,1703170,7938980,0,3933700,202210.0
88,A13201206,0,0,0,0,0,0,6266594,21784130,0,10783160,202210.0
89,A13201201,0,0,0,0,0,0,8654040,0,3189490,0,202210.0
90,A13201203,0,0,0,0,0,0,553590,7995190,0,0,202210.0
91,A13275302,13307250,0,0,0,-2660700,2660700,577790,7870450,2252510,0,202210.0
92,A13293505,0,0,0,0,0,0,5676412,15575550,3050,9533360,202210.0
93,A13281802,0,0,8760,0,0,0,21883490,20849910,12617310,12087460,202210.0
94,A13275303,,,,,,,,,,,202210.0
95,A13281201,0,0,0,0,0,0,1447090,10382120,732660,5429130,202210.0
96,A13201208,4635880,13744800,0,1788400,0,16513200,6037310,40354280,3794440,0,202210.0
97,A13275301,,,,,,,,,,,202210.0
98,A13201209,0,0,0,0,0,0,20013270,90713410,0,48431100,202210.0
99,A13201001,0,0,0,0,0,0,865110,3527490,24870,1922770,202210.0
100,A13201002,0,0,0,0,0,0,802990,4621530,0,2990750,202210.0
101,A13280104,0,0,0,0,0,0,365950,10290600,0,0,202210.0
102,A10027136,0,0,0,0,0,0,6004590,0,2628790,0,202210.0
103,A10026714,,,,,,,,,,,202210.0
