,kaptCode,heatC,heatP,gasC,gasP,waterHotC,waterHotP,electC,electP,waterCoolC,waterCoolP,Date
0,A13203302,0,0,0,0,0,0,3837167,15293230,0,7386850,202204.0
1,A13203303,0,0,0,0,0,0,4539982,21575680,1878450,14246500,202204.0
2,A13295201,0,0,0,0,0,0,7295107,0,0,0,202204.0
3,A13286107,0,0,0,0,0,0,361800,22857900,-300,11501990,202204.0
4,A13287801,0,0,0,0,0,0,1852127,10596970,0,5545650,202204.0
5,A13286203,0,0,100350,0,0,0,1257628,5414450,0,0,202204.0
6,A13286109,0,0,0,0,0,0,3761840,22663070,490770,0,202204.0
7,A13203403,0,0,-616480,616480,0,0,2626740,12596390,809050,7437390,202204.0
8,A13286110,0,0,0,0,0,0,3961113,33280710,-27360,23024500,202204.0
9,A13287503,0,0,0,0,0,0,3363270,16294800,464360,0,202204.0
10,A13203202,0,0,0,0,0,0,1337460,8290750,0,4826700,202204.0
11,A13286304,0,0,0,0,0,0,7113593,37906460,-874470,24748470,202204.0
12,A13286106,0,0,24870,0,0,0,19510370,0,917550,0,202204.0
13,A13203408,0,0,0,0,0,0,2304364,18425420,283000,0,202204.0
14,A13286904,0,0,0,0,0,0,3204756,13005050,641050,0,202204.0
15,A13203002,0,0,0,0,0,0,1261870,12116650,0,5253450,202204.0
16,A13203102,0,0,45460,0,0,0,2726400,0,726075,0,202204.0
17,A13286105,0,0,0,0,0,0,1326540,14924170,1300950,0,202204.0
18,A13203001,0,0,0,0,0,0,1455560,0,0,0,202204.0
19,A13203401,0,0,0,0,0,0,262617,9701690,211710,8415650,202204.0
20,A13286002,0,0,0,0,0,0,1235595,7180360,0,3893650,202204.0
21,A10026175,,,,,,,,,,,202204.0
22,A10024827,,,,,,,,,,,202204.0
23,A10023732,,,,,,,,,,,202204.0
24,A13202306,0,0,0,0,0,0,2218250,9480250,359520,0,202204.0
25,A13285503,0,0,0,0,0,0,10117020,0,4522915,0,202204.0
26,A13282510,0,0,0,0,0,0,834802,23234500,172200,12561670,202204.0
27,A13276416,0,0,0,0,0,0,5829899,21312650,37480,12772770,202204.0
28,A13202302,0,0,113580,0,0,0,1151050,6343490,121910,0,202204.0
29,A13285406,0,0,168450,0,0,0,0,30654000,91230,13393420,202204.0
30,A13283405,0,0,0,0,0,0,2387350,11900340,0,0,202204.0
31,A13202308,0,0,0,0,0,0,1666330,12544740,0,0,202204.0
32,A13276414,0,0,0,0,0,0,9084290,0,0,0,202204.0
33,A13202102,0,0,0,0,0,0,1475770,8165230,270900,5077400,202204.0
34,A13276415,0,0,0,0,0,0,10369270,32440880,1034610,21159920,202204.0
35,A13285507,0,0,0,0,0,0,622070,12549670,0,0,202204.0
36,A13202103,0,0,38200,0,0,0,3451350,9828650,0,5745200,202204.0
37,A13202002,0,0,377990,0,0,0,15073645,52469880,-203180,51546200,202204.0
38,A13285401,15210,0,0,0,0,0,2019190,5615330,3100,3656360,202204.0
39,A13202304,0,0,0,0,0,0,0,4857960,66960,0,202204.0
40,A13272102,0,0,0,0,0,0,604660,14083830,207780,4848250,202204.0
41,A13283611,0,0,0,0,0,0,4811260,24919530,320,15050200,202204.0
42,A13276417,0,0,0,0,0,0,17017750,0,508200,0,202204.0
43,A13202312,0,0,39920,0,0,0,19641390,81984320,1911140,50885560,202204.0
44,A13285305,0,0,11210,0,0,0,392290,12397940,181650,0,202204.0
45,A13285601,0,0,0,0,0,0,1717440,5103870,5474890,0,202204.0
46,A10026856,,,,,,,,,,,202204.0
47,A10026279,,,,,,,,,,,202204.0
48,A10027555,,,,,,,,,,,202204.0
49,A10024822,0,0,0,0,0,0,1150700,4291610,0,2358190,202204.0
50,A13204506,0,0,0,0,0,0,16497190,0,9020390,0,202204.0
51,A13204502,0,0,12930,0,0,0,2663069,7637870,0,4731970,202204.0
52,A13204501,0,0,0,0,0,0,995060,6699520,216000,3756500,202204.0
53,A13204505,0,0,0,0,0,0,2152940,9263930,442050,0,202204.0
54,A13290404,0,0,0,0,0,0,3768013,10925240,-32420,7384580,202204.0
55,A13204503,0,0,0,0,0,0,1045066,6850510,0,0,202204.0
56,A13204402,0,0,0,0,0,0,1007005,9093940,26710,4678990,202204.0
57,A13204510,0,0,874980,0,0,0,18942526,87465690,0,44890020,202204.0
58,A13292002,0,0,0,0,0,0,1932843,7547560,0,4197710,202204.0
59,A13204409,10401600,22027340,0,0,0,38901200,24618610,58251200,12204620,0,202204.0
60,A13204508,0,0,24200,0,0,0,1439931,12425590,20170,9536700,202204.0
61,A13204408,34798650,0,0,0,0,23009000,3347355,28150050,255255,0,202204.0
62,A13272201,0,0,0,0,0,0,3609940,15594470,137920,8002730,202204.0
63,A13204507,0,0,0,0,-817020,817020,3131059,18686560,-755710,11150820,202204.0
64,A13204302,0,2306860,0,0,0,10179740,3702030,0,0,9791440,202204.0
65,A13204001,0,0,0,0,0,0,1526100,8474740,0,0,202204.0
66,A13204406,6679790,22000700,0,0,0,20509650,11726747,50967930,0,28318070,202204.0
67,A13204105,12526210,18497280,0,0,16408440,43693910,8822544,73912170,910800,0,202204.0
68,A13290105,4499330,8143200,0,0,3387060,10561800,3909320,16912980,1555090,0,202204.0
69,A13290003,12267320,0,0,0,0,12313600,7030050,19999420,4791150,0,202204.0
70,A13290809,0,0,0,0,0,0,3147048,15602940,498480,0,202204.0
71,A13204204,0,0,0,0,0,0,1757853,35400070,2140,17832800,202204.0
72,A13204002,0,0,0,0,0,0,1598100,18779540,44870,9482220,202204.0
73,A13290107,9479910,17392980,0,0,0,29970000,8206170,47661250,16543460,0,202204.0
74,A13292701,0,0,0,0,0,0,1717185,7816000,7540370,0,202204.0
75,A13204201,0,0,0,0,0,0,2270600,6369860,172230,0,202204.0
76,A13204103,11561921,15415190,0,0,0,32903400,2233877,67956520,11493730,23147160,202204.0
77,A13204104,-466720,55349400,0,0,0,24380800,4668297,30507760,2198940,16198170,202204.0
78,A13204301,0,0,0,0,0,0,1306480,8300180,0,0,202204.0
79,A13204205,0,0,0,0,0,0,8328834,37428870,0,19314110,202204.0
80,A13204203,0,0,0,0,0,0,2094450,10766710,0,5963280,202204.0
81,A13204003,,,,,,,,,,,202204.0
82,A13275001,,,,,,,,,,,202204.0
83,A13292501,0,0,0,0,0,0,1303680,3823140,0,0,202204.0
84,A13204404,0,0,428180,0,0,0,3712674,32987150,0,0,202204.0
85,A10026109,,,,,,,,,,,202204.0
86,A13201207,19472550,0,0,0,0,12344000,3531020,18718740,0,0,202204.0
87,A13201202,0,0,158880,0,0,0,1549780,6900440,0,4059420,202204.0
88,A13201206,0,0,0,0,0,0,5216845,19220740,0,10907300,202204.0
89,A13201201,0,0,0,0,0,0,3142540,7063920,-177150,3547950,202204.0
90,A13201203,0,0,0,0,0,0,484890,8055000,0,0,202204.0
91,A13275302,10502810,0,0,0,-5397600,5397600,2982790,6593950,2162840,0,202204.0
92,A13293505,0,0,0,0,0,0,4329411,15795620,0,9492710,202204.0
93,A13281802,0,0,1060,0,0,0,21929480,20937620,12444150,12431150,202204.0
94,A13275303,,,,,,,,,,,202204.0
95,A13281201,0,0,0,0,0,0,2010930,10739730,988250,4891930,202204.0
96,A13201208,4080700,15582400,0,1737360,0,20015100,12045060,37828230,7144660,0,202204.0
97,A13275301,,,,,,,,,,,202204.0
98,A13201209,0,0,337570,0,0,0,19811110,88471750,0,51353410,202204.0
99,A13201001,0,0,76950,0,0,0,1386460,3085590,31500,1597050,202204.0
100,A13201002,0,0,0,0,0,0,260410,6056360,0,2988300,202204.0
101,A13280104,0,0,0,0,0,0,666810,10136770,0,0,202204.0
102,A10027136,0,0,0,0,0,0,5838990,0,2967040,0,202204.0
103,A10026714,,,,,,,,,,,202204.0
