,kaptCode,heatC,heatP,gasC,gasP,waterHotC,waterHotP,electC,electP,waterCoolC,waterCoolP,Date
0,A13203302,0,0,0,0,0,0,4291435,13045510,0,7420490,202205.0
1,A13203303,0,0,0,0,0,0,3442580,19210600,2227870,15022630,202205.0
2,A13295201,0,0,0,0,0,0,1541618,5083570,0,5981160,202205.0
3,A13286107,0,0,0,0,0,0,444330,23101310,-370,12261910,202205.0
4,A13287801,0,0,0,0,0,0,1639674,9550040,0,5425350,202205.0
5,A13286203,0,0,27720,0,0,0,1090124,5009930,0,0,202205.0
6,A13286109,0,0,0,0,0,0,3205760,20715590,568145,0,202205.0
7,A13203403,0,0,-654710,654710,0,0,2280880,11183050,728670,7128590,202205.0
8,A13286110,0,0,0,0,0,0,993352,32087610,-5257460,23998890,202205.0
9,A13287503,0,0,0,0,0,0,3050204,14560670,464360,0,202205.0
10,A13203202,0,0,0,0,0,0,1029760,8184000,0,4614420,202205.0
11,A13286304,0,0,0,0,0,0,4181530,35649190,227960,23776200,202205.0
12,A13286106,0,0,1100,0,0,0,17546274,0,101270,0,202205.0
13,A13203408,0,0,0,0,0,0,1786554,16365020,141080,0,202205.0
14,A13286904,0,0,0,0,0,0,1937293,13247400,468050,0,202205.0
15,A13203002,0,0,0,0,0,0,1210960,11968060,0,5038730,202205.0
16,A13203102,0,0,20360,0,0,0,2648280,0,726075,0,202205.0
17,A13286105,0,0,0,0,0,0,1278020,13297180,648900,0,202205.0
18,A13203001,0,0,0,0,0,0,1213050,0,0,0,202205.0
19,A13203401,0,0,0,0,0,0,239151,9019140,0,0,202205.0
20,A13286002,0,0,0,0,0,0,1691488,5820020,0,4387210,202205.0
21,A10026175,,,,,,,,,,,202205.0
22,A10024827,,,,,,,,,,,202205.0
23,A10023732,,,,,,,,,,,202205.0
24,A13202306,0,0,0,0,0,0,1350620,9118410,359520,0,202205.0
25,A13285503,0,0,0,0,0,0,10655830,0,4134270,0,202205.0
26,A13282510,0,0,0,0,0,0,883133,20443830,49910,11965680,202205.0
27,A13276416,0,0,0,0,0,0,5487945,18629850,28710,12304900,202205.0
28,A13202302,0,0,16040,0,0,0,1607014,5180960,121910,0,202205.0
29,A13285406,0,0,85830,0,0,0,-590,30541960,286690,13809390,202205.0
30,A13283405,0,0,0,0,0,0,2429930,10226740,0,0,202205.0
31,A13202308,0,0,0,0,0,0,1287170,11254610,0,0,202205.0
32,A13276414,0,0,0,0,0,0,1996560,6032200,238350,8396810,202205.0
33,A13202102,0,0,0,0,0,0,1271530,7441450,105780,4779060,202205.0
34,A13276415,0,0,0,0,0,0,9826990,28966300,-720,19798380,202205.0
35,A13285507,0,0,0,0,0,0,415460,12762530,0,0,202205.0
36,A13202103,0,0,31720,0,0,0,3500560,9914280,0,6621800,202205.0
37,A13202002,0,0,81970,0,0,0,12399465,48653810,0,0,202205.0
38,A13285401,16060,0,0,0,0,0,1452670,6163090,57320,3828720,202205.0
39,A13202304,0,0,0,0,0,0,0,4164230,66960,0,202205.0
40,A13272102,0,0,0,0,0,0,608580,14077310,469920,5521660,202205.0
41,A13283611,0,0,0,0,0,0,4960220,21233360,0,15029520,202205.0
42,A13276417,0,0,0,0,0,0,14967900,0,0,0,202205.0
43,A13202312,0,0,28340,0,0,0,15646000,75899380,2414520,52488870,202205.0
44,A13285305,0,0,2480,0,0,0,378955,12286600,181650,0,202205.0
45,A13285601,0,0,0,0,0,0,2034770,4147290,0,0,202205.0
46,A10026856,,,,,,,,,,,202205.0
47,A10026279,,,,,,,,,,,202205.0
48,A10027555,,,,,,,,,,,202205.0
49,A10024822,0,0,0,0,0,0,1462420,3565490,0,2465760,202205.0
50,A13204506,0,0,0,0,0,0,15223460,0,8918940,0,202205.0
51,A13204502,0,0,15810,0,0,0,2592510,7877900,-157840,4097160,202205.0
52,A13204501,0,0,0,0,0,0,898170,7004750,216000,3618400,202205.0
53,A13204505,0,0,0,0,0,0,971030,9178940,0,0,202205.0
54,A13290404,0,0,0,0,0,0,3710183,11046520,-123410,7224230,202205.0
55,A13204503,0,0,0,0,0,0,1084016,6932970,82420,7295100,202205.0
56,A13204402,0,0,0,0,0,0,836390,9418810,176030,4910790,202205.0
57,A13204510,0,0,341570,0,0,0,19067821,87555540,86810,46321120,202205.0
58,A13292002,0,0,0,0,0,0,1935571,7722470,0,4124070,202205.0
59,A13204409,7995560,4966260,0,0,0,30621600,22234586,53350400,9103760,0,202205.0
60,A13204508,0,0,70220,0,0,0,1306485,11491260,0,8906020,202205.0
61,A13204408,15493710,0,0,0,0,21028000,1858211,28028760,4962245,0,202205.0
62,A13272201,0,0,0,0,0,0,3266470,14339210,157690,8108860,202205.0
63,A13204507,0,0,0,0,-889650,889650,2902022,16144730,-765820,11732310,202205.0
64,A13204302,0,0,0,0,0,8641030,3304112,0,0,9840280,202205.0
65,A13204001,0,0,0,0,0,0,2438050,7091180,0,8314050,202205.0
66,A13204406,7808650,5457000,0,0,0,18752300,9168408,45504200,0,27595040,202205.0
67,A13204105,10791894,7628660,0,0,14081040,31524390,5082024,64979240,897840,0,202205.0
68,A13290105,3729930,2184160,0,0,2828130,9600690,2552119,15273410,1555090,0,202205.0
69,A13290003,3289960,0,0,0,0,10080000,3888140,17905670,4791150,0,202205.0
70,A13290809,0,0,0,0,0,0,1609765,14319910,0,0,202205.0
71,A13204204,0,0,0,0,0,0,894810,32117230,-760,18992100,202205.0
72,A13204002,0,0,0,0,0,0,1258850,19085950,100270,9905260,202205.0
73,A13290107,7984380,3120150,0,0,0,24381000,11680400,41511270,7000000,0,202205.0
74,A13292701,0,0,0,0,0,0,1964500,6786660,0,0,202205.0
75,A13204201,0,0,0,0,0,0,1739530,5913880,109950,0,202205.0
76,A13204103,9564317,3819710,0,0,0,26520000,5382491,57948090,10650640,26213750,202205.0
77,A13204104,-451990,30536100,0,0,0,12752000,4619290,27893590,1919490,16529250,202205.0
78,A13204301,0,0,0,0,0,0,1438320,8019970,241250,9137160,202205.0
79,A13204205,0,0,0,0,0,0,8879132,33811960,0,19377280,202205.0
80,A13204203,0,0,0,0,0,0,1767351,10965600,0,5963510,202205.0
81,A13204003,,,,,,,,,,,202205.0
82,A13275001,,,,,,,,,,,202205.0
83,A13292501,0,0,0,0,0,0,1376550,3926320,-50,4697600,202205.0
84,A13204404,0,0,85640,0,0,0,3672833,32857890,0,37356590,202205.0
85,A10026109,,,,,,,,,,,202205.0
86,A13201207,7301170,0,0,0,0,11676000,2948980,17704420,5590650,0,202205.0
87,A13201202,0,0,46020,0,0,0,1538250,7025040,0,4164180,202205.0
88,A13201206,0,0,0,0,0,0,5077525,19313080,0,11314610,202205.0
89,A13201201,0,0,0,0,0,0,2860200,6178240,-1400,3341850,202205.0
90,A13201203,0,0,0,0,0,0,465450,7210150,469200,0,202205.0
91,A13275302,6273530,0,0,0,-4629600,4629600,696030,7085040,1718840,0,202205.0
92,A13293505,0,0,0,0,0,0,3876197,14181710,0,9409940,202205.0
93,A13281802,0,0,0,0,0,0,19718790,18790350,12109380,12089380,202205.0
94,A13275303,,,,,,,,,,,202205.0
95,A13281201,0,0,0,0,0,0,1460290,9708450,693640,5551700,202205.0
96,A13201208,2134270,1299200,0,1863330,0,16634700,6943910,33478980,7230020,0,202205.0
97,A13275301,,,,,,,,,,,202205.0
98,A13201209,0,0,0,0,0,0,17462680,78971090,0,49446830,202205.0
99,A13201001,0,0,27990,0,0,0,981450,2948140,24980,1799610,202205.0
100,A13201002,0,0,0,0,0,0,239730,4710400,0,3030300,202205.0
101,A13280104,0,0,0,0,0,0,607390,8999570,0,0,202205.0
102,A10027136,0,0,0,0,0,0,5260460,0,2451170,0,202205.0
103,A10026714,,,,,,,,,,,202205.0
