,kaptCode,heatC,heatP,gasC,gasP,waterHotC,waterHotP,electC,electP,waterCoolC,waterCoolP,Date
0,A13203302,0,0,0,0,0,0,3731100,17800700,0,6564380,202201.0
1,A13203303,0,0,0,0,0,0,7538443,24195660,4786280,11300570,202201.0
2,A13295201,0,0,0,0,0,0,2941416,6625200,0,5692640,202201.0
3,A13286107,0,0,0,0,0,0,406530,27761110,-410,12037420,202201.0
4,A13287801,0,0,0,0,0,0,1993120,11930440,0,4442680,202201.0
5,A13286203,0,0,171600,0,0,0,1881271,6552440,0,0,202201.0
6,A13286109,0,0,0,0,0,0,4807620,26179040,0,0,202201.0
7,A13203403,0,0,-685460,685460,0,0,3256830,14075940,802600,7240820,202201.0
8,A13286110,0,0,0,0,0,0,8670867,37096940,1612910,21647400,202201.0
9,A13287503,0,0,0,0,0,0,3940913,18711340,0,0,202201.0
10,A13203202,0,0,0,0,0,0,1910330,10229110,193520,4701990,202201.0
11,A13286304,0,0,0,0,0,0,11033257,43093240,2212600,20133910,202201.0
12,A13286106,0,0,132920,0,0,0,22974479,0,520320,0,202201.0
13,A13203408,0,0,0,0,0,0,3096398,22321880,568580,0,202201.0
14,A13286904,0,0,0,0,0,0,3461835,14880750,354090,0,202201.0
15,A13203002,0,0,0,0,0,0,2541260,14935230,0,5216150,202201.0
16,A13203102,0,0,105780,0,0,0,3515880,0,481950,0,202201.0
17,A13286105,0,0,0,0,0,0,1604880,17452370,0,0,202201.0
18,A13203001,0,0,0,0,0,0,2028780,0,0,0,202201.0
19,A13203401,0,0,0,0,0,0,1272065,10771700,0,0,202201.0
20,A13286002,0,0,0,0,0,0,1964606,7439620,0,4006340,202201.0
21,A10026175,,,,,,,,,,,202201.0
22,A10024827,,,,,,,,,,,202201.0
23,A10023732,,,,,,,,,,,202201.0
24,A13202306,0,0,0,0,0,0,1557230,11357530,254640,0,202201.0
25,A13285503,0,0,0,0,0,0,11525070,0,4351145,0,202201.0
26,A13282510,0,0,0,0,0,0,820278,26086020,406200,12224610,202201.0
27,A13276416,0,0,0,0,0,0,5747648,24125020,27050,13117650,202201.0
28,A13202302,0,0,230670,0,0,0,63940,8330750,0,0,202201.0
29,A13285406,0,0,53490,0,0,0,2428879,39887020,309870,13944150,202201.0
30,A13283405,0,0,0,0,0,0,3529250,13752650,0,0,202201.0
31,A13202308,0,0,0,0,0,0,2613230,14425140,0,0,202201.0
32,A13276414,0,0,0,0,0,0,1675500,8364240,759260,7408890,202201.0
33,A13202102,0,0,0,0,0,0,1823710,8979310,0,5027470,202201.0
34,A13276415,0,0,0,0,0,0,11475136,37677360,0,23081270,202201.0
35,A13285507,0,0,0,0,0,0,1032600,15299830,0,0,202201.0
36,A13202103,0,0,115940,0,0,0,6150090,12346640,0,6098690,202201.0
37,A13202002,0,0,615720,0,0,0,26271736,57740850,0,0,202201.0
38,A13285401,25210,0,0,0,0,0,2630350,6190390,273730,3656780,202201.0
39,A13202304,0,0,0,0,0,0,0,6529040,39780,0,202201.0
40,A13272102,0,0,0,0,0,0,1678070,16735140,0,4761990,202201.0
41,A13283611,0,0,0,0,0,0,5882190,28552360,-630,15186630,202201.0
42,A13276417,0,0,0,0,0,0,20010340,0,231840,0,202201.0
43,A13202312,0,0,593910,0,0,0,26046120,91808400,2980940,52375360,202201.0
44,A13285305,0,0,21240,0,0,0,631307,15434470,98890,0,202201.0
45,A13285601,0,0,0,0,0,0,2030920,5441330,0,0,202201.0
46,A10026856,,,,,,,,,,,202201.0
47,A10026279,,,,,,,,,,,202201.0
48,A10027555,,,,,,,,,,,202201.0
49,A10024822,0,0,0,0,0,0,1336470,4661800,0,2110860,202201.0
50,A13204506,0,0,0,0,0,0,18815330,0,8734530,0,202201.0
51,A13204502,0,0,17300,0,0,0,4712863,8923770,-314400,4389760,202201.0
52,A13204501,0,0,0,0,0,0,1329820,8197090,216000,3957560,202201.0
53,A13204505,0,0,0,0,0,0,2733100,11043090,0,0,202201.0
54,A13290404,0,0,0,0,0,0,7262703,13122120,-27100,6225580,202201.0
55,A13204503,0,0,0,0,0,0,9560425,0,7292600,0,202201.0
56,A13204402,0,0,0,0,0,0,2678418,11026040,36940,5099490,202201.0
57,A13204510,0,0,772890,0,0,0,43381692,107879420,915070,47139980,202201.0
58,A13292002,0,0,0,0,0,0,2892719,9476200,0,4400720,202201.0
59,A13204409,30481850,153751550,0,0,0,71740000,23039432,67141420,12800100,0,202201.0
60,A13204508,0,0,226320,0,0,0,4849173,13675540,275900,10388200,202201.0
61,A13204408,132196930,0,0,0,0,24370500,5452652,30833640,1702080,0,202201.0
62,A13272201,0,0,0,0,0,0,6214110,16446070,0,6861600,202201.0
63,A13204507,0,0,0,0,-994280,994280,3897784,22021730,591030,10604720,202201.0
64,A13204302,1979050,38289610,0,0,21060,11356440,6327660,0,276910,9145510,202201.0
65,A13204001,0,0,0,0,0,0,2909850,9672730,18230,7648130,202201.0
66,A13204406,22514450,134734080,0,0,-27000,27066000,13049734,56786600,0,26125370,202201.0
67,A13204105,23902320,157233970,0,0,16707760,54082000,14866284,86792496,885960,0,202201.0
68,A13290105,9199120,49678420,0,0,2139500,11341630,5312374,21300900,0,0,202201.0
69,A13290003,61292970,0,0,0,0,17475900,12582120,26881740,3910320,0,202201.0
70,A13290809,0,0,0,0,0,0,5268459,17322930,0,0,202201.0
71,A13204204,0,0,0,0,0,0,917777,38780760,60,16486310,202201.0
72,A13204002,0,0,0,0,0,0,1694800,22421130,39850,9979540,202201.0
73,A13290107,19000880,125698780,0,0,0,48150000,14777380,58017730,10000000,0,202201.0
74,A13292701,0,0,0,0,0,0,2348596,8296990,0,0,202201.0
75,A13204201,0,0,0,0,0,0,2424840,7145900,146060,0,202201.0
76,A13204103,26970749,142739130,0,0,0,44259200,7028820,69293030,13634050,21206230,202201.0
77,A13204104,-1820610,161327400,0,0,0,15376000,7989299,33538310,6887340,15160820,202201.0
78,A13204301,0,0,0,0,0,0,2481410,10205310,187930,9045030,202201.0
79,A13204205,0,0,0,0,0,0,9018317,40732240,0,17500650,202201.0
80,A13204203,0,0,0,0,0,0,1754759,13660700,0,5685220,202201.0
81,A13204003,,,,,,,,,,,202201.0
82,A13275001,,,,,,,,,,,202201.0
83,A13292501,0,0,0,0,0,0,1651500,4286490,-950,4091240,202201.0
84,A13204404,0,0,677420,0,0,0,4583563,39823900,0,34620530,202201.0
85,A10026109,,,,,,,,,,,202201.0
86,A13201207,74134690,0,0,0,0,15820000,4927760,21634780,924570,0,202201.0
87,A13201202,0,0,162280,0,0,0,2002520,8700340,0,4132760,202201.0
88,A13201206,0,0,0,0,0,0,9011167,23809780,0,12092030,202201.0
89,A13201201,130000,0,0,0,0,0,2058080,7926160,0,3134760,202201.0
90,A13201203,0,0,0,0,0,0,-74720,10082570,336600,0,202201.0
91,A13275302,32476600,0,0,0,-4552500,4552500,5383410,7399250,1602600,0,202201.0
92,A13293505,0,0,0,0,0,0,5548533,17399060,0,7834620,202201.0
93,A13281802,0,0,157050,0,0,0,25476070,24569770,11085970,11072970,202201.0
94,A13275303,,,,,,,,,,,202201.0
95,A13281201,0,0,0,0,0,0,2657170,11558570,879330,5043700,202201.0
96,A13201208,13587640,85403200,0,1944410,0,43291700,19530390,40395180,2273030,0,202201.0
97,A13275301,,,,,,,,,,,202201.0
98,A13201209,0,0,562460,0,0,0,23524900,110460360,0,49337790,202201.0
99,A13201001,0,0,144870,0,0,0,1549690,3493240,24910,1624490,202201.0
100,A13201002,0,0,0,0,0,0,0,5886950,0,3126900,202201.0
101,A13280104,0,0,0,0,0,0,455870,12553310,107920,0,202201.0
102,A10027136,0,0,0,0,0,0,6437980,0,2711730,0,202201.0
103,A10026714,,,,,,,,,,,202201.0
