,kaptCode,heatC,heatP,gasC,gasP,waterHotC,waterHotP,electC,electP,waterCoolC,waterCoolP,Date
0,A13203302,0.0,0.0,0.0,0.0,0.0,0.0,5184969.0,15701170.0,0.0,7448730.0,202211.0
1,A13203303,0.0,0.0,0.0,0.0,0.0,0.0,5063035.0,23805470.0,1718850.0,14518650.0,202211.0
2,A13295201,0.0,0.0,0.0,0.0,0.0,0.0,1767449.0,6400720.0,0.0,6034590.0,202211.0
3,A13286107,0.0,0.0,0.0,0.0,0.0,0.0,450540.0,24963180.0,-1400.0,11987470.0,202211.0
4,A13287801,0.0,0.0,0.0,0.0,0.0,0.0,1835590.0,11049290.0,0.0,5414850.0,202211.0
5,A13286203,0.0,0.0,59460.0,0.0,0.0,0.0,1778392.0,6271480.0,0.0,0.0,202211.0
6,A13286109,0.0,0.0,0.0,0.0,0.0,0.0,4602300.0,25625720.0,159695.0,0.0,202211.0
7,A13203403,0.0,0.0,-701190.0,701190.0,0.0,0.0,2820170.0,13940420.0,498860.0,7105110.0,202211.0
8,A13286110,0.0,0.0,0.0,0.0,0.0,0.0,5933552.0,37655010.0,0.0,22596030.0,202211.0
9,A13287503,0.0,0.0,0.0,0.0,0.0,0.0,2254476.0,18062200.0,411655.0,0.0,202211.0
10,A13203202,0.0,0.0,0.0,0.0,0.0,0.0,1249223.0,10236550.0,47000.0,4829990.0,202211.0
11,A13286304,0.0,0.0,0.0,0.0,0.0,0.0,8800145.0,41697840.0,-1518350.0,24479230.0,202211.0
12,A13286106,0.0,0.0,41870.0,0.0,0.0,0.0,22663832.0,0.0,881100.0,0.0,202211.0
13,A13203408,0.0,0.0,0.0,0.0,0.0,0.0,2536394.0,20477540.0,233940.0,0.0,202211.0
14,A13286904,0.0,0.0,0.0,0.0,0.0,0.0,18169529.0,0.0,0.0,0.0,202211.0
15,A13203002,0.0,0.0,0.0,0.0,0.0,0.0,1728600.0,13583030.0,0.0,5180910.0,202211.0
16,A13203102,0.0,0.0,86380.0,0.0,0.0,0.0,3307860.0,0.0,494550.0,0.0,202211.0
17,A13286105,0.0,0.0,0.0,0.0,0.0,0.0,1172910.0,16059660.0,384550.0,0.0,202211.0
18,A13203001,0.0,0.0,0.0,0.0,0.0,0.0,2248830.0,16465110.0,-173040.0,2349590.0,202211.0
19,A13203401,0.0,0.0,0.0,0.0,0.0,0.0,774037.0,10121650.0,0.0,0.0,202211.0
20,A13286002,0.0,0.0,0.0,0.0,0.0,0.0,976721.0,7651780.0,0.0,4222360.0,202211.0
21,A10026175,,,,,,,,,,,202211.0
22,A10024827,,,,,,,,,,,202211.0
23,A10023732,0.0,0.0,0.0,0.0,0.0,0.0,4134310.0,2177170.0,1033200.0,1184200.0,202211.0
24,A13202306,0.0,0.0,0.0,0.0,0.0,0.0,1401380.0,11253980.0,351750.0,0.0,202211.0
25,A13285503,0.0,0.0,0.0,0.0,0.0,0.0,12422160.0,0.0,4298070.0,0.0,202211.0
26,A13282510,0.0,0.0,0.0,0.0,0.0,0.0,1568234.0,24997670.0,81880.0,12159120.0,202211.0
27,A13276416,0.0,0.0,0.0,0.0,0.0,0.0,4337670.0,23897950.0,26110.0,11831150.0,202211.0
28,A13202302,0.0,0.0,95040.0,0.0,0.0,0.0,1539290.0,6206880.0,139440.0,0.0,202211.0
29,A13285406,0.0,0.0,86490.0,0.0,0.0,0.0,1332455.0,35537400.0,413710.0,12544330.0,202211.0
30,A13283405,0.0,0.0,0.0,0.0,0.0,0.0,3052300.0,12845440.0,0.0,0.0,202211.0
31,A13202308,0.0,0.0,0.0,0.0,0.0,0.0,2028220.0,14283890.0,0.0,0.0,202211.0
32,A13276414,0.0,0.0,0.0,0.0,0.0,0.0,1625880.0,7869790.0,115110.0,8103070.0,202211.0
33,A13202102,0.0,0.0,0.0,0.0,0.0,0.0,1620520.0,8780840.0,79980.0,4886490.0,202211.0
34,A13276415,0.0,0.0,0.0,0.0,0.0,0.0,11855530.0,36071690.0,50300.0,17879330.0,202211.0
35,A13285507,0.0,0.0,0.0,0.0,0.0,0.0,1661730.0,14610680.0,0.0,0.0,202211.0
36,A13202103,0.0,0.0,63170.0,0.0,0.0,0.0,4236070.0,11663970.0,0.0,5439570.0,202211.0
37,A13202002,0.0,0.0,643990.0,0.0,0.0,0.0,17033297.0,52023840.0,0.0,0.0,202211.0
38,A13285401,1100.0,0.0,0.0,0.0,0.0,0.0,2268360.0,6753530.0,371960.0,3529600.0,202211.0
39,A13202304,0.0,0.0,0.0,0.0,0.0,0.0,0.0,5727510.0,66960.0,0.0,202211.0
40,A13272102,0.0,0.0,0.0,0.0,0.0,0.0,1007180.0,15514770.0,772040.0,5294570.0,202211.0
41,A13283611,0.0,0.0,0.0,0.0,0.0,0.0,6627482.0,25719000.0,-10.0,14103960.0,202211.0
42,A13276417,0.0,0.0,0.0,0.0,0.0,0.0,18712290.0,0.0,0.0,0.0,202211.0
43,A13202312,0.0,0.0,588720.0,0.0,0.0,0.0,23173600.0,91858380.0,1683170.0,50488230.0,202211.0
44,A13285305,0.0,0.0,46480.0,0.0,0.0,0.0,3167081.0,12363260.0,144010.0,0.0,202211.0
45,A13285601,0.0,0.0,0.0,0.0,0.0,0.0,1747910.0,4978370.0,0.0,0.0,202211.0
46,A10026856,,,,,,,,,,,202211.0
47,A10026279,,,,,,,,,,,202211.0
48,A10027555,,,,,,,,,,,202211.0
49,A10024822,0.0,0.0,0.0,0.0,0.0,0.0,1747140.0,4593150.0,0.0,2545260.0,202211.0
50,A13204506,0.0,0.0,0.0,0.0,0.0,0.0,18743190.0,0.0,9228520.0,0.0,202211.0
51,A13204502,0.0,0.0,4380.0,0.0,0.0,0.0,3164732.0,8746260.0,400.0,3995870.0,202211.0
52,A13204501,0.0,0.0,0.0,0.0,0.0,0.0,918050.0,8015420.0,215830.0,3489710.0,202211.0
53,A13204505,0.0,0.0,0.0,0.0,0.0,0.0,2048300.0,10928300.0,0.0,0.0,202211.0
54,A13290404,0.0,0.0,0.0,0.0,0.0,0.0,4627619.0,12508360.0,-133490.0,7039100.0,202211.0
55,A13204503,0.0,0.0,0.0,0.0,0.0,0.0,1244891.0,8237990.0,60210.0,6930740.0,202211.0
56,A13204402,0.0,0.0,0.0,0.0,0.0,0.0,1373402.0,10432260.0,88720.0,4479470.0,202211.0
57,A13204510,0.0,0.0,911890.0,0.0,0.0,0.0,24554357.0,101975590.0,655110.0,42562800.0,202211.0
58,A13292002,0.0,0.0,0.0,0.0,0.0,0.0,2176248.0,8866360.0,0.0,3939250.0,202211.0
59,A13204409,15059020.0,62183290.0,0.0,0.0,0.0,47898950.0,29210076.0,59903350.0,9472510.0,0.0,202211.0
60,A13204508,0.0,0.0,251890.0,0.0,0.0,0.0,2385320.0,14845120.0,0.0,8934920.0,202211.0
61,A13204408,97831320.0,0.0,0.0,0.0,0.0,20037500.0,5665062.0,32250240.0,1002365.0,0.0,202211.0
62,A13272201,0.0,0.0,0.0,0.0,0.0,0.0,3376860.0,16826050.0,153670.0,7261900.0,202211.0
63,A13204507,0.0,0.0,0.0,0.0,-998850.0,998850.0,3741780.0,20932830.0,-265770.0,10943100.0,202211.0
64,A13204302,0.0,20427660.0,0.0,0.0,26400.0,11510500.0,4896236.0,0.0,0.0,8085310.0,202211.0
65,A13204001,0.0,0.0,0.0,0.0,0.0,0.0,3794786.0,7918014.0,149790.0,7865010.0,202211.0
66,A13204406,13328960.0,55971750.0,0.0,0.0,-75000.0,22245000.0,16007891.0,54980690.0,0.0,27447750.0,202211.0
67,A13204105,16271957.0,70251300.0,0.0,0.0,17310240.0,41789000.0,2302610.0,82896410.0,890280.0,0.0,202211.0
68,A13290105,6695240.0,18870980.0,0.0,0.0,2799050.0,14017760.0,4965758.0,19489900.0,24400.0,0.0,202211.0
69,A13290003,28149030.0,0.0,0.0,0.0,0.0,13284000.0,9067990.0,22380470.0,3538050.0,0.0,202211.0
70,A13290809,0.0,0.0,0.0,0.0,0.0,0.0,3610822.0,17714920.0,0.0,0.0,202211.0
71,A13204204,0.0,0.0,0.0,0.0,0.0,0.0,1348864.0,37326560.0,390.0,19254790.0,202211.0
72,A13204002,0.0,0.0,0.0,0.0,0.0,0.0,1731330.0,21489560.0,114760.0,8539650.0,202211.0
73,A13290107,12126950.0,53143330.0,0.0,0.0,0.0,30380000.0,12399670.0,53896910.0,9000000.0,0.0,202211.0
74,A13292701,0.0,0.0,0.0,0.0,0.0,0.0,1001530.0,7805750.0,0.0,0.0,202211.0
75,A13204201,0.0,0.0,0.0,0.0,0.0,0.0,2373290.0,6687950.0,161780.0,0.0,202211.0
76,A13204103,16938530.0,58890340.0,0.0,0.0,0.0,37198000.0,4569382.0,64488120.0,10697720.0,22443760.0,202211.0
77,A13204104,-2965340.0,115194300.0,0.0,0.0,0.0,14435200.0,4002991.0,35323330.0,798250.0,17883130.0,202211.0
78,A13204301,0.0,0.0,0.0,0.0,0.0,0.0,1113960.0,10393970.0,-316050.0,9372880.0,202211.0
79,A13204205,0.0,0.0,0.0,0.0,0.0,0.0,9892166.0,40478880.0,0.0,19866450.0,202211.0
80,A13204203,0.0,0.0,0.0,0.0,0.0,0.0,2290222.0,12308860.0,0.0,5753790.0,202211.0
81,A13204003,,,,,,,,,,,202211.0
82,A13275001,,,,,,,,,,,202211.0
83,A13292501,0.0,0.0,0.0,0.0,0.0,0.0,1805130.0,4334470.0,10.0,4510780.0,202211.0
84,A13204404,0.0,0.0,145120.0,0.0,0.0,0.0,3943925.0,36892800.0,0.0,37014690.0,202211.0
85,A10026109,,,,,,,,,,,202211.0
86,A13201207,54334500.0,0.0,0.0,0.0,10804000.0,0.0,25210060.0,0.0,3141590.0,0.0,202211.0
87,A13201202,0.0,0.0,20060.0,0.0,0.0,0.0,1665240.0,8563030.0,0.0,3766100.0,202211.0
88,A13201206,0.0,0.0,0.0,0.0,0.0,0.0,6734651.0,22380550.0,0.0,9964390.0,202211.0
89,A13201201,0.0,0.0,0.0,0.0,0.0,0.0,8937420.0,0.0,3216660.0,0.0,202211.0
90,A13201203,0.0,0.0,0.0,0.0,0.0,0.0,593860.0,9114760.0,296380.0,0.0,202211.0
91,A13275302,19881540.0,0.0,0.0,0.0,-4206600.0,4206600.0,3493130.0,7331950.0,2310910.0,0.0,202211.0
92,A13293505,0.0,0.0,0.0,0.0,0.0,0.0,6565241.0,17353320.0,1540.0,8972370.0,202211.0
93,A13281802,0.0,0.0,139700.0,0.0,0.0,0.0,19311710.0,0.0,11757810.0,0.0,202211.0
94,A13275303,,,,,,,,,,,202211.0
95,A13281201,0.0,0.0,0.0,0.0,0.0,0.0,2210710.0,11172270.0,592710.0,5715160.0,202211.0
96,A13201208,7336220.0,23835200.0,0.0,2001580.0,0.0,17058600.0,15077400.0,40528260.0,3653030.0,0.0,202211.0
97,A13275301,,,,,,,,,,,202211.0
98,A13201209,0.0,0.0,520660.0,0.0,0.0,0.0,23317130.0,101621770.0,0.0,49413740.0,202211.0
99,A13201001,0.0,0.0,71920.0,0.0,0.0,0.0,1172370.0,3494500.0,24960.0,1705650.0,202211.0
100,A13201002,0.0,0.0,0.0,0.0,0.0,0.0,0.0,5649730.0,0.0,3022000.0,202211.0
101,A13280104,0.0,0.0,0.0,0.0,0.0,0.0,393000.0,11887680.0,356250.0,0.0,202211.0
102,A10027136,0.0,0.0,0.0,0.0,0.0,0.0,6449750.0,0.0,2578030.0,0.0,202211.0
103,A10026714,,,,,,,,,,,202211.0
