,kaptCode,heatC,heatP,gasC,gasP,waterHotC,waterHotP,electC,electP,waterCoolC,waterCoolP,Date
0,A15003001,0,0,0,0,0,0,553074,12270270,0,9899700,202202.0
1,A15003002,0,0,0,0,0,0,18684784,94106260,0,48221540,202202.0
2,A10026311,,,,,,,,,,,202202.0
3,A15003701,0,0,0,0,0,0,23815370,0,10660940,0,202202.0
4,A10026816,0,0,0,0,0,0,69423089,0,18552020,0,202202.0
5,A10026801,,,,,,,,,,,202202.0
6,A15003801,0,0,0,0,0,0,3712238,22995940,0,8094390,202202.0
7,A15003802,0,0,381180,0,0,0,8838150,24890890,2324120,20556860,202202.0
8,A15089513,100,33244220,0,0,0,4824000,2938010,10856910,40260,4373140,202202.0
9,A15076302,5801140,72196890,0,0,1601940,22847400,21173999,53502540,1410110,12588030,202202.0
10,A15089421,0,228395997,0,0,0,45410400,17460578,49060130,0,27660770,202202.0
11,A15001020,155249820,155250240,0,0,0,17160500,6573920,35251600,0,15886270,202202.0
12,A15088717,88650280,0,0,0,0,10941000,1689550,30170430,0,10739740,202202.0
13,A15001004,43341060,38909360,0,0,0,3280000,3694390,9267930,205080,4329190,202202.0
14,A15001016,73023686,0,0,0,0,7298100,11005319,18994450,0,9702340,202202.0
15,A15001009,-1330,56343520,0,0,0,5811000,3167920,11121740,0,6138190,202202.0
16,A15089510,0,73120950,0,0,0,7473000,1491603,15479010,0,8069250,202202.0
17,A15089411,0,70242150,0,0,0,10946600,10831652,16794885,0,6699700,202202.0
18,A15001003,1749518,49006032,0,0,0,2707500,4171381,11378770,0,3379380,202202.0
19,A15088208,361500,36074400,0,0,0,4620000,2365500,8710250,0,8164750,202202.0
20,A15088918,116997250,0,0,0,0,10809000,6885490,30118240,0,12309710,202202.0
21,A15001012,230,45693740,0,0,0,5421000,5957701,10845710,0,7225850,202202.0
22,A15001019,-2850,123435600,0,0,0,18020000,1984500,41844060,0,12943260,202202.0
23,A15001001,17459150,17459150,0,0,1707500,1707500,9284390,9284390,2619730,2619730,202202.0
24,A15088802,0,21803700,0,0,0,3388000,3539180,8164750,0,2795380,202202.0
25,A15080002,0,0,0,0,0,0,3784925,17678650,732990,0,202202.0
26,A15004101,0,0,0,0,0,0,2306717,5573210,5197830,0,202202.0
27,A15004201,3049010,13140980,0,0,0,10014000,2092918,10109960,-260,4422810,202202.0
28,A15004202,0,0,405180,0,0,0,6266407,22742030,-5910,13760280,202202.0
29,A10023489,,,,,,,,,,,202202.0
30,A15080402,0,0,0,0,0,0,7989880,6528850,3043880,3043860,202202.0
31,A15072001,0,0,0,0,0,0,12182940,0,5757120,0,202202.0
32,A15080204,0,0,0,0,0,0,3354470,9813040,138580,5617860,202202.0
33,A15080205,0,0,650840,0,0,0,5247690,17790220,1013320,10159590,202202.0
34,A15072002,0,0,0,0,0,0,1762780,4927490,193230,3117910,202202.0
35,A10024834,,,,,,,,,,,202202.0
36,A15004406,0,0,0,0,0,0,3149030,16768810,580260,9100330,202202.0
37,A15080507,0,0,0,0,0,0,11229040,27261920,17310,17690950,202202.0
38,A15004403,0,0,0,0,0,0,3661110,10737560,352700,5954330,202202.0
39,A15004405,0,0,0,0,0,0,1049700,16511510,35280,6875940,202202.0
40,A15080501,0,0,0,0,0,0,2608355,8796120,143090,4652700,202202.0
41,A15072201,0,0,0,0,0,0,5643720,26707180,0,6761000,202202.0
42,A10027684,0,0,0,0,0,0,2017160,7710160,858830,2349000,202202.0
43,A10026797,0,0,0,0,0,0,3794260,8757050,172520,4076530,202202.0
44,A15004507,0,0,0,0,0,0,8037590,97326710,0,31383750,202202.0
45,A15004503,0,0,298250,0,0,0,2442990,9239500,0,11262730,202202.0
46,A15004506,0,0,0,0,0,0,2256540,18335610,17850,11177650,202202.0
47,A15004505,0,0,0,0,0,0,1447730,19257890,0,7398810,202202.0
48,A15004501,0,0,0,0,0,0,2081140,7019830,0,4304510,202202.0
49,A10024789,0,0,0,0,0,0,12946180,35983560,42080,14739250,202202.0
50,A15081001,0,0,186730,0,0,0,4842615,13365720,198360,0,202202.0
51,A15081002,-1228350,1223380,0,0,0,0,2174893,34701240,0,13851160,202202.0
52,A15083202,0,0,0,0,0,0,4573340,12779480,-268370,7545380,202202.0
53,A15083201,0,0,374530,0,0,0,1956890,5869720,42150,3074400,202202.0
54,A15076702,0,0,0,0,0,0,16481280,48851700,1617310,14856840,202202.0
55,A15076701,,,,,,,,,,,202202.0
56,A15009201,0,0,392900,0,0,0,3532321,9850520,80300,5911630,202202.0
57,A15083602,0,0,177520,0,0,0,9161680,0,5769020,0,202202.0
58,A15083404,0,0,0,0,0,0,6353072,57249440,0,27656080,202202.0
59,A15083603,0,0,0,0,0,0,12649684,35598020,0,19312970,202202.0
60,A15076801,,,,,,,,,,,202202.0
61,A10027023,,,,,,,,,,,202202.0
62,A15083601,0,0,0,0,0,0,416060,10623340,168750,0,202202.0
63,A10024832,,,,,,,,,,,202202.0
64,A15009402,0,0,266660,0,0,0,5885440,12008030,123340,6806680,202202.0
65,A15009401,0,0,52140,0,0,0,1242350,9044830,567450,4183040,202202.0
66,A15009505,0,0,0,0,0,0,0,11033930,0,0,202202.0
67,A15009503,0,0,0,0,0,0,2785080,6247870,0,0,202202.0
68,A15009501,0,0,0,0,0,0,3050440,0,0,0,202202.0
69,A15009504,0,0,0,0,0,0,2288073,9682220,0,5241680,202202.0
70,A15009502,0,0,0,0,0,0,8625650,8625650,0,0,202202.0
71,A10026197,0,0,0,0,0,0,1434720,8146470,0,4280040,202202.0
72,A15009607,0,0,0,0,0,0,1169536,8791310,270760,5313030,202202.0
73,A15009606,0,0,0,0,0,0,3362431,10900230,0,0,202202.0
74,A15009602,0,0,0,0,0,0,2071511,5842810,0,0,202202.0
75,A15009605,0,0,0,0,0,0,2624063,9209080,0,0,202202.0
76,A15009604,0,0,0,0,0,0,2003001,8643650,0,0,202202.0
77,A15009603,0,0,0,0,0,0,10608023,0,0,0,202202.0
78,A15009601,0,0,56630,0,0,0,1144518,7597160,485210,2907360,202202.0
79,A10027512,,,,,,,,,,,202202.0
80,A10024925,0,0,0,0,0,0,5874380,15745190,962270,6434310,202202.0
81,A10024495,0,0,0,0,0,0,15826490,10388180,4269620,4147960,202202.0
82,A15086202,0,0,0,0,0,0,4292419,11694250,0,6104840,202202.0
83,A15086201,0,0,0,0,0,0,3245974,5883080,0,0,202202.0
84,A10024316,0,0,0,0,0,0,4542960,13962550,-202380,4037050,202202.0
85,A15010203,0,0,0,0,0,0,3480370,10159460,0,0,202202.0
86,A15010202,0,0,0,0,0,0,4019203,14792230,0,0,202202.0
87,A15010201,0,0,0,0,0,0,1995890,0,3642000,0,202202.0
88,A10025034,,,,,,,,,,,202202.0
89,A15010303,0,0,0,0,0,0,4830000,7392380,91380,3206140,202202.0
90,A15010305,0,0,365340,0,0,0,2718074,9616070,20,5363490,202202.0
91,A15010302,0,0,0,0,0,0,1583400,6401650,0,3243370,202202.0
92,A15010307,0,0,0,0,0,0,6651432,26700850,0,12295280,202202.0
93,A15010304,0,0,0,0,0,0,735930,9251370,78990,3631560,202202.0
94,A15010306,0,0,0,0,0,0,1794039,24652130,-1430,10466900,202202.0
95,A15010301,0,0,112540,0,0,0,2943280,6128780,0,0,202202.0
96,A10026457,,,,,,,,,,,202202.0
97,A15086601,0,0,0,0,0,0,10562210,7058500,6199620,6199620,202202.0
98,A15086702,0,0,0,0,0,0,10372128,0,7664850,0,202202.0
99,A15086603,0,0,242460,0,0,0,1050647,17554170,0,0,202202.0
100,A15010501,0,0,0,0,0,0,2075920,6469690,0,0,202202.0
101,A15010502,136348880,0,0,0,0,23780000,4510706,45339990,9769330,14657790,202202.0
102,A15010602,0,0,265690,0,0,0,2985980,8273800,0,9436790,202202.0
103,A15010601,0,0,0,0,0,0,2144190,7483940,0,3913440,202202.0
104,A15005401,0,0,0,0,0,0,1791220,4704880,82160,3619410,202202.0
105,A15005301,0,0,0,0,0,0,2771140,11959390,0,0,202202.0
106,A15005402,0,0,156170,0,0,0,5400040,32102320,1535520,13924830,202202.0
107,A15005001,0,0,0,0,0,0,4534520,14339670,0,0,202202.0
108,A15085404,0,0,0,0,0,0,4876867,15143690,583800,0,202202.0
109,A15086007,0,0,166020,0,0,0,8858670,18739910,681500,13837580,202202.0
110,A15005102,0,0,0,0,0,0,2414730,4440370,550230,2047050,202202.0
111,A15083703,0,0,0,0,0,0,801090,15122920,0,6685810,202202.0
112,A15005302,0,0,0,0,0,0,3455801,14118030,1006110,6215400,202202.0
113,A15086001,0,0,0,0,0,0,2991260,7030010,-128620,3697930,202202.0
114,A15096001,0,0,412590,0,0,0,3374600,11278960,352780,3940200,202202.0
115,A15085805,0,0,0,0,0,0,1439890,10739300,0,0,202202.0
116,A15005705,-958640,135215070,0,0,0,21651000,9158065,41677630,532520,22523070,202202.0
117,A15083701,0,0,103160,0,0,0,990090,3332110,0,0,202202.0
118,A15005602,0,0,0,0,0,0,487840,7829810,-12570,3500940,202202.0
119,A15005501,0,0,0,0,0,0,5008443,18420640,0,5185780,202202.0
120,A15005303,0,0,0,0,0,0,6221707,18940580,0,0,202202.0
121,A15086006,0,0,636290,0,0,0,5392881,25081780,0,0,202202.0
122,A15005603,0,0,0,0,0,0,3379459,9061850,0,5420410,202202.0
123,A15086004,0,0,0,0,-630540,630540,4582708,15025500,0,7314650,202202.0
124,A10027755,0,0,0,0,0,0,20582310,36370630,0,18930240,202202.0
125,A10027073,0,0,-824010,824010,0,0,30335725,63816840,2113570,30071720,202202.0
126,A10026182,,,,,,,,,,,202202.0
127,A10025024,0,0,0,0,0,0,25603300,44064240,175530,15865300,202202.0
128,A10025562,0,0,0,0,0,0,9158796,27672100,2289590,10020710,202202.0
129,A10025070,0,0,0,0,0,0,26891660,54560370,1396480,25527710,202202.0
130,A10024470,0,0,0,0,0,0,13874890,28696300,1808590,8804720,202202.0
131,A10024615,0,0,0,0,0,0,47668120,53841270,0,23406820,202202.0
132,A10023715,,,,,,,,,,,202202.0
133,A15081503,391290,0,0,0,0,0,4178720,10833020,29010,0,202202.0
134,A15081107,25159060,136296530,0,0,-34098000,34098000,16412544,36565040,8623360,0,202202.0
135,A15081201,0,0,0,0,0,0,261580,8978950,73850,3551090,202202.0
136,A15007002,0,0,114830,0,0,0,4965938,10292790,0,4755230,202202.0
137,A15081802,0,0,108060,0,0,0,3575200,10133580,0,4407690,202202.0
138,A15081602,0,0,0,0,0,0,3098270,11718980,0,0,202202.0
139,A15007101,0,0,0,0,0,0,1240486,0,0,0,202202.0
140,A15081604,0,0,0,0,0,0,4992960,15806560,132410,9276350,202202.0
141,A15081105,0,0,685590,0,0,0,4974120,14288740,141110,8317620,202202.0
142,A15095002,0,0,0,0,0,0,3667810,9554780,35560,3885460,202202.0
143,A15081606,0,0,0,0,0,0,4379670,14466020,0,0,202202.0
144,A15095001,0,0,0,0,0,0,2635880,7008630,98820,3360710,202202.0
145,A10027381,0,0,0,0,0,0,4699807,12571760,1074720,3584100,202202.0
146,A10026761,0,0,168630,0,0,0,5454590,8021220,777070,1797690,202202.0
147,A10024725,0,0,0,0,0,0,57529750,0,14694640,0,202202.0
148,A10024829,,,,,,,,,,,202202.0
149,A10023516,,,,,,,,,,,202202.0
