,kaptCode,heatC,heatP,gasC,gasP,waterHotC,waterHotP,electC,electP,waterCoolC,waterCoolP,Date
0,A15003001,0,0,0,0,0,0,-344700,18747350,0,10822700,202208.0
1,A15003002,0,0,0,0,0,0,19513427,133359830,0,50287760,202208.0
2,A10026311,,,,,,,,,,,202208.0
3,A15003701,0,0,0,0,0,0,31285290,0,10746850,0,202208.0
4,A10026816,0,0,0,0,0,0,117468722,0,19502100,0,202208.0
5,A10026801,,,,,,,,,,,202208.0
6,A15003801,0,0,0,0,0,0,-107530,34533120,-30520,8561700,202208.0
7,A15003802,0,0,62500,0,0,0,7380810,39566700,0,22112060,202208.0
8,A15089513,-760,1129820,0,0,0,3051000,-1616570,16604200,36390,5480510,202208.0
9,A15076302,5700460,0,0,0,0,7492500,23399320,115536470,1603890,13187240,202208.0
10,A15089421,0,18371920,0,0,0,14219600,10434827,93434710,0,23596038,202208.0
11,A15001020,-90,4096100,0,0,0,9813100,-7380810,63682240,0,15791150,202208.0
12,A15088717,5453180,0,0,0,0,5346000,503610,10942940,0,43611530,202208.0
13,A15001004,1843000,0,0,0,0,0,1980540,0,458450,0,202208.0
14,A15001016,9799930,0,0,0,-6637050,6637050,205416,30395980,10537910,11057860,202208.0
15,A15001009,612930,0,0,0,4188000,0,25862110,0,6550920,0,202208.0
16,A15089510,0,4471200,0,0,0,3660000,-3965354,30715480,0,7625500,202208.0
17,A15089411,3225240,0,-632720,632720,0,4244400,3991020,32316590,0,7219610,202208.0
18,A15001003,-186,2031696,0,0,0,1767500,2314047,22399130,0,4152100,202208.0
19,A15088208,10500,1044000,0,0,0,2904000,887220,14928680,0,8603060,202208.0
20,A15088918,6490220,0,0,0,0,5955000,4318070,66306650,0,12244550,202208.0
21,A15001012,0,4589960,0,0,0,2577000,1708516,19376790,601920,5416290,202208.0
22,A15001019,-154,3092684,0,0,216000,9876000,1945010,70184390,0,13823530,202208.0
23,A15001001,1613970,1613970,0,0,970000,970000,9015230,9015230,2175130,2175130,202208.0
24,A15088802,0,358800,0,0,0,1171800,1737450,13468090,0,3080980,202208.0
25,A15080002,0,0,0,0,0,0,1210346,25977840,484050,0,202208.0
26,A15004101,0,0,0,0,0,0,2615160,8707610,5762310,0,202208.0
27,A15004201,0,0,0,0,-40080,3752120,-5547,16311120,190,5120150,202208.0
28,A15004202,0,0,2330,0,0,0,2850206,37983320,1380,15087050,202208.0
29,A10023489,,,,,,,,,,,202208.0
30,A15080402,0,0,0,0,0,0,9316170,8770330,2975460,2976630,202208.0
31,A15072001,0,0,0,0,0,0,5310461,18644170,0,5874090,202208.0
32,A15080204,0,0,0,0,0,0,855440,16357170,243360,6256540,202208.0
33,A15080205,0,0,0,0,0,0,5398550,28645090,970350,10792520,202208.0
34,A15072002,0,0,0,0,0,0,759860,8394240,37180,3628280,202208.0
35,A10024834,,,,,,,,,,,202208.0
36,A15004406,0,0,0,0,0,0,1061490,26230650,213680,10036960,202208.0
37,A15080507,0,0,0,0,0,0,10346270,41549370,24950,21046780,202208.0
38,A15004403,0,0,0,0,0,0,4640432,15528080,-93720,6307340,202208.0
39,A15004405,0,0,0,0,0,0,1510200,21710740,78200,7347610,202208.0
40,A15080501,0,0,0,0,0,0,1732942,12565480,54980,5012990,202208.0
41,A15072201,0,0,0,0,0,0,5360920,56887590,0,6575230,202208.0
42,A10027684,0,0,0,0,0,0,1516000,11791180,534350,2745470,202208.0
43,A10026797,0,0,0,0,0,0,4640220,16045630,240800,4278300,202208.0
44,A15004507,0,0,0,0,0,0,13272578,131159180,0,33220230,202208.0
45,A15004503,0,0,2690,0,0,0,751640,14461770,0,12019620,202208.0
46,A15004506,0,0,0,0,0,0,62580,26304560,0,12333940,202208.0
47,A15004505,0,0,0,0,0,0,3812825,26831260,0,8968230,202208.0
48,A15004501,0,0,0,0,0,0,1031050,10289350,0,3219420,202208.0
49,A10024789,0,0,0,0,0,0,14352740,63627930,1340240,17408210,202208.0
50,A15081001,0,0,17400,0,0,0,4949404,19364690,217500,0,202208.0
51,A15081002,-1429490,1423250,0,0,0,0,-319317,49501500,0,14607770,202208.0
52,A15083202,0,0,0,0,0,0,4735860,19140620,-373340,7861750,202208.0
53,A15083201,0,0,3990,0,0,0,1175210,8901720,27880,3246080,202208.0
54,A15076702,0,0,0,0,0,0,18857302,80740012,1548880,15014710,202208.0
55,A15076701,,,,,,,,,,,202208.0
56,A15009201,0,0,16220,0,0,0,1344264,11701320,77130,5854520,202208.0
57,A15083602,0,0,5410,0,0,0,15175730,0,6345690,0,202208.0
58,A15083404,0,0,0,0,0,0,3310220,101318560,590260,27137100,202208.0
59,A15083603,0,0,0,0,0,0,14516201,58114380,0,20677070,202208.0
60,A15076801,,,,,,,,,,,202208.0
61,A10027023,,,,,,,,,,,202208.0
62,A15083601,0,0,0,0,0,0,109310,15201410,678000,0,202208.0
63,A10024832,,,,,,,,,,,202208.0
64,A15009402,0,0,0,0,0,0,4980780,16870460,227900,6910870,202208.0
65,A15009401,0,0,0,0,0,0,2243080,13535970,624750,3891200,202208.0
66,A15009505,0,0,0,0,0,0,-780000,14125310,0,0,202208.0
67,A15009503,0,0,0,0,0,0,2520100,8953470,0,0,202208.0
68,A15009501,0,0,0,0,0,0,2760650,0,0,0,202208.0
69,A15009504,0,0,0,0,0,0,1514911,15159190,0,5791190,202208.0
70,A15009502,0,0,0,0,0,0,11511710,11511710,0,0,202208.0
71,A10026197,0,0,0,0,0,0,3071900,13952510,-30000,4238990,202208.0
72,A15009607,0,0,0,0,0,0,605285,13877820,120050,5874440,202208.0
73,A15009606,0,0,0,0,0,0,4533001,16283270,0,0,202208.0
74,A15009602,0,0,0,0,0,0,2875170,6619470,0,0,202208.0
75,A15009605,0,0,0,0,0,0,1261230,13921850,0,0,202208.0
76,A15009604,0,0,0,0,0,0,774042,13266840,0,0,202208.0
77,A15009603,0,0,0,0,0,0,2872123,12033010,0,0,202208.0
78,A15009601,0,0,0,0,0,0,1348544,10374650,525230,3293600,202208.0
79,A10027512,,,,,,,,,,,202208.0
80,A10024925,0,0,0,0,0,0,6590020,24362730,56420,6955740,202208.0
81,A10024495,0,0,0,0,0,0,4597420,19237890,227400,4489280,202208.0
82,A15086202,0,0,0,0,0,0,1844298,19510590,-17610,7908710,202208.0
83,A15086201,0,0,0,0,0,0,3827902,9381800,0,0,202208.0
84,A10024316,0,0,0,0,0,0,5503120,25215950,-48180,4518750,202208.0
85,A15010203,0,0,0,0,0,0,18687675,0,258540,0,202208.0
86,A15010202,0,0,0,0,0,0,2941310,19617930,0,0,202208.0
87,A15010201,0,0,0,0,0,0,1772870,0,-10,4808760,202208.0
88,A10025034,,,,,,,,,,,202208.0
89,A15010303,0,0,0,0,0,0,3667584,11009820,237560,3458790,202208.0
90,A15010305,0,0,4460,0,0,0,176365,17231650,-270,6520420,202208.0
91,A15010302,0,0,0,0,0,0,1198950,8295750,0,3362080,202208.0
92,A15010307,0,0,0,0,0,0,2797750,42056060,0,16013390,202208.0
93,A15010304,0,0,0,0,0,0,267320,14225970,194720,3902610,202208.0
94,A15010306,0,0,0,0,0,0,913096,38244300,-2020,11301100,202208.0
95,A15010301,0,0,5830,0,0,0,3476300,10109530,0,0,202208.0
96,A10026457,,,,,,,,,,,202208.0
97,A15086601,0,0,0,0,0,0,14622070,11131160,6520620,6520620,202208.0
98,A15086702,0,0,0,0,0,0,12516774,0,7778670,0,202208.0
99,A15086603,0,0,0,0,0,0,642179,26656030,0,0,202208.0
100,A15010501,0,0,0,0,0,0,3209854,9798180,0,0,202208.0
101,A15010502,4458880,0,0,0,0,12845000,2026007,81764750,2078700,22376880,202208.0
102,A15010602,0,0,11840,0,0,0,2365100,12273260,0,10196880,202208.0
103,A15010601,0,0,0,0,0,0,2576070,9253130,0,3434780,202208.0
104,A15005401,0,0,0,0,0,0,472070,5996520,99180,3720200,202208.0
105,A15005301,0,0,0,0,0,0,2989450,18610860,0,0,202208.0
106,A15005402,0,0,28780,0,0,0,912400,43568530,444720,15108180,202208.0
107,A15005001,0,0,0,0,0,0,4077685,17313010,0,0,202208.0
108,A15085404,0,0,0,0,0,0,1956519,21977480,522500,0,202208.0
109,A15086007,0,0,6120,0,0,0,6244900,28775620,1420400,14839190,202208.0
110,A15005102,0,0,0,0,0,0,450110,5892090,604980,2138360,202208.0
111,A15083703,0,0,0,0,0,0,0,20154670,0,7125010,202208.0
112,A15005302,0,0,0,0,0,0,1890413,20600890,430380,6857020,202208.0
113,A15086001,0,0,0,0,0,0,2414607,9366180,-12530,3763830,202208.0
114,A15096001,0,0,48990,0,0,0,2067560,16242550,136510,4188110,202208.0
115,A15085805,0,0,0,0,0,0,1257850,12305550,0,0,202208.0
116,A15005705,-252920,11038780,0,0,0,5598000,10714524,62188143,1908460,23213900,202208.0
117,A15083701,0,0,3390,0,0,0,1093100,5431730,0,0,202208.0
118,A15005602,0,0,0,0,0,0,-620890,11144370,-67120,3781540,202208.0
119,A15005501,0,0,0,0,0,0,5144619,29761440,0,6098120,202208.0
120,A15005303,0,0,0,0,0,0,2317476,31156910,0,0,202208.0
121,A15086006,0,0,16920,0,0,0,8083088,39405500,0,0,202208.0
122,A15005603,0,0,0,0,0,0,600623,14714630,780880,5896200,202208.0
123,A15086004,0,0,0,0,-761310,761310,3054404,23226694,0,8113020,202208.0
124,A10027755,0,0,0,0,0,0,24943080,58141100,0,15878400,202208.0
125,A10027073,0,0,-957960,957960,0,0,38396124,104554600,993040,31028840,202208.0
126,A10026182,,,,,,,,,,,202208.0
127,A10025024,0,0,0,0,0,0,21934720,71122581,136790,16123570,202208.0
128,A10025562,0,0,0,0,0,0,10009331,37307300,1407100,10226910,202208.0
129,A10025070,0,0,0,0,0,0,34731466,98223640,2280000,26256830,202208.0
130,A10024470,0,0,0,0,0,0,16037580,49709490,4498770,10139070,202208.0
131,A10024615,0,0,0,0,0,0,50370140,74819780,1320930,22133050,202208.0
132,A10023715,0,0,0,0,0,0,5390730,0,7735840,0,202208.0
133,A15081503,7000,0,0,0,0,0,1977670,16197760,591500,0,202208.0
134,A15081107,11381780,3479800,0,0,-13410000,13410000,317774,70227620,4914960,0,202208.0
135,A15081201,0,0,0,0,0,0,649062,10554090,110520,4051460,202208.0
136,A15007002,0,0,4950,0,0,0,3947929,15753280,133140,4438570,202208.0
137,A15081802,0,0,2860,0,0,0,2362135,13098945,0,4892680,202208.0
138,A15081602,0,0,0,0,0,0,3078491,16937830,0,0,202208.0
139,A15007101,0,0,0,0,0,0,1640175,0,0,0,202208.0
140,A15081604,0,0,0,0,0,0,5750980,22004420,246280,9810320,202208.0
141,A15081105,0,0,3910,0,0,0,961800,23081590,0,9321610,202208.0
142,A15095002,0,0,0,0,0,0,2456890,14346920,31720,4121250,202208.0
143,A15081606,0,0,0,0,0,0,2341260,23612090,0,0,202208.0
144,A15095001,0,0,0,0,0,0,630081,11665580,447310,3639380,202208.0
145,A10027381,0,0,0,0,0,0,4283031,19661480,120730,4465460,202208.0
146,A10026761,0,0,2200,0,0,0,3188670,15410590,1698070,1817220,202208.0
147,A10024725,0,0,0,0,0,0,88906230,0,14829180,0,202208.0
148,A10024829,,,,,,,,,,,202208.0
149,A10023516,,,,,,,,,,,202208.0
