,kaptCode,heatC,heatP,gasC,gasP,waterHotC,waterHotP,electC,electP,waterCoolC,waterCoolP,Date
0,A15003001,0,0,0,0,0,0,523232,12452250,0,0,202201.0
1,A15003002,0,0,0,0,0,0,19807749,94084850,0,43360980,202201.0
2,A10026311,,,,,,,,,,,202201.0
3,A15003701,0,0,0,0,0,0,28567770,0,10627390,0,202201.0
4,A10026816,0,0,0,0,0,0,82037960,0,21425180,0,202201.0
5,A10026801,,,,,,,,,,,202201.0
6,A15003801,0,0,0,0,0,0,3628618,23236640,-296370,9539630,202201.0
7,A15003802,0,0,123400,0,0,0,8721000,24487430,0,0,202201.0
8,A15089513,-510,36300020,0,0,0,6747000,4237910,11467730,37470,6633440,202201.0
9,A15076302,6792000,83395350,0,0,891990,25320600,23806019,61877820,766650,12872900,202201.0
10,A15089421,0,265520842,0,0,0,40412500,23020647,52930270,2000000,22727500,202201.0
11,A15001020,178692150,178691700,0,0,0,18036500,13657220,43133930,0,15350070,202201.0
12,A15088717,107131190,0,0,0,0,11010000,509140,32539850,1021350,10964790,202201.0
13,A15001004,54046200,49614320,0,0,0,3275000,4661680,10523500,339110,4240850,202201.0
14,A15001016,84549827,0,0,0,0,8450120,14492556,25589250,0,9059760,202201.0
15,A15001009,-436,65650580,0,0,0,4881000,4674270,12669820,0,5787890,202201.0
16,A15089510,0,91972800,0,617040,0,6948000,5119780,16461120,0,7351440,202201.0
17,A15089411,0,82920110,0,0,0,10701600,10818620,17932820,0,6622650,202201.0
18,A15001003,1953682,54728448,0,0,0,3140000,4902878,13776550,0,3971190,202201.0
19,A15088208,428860,42594480,0,0,0,4326000,2100180,9571440,0,0,202201.0
20,A15088918,138731480,0,0,0,0,10752000,11132970,30019980,0,11498350,202201.0
21,A15001012,0,53170210,0,0,0,4347000,8895020,13048000,0,7013970,202201.0
22,A15001019,-3090,144565720,0,0,0,18868000,2003380,44745800,0,14039280,202201.0
23,A15001001,20104860,20104860,0,0,1517500,1517500,9190760,9190760,2816130,2816130,202201.0
24,A15088802,0,24443200,0,0,0,3916500,3965300,8235050,0,3033700,202201.0
25,A15080002,0,0,0,0,0,0,3901431,18339590,0,0,202201.0
26,A15004101,0,0,0,0,0,0,2562706,6677200,0,0,202201.0
27,A15004201,3046260,18229880,0,0,0,10602000,4070248,10323790,-100,4929170,202201.0
28,A15004202,0,0,264270,0,0,0,6866515,26791060,2810,16299090,202201.0
29,A10023489,,,,,,,,,,,202201.0
30,A15080402,0,0,0,0,0,0,1317980,6209380,0,2866290,202201.0
31,A15072001,0,0,0,0,0,0,11928990,11844070,5237700,5237700,202201.0
32,A15080204,0,0,0,0,0,0,2750110,12778240,223080,5639950,202201.0
33,A15080205,0,0,289610,0,0,0,8871920,20977090,711050,10729390,202201.0
34,A15072002,0,0,0,0,0,0,1973820,6195800,30790,3230580,202201.0
35,A10024834,,,,,,,,,,,202201.0
36,A15004406,0,0,0,0,0,0,3146730,17647040,208690,9542120,202201.0
37,A15080507,0,0,0,0,0,0,13162910,31771980,17120,18761220,202201.0
38,A15004403,0,0,0,0,0,0,5917070,12927800,292000,5513520,202201.0
39,A15004405,0,0,0,0,0,0,1132810,16959440,35280,6791890,202201.0
40,A15080501,0,0,0,0,0,0,2427334,8636450,96650,4681360,202201.0
41,A15072201,0,0,0,0,0,0,6064700,32186390,0,6886030,202201.0
42,A10027684,0,0,0,0,0,0,2612970,9085160,487970,2795730,202201.0
43,A10026797,0,0,0,0,0,0,4223900,10347580,169050,4248810,202201.0
44,A15004507,0,0,0,0,0,0,16809130,86005510,0,29752320,202201.0
45,A15004503,0,0,188000,0,0,0,2541050,10857530,0,0,202201.0
46,A15004506,0,0,0,0,0,0,2130040,21788470,17310,9258270,202201.0
47,A15004505,0,0,0,0,0,0,4101694,22523780,0,9215910,202201.0
48,A15004501,0,0,0,0,0,0,2801250,6057720,0,4194130,202201.0
49,A10024789,0,0,0,0,0,0,14544970,41993160,34680,12347440,202201.0
50,A15081001,0,0,187060,0,0,0,4855346,12380910,198360,0,202201.0
51,A15081002,-1404460,1398940,0,0,0,0,1032031,41726880,0,15532300,202201.0
52,A15083202,0,0,0,0,0,0,5111400,12602940,-225220,6807170,202201.0
53,A15083201,0,0,225380,0,0,0,2189800,5808920,144250,2728690,202201.0
54,A15076702,0,0,0,0,0,0,21573100,42190830,1690870,13296980,202201.0
55,A15076701,,,,,,,,,,,202201.0
56,A15009201,0,0,280290,0,0,0,3637580,10027190,406100,6112290,202201.0
57,A15083602,0,0,98920,0,0,0,8967500,0,6013710,0,202201.0
58,A15083404,0,0,0,0,0,0,12367270,68070820,0,25601230,202201.0
59,A15083603,0,0,0,0,0,0,15199105,42358130,0,17904020,202201.0
60,A15076801,,,,,,,,,,,202201.0
61,A10027023,,,,,,,,,,,202201.0
62,A15083601,0,0,0,0,0,0,1695150,11212490,336150,0,202201.0
63,A10024832,,,,,,,,,,,202201.0
64,A15009402,0,0,123230,0,0,0,6290550,14438010,115050,6909570,202201.0
65,A15009401,0,0,18010,0,0,0,1720210,10964300,402260,4006080,202201.0
66,A15009505,0,0,0,0,0,0,0,9705030,0,0,202201.0
67,A15009503,0,0,0,0,0,0,8662630,0,5842800,0,202201.0
68,A15009501,0,0,0,0,0,0,2774520,0,0,0,202201.0
69,A15009504,0,0,0,0,0,0,2356993,11145440,0,5803590,202201.0
70,A15009502,0,0,0,0,0,0,8209770,8209770,34800,34800,202201.0
71,A10026197,0,0,0,0,0,0,2780710,9531400,0,3838090,202201.0
72,A15009607,0,0,0,0,0,0,2919790,8791310,286180,5313030,202201.0
73,A15009606,0,0,0,0,0,0,3175132,10755600,0,0,202201.0
74,A15009602,0,0,0,0,0,0,2538078,5085520,0,0,202201.0
75,A15009605,0,0,0,0,0,0,2669674,8835750,0,0,202201.0
76,A15009604,0,0,0,0,0,0,1994990,8801810,0,0,202201.0
77,A15009603,0,0,0,0,0,0,10446341,0,8202990,0,202201.0
78,A15009601,0,0,10600,0,0,0,1297861,7275840,202190,2885290,202201.0
79,A10027512,,,,,,,,,,,202201.0
80,A10024925,0,0,0,0,0,0,6879160,17450520,704880,6993140,202201.0
81,A10024495,0,0,0,0,0,0,5988030,11727040,193170,4749620,202201.0
82,A15086202,0,0,0,0,0,0,4875685,11930740,0,8078970,202201.0
83,A15086201,0,0,0,0,0,0,3208738,6043100,0,0,202201.0
84,A10024316,0,0,0,0,0,0,4951330,13770660,88390,4360510,202201.0
85,A15010203,0,0,0,0,0,0,3045669,10271580,0,0,202201.0
86,A15010202,0,0,0,0,0,0,4317262,13893960,0,0,202201.0
87,A15010201,0,0,0,0,0,0,1993150,0,0,0,202201.0
88,A10025034,,,,,,,,,,,202201.0
89,A15010303,0,0,0,0,0,0,4691650,7602570,566580,3401060,202201.0
90,A15010305,0,0,195550,0,0,0,2799981,11308920,-90,6410370,202201.0
91,A15010302,0,0,0,0,0,0,2248350,5530340,0,2609900,202201.0
92,A15010307,0,0,0,0,0,0,7081488,28373940,0,16841890,202201.0
93,A15010304,0,0,0,0,0,0,1982840,8423030,468810,3162750,202201.0
94,A15010306,0,0,0,0,0,0,1589004,25166640,-2620,10032840,202201.0
95,A15010301,0,0,71910,0,0,0,2946690,6179060,0,5783840,202201.0
96,A10026457,,,,,,,,,,,202201.0
97,A15086601,0,0,0,0,0,0,10733810,7146861,0,0,202201.0
98,A15086702,0,0,0,0,0,0,10496381,0,0,0,202201.0
99,A15086603,0,0,177790,0,0,0,1127851,17772080,137640,0,202201.0
100,A15010501,0,0,0,0,0,0,2194891,6520330,1273430,4557770,202201.0
101,A15010502,152630210,0,0,0,0,23556000,18339772,41061900,11702620,14592260,202201.0
102,A15010602,0,0,317930,0,0,0,3259330,9613530,0,0,202201.0
103,A15010601,0,0,0,0,0,0,4282710,8964240,0,3571750,202201.0
104,A15005401,0,0,0,0,0,0,2372390,5906580,58320,3673810,202201.0
105,A15005301,0,0,0,0,0,0,2681130,12385770,0,0,202201.0
106,A15005402,0,0,178200,0,0,0,3574115,38376500,183980,13763670,202201.0
107,A15005001,0,0,0,0,0,0,5055489,17126100,0,0,202201.0
108,A15085404,0,0,0,0,0,0,4770134,15994690,0,0,202201.0
109,A15086007,0,0,44180,0,0,0,10155900,21668490,19800,12882270,202201.0
110,A15005102,0,0,0,0,0,0,2270800,4481670,376110,1982280,202201.0
111,A15083703,0,0,0,0,0,0,802700,14926830,0,6341170,202201.0
112,A15005302,0,0,0,0,0,0,4753883,15740020,0,7083360,202201.0
113,A15086001,0,0,0,0,0,0,3891850,8472070,-478310,3780580,202201.0
114,A15096001,0,0,384270,0,0,0,2784300,11389790,324200,3616530,202201.0
115,A15085805,0,0,0,0,0,0,1637630,9269100,0,4496110,202201.0
116,A15005705,-979170,153890140,0,0,0,22944000,12750996,45781860,1630210,23569380,202201.0
117,A15083701,0,0,61530,0,0,0,1273120,3026370,0,0,202201.0
118,A15005602,0,0,0,0,0,0,254080,8061410,125550,3324810,202201.0
119,A15005501,0,0,0,0,0,0,4907793,0,0,0,202201.0
120,A15005303,0,0,0,0,0,0,5495539,20481210,0,0,202201.0
121,A15086006,0,0,620670,0,0,0,5666386,29255310,0,24276110,202201.0
122,A15005603,0,0,0,0,0,0,3198160,9732690,0,6266860,202201.0
123,A15086004,0,0,0,0,-695640,695640,5366718,17371990,0,8115410,202201.0
124,A10027755,0,0,0,0,0,0,25361420,42760930,0,17489460,202201.0
125,A10027073,0,0,-906960,906960,0,0,37279787,74548530,1652450,29515610,202201.0
126,A10026182,,,,,,,,,,,202201.0
127,A10025024,0,0,0,0,0,0,22179180,44417100,45710,15486740,202201.0
128,A10025562,0,0,0,0,0,0,8852379,27530920,3146150,9021500,202201.0
129,A10025070,0,0,0,0,0,0,27953678,64567400,45300,26056510,202201.0
130,A10024470,0,0,0,0,0,0,12835188,29032580,2892290,9700380,202201.0
131,A10024615,0,0,0,0,0,0,30356490,46787280,0,18819620,202201.0
132,A10023715,,,,,,,,,,,202201.0
133,A15081503,255580,0,0,0,0,0,5006720,12962250,0,0,202201.0
134,A15081107,-778020,154247970,0,0,0,38892000,9109721,49418380,5404970,0,202201.0
135,A15081201,0,0,0,0,0,0,267440,8666240,98700,3941600,202201.0
136,A15007002,0,0,144210,0,0,0,4471229,10323490,0,4673060,202201.0
137,A15081802,0,0,88180,0,0,0,3358520,10505900,0,4147100,202201.0
138,A15081602,0,0,0,0,0,0,3062235,11533220,0,0,202201.0
139,A15007101,0,0,0,0,0,0,1376710,0,0,0,202201.0
140,A15081604,0,0,0,0,0,0,5246070,15155960,132800,8605790,202201.0
141,A15081105,0,0,690450,0,0,0,4785534,16467550,0,8855310,202201.0
142,A15095002,0,0,0,0,0,0,3535720,9388880,25710,3640650,202201.0
143,A15081606,0,0,0,0,0,0,5426580,16653430,0,0,202201.0
144,A15095001,0,0,0,0,0,0,2544300,7095990,354710,3696930,202201.0
145,A10027381,0,0,0,0,0,0,4455162,12612700,721710,4018590,202201.0
146,A10026761,0,0,155530,0,0,0,4929480,8846710,1090760,1848840,202201.0
147,A10024725,0,0,0,0,0,0,55602990,0,13796730,0,202201.0
148,A10024829,,,,,,,,,,,202201.0
149,A10023516,,,,,,,,,,,202201.0
