,kaptCode,heatC,heatP,gasC,gasP,waterHotC,waterHotP,electC,electP,waterCoolC,waterCoolP,Date
0,A15003001,0,0,0,0,0,0,913990,11459350,0,0,202211.0
1,A15003002,0,0,0,0,0,0,21897471,88127600,0,46635290,202211.0
2,A10026311,,,,,,,,,,,202211.0
3,A15003701,0,0,0,0,0,0,6270120,20171380,-390,10282540,202211.0
4,A10026816,0,0,0,0,0,0,67333320,0,19227130,0,202211.0
5,A10026801,,,,,,,,,,,202211.0
6,A15003801,0,0,0,0,0,0,2042901,21019800,-28390,7740930,202211.0
7,A15003802,0,0,0,0,0,0,5908810,23040050,0,0,202211.0
8,A15089513,720,28485060,0,0,0,3501000,1732100,9346320,26940,5000260,202211.0
9,A15076302,7116820,40190420,0,0,0,18108900,21425896,52772510,3283090,10707740,202211.0
10,A15089421,0,164586540,0,0,0,29973300,16592446,55174890,1000000,24486720,202211.0
11,A15001020,-340,98097300,0,0,0,15071500,6246880,37581060,0,15344090,202211.0
12,A15088717,68763390,0,0,0,0,8034000,511500,25424690,0,10690830,202211.0
13,A15001004,29521430,0,0,0,0,0,3192840,0,361260,0,202211.0
14,A15001016,61479157,0,0,0,-14870000,14870000,7807598,19724430,0,10554160,202211.0
15,A15001009,42825430,42824970,0,0,4446000,4446000,16410450,12272590,7698020,7398020,202211.0
16,A15089510,0,53371330,0,0,0,5244000,1773738,16096530,0,7134850,202211.0
17,A15089411,64746660,0,611120,611120,6571500,6571500,9879190,16980610,6340760,6340760,202211.0
18,A15001003,40,34188000,0,0,0,3279500,4849472,12004390,248450,3813630,202211.0
19,A15088208,238880,23612760,0,0,0,3867000,2020650,8726240,0,0,202211.0
20,A15088918,82340450,0,0,0,0,8487000,8190793,26358220,0,11644600,202211.0
21,A15001012,0,37093850,0,0,0,3396000,5644149,11419910,189650,5292490,202211.0
22,A15001019,214,88105416,0,0,0,15128000,2348256,37170850,0,13709070,202211.0
23,A15001001,12207250,12207250,0,0,1332500,1332500,6666710,6666710,2154150,2154150,202211.0
24,A15088802,0,16778600,0,0,0,2712500,2976660,6883270,0,2881040,202211.0
25,A15080002,0,0,71770,0,0,0,4242777,16539850,0,0,202211.0
26,A15004101,0,0,0,0,0,0,2756153,6384050,0,0,202211.0
27,A15004201,13214460,0,0,0,7365000,0,12692803,0,4837120,0,202211.0
28,A15004202,0,0,16710,0,0,0,7248690,25578990,3820,11633100,202211.0
29,A10023489,,,,,,,,,,,202211.0
30,A15080402,0,0,0,0,0,0,6800200,5473300,3094250,3094430,202211.0
31,A15072001,0,0,0,0,0,0,3870100,11390280,0,5644680,202211.0
32,A15080204,0,0,0,0,0,0,3294260,11174710,138580,5745380,202211.0
33,A15080205,0,0,0,0,0,0,6351060,20181120,1078980,10182110,202211.0
34,A15072002,0,0,0,0,0,0,2083440,5847420,51590,3255920,202211.0
35,A10024834,,,,,,,,,,,202211.0
36,A15004406,0,0,0,0,0,0,2481550,16935790,155310,9593480,202211.0
37,A15080507,0,0,0,0,0,0,13919250,31089740,1649250,17270840,202211.0
38,A15004403,0,0,0,0,0,0,4160240,12046010,0,6102980,202211.0
39,A15004405,0,0,0,0,0,0,1682730,15611360,35280,7048460,202211.0
40,A15080501,0,0,0,0,0,0,2595145,8335210,119680,4753750,202211.0
41,A15072201,0,0,0,0,0,0,9230540,23609120,4200,6412860,202211.0
42,A10027684,0,0,0,0,0,0,1728150,8163870,447840,2594870,202211.0
43,A10026797,0,0,0,0,0,0,4268400,10196790,226480,4209470,202211.0
44,A15004507,0,0,0,0,0,0,11646227,86099120,0,28754460,202211.0
45,A15004503,0,0,47060,0,0,0,2012350,10866530,0,0,202211.0
46,A15004506,0,0,0,0,0,0,4197330,20078130,245110,9566430,202211.0
47,A15004505,0,0,0,0,0,0,2306679,19613600,0,8321090,202211.0
48,A15004501,0,0,0,0,0,0,1911380,6305600,0,4058420,202211.0
49,A10024789,0,0,0,0,0,0,13177125,42253750,947890,12859530,202211.0
50,A15081001,0,0,226760,0,0,0,4180793,12288410,144420,0,202211.0
51,A15081002,-1377490,1369480,0,0,0,0,4134484,36831980,0,13851270,202211.0
52,A15083202,0,0,0,0,0,0,4132800,12127690,923600,7254850,202211.0
53,A15083201,0,0,24400,0,0,0,1821080,5731190,105490,2937600,202211.0
54,A15076702,0,0,0,0,0,0,14728340,44315070,1923830,14275200,202211.0
55,A15076701,,,,,,,,,,,202211.0
56,A15009201,0,0,118660,0,0,0,3304866,9776880,45940,5602030,202211.0
57,A15083602,0,0,64370,0,0,0,10357040,0,5828190,0,202211.0
58,A15083404,0,0,0,0,0,0,8003975,62426570,0,26266970,202211.0
59,A15083603,0,0,0,0,0,0,7861446,40032730,0,19298020,202211.0
60,A15076801,,,,,,,,,,,202211.0
61,A10027023,,,,,,,,,,,202211.0
62,A15083601,0,0,0,0,0,0,1188370,10710440,650700,0,202211.0
63,A10024832,,,,,,,,,,,202211.0
64,A15009402,0,0,13460,0,0,0,6077180,13939220,141520,6727450,202211.0
65,A15009401,0,0,0,0,0,0,1753490,10348440,676840,3735720,202211.0
66,A15009505,0,0,0,0,0,0,2500955,10759970,636270,0,202211.0
67,A15009503,0,0,0,0,0,0,2737180,5790650,0,6270000,202211.0
68,A15009501,0,0,0,0,0,0,2151210,0,0,0,202211.0
69,A15009504,0,0,0,0,0,0,2889920,10780670,0,5495450,202211.0
70,A15009502,0,0,0,0,0,0,7423790,7423790,0,399230,202211.0
71,A10026197,0,0,0,0,0,0,1835490,9783880,0,4160490,202211.0
72,A15009607,0,0,0,0,0,0,2206047,9338370,34630,5468190,202211.0
73,A15009606,0,0,0,0,0,0,3554223,10368900,0,0,202211.0
74,A15009602,0,0,0,0,0,0,596760,6454120,0,0,202211.0
75,A15009605,0,0,0,0,0,0,1938220,8464730,0,0,202211.0
76,A15009604,0,0,0,0,0,0,1631710,8575370,0,0,202211.0
77,A15009603,0,0,0,0,0,0,2416520,7399020,-8806580,8806580,202211.0
78,A15009601,0,0,28550,0,0,0,1571572,7007170,42970,3205440,202211.0
79,A10027512,,,,,,,,,,,202211.0
80,A10024925,0,0,0,0,0,0,6943925,17889420,110820,5830260,202211.0
81,A10024495,0,0,0,0,0,0,5192420,10091780,250010,4466670,202211.0
82,A15086202,0,0,0,0,0,0,2980908,12177090,-2660,7176950,202211.0
83,A15086201,0,0,0,0,0,0,2826728,5946220,0,0,202211.0
84,A10024316,0,0,0,0,0,0,5346050,14339310,-81490,4412260,202211.0
85,A15010203,0,0,0,0,0,0,9800640,10650640,0,0,202211.0
86,A15010202,0,0,0,0,0,0,4081579,13024950,0,0,202211.0
87,A15010201,0,0,0,0,0,0,1741290,0,0,0,202211.0
88,A10025034,,,,,,,,,,,202211.0
89,A15010303,0,0,0,0,0,0,2755750,7146530,139220,3519630,202211.0
90,A15010305,0,0,11380,0,0,0,2567971,11745240,-420,5604650,202211.0
91,A15010302,0,0,0,0,0,0,2195420,5405390,0,3107960,202211.0
92,A15010307,0,0,0,0,0,0,6122608,25850230,0,14865480,202211.0
93,A15010304,0,0,0,0,-282850,279670,-2976850,7745990,503380,3853230,202211.0
94,A15010306,0,0,0,0,0,0,2118832,22795150,800,10128430,202211.0
95,A15010301,0,0,35870,0,0,0,2947750,6064650,0,6006060,202211.0
96,A10026457,,,,,,,,,,,202211.0
97,A15086601,0,0,0,0,0,0,10026750,6932560,-21000,-21000,202211.0
98,A15086702,0,0,0,0,0,0,9627139,0,0,0,202211.0
99,A15086603,0,0,0,0,0,0,1980226,16317930,152520,0,202211.0
100,A15010501,0,0,1670,0,0,0,2045020,6358550,314500,5946780,202211.0
101,A15010502,96138880,0,0,0,0,24004000,2227610,47085430,2263460,21043720,202211.0
102,A15010602,0,0,81160,0,0,0,2343310,9924140,0,0,202211.0
103,A15010601,0,0,0,0,0,0,1895000,8826260,0,3526710,202211.0
104,A15005401,0,0,0,0,0,0,1111440,5923310,71200,3510770,202211.0
105,A15005301,0,0,0,0,0,0,2722960,11862400,0,0,202211.0
106,A15005402,0,0,39870,0,0,0,3846760,34808020,159930,13466590,202211.0
107,A15005001,0,0,0,0,0,0,4372021,16964290,0,0,202211.0
108,A15085404,0,0,0,0,0,0,4192701,14770290,0,0,202211.0
109,A15086007,0,0,267370,0,0,0,7062790,21168510,1743050,13983910,202211.0
110,A15005102,0,0,0,0,0,0,1046570,4264310,537700,1960990,202211.0
111,A15083703,0,0,0,0,0,0,1690690,13699610,0,6815970,202211.0
112,A15005302,0,0,0,0,0,0,3149595,15563110,0,7266840,202211.0
113,A15086001,0,0,0,0,0,0,2904320,8233090,0,3632210,202211.0
114,A15096001,0,0,90540,0,0,0,1893490,10447790,299970,3908840,202211.0
115,A15085805,0,0,0,0,0,0,800850,8160860,1690,5278190,202211.0
116,A15005705,-252280,114298110,0,0,0,16368000,11111802,44819620,-691250,24454230,202211.0
117,A15083701,0,0,4930,0,0,0,810390,3394060,0,0,202211.0
118,A15005602,0,0,0,0,0,0,194500,7331160,0,3557210,202211.0
119,A15005501,0,0,0,0,0,0,4223760,16219980,0,5504460,202211.0
120,A15005303,0,0,0,0,0,0,3427492,20701860,0,0,202211.0
121,A15086006,0,0,50170,0,0,0,7163823,27208950,0,27021000,202211.0
122,A15005603,0,0,0,0,0,0,2590457,9216290,708110,5646520,202211.0
123,A15086004,0,0,0,0,-786540,786540,3682378,16748700,0,7151570,202211.0
124,A10027755,0,0,0,0,0,0,5082500,51385610,0,16302300,202211.0
125,A10027073,0,0,-1241710,1241710,0,0,23828782,71894650,0,29923670,202211.0
126,A10026182,,,,,,,,,,,202211.0
127,A10025024,0,0,0,0,0,0,14836558,42120040,253790,15733690,202211.0
128,A10025562,0,0,0,0,0,0,7179766,22044120,749210,9220700,202211.0
129,A10025070,0,0,0,0,0,0,23276832,62846210,1103160,25105950,202211.0
130,A10024470,0,0,121250,0,0,0,5170970,31552890,1431280,9401030,202211.0
131,A10024615,0,0,0,0,0,0,43242410,55651560,335460,21104110,202211.0
132,A10023715,0,0,0,0,0,0,18071930,31258210,405590,10736470,202211.0
133,A15081503,107260,0,0,0,0,0,3994790,12019480,0,0,202211.0
134,A15081107,22413430,86660970,0,0,-27792000,27792000,6473243,43847600,6167210,0,202211.0
135,A15081201,0,0,0,0,0,0,920190,8120000,67650,3714610,202211.0
136,A15007002,0,0,38460,0,0,0,2903167,9560930,100170,4422870,202211.0
137,A15081802,0,0,23850,0,0,0,2173860,8725820,0,4468370,202211.0
138,A15081602,0,0,0,0,0,0,2973109,10572510,0,0,202211.0
139,A15007101,0,0,0,0,0,0,1616693,0,0,0,202211.0
140,A15081604,0,0,0,0,0,0,4980767,15049330,81120,9285090,202211.0
141,A15081105,0,0,456290,0,0,0,4315790,16626600,0,7997480,202211.0
142,A15095002,0,0,0,0,0,0,1994600,8778760,8620,3480750,202211.0
143,A15081606,0,0,0,0,0,0,4125900,16812390,0,0,202211.0
144,A15095001,0,0,0,0,0,0,2850030,6593910,84170,3422690,202211.0
145,A10027381,0,0,0,0,0,0,3452736,11215150,7440,4061490,202211.0
146,A10026761,0,0,15150,0,0,0,11520810,0,3387510,0,202211.0
147,A10024725,0,0,0,0,0,0,16051550,31330420,0,14324840,202211.0
148,A10024829,,,,,,,,,,,202211.0
149,A10023516,,,,,,,,,,,202211.0
