,kaptCode,heatC,heatP,gasC,gasP,waterHotC,waterHotP,electC,electP,waterCoolC,waterCoolP,Date
0,A15003001,0,0,0,0,0,0,790925,12039170,0,9248700,202212.0
1,A15003002,0,0,0,0,0,0,25927853,91388670,0,47684370,202212.0
2,A10026311,,,,,,,,,,,202212.0
3,A15003701,0,0,0,0,0,0,8840140,23813140,640,9655300,202212.0
4,A10026816,0,0,0,0,0,0,89731353,0,20273780,0,202212.0
5,A10026801,,,,,,,,,,,202212.0
6,A15003801,0,0,0,0,0,0,4041397,22442900,-32110,7853810,202212.0
7,A15003802,0,0,9190,0,0,0,6155740,23126060,619050,20585880,202212.0
8,A15089513,80,59369590,0,0,0,3639000,3172110,11003580,0,4593720,202212.0
9,A15076302,8146560,122178980,0,0,0,22776600,28674776,60152830,1819660,11433930,202212.0
10,A15089421,0,410261337,0,0,0,32420100,26388382,60420220,0,24483480,202212.0
11,A15001020,1500,258802560,0,0,0,15505400,13895870,49554550,0,15021680,202212.0
12,A15088717,156412800,0,0,0,0,9435000,3335500,28260700,0,10228640,202212.0
13,A15001004,75457220,0,0,0,0,0,4897220,0,89590,0,202212.0
14,A15001016,136970270,0,0,0,-20345000,20345000,18279522,23007670,0,14190650,202212.0
15,A15001009,5942110,121343190,0,0,0,5943000,4379220,15541130,300000,8668290,202212.0
16,A15089510,0,0,0,0,0,0,6447410,0,0,0,202212.0
17,A15089411,124724430,0,0,588490,9236500,9236500,11413716,17723290,6044640,5966820,202212.0
18,A15001003,2707084,75422496,0,0,0,3808790,5579715,15138100,0,3826420,202212.0
19,A15088208,110,59543760,0,0,0,4854000,3296240,10105760,0,8472140,202212.0
20,A15088918,193466890,0,0,0,0,9657000,18386795,26650730,0,11293530,202212.0
21,A15001012,0,88624970,0,0,0,3672000,8535312,13864340,813170,5059470,202212.0
22,A15001019,-590,204490760,0,0,0,16828000,262770,46427848,0,13120850,202212.0
23,A15001001,31103200,31103200,0,0,1350000,1350000,7697220,7697220,2155740,2155740,202212.0
24,A15088802,0,37055650,0,0,0,3237500,4069260,7832300,0,2904700,202212.0
25,A15080002,0,0,128080,0,0,0,4983617,18504050,188600,0,202212.0
26,A15004101,0,0,0,0,0,0,3129345,7484000,5383320,0,202212.0
27,A15004201,31531260,28518730,0,0,10368000,10320000,16318177,11486290,4685910,4683790,202212.0
28,A15004202,0,0,0,0,0,0,7140109,31437170,-210,14364360,202212.0
29,A10023489,0,0,0,0,0,0,21223020,0,1796830,0,202212.0
30,A15080402,0,0,0,0,0,0,7107510,5662090,2632550,2635800,202212.0
31,A15072001,0,0,0,0,0,0,3926684,11569650,0,5448470,202212.0
32,A15080204,0,0,0,0,0,0,4557590,13484590,104780,5908750,202212.0
33,A15080205,0,0,103140,0,0,0,6654570,23358790,1072230,9353700,202212.0
34,A15072002,0,0,0,0,0,0,2602090,6825200,19240,3063440,202212.0
35,A10024834,,,,,,,,,,,202212.0
36,A15004406,0,0,0,0,0,0,3626840,18192050,96310,8791970,202212.0
37,A15080507,0,0,0,0,0,0,15138950,37690080,826880,17076320,202212.0
38,A15004403,0,0,0,0,0,0,7366440,14431470,0,5667290,202212.0
39,A15004405,0,0,0,0,0,0,2138650,17071570,35190,6574820,202212.0
40,A15080501,0,0,0,0,0,0,2788244,8398020,217510,4367560,202212.0
41,A15072201,0,0,0,0,0,0,8082340,27562330,20180,6060140,202212.0
42,A10027684,0,0,0,0,0,0,2989670,10102270,250100,2690960,202212.0
43,A10026797,0,0,0,0,0,0,5202760,11510950,197290,3916310,202212.0
44,A15004507,0,0,0,0,0,0,15246179,84473620,0,29179960,202212.0
45,A15004503,0,0,111740,0,0,0,3577860,11570000,0,10695200,202212.0
46,A15004506,0,0,0,0,0,0,4493310,24192500,498990,9015030,202212.0
47,A15004505,0,0,0,0,0,0,6905081,22323720,0,8298520,202212.0
48,A15004501,0,0,0,0,0,0,1521750,6886010,0,3477570,202212.0
49,A10024789,0,0,0,0,0,0,17886074,48480070,1056110,12979990,202212.0
50,A15081001,0,0,377320,0,0,0,4568038,12290760,144420,0,202212.0
51,A15081002,-1258750,1252680,0,0,0,0,4439087,45650810,0,14198430,202212.0
52,A15083202,0,0,0,0,0,0,4418850,12728380,-297110,7084990,202212.0
53,A15083201,0,0,38080,0,0,0,1886680,5947890,116100,2885020,202212.0
54,A15076702,0,0,0,0,0,0,17211800,45525490,1412230,13585540,202212.0
55,A15076701,,,,,,,,,,,202212.0
56,A15009201,0,0,188640,0,0,0,3575748,11002130,111660,5542420,202212.0
57,A15083602,0,0,124100,0,0,0,10970630,0,5919240,0,202212.0
58,A15083404,0,0,0,0,0,0,8724069,73403990,0,25685360,202212.0
59,A15083603,0,0,0,0,0,0,20485067,46471830,0,18568390,202212.0
60,A15076801,,,,,,,,,,,202212.0
61,A10027023,,,,,,,,,,,202212.0
62,A15083601,0,0,0,0,0,0,1324640,13126410,708750,0,202212.0
63,A10024832,,,,,,,,,,,202212.0
64,A15009402,0,0,107460,0,0,0,7790400,15818990,86190,6262320,202212.0
65,A15009401,0,0,13340,0,0,0,1734430,13022620,319140,3160190,202212.0
66,A15009505,0,0,0,0,0,0,3676762,12090270,0,0,202212.0
67,A15009503,0,0,0,0,0,0,1555930,6870150,-6144020,6144020,202212.0
68,A15009501,0,0,0,0,0,0,2717720,0,0,0,202212.0
69,A15009504,0,0,0,0,0,0,4356322,10877240,0,5452980,202212.0
70,A15009502,0,0,0,0,0,0,7625100,7625100,0,0,202212.0
71,A10026197,0,0,0,0,0,0,3286920,10999140,0,3947360,202212.0
72,A15009607,0,0,0,0,0,0,2956912,10807350,200320,5404690,202212.0
73,A15009606,0,0,0,0,0,0,3405818,10869680,0,0,202212.0
74,A15009602,0,0,0,0,0,0,1346836,5184430,0,0,202212.0
75,A15009605,0,0,0,0,0,0,2250190,8796940,0,0,202212.0
76,A15009604,0,0,0,0,0,0,1820050,8784210,0,0,202212.0
77,A15009603,0,0,0,0,0,0,2610817,7618720,0,0,202212.0
78,A15009601,0,0,52660,0,0,0,1705903,7293930,348670,3006700,202212.0
79,A10027512,,,,,,,,,,,202212.0
80,A10024925,0,0,0,0,0,0,8321390,18971750,129250,5824990,202212.0
81,A10024495,0,0,0,0,0,0,11665290,10509950,218380,4278070,202212.0
82,A15086202,0,0,0,0,0,0,3833769,12838410,-2150,7425690,202212.0
83,A15086201,0,0,0,0,0,0,2947310,6205960,0,0,202212.0
84,A10024316,0,0,0,0,0,0,5734490,16640090,21270,4508980,202212.0
85,A15010203,0,0,0,0,0,0,2394457,10637450,0,0,202212.0
86,A15010202,0,0,0,0,0,0,4531590,13066360,0,0,202212.0
87,A15010201,0,0,0,0,0,0,1975600,0,10,4593150,202212.0
88,A10025034,,,,,,,,,,,202212.0
89,A15010303,0,0,0,0,0,0,3399460,7440890,4580,3446400,202212.0
90,A15010305,0,0,65050,0,0,0,3916708,12819350,-290,6243780,202212.0
91,A15010302,0,0,0,0,0,0,2084340,5757970,0,3042970,202212.0
92,A15010307,0,0,0,0,0,0,7066012,29050810,0,14424110,202212.0
93,A15010304,0,0,0,0,-282850,279670,2164740,7745990,54090,3853230,202212.0
94,A15010306,0,0,0,0,0,0,2126026,24510150,-1450,10118020,202212.0
95,A15010301,0,0,163460,0,0,0,3102850,6286730,0,0,202212.0
96,A10026457,,,,,,,,,,,202212.0
97,A15086601,0,0,0,0,0,0,2208780,7371970,0,6132060,202212.0
98,A15086702,0,0,0,0,0,0,10442043,0,7235210,0,202212.0
99,A15086603,0,0,0,0,0,0,2029716,17149300,0,0,202212.0
100,A15010501,0,0,56680,0,0,0,1376130,7516120,0,0,202212.0
101,A15010502,201094720,0,0,0,0,26012000,17839325,45003280,4619810,17900180,202212.0
102,A15010602,0,0,298090,0,0,0,14995180,0,9216820,0,202212.0
103,A15010601,0,0,0,0,0,0,3106930,10679440,0,3618650,202212.0
104,A15005401,0,0,0,0,0,0,2168950,6919400,56460,3341980,202212.0
105,A15005301,0,0,0,0,0,0,3019520,12902250,0,0,202212.0
106,A15005402,0,0,54890,0,0,0,3463050,45053640,252100,14593480,202212.0
107,A15005001,0,0,0,0,0,0,5352775,18271440,0,0,202212.0
108,A15085404,0,0,0,0,0,0,5725517,15912820,698060,0,202212.0
109,A15086007,0,0,423800,0,0,0,10123720,25289220,1442750,13151590,202212.0
110,A15005102,0,0,0,0,0,0,1549140,4340350,423520,1985700,202212.0
111,A15083703,0,0,0,0,0,0,1094870,14708550,0,5734390,202212.0
112,A15005302,0,0,0,0,0,0,4549727,18023190,0,7266840,202212.0
113,A15086001,0,0,0,0,0,0,4189060,9677440,-176040,3532100,202212.0
114,A15096001,0,0,159540,0,0,0,869370,10633710,215950,3782170,202212.0
115,A15085805,0,0,0,0,0,0,1202890,8195520,0,0,202212.0
116,A15005705,-1286680,229616140,0,0,0,20094000,13358940,51256460,440630,23291940,202212.0
117,A15083701,0,0,53350,0,0,0,857990,3715750,0,0,202212.0
118,A15005602,0,0,0,0,0,0,396840,7918760,8160,3436760,202212.0
119,A15005501,0,0,0,0,0,0,4959251,17094330,0,5132510,202212.0
120,A15005303,0,0,0,0,0,0,4861326,22627960,0,0,202212.0
121,A15086006,0,0,353080,0,0,0,6723909,32660750,0,0,202212.0
122,A15005603,0,0,0,0,0,0,3185537,10563250,813410,5420370,202212.0
123,A15086004,0,0,0,0,-658930,658930,5669268,19672780,0,8281400,202212.0
124,A10027755,0,0,0,0,0,0,16620866,64074504,0,14581280,202212.0
125,A10027073,0,0,-1719730,1719730,0,0,31675130,83926660,0,28251610,202212.0
126,A10026182,,,,,,,,,,,202212.0
127,A10025024,0,0,0,0,0,0,14951166,42449220,170040,14979680,202212.0
128,A10025562,0,0,0,0,0,0,7925791,23006190,504930,9819750,202212.0
129,A10025070,0,0,0,0,0,0,41020541,72634670,2272990,22366760,202212.0
130,A10024470,0,0,0,0,0,0,9583100,28913560,2942440,9726940,202212.0
131,A10024615,0,0,0,0,0,0,42769600,53267790,0,21873140,202212.0
132,A10023715,0,0,0,0,0,0,20286330,34195390,1384770,10334540,202212.0
133,A15081503,134390,0,0,0,0,0,5576180,14631050,44400,0,202212.0
134,A15081107,25989780,212862630,0,0,-35268000,35268000,14573546,54090470,9540400,0,202212.0
135,A15081201,0,0,0,0,0,0,906140,8296040,145010,3732020,202212.0
136,A15007002,0,0,94910,0,0,0,3054554,9878830,119840,4316070,202212.0
137,A15081802,0,0,148240,0,0,0,1952060,10757040,0,4610190,202212.0
138,A15081602,0,0,0,0,0,0,3171047,11139210,0,0,202212.0
139,A15007101,0,0,0,0,0,0,1707470,0,0,0,202212.0
140,A15081604,0,0,0,0,0,0,4375083,15976790,-10530,9229240,202212.0
141,A15081105,0,0,992730,0,0,0,4094585,17604940,0,7859370,202212.0
142,A15095002,0,0,0,0,0,0,2127600,9206160,21750,3752700,202212.0
143,A15081606,0,0,0,0,0,0,5534140,18921800,0,0,202212.0
144,A15095001,0,0,0,0,0,0,2916575,6765580,198970,3334500,202212.0
145,A10027381,0,0,0,0,0,0,4180158,11769730,43330,4051480,202212.0
146,A10026761,0,0,159300,0,0,0,4596910,8610980,1128800,1768410,202212.0
147,A10024725,0,0,0,0,0,0,16795390,32479430,0,13777380,202212.0
148,A10024829,,,,,,,,,,,202212.0
149,A10023516,0,0,0,0,0,0,1818440,0,1171100,0,202212.0
