,kaptCode,heatC,heatP,gasC,gasP,waterHotC,waterHotP,electC,electP,waterCoolC,waterCoolP,Date
0,A15003001,0,0,0,0,0,0,-1124546,15623230,0,0,202207.0
1,A15003002,0,0,0,0,0,0,17316808,111042850,0,50348350,202207.0
2,A10026311,,,,,,,,,,,202207.0
3,A15003701,0,0,0,0,0,0,33787450,0,10556060,0,202207.0
4,A10026816,0,0,0,0,0,0,123906996,0,20744350,0,202207.0
5,A10026801,,,,,,,,,,,202207.0
6,A15003801,0,0,0,0,0,0,-788500,28238430,-32700,8673040,202207.0
7,A15003802,0,0,0,0,0,0,5886910,25740360,0,0,202207.0
8,A15089513,700,1017490,0,0,0,3252000,120110,12931810,41640,5184940,202207.0
9,A15076302,5720310,0,0,0,0,7979850,23001253,129470380,2326290,12685470,202207.0
10,A15089421,0,16817170,0,0,0,15842200,19005338,90365270,0,24337444,202207.0
11,A15001020,1100,5111240,0,0,0,9157300,566530,63051950,0,15549260,202207.0
12,A15088717,5355610,0,0,0,0,5673000,504430,35805880,211500,10650900,202207.0
13,A15001004,2152070,0,0,0,0,0,2965230,0,240130,0,202207.0
14,A15001016,3162878,0,0,0,0,6839370,1111918,32493800,0,10678600,202207.0
15,A15001009,1556950,0,0,0,3498000,0,22946210,0,6221310,0,202207.0
16,A15089510,0,4057200,0,0,0,4203000,4136995,26310740,0,7587750,202207.0
17,A15089411,0,2918230,0,0,0,4305600,4187775,26862580,0,6656410,202207.0
18,A15001003,80,1999200,0,0,0,1832500,2583998,24482750,0,4424990,202207.0
19,A15088208,6750,647160,0,0,0,2913000,854660,12688600,0,0,202207.0
20,A15088918,6221650,0,0,0,0,6453000,16495500,51695240,0,12359550,202207.0
21,A15001012,-1720,4663750,0,0,0,2832000,4549291,20045260,466890,5629360,202207.0
22,A15001019,-720,3368880,0,0,0,10092000,1973410,56825010,0,14110920,202207.0
23,A15001001,1418980,1418980,0,0,1017500,1017500,8994280,8994280,2595320,2595320,202207.0
24,A15088802,0,331200,0,0,0,1236900,1677640,11421340,0,3124590,202207.0
25,A15080002,0,0,0,0,0,0,2109115,21642300,0,0,202207.0
26,A15004101,0,0,0,0,0,0,2579700,10324390,0,0,202207.0
27,A15004201,0,0,0,0,-41380,4021820,2141233,14991000,250,5173990,202207.0
28,A15004202,0,0,3290,0,0,0,5100094,39125010,-5320,16090410,202207.0
29,A10023489,,,,,,,,,,,202207.0
30,A15080402,0,0,0,0,0,0,5716800,6079300,2975620,2975620,202207.0
31,A15072001,0,0,0,0,0,0,4688825,12453250,0,5656440,202207.0
32,A15080204,0,0,0,0,0,0,3450400,14632330,0,6081510,202207.0
33,A15080205,0,0,0,0,0,0,7970380,32101610,981180,10613310,202207.0
34,A15072002,0,0,0,0,0,0,158160,10629740,61390,3358230,202207.0
35,A10024834,,,,,,,,,,,202207.0
36,A15004406,0,0,0,0,0,0,1510000,22339020,267790,9957130,202207.0
37,A15080507,0,0,0,0,0,0,11077450,47008210,19430,21353700,202207.0
38,A15004403,0,0,0,0,0,0,5070530,18865550,-26840,6393280,202207.0
39,A15004405,0,0,0,0,0,0,1508880,18982060,160720,7373560,202207.0
40,A15080501,0,0,0,0,0,0,2035423,9031340,89100,4869830,202207.0
41,A15072201,0,0,0,0,0,0,6273860,65864630,0,6527960,202207.0
42,A10027684,0,0,0,0,0,0,1279850,13587800,402430,2809660,202207.0
43,A10026797,0,0,0,0,0,0,4514110,19914490,207070,4228880,202207.0
44,A15004507,0,0,0,0,0,0,12162757,99412100,0,31902920,202207.0
45,A15004503,0,0,1840,0,0,0,2996750,16471440,0,0,202207.0
46,A15004506,0,0,0,0,0,0,872390,31208560,0,9862960,202207.0
47,A15004505,0,0,0,0,0,0,343575,32645240,0,9060890,202207.0
48,A15004501,0,0,0,0,0,0,1212580,7475300,0,4122960,202207.0
49,A10024789,0,0,0,0,0,0,18381460,74898200,292250,13315590,202207.0
50,A15081001,0,0,27670,0,0,0,3644510,12823850,217500,0,202207.0
51,A15081002,-1522210,1513360,0,0,0,0,3258113,59320090,0,14019400,202207.0
52,A15083202,0,0,0,0,0,0,4226470,13770300,-288750,7460800,202207.0
53,A15083201,0,0,11070,0,0,0,1425990,7107000,78450,3048600,202207.0
54,A15076702,0,0,0,0,0,0,17498980,58326890,1798460,14519780,202207.0
55,A15076701,,,,,,,,,,,202207.0
56,A15009201,0,0,46110,0,0,0,1400483,15137500,61650,6137250,202207.0
57,A15083602,0,0,0,0,0,0,15710340,15029930,6684730,6345690,202207.0
58,A15083404,0,0,0,0,0,0,2106752,112850920,0,29285710,202207.0
59,A15083603,0,0,0,0,0,0,14262847,70500330,0,19303650,202207.0
60,A15076801,,,,,,,,,,,202207.0
61,A10027023,,,,,,,,,,,202207.0
62,A15083601,0,0,0,0,0,0,105910,15034330,622350,0,202207.0
63,A10024832,,,,,,,,,,,202207.0
64,A15009402,0,0,1840,0,0,0,3717260,19792420,41850,7056920,202207.0
65,A15009401,0,0,0,0,0,0,1692010,16807540,506400,3919830,202207.0
66,A15009505,0,0,0,0,0,0,-782500,17156690,476450,0,202207.0
67,A15009503,0,0,0,0,0,0,1804430,6960700,0,6354000,202207.0
68,A15009501,0,0,0,0,0,0,2401560,0,0,0,202207.0
69,A15009504,0,0,0,0,0,0,2466867,17981960,0,5850350,202207.0
70,A15009502,0,0,0,0,0,0,7728740,7728740,147408,147408,202207.0
71,A10026197,0,0,0,0,0,0,3354090,16961800,0,4157040,202207.0
72,A15009607,0,0,0,0,0,0,3233114,12106750,126060,5806120,202207.0
73,A15009606,0,0,0,0,0,0,3398734,11479970,0,0,202207.0
74,A15009602,0,0,0,0,0,0,2913773,4763040,0,0,202207.0
75,A15009605,0,0,0,0,0,0,1974893,9646960,0,0,202207.0
76,A15009604,0,0,0,0,0,0,1240810,10305370,0,0,202207.0
77,A15009603,0,0,0,0,0,0,2165914,8337720,-8488330,8488330,202207.0
78,A15009601,0,0,0,0,0,0,1293164,8306660,-449070,3939710,202207.0
79,A10027512,,,,,,,,,,,202207.0
80,A10024925,0,0,0,0,0,0,7154980,29284380,272340,6832980,202207.0
81,A10024495,0,0,0,0,0,0,3794340,27085550,210160,4517020,202207.0
82,A15086202,0,0,0,0,0,0,2296844,16282640,-11430,7757180,202207.0
83,A15086201,0,0,0,0,0,0,2228870,8657340,0,0,202207.0
84,A10024316,0,0,0,0,0,0,5578100,21219600,-49250,4585490,202207.0
85,A15010203,0,0,0,0,0,0,2018208,11372600,0,0,202207.0
86,A15010202,0,0,0,0,0,0,3997093,13452670,0,0,202207.0
87,A15010201,0,0,0,0,0,0,1591610,0,0,0,202207.0
88,A10025034,,,,,,,,,,,202207.0
89,A15010303,0,0,0,0,0,0,2733386,9323660,155770,3510300,202207.0
90,A15010305,0,0,3180,0,0,0,3360543,15348540,-370,12005050,202207.0
91,A15010302,0,0,0,0,0,0,1868760,5515590,0,3184770,202207.0
92,A15010307,0,0,0,0,0,0,4365459,34810700,0,16068190,202207.0
93,A15010304,0,0,0,0,0,0,1601200,9655170,308410,4227120,202207.0
94,A15010306,0,0,0,0,0,0,1228933,31231180,140,10594350,202207.0
95,A15010301,0,0,9220,0,0,0,2785110,8363830,0,6184320,202207.0
96,A10026457,,,,,,,,,,,202207.0
97,A15086601,0,0,0,0,0,0,13274280,10077590,0,0,202207.0
98,A15086702,0,0,0,0,0,0,11054566,0,0,0,202207.0
99,A15086603,0,0,0,0,0,0,606899,21708470,0,0,202207.0
100,A15010501,0,0,0,0,0,0,1592737,9173040,333520,6162360,202207.0
101,A15010502,8922700,0,0,0,0,13303500,8321381,61527260,1778090,22554460,202207.0
102,A15010602,0,0,17930,0,0,0,3279720,14235240,0,0,202207.0
103,A15010601,0,0,0,0,0,0,2311140,10789870,0,4239190,202207.0
104,A15005401,0,0,0,0,0,0,391710,7364620,142600,3891820,202207.0
105,A15005301,0,0,0,0,0,0,1505050,14996410,0,0,202207.0
106,A15005402,0,0,40430,0,0,0,2597330,51919450,133990,15406590,202207.0
107,A15005001,0,0,0,0,0,0,2812290,24648230,0,0,202207.0
108,A15085404,0,0,0,0,0,0,2599629,18333420,0,0,202207.0
109,A15086007,0,0,18510,0,0,0,6109260,31721890,1282700,13591110,202207.0
110,A15005102,0,0,0,0,0,0,744200,5234270,547210,2061930,202207.0
111,A15083703,0,0,0,0,0,0,94290,16686800,0,6285680,202207.0
112,A15005302,0,0,0,0,0,0,3137558,21712610,0,7458540,202207.0
113,A15086001,0,0,0,0,0,0,1370913,14009380,0,3737050,202207.0
114,A15096001,0,0,50020,0,0,0,1468310,11981970,250740,3947460,202207.0
115,A15085805,0,0,0,0,0,0,892230,8920700,0,5971500,202207.0
116,A15005705,-251880,19552620,0,0,0,11082000,13070260,67081571,85580,25732670,202207.0
117,A15083701,0,0,11690,0,0,0,862300,4604610,0,0,202207.0
118,A15005602,0,0,0,0,0,0,-323840,9723840,-135650,3680900,202207.0
119,A15005501,0,0,0,0,0,0,4829413,23026590,0,6146310,202207.0
120,A15005303,0,0,0,0,0,0,2510803,26531440,0,0,202207.0
121,A15086006,0,0,19470,0,0,0,10769307,39848300,0,27672750,202207.0
122,A15005603,0,0,0,0,0,0,491574,12706520,422370,6174100,202207.0
123,A15086004,0,0,0,0,-833780,833780,3777038,24496520,0,8513420,202207.0
124,A10027755,0,0,0,0,0,0,27482380,62600370,0,16313390,202207.0
125,A10027073,0,0,-1055530,1055530,0,0,38056823,115216540,0,32238970,202207.0
126,A10026182,,,,,,,,,,,202207.0
127,A10025024,0,0,0,0,0,0,20139200,46739851,678250,16045230,202207.0
128,A10025562,0,0,0,0,0,0,9214771,29712520,911530,9965120,202207.0
129,A10025070,0,0,0,0,0,0,34415381,107877230,1666360,25730290,202207.0
130,A10024470,0,0,0,0,0,0,15049730,39579630,4206750,10336540,202207.0
131,A10024615,0,0,0,0,0,0,31260511,48783260,0,22529680,202207.0
132,A10023715,,,,,,,,,,,202207.0
133,A15081503,8520,0,0,0,0,0,2414840,17414720,0,0,202207.0
134,A15081107,17292130,1822410,0,0,-20226000,20226000,1771497,63582920,8537440,0,202207.0
135,A15081201,0,0,0,0,0,0,566430,8068270,56540,4243880,202207.0
136,A15007002,0,0,11910,0,0,0,3106453,12550610,100650,4714420,202207.0
137,A15081802,0,0,260,0,0,0,1840970,11730880,0,5160240,202207.0
138,A15081602,0,0,0,0,0,0,2820348,12429660,0,0,202207.0
139,A15007101,0,0,0,0,0,0,2623630,0,0,0,202207.0
140,A15081604,0,0,0,0,0,0,4844196,15515080,146740,9615380,202207.0
141,A15081105,0,0,6040,0,0,0,5552152,19910110,0,9061160,202207.0
142,A15095002,0,0,0,0,0,0,2558150,11185000,22800,3743250,202207.0
143,A15081606,0,0,0,0,0,0,3564610,25401790,0,0,202207.0
144,A15095001,0,0,0,0,0,0,3036369,7500980,-280,3950320,202207.0
145,A10027381,0,0,0,0,0,0,4094637,15611260,87800,4524270,202207.0
146,A10026761,0,0,2200,0,0,0,3045410,12970880,1454710,1767000,202207.0
147,A10024725,0,0,0,0,0,0,67864410,0,14351850,0,202207.0
148,A10024829,,,,,,,,,,,202207.0
149,A10023516,,,,,,,,,,,202207.0
