,kaptCode,heatC,heatP,gasC,gasP,waterHotC,waterHotP,electC,electP,waterCoolC,waterCoolP,Date
0,A15003001,0,0,0,0,0,0,-136752,12696630,0,0,202209.0
1,A15003002,0,0,0,0,0,0,10293734,99574410,0,51750720,202209.0
2,A10026311,,,,,,,,,,,202209.0
3,A15003701,0,0,0,0,0,0,5410630,19428750,17260,10477840,202209.0
4,A10026816,0,0,0,0,0,0,78508810,0,17275240,0,202209.0
5,A10026801,,,,,,,,,,,202209.0
6,A15003801,0,0,0,0,0,0,0,24055740,-31830,8126410,202209.0
7,A15003802,0,0,0,0,0,0,6799700,33125780,0,0,202209.0
8,A15089513,-380,1712680,0,0,0,2943000,261310,9858290,29040,4923680,202209.0
9,A15076302,5688410,951940,0,0,0,11613000,11381192,74625020,1109550,13554200,202209.0
10,A15089421,0,17366381,0,0,0,17986900,6301053,62976050,0,23845470,202209.0
11,A15001020,-1180,4981640,0,0,0,10469100,1344850,35733820,0,15330860,202209.0
12,A15088717,5970190,0,0,0,0,5886000,350720,28892620,584270,10272820,202209.0
13,A15001004,1804880,0,0,0,0,0,1624000,0,38060,0,202209.0
14,A15001016,10668490,0,0,0,-7506760,7506760,649979,20596780,0,11030440,202209.0
15,A15001009,2557690,0,0,0,3582000,0,15393300,0,7170310,0,202209.0
16,A15089510,0,4881600,0,592970,0,4206000,-400541,17542970,0,7399050,202209.0
17,A15089411,2705340,0,0,628800,5444400,5444400,2634880,18564600,6973240,6973240,202209.0
18,A15001003,10,2605200,0,0,0,1857500,1366579,13637690,0,4021610,202209.0
19,A15088208,18750,1859520,0,0,0,2859000,1306291,9065640,0,0,202209.0
20,A15088918,6690170,0,0,0,0,6894000,6310770,33169410,0,12228300,202209.0
21,A15001012,0,5071600,0,0,0,2823000,3130632,12478410,56560,5922630,202209.0
22,A15001019,98,1962912,0,0,0,11916000,2330376,40189190,0,14485170,202209.0
23,A15001001,1882640,1882640,0,0,1037500,1037500,6900160,6900160,2154150,2154150,202209.0
24,A15088802,0,274000,0,0,0,1505700,1012600,8094740,0,3304790,202209.0
25,A15080002,0,0,0,0,0,0,2426280,16894430,0,0,202209.0
26,A15004101,0,0,0,0,0,0,1882416,6362110,0,0,202209.0
27,A15004201,0,0,0,0,-40800,4110570,1310811,10865120,50,4953530,202209.0
28,A15004202,0,0,1440,0,0,0,5420438,26162630,540,15827500,202209.0
29,A10023489,,,,,,,,,,,202209.0
30,A15080402,0,0,0,0,0,0,7576580,7440940,2975460,2975550,202209.0
31,A15072001,0,0,0,0,0,0,5321042,15790810,0,5832140,202209.0
32,A15080204,0,0,0,0,0,0,2545850,10887980,30420,6644650,202209.0
33,A15080205,0,0,0,0,0,0,5115390,19531320,1080660,10633080,202209.0
34,A15072002,0,0,0,0,0,0,1412210,5732680,7780,3504120,202209.0
35,A10024834,,,,,,,,,,,202209.0
36,A15004406,0,0,0,0,0,0,2285930,16293320,211230,9740090,202209.0
37,A15080507,0,0,0,0,0,0,12782740,30046710,20630,19110240,202209.0
38,A15004403,0,0,0,0,0,0,3502850,11653410,0,6331050,202209.0
39,A15004405,0,0,0,0,0,0,1384410,14984460,35190,7216770,202209.0
40,A15080501,0,0,0,0,0,0,1852214,10654340,76650,4880170,202209.0
41,A15072201,0,0,0,0,0,0,10065600,25120390,0,6501620,202209.0
42,A10027684,0,0,0,0,0,0,938020,8614500,738280,2575440,202209.0
43,A10026797,0,0,0,0,0,0,3126500,10953280,307310,4191000,202209.0
44,A15004507,0,0,0,0,0,0,12781648,101061750,0,30123240,202209.0
45,A15004503,0,0,1890,0,0,0,2506750,9333100,0,0,202209.0
46,A15004506,0,0,0,0,0,0,3062070,19204700,0,8909170,202209.0
47,A15004505,0,0,0,0,0,0,1023384,19660990,0,9017790,202209.0
48,A15004501,0,0,0,0,0,0,800160,9184470,0,3499090,202209.0
49,A10024789,0,0,0,0,0,0,9749863,44487900,1039960,13459800,202209.0
50,A15081001,0,0,35360,0,0,0,2512063,17081840,217500,0,202209.0
51,A15081002,-1261400,1254200,0,0,0,0,-1076007,40062170,0,14944030,202209.0
52,A15083202,0,0,0,0,0,0,2179840,14929990,-506400,7690580,202209.0
53,A15083201,0,0,35160,0,0,0,1171960,6981040,52370,3116650,202209.0
54,A15076702,0,0,0,0,0,0,17014360,58443933,1491750,14720040,202209.0
55,A15076701,,,,,,,,,,,202209.0
56,A15009201,0,0,23690,0,0,0,2176762,10419830,47030,6018890,202209.0
57,A15083602,0,0,5370,0,0,0,9948210,0,6104160,0,202209.0
58,A15083404,0,0,0,0,0,0,4337501,63212190,0,28098360,202209.0
59,A15083603,0,0,0,0,0,0,10551862,41680430,0,20265020,202209.0
60,A15076801,,,,,,,,,,,202209.0
61,A10027023,,,,,,,,,,,202209.0
62,A15083601,0,0,0,0,0,0,936100,10220710,678000,0,202209.0
63,A10024832,,,,,,,,,,,202209.0
64,A15009402,0,0,2330,0,0,0,5638760,12877660,14610,6854360,202209.0
65,A15009401,0,0,0,0,0,0,1598890,10094380,611300,3864780,202209.0
66,A15009505,0,0,0,0,0,0,-775000,11132180,718160,0,202209.0
67,A15009503,0,0,0,0,0,0,2242890,7973600,0,6396000,202209.0
68,A15009501,0,0,0,0,0,0,1857350,0,0,0,202209.0
69,A15009504,0,0,0,0,0,0,2160442,10982410,0,5258870,202209.0
70,A15009502,0,0,0,0,0,0,9036780,9036780,224760,224760,202209.0
71,A10026197,0,0,0,0,0,0,1623340,9954430,0,4179600,202209.0
72,A15009607,0,0,0,0,0,0,1223480,10093780,158760,5927520,202209.0
73,A15009606,0,0,0,0,0,0,3029722,13424240,0,0,202209.0
74,A15009602,0,0,0,0,0,0,1223200,8181310,0,0,202209.0
75,A15009605,0,0,0,0,0,0,1184370,11763400,0,0,202209.0
76,A15009604,0,0,0,0,0,0,1103860,10181920,0,0,202209.0
77,A15009603,0,0,0,0,0,0,12224953,0,0,0,202209.0
78,A15009601,0,0,0,0,0,0,914764,7886140,210250,3269890,202209.0
79,A10027512,,,,,,,,,,,202209.0
80,A10024925,0,0,0,0,0,0,3804550,18284180,113650,6202420,202209.0
81,A10024495,0,0,0,0,0,0,3969220,12557530,266060,4340510,202209.0
82,A15086202,0,0,0,0,0,0,17199181,0,6800120,0,202209.0
83,A15086201,0,0,0,0,0,0,2226780,6622580,0,0,202209.0
84,A10024316,0,0,0,0,0,0,4540170,18120270,-63540,4307820,202209.0
85,A15010203,0,0,0,0,0,0,14264401,14155300,258540,0,202209.0
86,A15010202,0,0,0,0,0,0,2999467,17075410,0,0,202209.0
87,A15010201,0,0,0,0,0,0,1493490,0,0,0,202209.0
88,A10025034,,,,,,,,,,,202209.0
89,A15010303,0,0,0,0,0,0,1799590,8114670,489260,3282130,202209.0
90,A15010305,0,0,6400,0,0,0,2227574,11380070,-720,6128350,202209.0
91,A15010302,0,0,0,0,0,0,1597920,7048280,0,2961940,202209.0
92,A15010307,0,0,0,0,0,0,5290676,24558930,0,14794900,202209.0
93,A15010304,0,0,0,0,0,0,992470,9046640,553890,3690900,202209.0
94,A15010306,0,0,0,0,0,0,1150513,24359010,-110,11187520,202209.0
95,A15010301,0,0,5970,0,0,0,2443880,6846260,0,6148680,202209.0
96,A10026457,,,,,,,,,,,202209.0
97,A15086601,0,0,0,0,0,0,10670330,7038340,0,0,202209.0
98,A15086702,0,0,0,0,0,0,9923302,0,0,0,202209.0
99,A15086603,0,0,0,0,0,0,-630161,18821590,0,0,202209.0
100,A15010501,0,0,0,0,0,0,943681,7851610,219720,6388430,202209.0
101,A15010502,8516700,0,0,0,0,15582000,1961596,41077930,1670760,22538580,202209.0
102,A15010602,0,0,6670,0,0,0,2353490,9274430,0,0,202209.0
103,A15010601,0,0,0,0,0,0,2660470,7065790,0,3687610,202209.0
104,A15005401,0,0,0,0,0,0,431210,5521710,11930,3887360,202209.0
105,A15005301,0,0,0,0,0,0,1896410,11711760,0,0,202209.0
106,A15005402,0,0,13920,0,0,0,968490,35284740,131870,15892060,202209.0
107,A15005001,0,0,0,0,0,0,4629237,15301690,0,0,202209.0
108,A15085404,0,0,0,0,0,0,3140127,14170190,0,0,202209.0
109,A15086007,0,0,10430,0,0,0,6500050,20353300,986000,14805010,202209.0
110,A15005102,0,0,0,0,0,0,730880,4721440,558410,2062600,202209.0
111,A15083703,0,0,0,0,0,0,0,16126300,0,6352450,202209.0
112,A15005302,0,0,0,0,0,0,2343760,15384670,165460,7172810,202209.0
113,A15086001,0,0,0,0,0,0,1385108,7879990,-518210,3771180,202209.0
114,A15096001,0,0,34540,0,0,0,2433110,14409980,145410,4189820,202209.0
115,A15085805,0,0,0,0,0,0,956620,10481340,0,5509990,202209.0
116,A15005705,-253683,19807540,0,0,0,12444000,10714524,44704550,1908460,23807270,202209.0
117,A15083701,0,0,13080,0,0,0,654880,4576860,0,0,202209.0
118,A15005602,0,0,0,0,0,0,1435410,6830870,376480,3180730,202209.0
119,A15005501,0,0,0,0,0,0,4549978,20600610,0,5860890,202209.0
120,A15005303,0,0,0,0,0,0,3956756,19451500,0,0,202209.0
121,A15086006,0,0,19120,0,0,0,6147346,26459330,0,28111600,202209.0
122,A15005603,0,0,0,0,0,0,1704336,9536340,665043,5971727,202209.0
123,A15086004,0,0,0,0,-700480,700480,2344108,16794960,0,7862790,202209.0
124,A10027755,0,0,0,0,0,0,5948750,49471750,0,16848960,202209.0
125,A10027073,0,0,-658780,658780,0,0,23068709,72743920,0,31134720,202209.0
126,A10026182,,,,,,,,,,,202209.0
127,A10025024,0,0,0,0,0,0,17915060,61516920,101260,16002130,202209.0
128,A10025562,0,0,0,0,0,0,7410627,27093840,1309400,9906100,202209.0
129,A10025070,0,0,0,0,0,0,20951900,64033260,1610330,26116110,202209.0
130,A10024470,0,0,0,0,0,0,13617220,35692840,2764800,9531170,202209.0
131,A10024615,0,0,0,0,0,0,52308480,93634180,2010810,22553640,202209.0
132,A10023715,0,0,0,0,0,0,28675930,0,9806070,0,202209.0
133,A15081503,0,0,0,0,0,0,3085090,11819640,0,0,202209.0
134,A15081107,17966730,3532600,0,0,-21216000,21216000,985122,44535520,7970160,0,202209.0
135,A15081201,0,0,0,0,0,0,523282,9332110,28210,3926070,202209.0
136,A15007002,0,0,7380,0,0,0,2572715,11263390,167390,4964050,202209.0
137,A15081802,0,0,3350,0,0,0,1829040,10075970,0,5259880,202209.0
138,A15081602,0,0,0,0,0,0,2424084,11883900,0,0,202209.0
139,A15007101,0,0,0,0,0,0,289720,0,0,0,202209.0
140,A15081604,0,0,0,0,0,0,593120,23278510,42640,10070310,202209.0
141,A15081105,0,0,12900,0,0,0,3910600,15704300,0,9338850,202209.0
142,A15095002,0,0,0,0,0,0,1759420,9980610,28050,3833550,202209.0
143,A15081606,0,0,0,0,0,0,3807920,16751350,0,0,202209.0
144,A15095001,0,0,0,0,0,0,2477630,7524420,5630,3602820,202209.0
145,A10027381,0,0,0,0,0,0,3785000,13594600,124990,4124950,202209.0
146,A10026761,0,0,2200,0,0,0,2880040,12399160,1403670,1796760,202209.0
147,A10024725,0,0,0,0,0,0,65071497,0,14841100,0,202209.0
148,A10024829,,,,,,,,,,,202209.0
149,A10023516,,,,,,,,,,,202209.0
