,kaptCode,heatC,heatP,gasC,gasP,waterHotC,waterHotP,electC,electP,waterCoolC,waterCoolP,Date
0,A15003001,0,0,0,0,0,0,849149,9660590,0,0,202205.0
1,A15003002,0,0,0,0,0,0,16830738,73543050,0,48802890,202205.0
2,A10026311,,,,,,,,,,,202205.0
3,A15003701,0,0,0,0,0,0,21816180,0,10178480,0,202205.0
4,A10026816,0,0,0,0,0,0,60209720,0,20548070,0,202205.0
5,A10026801,,,,,,,,,,,202205.0
6,A15003801,0,0,0,0,0,0,1663980,17841220,-29150,8449210,202205.0
7,A15003802,0,0,0,0,0,0,5135550,20296400,0,0,202205.0
8,A15089513,-30,2143450,0,0,0,4116000,546290,7581080,56760,4443060,202205.0
9,A15076302,6316150,4298580,0,0,0,16145500,14675586,54559300,2015430,11615010,202205.0
10,A15089421,0,16990269,0,0,0,24577800,8804358,48779450,0,25648700,202205.0
11,A15001020,6657120,6657120,0,0,0,14572600,3978310,30994610,0,15452920,202205.0
12,A15088717,12017190,0,0,0,0,8097000,1645370,19596820,389680,10311930,202205.0
13,A15001004,3013300,0,0,0,0,0,1796770,0,12040,0,202205.0
14,A15001016,3162878,0,0,0,0,10195920,1930256,18434300,0,12923370,202205.0
15,A15001009,0,1057030,0,0,0,4134000,659260,13295010,0,6455190,202205.0
16,A15089510,0,8694000,0,0,0,5469000,1920041,13364150,0,7269050,202205.0
17,A15089411,0,6007430,0,0,0,6555900,3465237,14347540,0,6513450,202205.0
18,A15001003,104,3642576,0,0,0,2437500,1679641,11818310,0,4150870,202205.0
19,A15088208,36770,3624960,0,0,0,3447000,1030340,6886180,0,0,202205.0
20,A15088918,11025530,0,0,0,0,7617000,6468880,25899280,0,11222860,202205.0
21,A15001012,0,6661390,0,0,0,3768000,3135915,10243240,0,5487000,202205.0
22,A15001019,-400,5613760,0,0,0,14804000,1664950,31238440,0,13529630,202205.0
23,A15001001,2458660,3751160,0,0,1292500,1292500,5781390,5781390,2496980,2496980,202205.0
24,A15088802,0,556800,0,0,0,1848000,1120160,6373890,0,3181080,202205.0
25,A15080002,0,0,8100,0,0,0,3258892,13670370,0,0,202205.0
26,A15004101,0,0,0,0,0,0,1976566,5452980,0,0,202205.0
27,A15004201,0,0,0,0,-39190,5460810,2658646,7497180,-40,4944570,202205.0
28,A15004202,0,0,24010,0,0,0,5093815,22813910,1340,15190270,202205.0
29,A10023489,,,,,,,,,,,202205.0
30,A15080402,0,0,0,0,0,0,6277340,4990160,2801270,2801150,202205.0
31,A15072001,0,0,0,0,0,0,3323184,10148580,0,5605610,202205.0
32,A15080204,0,0,0,0,0,0,2285650,9696440,280540,5977580,202205.0
33,A15080205,0,0,17090,0,0,0,5234110,17965460,1044160,9981790,202205.0
34,A15072002,0,0,0,0,0,0,1010670,4945320,25570,3395130,202205.0
35,A10024834,,,,,,,,,,,202205.0
36,A15004406,0,0,0,0,0,0,1593880,13837390,1964660,9654710,202205.0
37,A15080507,0,0,0,0,0,0,12404620,26153970,25780,17063330,202205.0
38,A15004403,0,0,0,0,0,0,3586200,10458650,105290,6057660,202205.0
39,A15004405,0,0,0,0,0,0,1377300,12593010,121210,6941750,202205.0
40,A15080501,0,0,0,0,0,0,2209650,7164140,201060,4490340,202205.0
41,A15072201,0,0,0,0,0,0,4587720,26765690,0,6093990,202205.0
42,A10027684,0,0,0,0,0,0,1153280,7386410,413840,2783490,202205.0
43,A10026797,0,0,0,0,0,0,2953530,9151680,264130,4099150,202205.0
44,A15004507,0,0,0,0,0,0,8447996,70027740,0,32973510,202205.0
45,A15004503,0,0,9270,0,0,0,2586020,8356310,0,0,202205.0
46,A15004506,0,0,0,0,0,0,2311510,16934630,0,9536650,202205.0
47,A15004505,0,0,0,0,0,0,1868078,17135180,0,9069390,202205.0
48,A15004501,0,0,0,0,0,0,1937430,5338030,0,4197990,202205.0
49,A10024789,0,0,0,0,0,0,9641670,37250080,1520300,13392420,202205.0
50,A15081001,0,0,152190,0,0,0,3412120,10734470,217500,0,202205.0
51,A15081002,-1360470,1353620,0,0,0,0,2865683,32007730,0,12684980,202205.0
52,A15083202,0,0,0,0,0,0,3543090,10993760,-340780,7378040,202205.0
53,A15083201,0,0,33580,0,0,0,1572790,5037830,103120,2898000,202205.0
54,A15076702,0,0,0,0,0,0,11708660,39001400,1730970,14125710,202205.0
55,A15076701,,,,,,,,,,,202205.0
56,A15009201,0,0,51980,0,0,0,2515360,7777830,145160,6073330,202205.0
57,A15083602,0,0,1080,0,0,0,8272170,0,6358270,0,202205.0
58,A15083404,0,0,0,0,0,0,6083689,56716530,0,25062960,202205.0
59,A15083603,0,0,0,0,0,0,11193628,37164200,0,18886270,202205.0
60,A15076801,,,,,,,,,,,202205.0
61,A10027023,,,,,,,,,,,202205.0
62,A15083601,0,0,0,0,0,0,1930490,8151580,1302750,0,202205.0
63,A10024832,,,,,,,,,,,202205.0
64,A15009402,0,0,65190,0,0,0,4965150,11388330,36570,6701820,202205.0
65,A15009401,0,0,16920,0,0,0,1435820,9045310,402980,3795680,202205.0
66,A15009505,0,0,0,0,0,0,-787500,10045930,401100,0,202205.0
67,A15009503,0,0,0,0,0,0,2535730,4982270,0,6123000,202205.0
68,A15009501,0,0,0,0,0,0,1706430,0,0,0,202205.0
69,A15009504,0,0,0,0,0,0,2001369,9614750,0,5930490,202205.0
70,A15009502,0,0,0,0,0,0,6736980,6736980,765110,765110,202205.0
71,A10026197,0,0,0,0,0,0,465480,8240980,0,4102550,202205.0
72,A15009607,0,0,0,0,0,0,1939477,7835350,239660,5801940,202205.0
73,A15009606,0,0,0,0,0,0,3167513,8948660,0,0,202205.0
74,A15009602,0,0,0,0,0,0,515077,5387760,0,0,202205.0
75,A15009605,0,0,0,0,0,0,1821270,7621750,0,0,202205.0
76,A15009604,0,0,0,0,0,0,1467180,7565000,0,0,202205.0
77,A15009603,0,0,0,0,0,0,2555210,6479370,258790,8860650,202205.0
78,A15009601,0,0,0,0,0,0,1315761,5828600,351120,3060870,202205.0
79,A10027512,,,,,,,,,,,202205.0
80,A10024925,0,0,0,0,0,0,3977920,15393870,64100,6358530,202205.0
81,A10024495,0,0,0,0,0,0,14049220,0,4534430,0,202205.0
82,A15086202,0,0,0,0,0,0,2064862,9788470,0,7382090,202205.0
83,A15086201,0,0,0,0,0,0,2604284,4616360,0,0,202205.0
84,A10024316,0,0,0,0,0,0,2998770,11869930,-80230,4454830,202205.0
85,A15010203,0,0,0,0,0,0,2440765,9248770,520000,0,202205.0
86,A15010202,0,0,0,0,0,0,3887394,11392730,0,0,202205.0
87,A15010201,0,0,0,0,0,0,1459810,0,0,0,202205.0
88,A10025034,,,,,,,,,,,202205.0
89,A15010303,0,0,0,0,0,0,2408850,6019780,259460,3312870,202205.0
90,A15010305,0,0,45720,0,0,0,2521916,9642160,-330,6127960,202205.0
91,A15010302,0,0,0,0,0,0,1780940,4778190,0,3011900,202205.0
92,A15010307,0,0,0,0,0,0,4454157,20877540,0,15536470,202205.0
93,A15010304,0,0,0,0,0,0,1629560,6527350,365730,3519850,202205.0
94,A15010306,0,0,0,0,0,0,1034495,20283330,-3770,10497040,202205.0
95,A15010301,0,0,6460,0,0,0,2494600,5201300,0,6033320,202205.0
96,A10026457,,,,,,,,,,,202205.0
97,A15086601,0,0,0,0,0,0,7979680,5300810,0,0,202205.0
98,A15086702,0,0,0,0,0,0,8357629,0,0,0,202205.0
99,A15086603,0,0,14830,0,0,0,1387122,13770050,74400,0,202205.0
100,A15010501,0,0,0,0,0,0,2129079,4902560,204090,6060540,202205.0
101,A15010502,18242890,0,0,0,0,18245500,9466470,36218880,3623360,19436530,202205.0
102,A15010602,0,0,63980,0,0,0,2809080,7984920,0,0,202205.0
103,A15010601,0,0,0,0,0,0,1792710,7239940,0,3846480,202205.0
104,A15005401,0,0,0,0,0,0,1270320,5060120,64000,3554940,202205.0
105,A15005301,0,0,0,0,0,0,1802310,10037350,0,0,202205.0
106,A15005402,0,0,73360,0,0,0,1495860,31996630,124350,14691460,202205.0
107,A15005001,0,0,0,0,0,0,4378118,13573560,0,0,202205.0
108,A15085404,0,0,0,0,0,0,3679458,11864580,0,0,202205.0
109,A15086007,0,0,70450,0,0,0,6898680,18093260,2428750,13459680,202205.0
110,A15005102,0,0,0,0,0,0,705020,3649230,577550,1919770,202205.0
111,A15083703,0,0,0,0,0,0,1044640,11616880,0,6432190,202205.0
112,A15005302,0,0,0,0,0,0,2620810,13084620,0,7486090,202205.0
113,A15086001,0,0,0,0,0,0,1525990,7295060,0,3676590,202205.0
114,A15096001,0,0,87140,0,0,0,1451780,9646790,239550,3969150,202205.0
115,A15085805,0,0,0,0,0,0,780900,6774930,0,5969630,202205.0
116,A15005705,44807130,18961540,0,0,17580000,13461000,49912311,45027365,25447320,24113420,202205.0
117,A15083701,0,0,60300,0,0,0,683810,2652460,0,0,202205.0
118,A15005602,0,0,0,0,0,0,437920,6253160,59890,3620110,202205.0
119,A15005501,0,0,0,0,0,0,3407723,14420560,0,6025860,202205.0
120,A15005303,0,0,0,0,0,0,3603756,15457880,0,0,202205.0
121,A15086006,0,0,76100,0,0,0,5467421,23910370,0,27970470,202205.0
122,A15005603,0,0,0,0,0,0,1066411,7219400,260872,5448818,202205.0
123,A15086004,0,0,0,0,-698830,698830,2534768,14731930,0,8813710,202205.0
124,A10027755,0,0,0,0,0,0,12821560,36633260,0,17685020,202205.0
125,A10027073,0,0,-493030,493030,0,0,21953521,63764580,178040,29730290,202205.0
126,A10026182,,,,,,,,,,,202205.0
127,A10025024,0,0,0,0,0,0,12506230,36172650,895490,15015420,202205.0
128,A10025562,0,0,0,0,0,0,5772436,18761760,748500,10482460,202205.0
129,A10025070,0,0,0,0,0,0,17519743,55027010,1924880,24368880,202205.0
130,A10024470,0,0,0,0,0,0,8359710,23718990,1987240,9898310,202205.0
131,A10024615,0,0,0,0,0,0,43081440,51968360,121250,22285320,202205.0
132,A10023715,,,,,,,,,,,202205.0
133,A15081503,91500,0,0,0,0,0,2952300,10441450,0,0,202205.0
134,A15081107,24658830,5262620,0,0,29076000,29076000,3986900,39057440,9778340,0,202205.0
135,A15081201,0,0,0,0,0,0,450400,7305370,94960,4008280,202205.0
136,A15007002,0,0,0,0,0,0,2559424,8770240,0,4103360,202205.0
137,A15081802,0,0,5370,0,0,0,9891600,7646790,4985710,4985710,202205.0
138,A15081602,0,0,0,0,0,0,2762779,9070060,0,0,202205.0
139,A15007101,0,0,0,0,0,0,1097478,0,0,0,202205.0
140,A15081604,0,0,0,0,0,0,4489868,13100660,480700,8979080,202205.0
141,A15081105,0,0,124560,0,0,0,5265555,11976550,0,9254630,202205.0
142,A15095002,0,0,0,0,0,0,1658300,7901900,30150,3697050,202205.0
143,A15081606,0,0,0,0,0,0,3372420,14400590,0,0,202205.0
144,A15095001,0,0,0,0,0,0,1573060,6520170,192090,3836770,202205.0
145,A10027381,0,0,0,0,0,0,2877018,9985950,79870,4454580,202205.0
146,A10026761,0,0,2200,0,0,0,2013100,6935540,1091350,1686090,202205.0
147,A10024725,0,0,0,0,0,0,41887860,0,14047040,0,202205.0
148,A10024829,,,,,,,,,,,202205.0
149,A10023516,,,,,,,,,,,202205.0
