,kaptCode,heatC,heatP,gasC,gasP,waterHotC,waterHotP,electC,electP,waterCoolC,waterCoolP,Date
0,A15003001,0,0,0,0,0,0,705665,10146700,0,9723190,202206.0
1,A15003002,0,0,0,0,0,0,17616799,76413530,0,47455620,202206.0
2,A10026311,,,,,,,,,,,202206.0
3,A15003701,0,0,0,0,0,0,24078970,29296870,10744820,10538140,202206.0
4,A10026816,0,0,0,0,0,0,79511865,0,20199020,0,202206.0
5,A10026801,,,,,,,,,,,202206.0
6,A15003801,0,0,0,0,0,0,1360110,19256440,-29270,8285620,202206.0
7,A15003802,0,0,0,0,0,0,5272670,20701470,0,21107140,202206.0
8,A15089513,-460,721980,0,0,0,3777000,2081510,8289970,72090,4990780,202206.0
9,A15076302,5901430,645570,0,0,0,10900000,18398782,66365740,2877120,11968200,202206.0
10,A15089421,0,16015867,0,0,0,18213400,14473397,56765570,0,23928540,202206.0
11,A15001020,-2050,3585120,0,0,0,11442500,1562520,37910120,0,15839540,202206.0
12,A15088717,4330920,0,0,0,0,7104000,1742820,21970840,0,10820880,202206.0
13,A15001004,1881710,0,0,0,0,0,2418930,0,341750,0,202206.0
14,A15001016,3162878,0,0,0,0,7198000,3025620,20085670,0,11060180,202206.0
15,A15001009,0,0,0,0,0,0,1367180,0,0,0,202206.0
16,A15089510,0,3632400,0,0,0,4911000,559564,16636750,0,7738700,202206.0
17,A15089411,0,2230430,0,0,0,5551200,3780765,16405589,0,6560050,202206.0
18,A15001003,66,1692144,0,0,0,2185000,2449820,13704490,0,4005430,202206.0
19,A15088208,7500,751560,0,0,0,3672000,1302990,7977200,0,8603170,202206.0
20,A15088918,5130300,0,0,0,0,7986000,6546850,31443590,0,12034080,202206.0
21,A15001012,0,4950670,0,0,0,3417000,3420123,11934950,196890,5427840,202206.0
22,A15001019,-770,981400,0,0,0,13152000,2147280,35247990,0,13752250,202206.0
23,A15001001,2763870,2763870,0,0,1272500,127500,6137370,6137370,2652020,2652020,202206.0
24,A15088802,0,385200,0,0,0,1535100,1188480,7642960,0,3090010,202206.0
25,A15080002,0,0,0,0,0,0,3455670,14993720,866680,0,202206.0
26,A15004101,0,0,0,0,0,0,2599637,6981740,5483430,0,202206.0
27,A15004201,0,0,0,0,-39760,4255310,1878182,9382520,-80,5118310,202206.0
28,A15004202,0,0,1060,0,0,0,6100594,25304610,4450,15669740,202206.0
29,A10023489,,,,,,,,,,,202206.0
30,A15080402,0,0,0,0,0,0,6250580,5040950,3030860,3030260,202206.0
31,A15072001,0,0,0,0,0,0,3444761,10069560,0,5793310,202206.0
32,A15080204,0,0,0,0,0,0,3085650,9846240,138580,6108080,202206.0
33,A15080205,0,0,1060,0,0,0,6011470,20388920,1416090,10592420,202206.0
34,A15072002,0,0,0,0,0,0,991600,6504460,29040,3432550,202206.0
35,A10024834,,,,,,,,,,,202206.0
36,A15004406,0,0,0,0,0,0,2344300,15153730,208280,9982770,202206.0
37,A15080507,0,0,0,0,0,0,14565740,31023810,18580,18576330,202206.0
38,A15004403,0,0,0,0,0,0,3389850,12856330,0,6386340,202206.0
39,A15004405,0,0,0,0,0,0,1471940,13946530,160720,7364220,202206.0
40,A15080501,0,0,0,0,0,0,2219441,7234090,119410,4867320,202206.0
41,A15072201,0,0,0,0,0,0,6121270,35743270,0,7114000,202206.0
42,A10027684,0,0,0,0,0,0,1535500,9455810,672240,2726170,202206.0
43,A10026797,0,0,0,0,0,0,3972880,12444120,231030,4267280,202206.0
44,A15004507,0,0,0,0,0,0,9383845,79237260,0,31050580,202206.0
45,A15004503,0,0,9890,0,0,0,1246820,11810280,0,10997160,202206.0
46,A15004506,0,0,0,0,0,0,2302820,20407150,0,10996150,202206.0
47,A15004505,0,0,0,0,0,0,424107,19834880,0,8901770,202206.0
48,A15004501,0,0,0,0,0,0,1617810,5586690,0,3014780,202206.0
49,A10024789,0,0,0,0,0,0,15190626,49974424,179180,12455410,202206.0
50,A15081001,0,0,76760,0,0,0,3384169,10582360,217500,0,202206.0
51,A15081002,-1381530,1374500,0,0,0,0,-375709,42539820,0,15290760,202206.0
52,A15083202,0,0,0,0,0,0,3708420,10940420,-244780,7634730,202206.0
53,A15083201,0,0,9380,0,0,0,1563940,5291830,137130,3157820,202206.0
54,A15076702,0,0,0,0,0,0,13095790,41013880,2271460,14779070,202206.0
55,A15076701,,,,,,,,,,,202206.0
56,A15009201,0,0,75080,0,0,0,3713558,7777830,-11960,6073330,202206.0
57,A15083602,0,0,0,0,0,0,9932170,15557140,6323160,6684730,202206.0
58,A15083404,0,0,0,0,0,0,3061982,64950450,781340,27874360,202206.0
59,A15083603,0,0,0,0,0,0,12952677,45073200,0,19231840,202206.0
60,A15076801,,,,,,,,,,,202206.0
61,A10027023,,,,,,,,,,,202206.0
62,A15083601,0,0,0,0,0,0,114750,11377210,622350,0,202206.0
63,A10024832,,,,,,,,,,,202206.0
64,A15009402,0,0,11070,0,0,0,5115290,13742890,84540,6854040,202206.0
65,A15009401,0,0,1050,0,0,0,1375400,11159120,650940,4023840,202206.0
66,A15009505,0,0,0,0,0,0,-785000,10903840,0,0,202206.0
67,A15009503,0,0,0,0,0,0,2235360,5319240,0,0,202206.0
68,A15009501,0,0,0,0,0,0,1765950,0,0,0,202206.0
69,A15009504,0,0,0,0,0,0,2510874,10357880,0,5643320,202206.0
70,A15009502,0,0,0,0,0,0,6538240,6538240,0,0,202206.0
71,A10026197,0,0,0,0,0,0,2339900,11551720,0,4131450,202206.0
72,A15009607,0,0,0,0,0,0,2395394,8663680,119740,5637560,202206.0
73,A15009606,0,0,0,0,0,0,3389333,8903100,0,0,202206.0
74,A15009602,0,0,0,0,0,0,1144078,4735790,0,0,202206.0
75,A15009605,0,0,0,0,0,0,1845679,7646860,0,0,202206.0
76,A15009604,0,0,0,0,0,0,1426114,7763990,0,0,202206.0
77,A15009603,0,0,0,0,0,0,2114447,6508990,0,0,202206.0
78,A15009601,0,0,0,0,0,0,1273905,6138010,63870,3233830,202206.0
79,A10027512,,,,,,,,,,,202206.0
80,A10024925,0,0,0,0,0,0,6591790,12147490,345210,4876250,202206.0
81,A10024495,0,0,0,0,0,0,6992120,13635850,204450,4577810,202206.0
82,A15086202,0,0,0,0,0,0,2131839,10519870,0,7589890,202206.0
83,A15086201,0,0,0,0,0,0,2471300,5208220,0,0,202206.0
84,A10024316,0,0,0,0,0,0,3689640,13643460,127920,4375980,202206.0
85,A15010203,0,0,0,0,0,0,2830507,8923500,0,0,202206.0
86,A15010202,0,0,0,0,0,0,4037253,11313540,0,0,202206.0
87,A15010201,0,0,0,0,0,0,1528390,0,4787750,0,202206.0
88,A10025034,,,,,,,,,,,202206.0
89,A15010303,0,0,0,0,0,0,2390670,6414360,311340,3260990,202206.0
90,A15010305,0,0,4590,0,0,0,2195358,11055110,-110,6062310,202206.0
91,A15010302,0,0,0,0,0,0,1377410,5047990,0,3259930,202206.0
92,A15010307,0,0,0,0,0,0,5868835,22972470,0,15194830,202206.0
93,A15010304,0,0,0,0,0,0,1625990,6926360,705210,3383020,202206.0
94,A15010306,0,0,0,0,0,0,1143572,21294370,-3120,10988190,202206.0
95,A15010301,0,0,40940,0,0,0,2594170,5477810,0,0,202206.0
96,A10026457,,,,,,,,,,,202206.0
97,A15086601,0,0,0,0,0,0,9267110,6179640,6495420,6495420,202206.0
98,A15086702,0,0,0,0,0,0,8761162,0,7733360,0,202206.0
99,A15086603,0,0,0,0,0,0,1099576,14702580,0,0,202206.0
100,A15010501,0,0,0,0,0,0,1914580,5623140,0,0,202206.0
101,A15010502,8664310,0,0,0,0,16534000,2129286,52111800,2461460,21872140,202206.0
102,A15010602,0,0,39640,0,0,0,2125300,10318010,0,9865770,202206.0
103,A15010601,0,0,0,0,0,0,1618040,8899130,0,3777530,202206.0
104,A15005401,0,0,0,0,0,0,412990,6213220,132590,3730150,202206.0
105,A15005301,0,0,0,0,0,0,2214130,10529530,0,0,202206.0
106,A15005402,0,0,41380,0,0,0,4142650,34167880,147160,15319200,202206.0
107,A15005001,0,0,0,0,0,0,4197869,18416020,0,0,202206.0
108,A15085404,0,0,0,0,0,0,3551164,13084570,699730,0,202206.0
109,A15086007,0,0,73270,0,0,0,6184940,21061810,224750,14748950,202206.0
110,A15005102,0,0,0,0,0,0,730640,3761490,601280,2030230,202206.0
111,A15083703,0,0,0,0,0,0,946960,12061880,0,6710590,202206.0
112,A15005302,0,0,0,0,0,0,3967827,14099960,0,7268460,202206.0
113,A15086001,0,0,0,0,0,0,2453010,10868370,-248280,3769480,202206.0
114,A15096001,0,0,74640,0,0,0,1380000,9699930,121240,4266620,202206.0
115,A15085805,0,0,0,0,0,0,607370,6692170,0,0,202206.0
116,A15005705,17412960,18961540,0,0,13461000,13461000,57344381,45027365,24400970,24113420,202206.0
117,A15083701,0,0,30920,0,0,0,877020,2785000,0,0,202206.0
118,A15005602,0,0,0,0,0,0,439680,6593320,35690,3532020,202206.0
119,A15005501,0,0,0,0,0,0,3931557,15021980,0,6039620,202206.0
120,A15005303,0,0,0,0,0,0,3838554,17270420,0,0,202206.0
121,A15086006,0,0,24410,0,0,0,5360525,26409850,0,0,202206.0
122,A15005603,0,0,0,0,0,0,1705906,8439170,772670,5219180,202206.0
123,A15086004,0,0,0,0,-737090,737090,3399912,16300356,0,7595330,202206.0
124,A10027755,0,0,0,0,0,0,18032460,43218570,0,21032660,202206.0
125,A10027073,0,0,-819590,819590,0,0,34459094,72407400,1597570,30189200,202206.0
126,A10026182,,,,,,,,,,,202206.0
127,A10025024,0,0,0,0,0,0,9926560,24352540,1167420,15986730,202206.0
128,A10025562,0,0,0,0,0,0,6253229,19340720,617970,9728330,202206.0
129,A10025070,0,0,0,0,0,0,20105044,67302150,3019640,25923600,202206.0
130,A10024470,0,0,0,0,0,0,10311670,25052260,2848250,9682010,202206.0
131,A10024615,0,0,0,0,0,0,30309006,46327520,0,21291890,202206.0
132,A10023715,,,,,,,,,,,202206.0
133,A15081503,7420,0,0,0,0,0,3120970,11205920,47550,0,202206.0
134,A15081107,21647880,-1928090,0,0,-25452000,25452000,6139266,40949510,7520560,0,202206.0
135,A15081201,0,0,0,0,0,0,566760,7092770,36220,3981180,202206.0
136,A15007002,0,0,0,0,0,0,2681942,8711980,0,4650670,202206.0
137,A15081802,0,0,34580,0,0,0,2174580,8204540,295360,4558100,202206.0
138,A15081602,0,0,0,0,0,0,2615058,9328300,0,0,202206.0
139,A15007101,0,0,0,0,0,0,741084,0,0,0,202206.0
140,A15081604,0,0,0,0,0,0,4300884,13357690,241550,9544290,202206.0
141,A15081105,0,0,50240,0,0,0,4368767,14916160,0,9134720,202206.0
142,A15095002,0,0,0,0,0,0,1690990,7914840,29100,3698100,202206.0
143,A15081606,0,0,0,0,0,0,2913210,16710070,0,0,202206.0
144,A15095001,0,0,0,0,0,0,2307260,5897230,80340,3561380,202206.0
145,A10027381,0,0,0,0,0,0,3284219,10304220,142940,4313940,202206.0
146,A10026761,0,0,2200,0,0,0,2139960,8314640,1287190,1764210,202206.0
147,A10024725,0,0,0,0,0,0,45086000,0,14397030,0,202206.0
148,A10024829,,,,,,,,,,,202206.0
149,A10023516,,,,,,,,,,,202206.0
