,kaptCode,heatC,heatP,gasC,gasP,waterHotC,waterHotP,electC,electP,waterCoolC,waterCoolP,Date
0,A15003001,0,0,0,0,0,0,931755,10724030,0,9248700,202204.0
1,A15003002,0,0,0,0,0,0,17140258,83771970,0,44894960,202204.0
2,A10026311,,,,,,,,,,,202204.0
3,A15003701,0,0,0,0,0,0,22134900,0,10639940,0,202204.0
4,A10026816,0,0,0,0,0,0,58455747,0,20023400,0,202204.0
5,A10026801,,,,,,,,,,,202204.0
6,A15003801,0,0,0,0,0,0,1619309,20069930,-11880,8274930,202204.0
7,A15003802,0,0,116750,0,0,0,5142240,22773070,191960,21799020,202204.0
8,A15089513,330,7603530,0,0,0,4242000,2038800,8115690,54210,4338730,202204.0
9,A15076302,6964340,15014880,0,0,0,20218000,14645044,52696220,1323670,12363340,202204.0
10,A15089421,0,33742671,0,0,0,28399800,9852136,46733070,0,27760500,202204.0
11,A15001020,33019660,33022160,0,0,0,15615600,3057340,32781240,0,15553740,202204.0
12,A15088717,28193380,0,0,0,0,9633000,1376780,22164260,0,11102720,202204.0
13,A15001004,10020840,10021200,0,0,0,2867500,2045280,9508010,440490,4093780,202204.0
14,A15001016,17778394,0,0,0,0,1780380,1061060,29267780,0,9603140,202204.0
15,A15001009,0,1971100,0,0,0,4464000,1844290,10971690,0,5896510,202204.0
16,A15089510,0,25202440,0,0,0,6585000,946132,14586580,0,7568560,202204.0
17,A15089411,0,23833340,0,0,0,7628400,5251315,15529801,0,0,202204.0
18,A15001003,-174,11067744,0,0,0,2542500,2148385,11429550,0,4045000,202204.0
19,A15088208,118080,11651880,0,0,0,4212000,1583370,7472100,0,8291480,202204.0
20,A15088918,32246950,0,0,0,0,9705000,4324980,28988810,0,11813690,202204.0
21,A15001012,0,18276350,0,0,0,3993000,5794521,9704840,0,5606390,202204.0
22,A15001019,200,26560920,0,0,0,16748000,1667660,34195340,0,13950710,202204.0
23,A15001001,5750480,5750480,0,0,1382500,1382500,6430430,6430430,2346020,2604890,202204.0
24,A15088802,0,5045600,0,0,0,3108000,1937720,6506900,0,3020370,202204.0
25,A15080002,0,0,0,0,0,0,3755628,15098060,189010,0,202204.0
26,A15004101,0,0,0,0,0,0,1938688,5361920,5546430,0,202204.0
27,A15004201,1354200,2768020,0,0,0,7945000,2196061,8128160,200,5135100,202204.0
28,A15004202,0,0,11860,0,0,0,5349744,22409140,80,15438060,202204.0
29,A10023489,,,,,,,,,,,202204.0
30,A15080402,0,0,0,0,0,0,7102300,5820550,2507740,2507740,202204.0
31,A15072001,0,0,0,0,0,0,5285144,11258840,0,5840650,202204.0
32,A15080204,0,0,0,0,0,0,2753980,9502930,243360,6210770,202204.0
33,A15080205,0,0,155230,0,0,0,5034830,18327830,1243720,10504880,202204.0
34,A15072002,0,0,0,0,0,0,996290,4896460,11290,3400520,202204.0
35,A10024834,,,,,,,,,,,202204.0
36,A15004406,0,0,0,0,0,0,2794320,14598000,1226690,9648950,202204.0
37,A15080507,0,0,0,0,0,0,11568870,26731310,18130,16982790,202204.0
38,A15004403,0,0,0,0,0,0,3503660,10553220,147110,6138080,202204.0
39,A15004405,0,0,0,0,0,0,1446880,14130720,25650,7234340,202204.0
40,A15080501,0,0,0,0,0,0,2378144,8043050,56600,4690410,202204.0
41,A15072201,0,0,0,0,0,0,4583510,25954580,0,6747310,202204.0
42,A10027684,0,0,0,0,0,0,1359380,7307200,647640,2685320,202204.0
43,A10026797,0,0,0,0,0,0,2891280,9000490,245480,4253040,202204.0
44,A15004507,0,0,0,0,0,0,12683067,83004230,0,29449080,202204.0
45,A15004503,0,0,92650,0,0,0,2242450,8746460,0,10537500,202204.0
46,A15004506,0,0,0,0,0,0,2159910,17068890,0,10293160,202204.0
47,A15004505,0,0,0,0,0,0,2281159,17226690,0,8663110,202204.0
48,A15004501,0,0,0,0,0,0,1713580,6257580,0,2831650,202204.0
49,A10024789,0,0,0,0,0,0,8930000,36499510,808510,13174200,202204.0
50,A15081001,0,0,532460,0,0,0,3990203,11980540,419340,0,202204.0
51,A15081002,-1238870,1232370,0,0,0,0,3090852,30956170,0,14891430,202204.0
52,A15083202,0,0,0,0,0,0,4169540,11865940,-315900,7462960,202204.0
53,A15083201,0,0,33130,0,0,0,1690530,5461170,100030,3037510,202204.0
54,A15076702,0,0,0,0,0,0,11942240,43846530,1629570,15013560,202204.0
55,A15076701,,,,,,,,,,,202204.0
56,A15009201,0,0,180880,0,0,0,2925616,8797330,90190,6119200,202204.0
57,A15083602,0,0,26770,0,0,0,8557660,8143970,6169250,6358270,202204.0
58,A15083404,0,0,0,0,0,0,-2119797,64296500,0,29476540,202204.0
59,A15083603,0,0,0,0,0,0,6899175,36747020,0,19303500,202204.0
60,A15076801,,,,,,,,,,,202204.0
61,A10027023,,,,,,,,,,,202204.0
62,A15083601,0,0,0,0,0,0,1191360,9174520,1302750,0,202204.0
63,A10024832,,,,,,,,,,,202204.0
64,A15009402,0,0,239360,0,0,0,5245920,11514700,80370,7018400,202204.0
65,A15009401,0,0,21160,0,0,0,1489420,8693460,432070,3361450,202204.0
66,A15009505,0,0,0,0,0,0,0,9044620,0,0,202204.0
67,A15009503,0,0,0,0,0,0,2143200,6142510,0,0,202204.0
68,A15009501,0,0,0,0,0,0,1748990,0,0,0,202204.0
69,A15009504,0,0,0,0,0,0,2039902,9764700,0,5613470,202204.0
70,A15009502,0,0,0,0,0,0,7638490,7638490,0,0,202204.0
71,A10026197,0,0,0,0,0,0,618750,8148390,0,4343800,202204.0
72,A15009607,0,0,0,0,0,0,1757212,7849840,201870,5453810,202204.0
73,A15009606,0,0,0,0,0,0,3532048,10061660,0,0,202204.0
74,A15009602,0,0,0,0,0,0,1710487,5171730,0,0,202204.0
75,A15009605,0,0,0,0,0,0,2070284,8501630,0,0,202204.0
76,A15009604,0,0,0,0,0,0,1759910,8236130,0,0,202204.0
77,A15009603,0,0,0,0,0,0,2518160,7072260,0,0,202204.0
78,A15009601,0,0,13970,0,0,0,1280962,6591100,-9160,3182070,202204.0
79,A10027512,,,,,,,,,,,202204.0
80,A10024925,0,0,0,0,0,0,4262600,15198390,245100,6869160,202204.0
81,A10024495,0,0,0,0,0,0,13806910,0,4765150,0,202204.0
82,A15086202,0,0,0,0,0,0,2746723,10734760,0,7101880,202204.0
83,A15086201,0,0,0,0,0,0,2504813,5724940,0,0,202204.0
84,A10024316,0,0,0,0,0,0,3238210,13068230,47170,4219100,202204.0
85,A15010203,0,0,0,0,0,0,3145931,9658490,0,0,202204.0
86,A15010202,0,0,0,0,0,0,3994931,12718740,0,0,202204.0
87,A15010201,0,0,0,0,0,0,1584280,0,4270310,0,202204.0
88,A10025034,,,,,,,,,,,202204.0
89,A15010303,0,0,0,0,0,0,2517460,6665260,638800,3246310,202204.0
90,A15010305,0,0,217560,0,0,0,3318996,8817100,-180,6301830,202204.0
91,A15010302,0,0,0,0,0,0,2022100,5223050,0,3110760,202204.0
92,A15010307,0,0,0,0,0,0,5329046,23495500,0,15317690,202204.0
93,A15010304,0,0,0,0,0,0,1561810,7497550,631540,3242180,202204.0
94,A15010306,0,0,0,0,0,0,1315191,22494550,870,11580780,202204.0
95,A15010301,0,0,48110,0,0,0,2585540,5637680,0,0,202204.0
96,A10026457,,,,,,,,,,,202204.0
97,A15086601,0,0,0,0,0,0,8954530,6553570,5875010,5875010,202204.0
98,A15086702,0,0,0,0,0,0,9198273,0,7183200,0,202204.0
99,A15086603,0,0,95120,0,0,0,1032250,15722990,0,0,202204.0
100,A15010501,0,0,0,0,0,0,1749311,6245530,0,0,202204.0
101,A15010502,43125050,0,0,0,0,22106000,9863698,37230580,4444220,20207020,202204.0
102,A15010602,0,0,92630,0,0,0,3165760,7653150,0,9011620,202204.0
103,A15010601,0,0,0,0,0,0,1779530,7256190,0,3811010,202204.0
104,A15005401,0,0,0,0,0,0,1334350,4951460,27070,3591870,202204.0
105,A15005301,0,0,0,0,0,0,2818520,10197310,0,0,202204.0
106,A15005402,0,0,95260,0,0,0,2752140,30834320,191800,17219970,202204.0
107,A15005001,0,0,0,0,0,0,3779101,15000240,0,0,202204.0
108,A15085404,0,0,0,0,0,0,3935518,13442740,613200,0,202204.0
109,A15086007,0,0,13030,0,0,0,6829210,18487450,2732200,13489790,202204.0
110,A15005102,0,0,0,0,0,0,1077650,4006640,593510,1991910,202204.0
111,A15083703,0,0,0,0,0,0,226010,13868880,0,6141660,202204.0
112,A15005302,0,0,0,0,0,0,3392484,11861080,254150,7007340,202204.0
113,A15086001,0,0,0,0,0,0,1511070,7080050,-217240,3828140,202204.0
114,A15096001,0,0,175370,0,0,0,2718570,10827470,75610,4196290,202204.0
115,A15085805,0,0,0,0,0,0,434890,8433420,0,0,202204.0
116,A15005705,-246970,55371870,0,0,0,17271000,8161191,40011010,1359320,21593620,202204.0
117,A15083701,0,0,57640,0,0,0,701690,2953190,0,0,202204.0
118,A15005602,0,0,0,0,0,0,342310,7094810,119080,3234540,202204.0
119,A15005501,0,0,0,0,0,0,3309717,16555630,0,5975930,202204.0
120,A15005303,0,0,0,0,0,0,4525363,17401250,0,0,202204.0
121,A15086006,0,0,236910,0,0,0,5784637,23888140,0,0,202204.0
122,A15005603,0,0,0,0,0,0,2446830,7986530,0,7271210,202204.0
123,A15086004,0,0,0,0,-638630,638630,2786578,14529470,0,7923310,202204.0
124,A10027755,0,0,0,0,0,0,12682910,35848680,0,18304830,202204.0
125,A10027073,0,0,-449830,449830,0,0,23596307,63781410,-908670,31618500,202204.0
126,A10026182,,,,,,,,,,,202204.0
127,A10025024,0,0,0,0,0,0,12867840,41180270,410610,14550390,202204.0
128,A10025562,0,0,0,0,0,0,6439334,21057710,969870,9363950,202204.0
129,A10025070,0,0,0,0,0,0,21870799,55294870,1790290,25631360,202204.0
130,A10024470,0,0,0,0,0,0,8299230,27026440,2121290,9624130,202204.0
131,A10024615,0,0,0,0,0,0,31057360,46747970,0,20344500,202204.0
132,A10023715,,,,,,,,,,,202204.0
133,A15081503,224300,0,0,0,0,0,3245630,10523600,32850,0,202204.0
134,A15081107,27444500,26395120,0,0,32688000,32688000,6842954,37768980,8485360,0,202204.0
135,A15081201,0,0,0,0,0,0,322910,8161380,92070,3988090,202204.0
136,A15007002,0,0,2340,0,0,0,12345584,0,4942970,0,202204.0
137,A15081802,0,0,41690,0,0,0,2044020,9589460,0,4425300,202204.0
138,A15081602,0,0,0,0,0,0,2916481,10390070,0,0,202204.0
139,A15007101,0,0,0,0,0,0,1463500,0,0,0,202204.0
140,A15081604,0,0,0,0,0,0,4407422,14978290,178800,9458350,202204.0
141,A15081105,0,0,262170,0,0,0,4398430,14145450,419890,8959010,202204.0
142,A15095002,0,0,0,0,0,0,2808600,8919730,32250,3804150,202204.0
143,A15081606,0,0,0,0,0,0,3545650,14237950,0,0,202204.0
144,A15095001,0,0,0,0,0,0,2837100,5917070,428630,3486360,202204.0
145,A10027381,0,0,0,0,0,0,2905190,11282620,400320,4351510,202204.0
146,A10026761,0,0,17770,0,0,0,2810310,7322410,601340,1767000,202204.0
147,A10024725,0,0,0,0,0,0,46748420,0,14997590,0,202204.0
148,A10024829,,,,,,,,,,,202204.0
149,A10023516,,,,,,,,,,,202204.0
