,kaptCode,heatC,heatP,gasC,gasP,waterHotC,waterHotP,electC,electP,waterCoolC,waterCoolP,Date
0,A15003001,0,0,0,0,0,0,605604,10994680,0,10264920,202210.0
1,A15003002,0,0,0,0,0,0,18211415,83965480,0,50405090,202210.0
2,A10026311,,,,,,,,,,,202210.0
3,A15003701,0,0,0,0,0,0,5928960,19843810,315950,9846600,202210.0
4,A10026816,0,0,0,0,0,0,68379487,0,22699000,0,202210.0
5,A10026801,,,,,,,,,,,202210.0
6,A15003801,0,0,0,0,0,0,-510,20249520,-32360,8126940,202210.0
7,A15003802,0,0,0,0,0,0,5007820,23409550,0,21400410,202210.0
8,A15089513,-910,15855410,0,0,0,3090000,584290,8902050,35340,5119160,202210.0
9,A15076302,5967980,20737010,0,0,0,17145600,18883806,51891900,1712240,11899040,202210.0
10,A15089421,0,86326880,0,0,0,19468800,10348256,55926830,0,22584350,202210.0
11,A15001020,580,52102580,0,0,0,11403900,5391700,37071990,0,14985270,202210.0
12,A15088717,32909120,0,0,0,0,7317000,412760,22525250,0,10530960,202210.0
13,A15001004,16396590,0,0,0,0,0,2147940,0,140020,0,202210.0
14,A15001016,33748693,0,0,0,-11332000,11332000,4528181,19629300,0,10049270,202210.0
15,A15001009,17462790,17462830,0,0,4449000,4449000,16216020,12341950,7094100,6643280,202210.0
16,A15089510,0,30801600,0,541090,0,4788000,2510411,15095680,0,7210350,202210.0
17,A15089411,22292330,0,0,557210,5978700,5978700,15802950,16575450,6104000,6104000,202210.0
18,A15001003,96,19191504,0,0,0,2200000,2839782,13094070,0,3973390,202210.0
19,A15088208,117000,11624280,0,0,0,3828000,1463900,8151530,0,8603180,202210.0
20,A15088918,44357250,0,0,0,0,7971000,13546872,24794280,0,11601790,202210.0
21,A15001012,-490,13612480,0,0,0,3150000,4239712,12207210,718140,5417090,202210.0
22,A15001019,354,36719576,0,0,0,13560000,2649828,34457490,0,12900920,202210.0
23,A15001001,5673210,5673210,0,0,1232500,1232500,5784350,5784350,2154150,2154150,202210.0
24,A15088802,0,7873200,0,0,0,2698500,1484860,7109950,0,3051810,202210.0
25,A15080002,0,0,770,0,0,0,3194484,15126390,1060300,0,202210.0
26,A15004101,0,0,0,0,0,0,2083770,6109270,5239410,0,202210.0
27,A15004201,3799560,0,0,0,7235000,0,12336696,0,4837120,0,202210.0
28,A15004202,0,0,1590,0,0,0,6121928,26305930,-4196,14763906,202210.0
29,A10023489,,,,,,,,,,,202210.0
30,A15080402,0,0,0,0,0,0,6698280,5511540,2780290,2780350,202210.0
31,A15072001,0,0,0,0,0,0,3582198,11646070,0,5613370,202210.0
32,A15080204,0,0,0,0,0,0,3020190,11205830,30420,5950550,202210.0
33,A15080205,0,0,0,0,0,0,5794690,20157670,1051240,9718570,202210.0
34,A15072002,0,0,0,0,0,0,1615750,5653200,25510,3527250,202210.0
35,A10024834,,,,,,,,,,,202210.0
36,A15004406,0,0,0,0,0,0,2085850,15658610,97930,9559340,202210.0
37,A15080507,0,0,0,0,0,0,13476480,30559360,18830,20950070,202210.0
38,A15004403,0,0,0,0,0,0,3796050,12017450,-14110,5922090,202210.0
39,A15004405,0,0,0,0,0,0,1686070,14334090,77350,6832120,202210.0
40,A15080501,0,0,0,0,0,0,2248913,8306360,65680,4668810,202210.0
41,A15072201,0,0,0,0,0,0,9155460,23636400,0,6195990,202210.0
42,A10027684,0,0,0,0,0,0,2202850,7648730,350090,2743460,202210.0
43,A10026797,0,0,0,0,0,0,3363100,10056460,191140,4016110,202210.0
44,A15004507,0,0,0,0,0,0,17471426,77043580,0,31908840,202210.0
45,A15004503,0,0,2690,0,0,0,2481940,10041220,0,11160860,202210.0
46,A15004506,0,0,0,0,0,0,3608710,19564290,521220,10954420,202210.0
47,A15004505,0,0,0,0,0,0,1820679,19946760,0,8519790,202210.0
48,A15004501,0,0,0,0,0,0,1975800,6258300,0,3197900,202210.0
49,A10024789,0,0,0,0,0,0,10830122,41781190,894300,13433650,202210.0
50,A15081001,0,0,48790,0,0,0,3407246,12327410,217500,0,202210.0
51,A15081002,-1224700,1217720,0,0,0,0,5179995,34485190,0,14271550,202210.0
52,A15083202,0,0,0,0,0,0,3201330,12311900,-1497760,7388180,202210.0
53,A15083201,0,0,370650,0,0,0,1590900,5721730,38100,3004990,202210.0
54,A15076702,0,0,0,0,0,0,11857745,46362060,803070,14125640,202210.0
55,A15076701,,,,,,,,,,,202210.0
56,A15009201,0,0,61220,0,0,0,2150421,9598410,48870,5955170,202210.0
57,A15083602,0,0,2890,0,0,0,9518980,0,6140660,0,202210.0
58,A15083404,0,0,0,0,0,0,7448761,62026140,0,26541600,202210.0
59,A15083603,0,0,0,0,0,0,6767236,41173750,0,19122890,202210.0
60,A15076801,,,,,,,,,,,202210.0
61,A10027023,,,,,,,,,,,202210.0
62,A15083601,0,0,0,0,0,0,1274350,10397770,650700,0,202210.0
63,A10024832,,,,,,,,,,,202210.0
64,A15009402,0,0,6960,0,0,0,6366960,13394280,44920,6463720,202210.0
65,A15009401,0,0,0,0,0,0,1870580,9824770,781930,3567120,202210.0
66,A15009505,0,0,0,0,0,0,-780000,10892990,0,0,202210.0
67,A15009503,0,0,0,0,0,0,1960110,6519780,0,0,202210.0
68,A15009501,0,0,0,0,0,0,2024410,0,0,0,202210.0
69,A15009504,0,0,0,0,0,0,2304369,10780670,207030,5495450,202210.0
70,A15009502,0,0,0,0,0,0,7325040,7325040,0,0,202210.0
71,A10026197,0,0,0,0,0,0,1238960,9569490,0,4032180,202210.0
72,A15009607,0,0,0,0,0,0,2192553,9393740,120050,5777560,202210.0
73,A15009606,0,0,0,0,0,0,3078646,10414710,0,0,202210.0
74,A15009602,0,0,0,0,0,0,587360,7781280,0,0,202210.0
75,A15009605,0,0,0,0,0,0,1611930,8781600,0,0,202210.0
76,A15009604,0,0,0,0,0,0,1544980,8587520,0,0,202210.0
77,A15009603,0,0,0,0,0,0,2136536,7820020,0,0,202210.0
78,A15009601,0,0,2330,0,0,0,1379876,6716350,394740,3085400,202210.0
79,A10027512,,,,,,,,,,,202210.0
80,A10024925,0,0,0,0,0,0,4929390,17411320,165630,5953040,202210.0
81,A10024495,0,0,0,0,0,0,3879440,12015570,215940,4280510,202210.0
82,A15086202,0,0,0,0,0,0,2814165,12116300,-7700,7389790,202210.0
83,A15086201,0,0,0,0,0,0,2460642,5679150,0,0,202210.0
84,A10024316,0,0,0,0,0,0,5734820,21848310,-82250,4617490,202210.0
85,A15010203,0,0,0,0,0,0,11216396,11518410,0,0,202210.0
86,A15010202,0,0,0,0,0,0,3485460,12994910,0,0,202210.0
87,A15010201,0,0,0,0,0,0,1398430,0,0,4774540,202210.0
88,A10025034,,,,,,,,,,,202210.0
89,A15010303,0,0,0,0,0,0,2654790,6524580,537770,3214880,202210.0
90,A15010305,0,0,6080,0,0,0,3209800,11111600,-60,6552940,202210.0
91,A15010302,0,0,0,0,0,0,1056670,6143680,0,3061740,202210.0
92,A15010307,0,0,0,0,0,0,5123662,23170170,0,15363970,202210.0
93,A15010304,0,0,0,0,0,295320,1970510,7795530,-13170,4146130,202210.0
94,A15010306,0,0,0,0,0,0,1584087,21657810,-179430,11480920,202210.0
95,A15010301,0,0,2750,0,0,0,2657410,5912970,0,0,202210.0
96,A10026457,,,,,,,,,,,202210.0
97,A15086601,0,0,0,0,0,0,9595750,7201150,6293060,6293060,202210.0
98,A15086702,0,0,0,0,0,0,8886658,0,7371080,0,202210.0
99,A15086603,0,0,0,0,0,0,1312111,15613160,0,0,202210.0
100,A15010501,0,0,0,0,0,0,2904865,5168980,0,0,202210.0
101,A15010502,56955780,0,0,0,0,16901500,2265831,45905300,4444990,19370760,202210.0
102,A15010602,0,0,4420,0,0,0,2968800,9081970,0,9545280,202210.0
103,A15010601,0,0,0,0,0,0,1809570,8549370,0,4032350,202210.0
104,A15005401,0,0,0,0,0,0,672490,5849100,27840,3382460,202210.0
105,A15005301,0,0,0,0,0,0,2223260,10915480,0,0,202210.0
106,A15005402,0,0,26650,0,0,0,1575120,36277430,73240,14959490,202210.0
107,A15005001,0,0,0,0,0,0,4385337,16312560,494550,0,202210.0
108,A15085404,0,0,0,0,0,0,3650643,13393760,610690,0,202210.0
109,A15086007,0,0,8030,0,0,0,6609390,21071970,2804700,12958520,202210.0
110,A15005102,0,0,0,0,0,0,813530,4189500,498810,1977510,202210.0
111,A15083703,0,0,0,0,0,0,910770,13216110,0,6082040,202210.0
112,A15005302,0,0,0,0,0,0,3673891,13119710,952130,6941860,202210.0
113,A15086001,0,0,0,0,0,0,1438894,8081360,0,3580410,202210.0
114,A15096001,0,0,50900,0,0,0,2428700,10588340,135270,3883930,202210.0
115,A15085805,0,0,0,0,0,0,570180,7471020,0,0,202210.0
116,A15005705,-252280,73583660,0,0,0,14811000,9390652,44821070,539740,23152660,202210.0
117,A15083701,0,0,3040,0,0,0,952610,3248470,0,0,202210.0
118,A15005602,0,0,0,0,0,0,571150,6830870,17150,3180730,202210.0
119,A15005501,0,0,0,0,0,0,3767031,16187350,0,6132260,202210.0
120,A15005303,0,0,0,0,0,0,2323264,19179740,0,0,202210.0
121,A15086006,0,0,22440,0,0,0,7300405,27170360,0,0,202210.0
122,A15005603,0,0,0,0,0,0,1933315,8625770,1021310,5413920,202210.0
123,A15086004,0,0,0,0,-679000,679000,2742178,16681480,0,8402810,202210.0
124,A10027755,0,0,0,0,0,0,9442030,47191350,0,16260250,202210.0
125,A10027073,0,0,-757870,757870,0,0,23648095,72369610,0,29772890,202210.0
126,A10026182,,,,,,,,,,,202210.0
127,A10025024,0,0,0,0,0,0,14246945,44023050,98150,15163190,202210.0
128,A10025562,0,0,0,0,0,0,6901870,22418080,980450,9563710,202210.0
129,A10025070,0,0,0,0,0,0,23691911,63269750,1773240,24225000,202210.0
130,A10024470,0,0,135360,0,0,0,11875206,25195060,2092290,9825650,202210.0
131,A10024615,0,0,0,0,0,0,49328210,68221620,0,21994610,202210.0
132,A10023715,0,0,0,0,0,0,11239160,27680530,845140,10372450,202210.0
133,A15081503,3180,0,0,0,0,0,3887700,12068890,53850,0,202210.0
134,A15081107,20605590,37278310,0,0,-24762000,24762000,1692865,43375340,7928560,0,202210.0
135,A15081201,0,0,0,0,0,0,621240,7870530,0,4069820,202210.0
136,A15007002,0,0,9620,0,0,0,2813429,9059710,131890,3953100,202210.0
137,A15081802,0,0,4060,0,0,0,1399900,9480040,0,4954330,202210.0
138,A15081602,0,0,0,0,0,0,2695592,10106250,0,0,202210.0
139,A15007101,0,0,0,0,0,0,1672419,0,0,0,202210.0
140,A15081604,0,0,0,0,0,0,4493973,14919440,135530,9321280,202210.0
141,A15081105,0,0,224200,0,0,0,5762520,15263200,0,8181000,202210.0
142,A15095002,0,0,0,0,0,0,1770870,8422080,15450,3962700,202210.0
143,A15081606,0,0,0,0,0,0,3807600,16813800,0,0,202210.0
144,A15095001,0,0,0,0,0,0,1328720,7907970,269560,3543850,202210.0
145,A10027381,0,0,0,0,0,0,3002842,11185270,136850,4294160,202210.0
146,A10026761,0,0,2200,0,0,0,2356660,10411560,1211810,1814100,202210.0
147,A10024725,0,0,0,0,0,0,51468500,0,13844440,0,202210.0
148,A10024829,,,,,,,,,,,202210.0
149,A10023516,,,,,,,,,,,202210.0
