,kaptCode,heatC,heatP,gasC,gasP,waterHotC,waterHotP,electC,electP,waterCoolC,waterCoolP,Date
0,A15003001,0,0,0,0,0,0,888138,9991340,0,0,202203.0
1,A15003002,0,0,0,0,0,0,16729871,77680260,0,48598900,202203.0
2,A10026311,,,,,,,,,,,202203.0
3,A15003701,0,0,0,0,0,0,24590640,0,9706520,0,202203.0
4,A10026816,0,0,0,0,0,0,73822583,0,21300600,0,202203.0
5,A10026801,,,,,,,,,,,202203.0
6,A15003801,0,0,0,0,0,0,3007459,18920700,0,8457070,202203.0
7,A15003802,0,0,383490,0,0,0,5378880,20931940,0,0,202203.0
8,A15089513,200,21470390,0,0,0,4464000,2080210,8009100,66300,4438640,202203.0
9,A15076302,6934080,44886290,0,0,0,22334000,15468366,57272960,1631940,11515660,202203.0
10,A15089421,0,153377988,0,0,0,34309800,13094571,51994860,0,22703420,202203.0
11,A15001020,100616310,100618880,0,0,0,17735300,2731580,38818710,0,15692330,202203.0
12,A15088717,60324690,0,0,0,0,9690000,379950,23396140,1006150,9888920,202203.0
13,A15001004,28939680,24507560,0,0,0,3237500,3053720,9968110,21850,4059660,202203.0
14,A15001016,41837223,0,0,0,0,4183860,11621747,31545050,0,11145170,202203.0
15,A15001009,0,0,0,0,0,0,2774320,0,0,0,202203.0
16,A15089510,0,48862730,0,0,0,6345000,2990968,14265070,0,6740930,202203.0
17,A15089411,0,50139380,0,0,0,7772700,6443489,13599795,0,6430400,202203.0
18,A15001003,-54,30608784,0,0,0,2785000,2811111,12105140,0,4181620,202203.0
19,A15088208,238500,23651160,0,0,0,4263000,1712200,6761530,0,0,202203.0
20,A15088918,82542550,0,0,0,0,9384000,8077860,25117480,0,11047650,202203.0
21,A15001012,0,37523170,0,0,0,4452000,6418425,10788200,0,5822460,202203.0
22,A15001019,-1230,82782240,0,0,0,17464000,1580060,31673540,0,13471960,202203.0
23,A15001001,12100560,12100560,0,0,1455000,1455000,7368900,7368900,2199210,2199210,202203.0
24,A15088802,0,15112400,0,0,0,3496500,2363050,6165140,0,3155560,202203.0
25,A15080002,0,0,1990,0,0,0,3387302,14054340,0,0,202203.0
26,A15004101,0,0,0,0,0,0,1950814,6109210,0,0,202203.0
27,A15004201,3047620,7890980,0,0,0,10428000,3897054,7500740,200,5200730,202203.0
28,A15004202,0,0,243230,0,0,0,6002854,24632290,-9200,13927910,202203.0
29,A10023489,,,,,,,,,,,202203.0
30,A15080402,0,0,0,0,0,0,6837190,5418820,2840730,2840470,202203.0
31,A15072001,0,0,0,0,0,0,10473230,0,5207570,0,202203.0
32,A15080204,0,0,0,0,0,0,2981830,10756040,30420,5578200,202203.0
33,A15080205,0,0,355130,0,0,0,5060310,20183460,1092780,9687110,202203.0
34,A15072002,0,0,0,0,0,0,1338350,5530510,25720,3172250,202203.0
35,A10024834,,,,,,,,,,,202203.0
36,A15004406,0,0,0,0,0,0,2420650,13559690,579210,8553280,202203.0
37,A15080507,0,0,0,0,0,0,11981250,29772840,21710,17893190,202203.0
38,A15004403,0,0,0,0,0,0,3771510,11497800,262820,5799650,202203.0
39,A15004405,0,0,0,0,0,0,1219880,13185740,35280,7232210,202203.0
40,A15080501,0,0,0,0,0,0,2500631,7394640,143400,4374380,202203.0
41,A15072201,0,0,0,0,0,0,4225410,29890740,0,6214320,202203.0
42,A10027684,0,0,0,0,0,0,2342880,8389400,265570,2806630,202203.0
43,A10026797,0,0,0,0,0,0,2986160,10017380,269530,3979520,202203.0
44,A15004507,0,0,0,0,0,0,11179943,75386627,0,31976950,202203.0
45,A15004503,0,0,323010,0,0,0,2188800,9871860,0,0,202203.0
46,A15004506,0,0,0,0,0,0,2060470,19789520,13650,9368770,202203.0
47,A15004505,0,0,0,0,0,0,1296646,20288000,0,9023500,202203.0
48,A15004501,0,0,0,0,0,0,1870090,5892730,0,3831230,202203.0
49,A10024789,0,0,0,0,0,0,9867200,41225450,1185000,11493310,202203.0
50,A15081001,0,0,207370,0,0,0,4331446,11444700,419340,0,202203.0
51,A15081002,-1337560,1331890,0,0,0,0,1632552,37067430,145610,17572180,202203.0
52,A15083202,0,0,0,0,0,0,4023900,11012880,-249340,6763670,202203.0
53,A15083201,0,0,109340,0,0,0,1734120,4882920,145790,2634950,202203.0
54,A15076702,0,0,0,0,0,0,14150730,39697060,1874450,13315760,202203.0
55,A15076701,,,,,,,,,,,202203.0
56,A15009201,0,0,295840,0,0,0,2645387,8058850,86760,5902370,202203.0
57,A15083602,0,0,128180,0,0,0,9217870,0,5949430,0,202203.0
58,A15083404,0,0,0,0,0,0,12065818,55399230,0,24984700,202203.0
59,A15083603,0,0,0,0,0,0,12421768,40226260,0,17445340,202203.0
60,A15076801,,,,,,,,,,,202203.0
61,A10027023,,,,,,,,,,,202203.0
62,A15083601,0,0,0,0,0,0,1067360,10685260,168750,0,202203.0
63,A10024832,,,,,,,,,,,202203.0
64,A15009402,0,0,371320,0,0,0,5589000,12960960,29610,6580070,202203.0
65,A15009401,0,0,18960,0,0,0,1448140,9669810,606360,3997450,202203.0
66,A15009505,0,0,0,0,0,0,0,10428060,0,0,202203.0
67,A15009503,0,0,0,0,0,0,2570290,5427580,0,5976990,202203.0
68,A15009501,0,0,0,0,0,0,1662430,0,0,0,202203.0
69,A15009504,0,0,0,0,0,0,2196591,10667230,0,5801320,202203.0
70,A15009502,0,0,0,0,0,0,7263880,7236880,104414,104414,202203.0
71,A10026197,0,0,0,0,0,0,1022490,9134370,0,3932380,202203.0
72,A15009607,0,0,0,0,0,0,1761909,8867670,159160,5702110,202203.0
73,A15009606,0,0,0,0,0,0,3080366,9388820,0,0,202203.0
74,A15009602,0,0,0,0,0,0,865028,5991810,0,0,202203.0
75,A15009605,0,0,0,0,0,0,2451129,7789880,0,0,202203.0
76,A15009604,0,0,0,0,0,0,1867308,7362460,0,0,202203.0
77,A15009603,0,0,0,0,0,0,9143934,0,8661090,0,202203.0
78,A15009601,0,0,30600,0,0,0,1186430,6313390,485100,2919540,202203.0
79,A10027512,,,,,,,,,,,202203.0
80,A10024925,0,0,0,0,0,0,4539630,17134240,956750,6806430,202203.0
81,A10024495,0,0,0,0,0,0,15172260,11578260,4599960,4409860,202203.0
82,A15086202,0,0,0,0,0,0,2962430,9877040,0,7507500,202203.0
83,A15086201,0,0,0,0,0,0,2775910,4988550,0,0,202203.0
84,A10024316,0,0,0,0,0,0,3254710,11845300,-62050,4510950,202203.0
85,A15010203,0,0,0,0,0,0,2926453,8982350,1134240,0,202203.0
86,A15010202,0,0,0,0,0,0,3690889,12461480,0,0,202203.0
87,A15010201,0,0,0,0,0,0,1635610,0,0,0,202203.0
88,A10025034,,,,,,,,,,,202203.0
89,A15010303,0,0,0,0,0,0,3157640,6188680,550060,3216440,202203.0
90,A15010305,0,0,318030,0,0,0,1493419,11657720,-100,6279530,202203.0
91,A15010302,0,0,0,0,0,0,2267620,4541740,0,2819930,202203.0
92,A15010307,0,0,0,0,0,0,5632790,21792370,0,15718060,202203.0
93,A15010304,0,0,0,0,0,0,8769170,0,4040770,0,202203.0
94,A15010306,0,0,0,0,0,0,1412133,20943670,540,9962680,202203.0
95,A15010301,0,0,116500,0,0,0,2530490,5186020,0,6060880,202203.0
96,A10026457,,,,,,,,,,,202203.0
97,A15086601,0,0,0,0,0,0,8513100,5689520,0,0,202203.0
98,A15086702,0,0,0,0,0,0,8700120,0,0,0,202203.0
99,A15086603,0,0,210400,0,0,0,909363,14849800,152520,0,202203.0
100,A15010501,0,0,0,0,0,0,1929380,5468950,1293080,5106900,202203.0
101,A15010502,85903670,0,0,0,0,20930000,8202551,42626080,3323720,18123700,202203.0
102,A15010602,0,0,259460,0,0,0,2340470,9476590,0,0,202203.0
103,A15010601,0,0,0,0,0,0,1965870,8214320,0,3821510,202203.0
104,A15005401,0,0,0,0,0,0,1764060,5348340,40470,3262950,202203.0
105,A15005301,0,0,0,0,0,0,2374570,9730900,0,0,202203.0
106,A15005402,0,0,146290,0,0,0,5222720,32102320,287130,13924830,202203.0
107,A15005001,0,0,0,0,0,0,4162081,15638320,994840,0,202203.0
108,A15085404,0,0,0,0,0,0,3806278,12224810,0,0,202203.0
109,A15086007,0,0,58750,0,0,0,7609000,21188770,0,13250270,202203.0
110,A15005102,0,0,0,0,0,0,1407580,3694070,466910,1783040,202203.0
111,A15083703,0,0,0,0,0,0,495640,12723920,0,5951880,202203.0
112,A15005302,0,0,0,0,0,0,3551480,13527180,0,8399540,202203.0
113,A15086001,0,0,0,0,0,0,2482010,7858810,0,3678800,202203.0
114,A15096001,0,0,337680,0,0,0,3389180,9356650,370260,3564530,202203.0
115,A15085805,0,0,0,0,0,0,1167890,8133160,0,6813770,202203.0
116,A15005705,-915290,96464390,0,0,0,22290000,8521317,43386030,655000,24708270,202203.0
117,A15083701,0,0,85360,0,0,0,831700,2828560,0,0,202203.0
118,A15005602,0,0,0,0,0,0,266050,6508120,83260,3158070,202203.0
119,A15005501,0,0,0,0,0,0,4264231,14695410,0,5819560,202203.0
120,A15005303,0,0,0,0,0,0,4205414,16100710,0,0,202203.0
121,A15086006,0,0,538200,0,0,0,5461681,26709600,0,26986360,202203.0
122,A15005603,0,0,0,0,0,0,2422779,9732690,0,6266860,202203.0
123,A15086004,0,0,0,0,-711270,711270,3065258,16300490,0,8565860,202203.0
124,A10027755,0,0,0,0,0,0,18635780,39990390,0,17012160,202203.0
125,A10027073,0,0,-438180,438180,0,0,31210358,70627230,1411840,27305870,202203.0
126,A10026182,,,,,,,,,,,202203.0
127,A10025024,0,0,0,0,0,0,18354880,37250680,629060,14379590,202203.0
128,A10025562,0,0,0,0,0,0,6871855,23293310,1936500,9487450,202203.0
129,A10025070,0,0,0,0,0,0,23565923,61107440,1573090,23117890,202203.0
130,A10024470,0,0,0,0,0,0,10447900,24325200,1288480,9962530,202203.0
131,A10024615,0,0,0,0,0,0,48559557,54209200,3546380,20197130,202203.0
132,A10023715,,,,,,,,,,,202203.0
133,A15081503,332650,0,0,0,0,0,3859770,11596510,0,0,202203.0
134,A15081107,28936520,88859280,0,0,0,36426000,11278776,41471170,10388080,0,202203.0
135,A15081201,0,0,0,0,0,0,188660,7784520,81290,4051310,202203.0
136,A15007002,0,0,25850,0,0,0,11540535,8149380,3769940,3769940,202203.0
137,A15081802,0,0,86380,0,0,0,2739980,8394940,0,4478720,202203.0
138,A15081602,0,0,0,0,0,0,2824840,9581760,0,0,202203.0
139,A15007101,0,0,0,0,0,0,640800,0,0,0,202203.0
140,A15081604,0,0,0,0,0,0,3839733,14150450,200580,8702820,202203.0
141,A15081105,0,0,426230,0,0,0,4733480,15821210,0,9414190,202203.0
142,A15095002,0,0,0,0,0,0,1847300,8036500,18070,3993150,202203.0
143,A15081606,0,0,0,0,0,0,4357620,15720910,0,0,202203.0
144,A15095001,0,0,0,0,0,0,2236530,5886980,350,3595830,202203.0
145,A10027381,0,0,0,0,0,0,3749307,10372790,-515950,3933390,202203.0
146,A10026761,0,0,56620,0,0,0,4371550,6823110,666340,1660980,202203.0
147,A10024725,0,0,0,0,0,0,50031520,0,13251310,0,202203.0
148,A10024829,,,,,,,,,,,202203.0
149,A10023516,,,,,,,,,,,202203.0
