,kaptCode,heatC,heatP,gasC,gasP,waterHotC,waterHotP,electC,electP,waterCoolC,waterCoolP,Date
0,A14019001,0,0,0,0,0,0,133660,4022580,0,0,202203.0
1,A14070302,0,0,204560,0,0,0,20546260,31306180,1310080,7122840,202203.0
2,A10023798,,,,,,,,,,,202203.0
3,A14006001,0,0,0,0,0,0,835240,8919260,0,4055260,202203.0
4,A14004001,0,0,0,0,0,0,838374,7761790,0,0,202203.0
5,A14004002,0,0,1252660,0,0,0,9476159,34479280,0,0,202203.0
6,A14076401,0,0,0,0,0,0,1662890,6055520,-325470,3921730,202203.0
7,A14005001,5159790,0,0,0,0,0,5419500,15639660,493780,4114560,202203.0
8,A10023464,,,,,,,,,,,202203.0
9,A14085002,5939190,53664580,0,0,-8588000,8588000,5990240,18067710,0,11689130,202203.0
10,A14085101,152760,0,0,0,0,0,1926680,9203910,519680,8938870,202203.0
11,A14074101,0,0,205800,0,0,0,6543010,13205340,1287040,4444600,202203.0
12,A10025533,0,0,21660,0,0,0,3972523,19015790,-1280,8004710,202203.0
13,A10023858,,,,,,,,,,,202203.0
14,A10025898,0,0,0,0,0,0,6789130,8279540,512870,2969500,202203.0
15,A14007002,0,0,769560,0,0,0,15479590,49576640,0,29034930,202203.0
16,A14007001,0,0,0,0,0,0,2456760,7786830,-184340,5681480,202203.0
17,A14083101,0,0,0,0,0,0,2910014,8643410,0,3487350,202203.0
18,A14009001,0,34061200,0,0,0,30503000,7534000,38979630,2956030,13702620,202203.0
19,A10024333,0,0,0,0,0,0,10435830,0,176840,0,202203.0
20,A10025626,,,,,,,,,,,202203.0
21,A14074501,,,,,,,,,,,202203.0
22,A10024691,12516660,0,0,0,0,24123350,34922607,65945730,2554310,16233170,202203.0
23,A14072701,16805400,96332490,0,0,0,44253000,16172190,65465960,0,34506530,202203.0
24,A14003002,33505360,0,0,0,4833000,0,10106140,0,3787850,0,202203.0
25,A14003003,0,34374096,0,0,0,4986000,5290280,8444020,100000,4769898,202203.0
26,A14003103,,,,,,,,,,,202203.0
27,A14003104,2782040,17749480,0,0,0,9797760,6949988,16658210,395230,5823300,202203.0
28,A14003006,7100660,17989210,0,0,3758200,12745200,8638506,16277820,0,9455180,202203.0
29,A14003008,125220406,124958016,0,0,16385600,16385600,30897100,30346730,3807600,0,202203.0
30,A14003004,1831040,17985690,0,0,-80,7812270,6029792,15326050,-20,6028640,202203.0
31,A14085501,15352570,19310480,0,0,-13100100,13100100,8941330,13328500,0,10085620,202203.0
32,A14090902,24166590,24046490,0,0,-19169000,19169000,1051424,19600660,3192380,0,202203.0
33,A14003007,12377550,44271180,0,0,0,28760000,13829383,50582750,133460,17784480,202203.0
34,A14003101,260,25040640,0,0,0,4949100,4185300,10619730,4309640,0,202203.0
35,A14003001,999930,9719710,0,0,0,5240000,3636020,6956420,464950,3866140,202203.0
36,A14003105,7259610,45779300,0,0,0,24804000,10604520,30754530,177570,17020580,202203.0
37,A14003106,6681170,51322990,0,0,0,26881200,6869733,34461500,7772600,12740920,202203.0
38,A14072901,21819740,12504960,0,0,0,8131200,14327570,9051120,2171440,2171440,202203.0
39,A14077401,,,,,,,,,,,202203.0
40,A10027908,3526830,23067300,0,0,0,12827100,14708386,37662560,1131700,7810160,202203.0
41,A14072702,12071010,41857330,0,0,0,18864300,6470542,26738230,617550,15159810,202203.0
42,A10023360,,,,,,,,,,,202203.0
43,A14086001,19537872,45597130,0,0,0,9671440,14826570,22185110,930910,5937500,202203.0
44,A14086101,7347680,29514190,0,0,0,15704800,5994966,15671910,3424440,0,202203.0
45,A10027425,,,,,,,,,,,202203.0
46,A14077902,0,0,0,0,0,0,17316608,99338050,892620,12194590,202203.0
47,A14077901,44690,0,0,0,0,0,18492740,0,11256900,0,202203.0
48,A10027071,0,0,0,0,0,0,597620,8812760,-115190,2272090,202203.0
49,A10024641,,,,,,,,,,,202203.0
50,A10025192,0,0,0,0,0,0,43607519,57739550,3727570,8116830,202203.0
51,A10023379,,,,,,,,,,,202203.0
52,A14080901,,,,,,,,,,,202203.0
53,A14024001,0,0,0,0,0,0,5144180,6770720,4540,7135410,202203.0
54,A14024002,146335650,0,0,0,0,35690200,18691700,51414632,15073380,0,202203.0
55,A14082601,0,0,0,0,0,0,2627520,7569200,753750,4172460,202203.0
56,A14082302,0,0,133530,0,0,0,9651500,0,0,0,202203.0
