,kaptCode,heatC,heatP,gasC,gasP,waterHotC,waterHotP,electC,electP,waterCoolC,waterCoolP,Date
0,A14019001,0,0,0,0,0,0,172590,4714080,237440,6000320,202210.0
1,A14070302,0,0,1890,0,0,0,19821020,40153230,-2536040,8771640,202210.0
2,A10023798,0,0,0,0,0,0,10164450,15705120,2670820,5851930,202210.0
3,A14006001,0,0,0,0,0,0,584841,8745500,0,3913230,202210.0
4,A14004001,0,0,0,0,0,0,1194320,8791300,409210,8620210,202210.0
5,A14004002,0,0,30470,0,0,0,10201491,38776150,43650,43696980,202210.0
6,A14076401,0,0,0,0,0,0,1756620,5991300,-156930,3858600,202210.0
7,A14005001,3709050,0,0,0,0,0,5490950,18837390,349830,4255360,202210.0
8,A10023464,,,,,,,,,,,202210.0
9,A14085002,5616050,19189840,0,0,-6368000,6368000,3215780,18689150,0,10533160,202210.0
10,A14085101,0,0,0,0,0,0,2354840,10809200,137880,4379530,202210.0
11,A14074101,0,0,39840,0,0,0,7315200,14835220,1412090,4418810,202210.0
12,A10025533,0,0,5240,0,0,0,3748314,21013170,-230,7611830,202210.0
13,A10023858,0,0,0,0,0,0,4514110,16319930,789890,5466360,202210.0
14,A10025898,0,0,0,0,0,0,3881178,10453500,159350,3389510,202210.0
15,A14007002,0,0,54790,0,0,0,21503090,47297710,0,22792690,202210.0
16,A14007001,0,0,0,0,0,0,1985960,9302490,95580,5735890,202210.0
17,A14083101,0,0,0,0,0,0,1726494,9713650,0,3752900,202210.0
18,A14009001,7162205,8524000,0,0,0,39110000,32429402,46538690,5136700,13573350,202210.0
19,A10024333,0,0,0,0,0,0,24181160,24181160,10724070,10724070,202210.0
20,A10025626,,,,,,,,,,,202210.0
21,A14074501,,,,,,,,,,,202210.0
22,A10024691,10330090,14934070,0,1031100,0,21041900,41102551,70650370,1823930,15531990,202210.0
23,A14072701,17580260,45816680,0,0,0,37373000,19527840,77085600,3559040,35253320,202210.0
24,A14003002,12893810,0,0,0,3816000,0,10276620,0,4052420,0,202210.0
25,A14003003,0,11046648,0,0,0,7573500,3449100,9195810,250000,4852008,202210.0
26,A14003103,,,,,,,,,,,202210.0
27,A14003104,2733510,7893490,0,0,0,8862480,7144356,17717450,364400,5654150,202210.0
28,A14003006,6751330,8164110,0,0,2206000,10412320,8289641,20625850,0,0,202210.0
29,A14003008,3588994,3548604,0,0,11074800,11074800,32705981,32153150,2551700,0,202210.0
30,A14003004,1831040,4209820,0,0,0,9038460,7377930,15142490,0,5737880,202210.0
31,A14085501,11265130,8540290,0,0,0,9012900,7334410,16650670,0,9098210,202210.0
32,A14090902,17388610,11595690,0,0,-13860000,13860000,1209608,24278640,2534200,0,202210.0
33,A14003007,9256620,16412360,0,0,0,22025000,11182715,58236310,105430,16921880,202210.0
34,A14003101,15438220,0,0,0,0,4356000,2705190,11789000,224100,4350670,202210.0
35,A14003001,999570,4900710,0,0,0,4048000,3504020,8294170,155980,3950210,202210.0
36,A14003105,8637840,18558720,0,0,0,21840030,13528620,33912070,202780,16646700,202210.0
37,A14003106,9100450,24523300,0,0,0,21810600,6410455,40912730,6023820,13339810,202210.0
38,A14072901,13828790,6668890,0,0,0,5976320,14635590,10655100,1597825,1597825,202210.0
39,A14077401,,,,,,,,,,,202210.0
40,A10027908,1888430,5577100,0,0,0,13133400,17105624,45872450,2049460,7851060,202210.0
41,A14072702,9101950,19286350,0,0,0,18686400,4731319,30837730,768610,15351660,202210.0
42,A10023360,,,,,,,,,,,202210.0
43,A14086001,8241125,19261350,0,0,0,15287400,16386141,22763310,686670,10681280,202210.0
44,A14086101,4834890,19394100,0,0,0,11919300,3928518,16567310,0,0,202210.0
45,A10027425,,,,,,,,,,,202210.0
46,A14077902,0,0,0,0,0,0,18594811,110705610,1941680,11427800,202210.0
47,A14077901,23140,0,0,0,0,0,17474810,0,0,0,202210.0
48,A10027071,0,0,0,0,0,0,193500,11403580,1380790,2292910,202210.0
49,A10024641,,,,,,,,,,,202210.0
50,A10025192,0,0,0,0,0,0,42464142,71446990,3592830,7629180,202210.0
51,A10023379,,,,,,,,,,,202210.0
52,A14080901,,,,,,,,,,,202210.0
53,A14024001,0,0,0,0,0,0,5053300,7324280,0,0,202210.0
54,A14024002,85712590,0,0,0,0,31164000,16523390,58847190,11577140,0,202210.0
55,A14082601,0,0,0,0,0,0,2221260,8163720,474600,4401110,202210.0
56,A14082302,0,0,16500,0,0,0,10529770,0,8627760,0,202210.0
