,kaptCode,heatC,heatP,gasC,gasP,waterHotC,waterHotP,electC,electP,waterCoolC,waterCoolP,Date
0,A14019001,0,0,0,0,0,0,195610,4494270,171350,5607570,202204.0
1,A14070302,0,0,113260,0,0,0,20474890,34190430,773570,7948020,202204.0
2,A10023798,,,,,,,,,,,202204.0
3,A14006001,0,0,0,0,0,0,856128,8411460,0,3815650,202204.0
4,A14004001,0,0,0,0,0,0,1097231,8444630,440410,8651970,202204.0
5,A14004002,0,0,633780,0,0,0,10098437,38007180,0,45040900,202204.0
6,A14076401,0,0,0,0,0,0,865630,5766540,-513950,3856630,202204.0
7,A14005001,4441460,0,0,0,0,0,5385590,17677790,514360,4055150,202204.0
8,A10023464,,,,,,,,,,,202204.0
9,A14085002,7027940,13806120,0,0,-8904000,8904000,5095780,18219910,0,9802680,202204.0
10,A14085101,47350,0,0,0,0,0,1950200,9712230,0,0,202204.0
11,A14074101,0,0,74640,0,0,0,6843100,14396740,1588640,4645180,202204.0
12,A10025533,0,0,24300,0,0,0,2694758,20734400,-2330,7495650,202204.0
13,A10023858,0,0,0,0,0,0,9165520,3215390,383260,3225010,202204.0
14,A10025898,0,0,0,0,0,0,4829960,9317860,467710,3051660,202204.0
15,A14007002,0,0,508570,0,0,0,12819604,47307510,0,22711300,202204.0
16,A14007001,0,0,0,0,0,0,663190,8453860,603160,5291090,202204.0
17,A14083101,0,0,0,0,0,0,2802090,9316980,0,3947340,202204.0
18,A14009001,0,10226350,0,0,0,26284500,7696450,43322740,6650070,13369680,202204.0
19,A10024333,0,0,0,0,0,0,10596059,17940660,1674900,9184290,202204.0
20,A10025626,,,,,,,,,,,202204.0
21,A14074501,,,,,,,,,,,202204.0
22,A10024691,8663050,12093080,0,1539600,0,24653940,31670643,60672160,2470940,17608080,202204.0
23,A14072701,15044160,39093600,0,0,0,35090000,19656190,74789330,22970,40092040,202204.0
24,A14003002,6952180,0,0,0,4896000,0,10135490,0,4237600,0,202204.0
25,A14003003,0,11609928,0,0,0,5370000,3954690,9259370,100000,5330778,202204.0
26,A14003103,,,,,,,,,,,202204.0
27,A14003104,2676540,7460180,0,0,0,7668650,6479820,15712280,271160,6458810,202204.0
28,A14003006,4837120,5804420,0,0,3292450,9877350,8084803,17103210,0,0,202204.0
29,A14003008,76960894,76741744,0,0,16574800,16574800,24650843,24255530,5298850,0,202204.0
30,A14003004,1831040,5286960,0,0,450,7483470,6609398,12893410,-140,6364290,202204.0
31,A14085501,13620670,5525920,0,0,-11368500,11368500,8643270,15327450,0,9481820,202204.0
32,A14090902,19800550,7003630,0,0,-16703500,16703500,1140518,22541980,2747500,0,202204.0
33,A14003007,9636040,17151150,0,0,0,25755000,13610053,58811580,142800,17481330,202204.0
34,A14003101,200,9469560,0,0,0,4800000,3076830,11846000,224100,4689910,202204.0
35,A14003001,999490,3765080,0,0,0,4668000,3430180,7921120,521860,3762280,202204.0
36,A14003105,4783070,16548000,0,0,0,20712000,11875360,34237670,159470,17038680,202204.0
37,A14003106,5094260,21671520,0,0,0,20704200,7582293,38608600,7275670,11464840,202204.0
38,A14072901,10894340,2771240,0,0,0,6939520,14290230,9431940,2171440,2171440,202204.0
39,A14077401,,,,,,,,,,,202204.0
40,A10027908,1952350,5844200,0,0,0,13480000,14894147,41986570,1294670,8785690,202204.0
41,A14072702,7308050,9957100,0,0,0,20488000,4572631,29841130,268030,16531230,202204.0
42,A10023360,,,,,,,,,,,202204.0
43,A14086001,9298365,21699450,0,0,0,9612340,12206340,20710740,919860,6552210,202204.0
44,A14086101,3670720,14682010,0,0,0,13755100,4671404,15513060,0,0,202204.0
45,A10027425,,,,,,,,,,,202204.0
46,A14077902,0,0,0,0,0,0,18329258,105634520,3770020,13415780,202204.0
47,A14077901,42550,0,0,0,0,0,19140410,0,0,0,202204.0
48,A10027071,0,0,0,0,0,0,328900,9270510,799110,2163590,202204.0
49,A10024641,,,,,,,,,,,202204.0
50,A10025192,0,0,0,0,0,0,40974582,62243600,3016310,8608850,202204.0
51,A10023379,,,,,,,,,,,202204.0
52,A14080901,,,,,,,,,,,202204.0
53,A14024001,0,0,0,0,0,0,5539360,7126210,0,0,202204.0
54,A14024002,72821040,0,0,0,0,30621200,25832600,56447330,15209525,0,202204.0
55,A14082601,0,0,0,0,0,0,2335720,8071490,353250,4581250,202204.0
56,A14082302,0,0,94230,0,0,0,10336420,0,7689610,0,202204.0
