,kaptCode,heatC,heatP,gasC,gasP,waterHotC,waterHotP,electC,electP,waterCoolC,waterCoolP,Date
0,A14019001,0,0,0,0,0,0,714940,5005140,225230,5604820,202202.0
1,A14070302,0,0,363830,0,0,0,25684620,37047010,-1130420,9083240,202202.0
2,A10023798,,,,,,,,,,,202202.0
3,A14006001,0,0,0,0,0,0,2307630,7772120,0,4113830,202202.0
4,A14004001,0,0,0,0,0,0,967578,9666240,100610,8385350,202202.0
5,A14004002,0,0,1571600,0,0,0,11579062,42224220,0,43076950,202202.0
6,A14076401,0,0,0,0,0,0,501010,6766490,-647100,3785800,202202.0
7,A14005001,8213090,0,0,0,0,0,7839070,18999610,437680,3706870,202202.0
8,A10023464,,,,,,,,,,,202202.0
9,A14085002,6106620,86602560,0,0,-9608000,9608000,7993260,20659660,0,9164370,202202.0
10,A14085101,253560,0,0,0,0,0,1828790,11266050,0,0,202202.0
11,A14074101,0,0,234400,0,0,0,7876650,15949080,1447000,4806100,202202.0
12,A10025533,0,0,19680,0,0,0,8217329,23237190,-3330,8438080,202202.0
13,A10023858,,,,,,,,,,,202202.0
14,A10025898,0,0,0,0,0,0,8959590,9711950,39950,3422750,202202.0
15,A14007002,0,0,1278020,0,0,0,16652528,45308080,0,24680980,202202.0
16,A14007001,0,0,0,0,0,0,-257750,9365670,508520,5862220,202202.0
17,A14083101,0,0,0,0,0,0,3625873,10432220,0,3959710,202202.0
18,A14009001,0,62213200,0,0,0,29287500,7672000,46029260,2465040,12323430,202202.0
19,A10024333,0,0,0,0,0,0,15880408,18451490,503100,8335290,202202.0
20,A10025626,,,,,,,,,,,202202.0
21,A14074501,,,,,,,,,,,202202.0
22,A10024691,9796760,0,0,0,0,24692850,54041969,55032350,3759340,18141990,202202.0
23,A14072701,16638460,147409730,0,0,0,56840000,18947800,76271380,4458770,40735730,202202.0
24,A14003002,50424070,0,0,0,5544000,0,14964080,0,3890400,0,202202.0
25,A14003003,0,35034444,0,0,0,5820000,9658690,10697700,0,5270358,202202.0
26,A14003103,,,,,,,,,,,202202.0
27,A14003104,2436120,34871680,0,0,0,3260630,5404272,15520620,299110,6584300,202202.0
28,A14003006,7615080,33532720,0,0,3521300,12860400,10828430,20081930,0,0,202202.0
29,A14003008,145788344,145488454,0,0,18959600,18959600,34758496,34177150,4502860,0,202202.0
30,A14003004,1831040,30880570,0,0,-680,6692660,7917128,13014540,340,5998530,202202.0
31,A14085501,20234930,28147290,0,0,-17983000,17983000,10720830,15448410,0,9444810,202202.0
32,A14090902,27991970,42495600,0,0,-21059800,21059800,1173458,24298610,3282100,0,202202.0
33,A14003007,6782450,74282640,0,0,0,26790000,25285280,59714600,123030,16042210,202202.0
34,A14003101,-440,36493800,0,0,0,6433700,6197110,13365980,3964220,0,202202.0
35,A14003001,999600,15613600,0,0,0,5632000,5877830,7953140,294650,3575590,202202.0
36,A14003105,7571320,83027700,0,0,0,26287800,16188500,36385490,202260,16925800,202202.0
37,A14003106,5494670,97998660,0,0,0,15446000,6682558,42379030,6739180,11720770,202202.0
38,A14072901,31886680,23064700,0,0,0,7638400,17299230,10933310,1655160,1655160,202202.0
39,A14077401,,,,,,,,,,,202202.0
40,A10027908,1111460,39620800,0,0,0,18889500,25419367,46412590,1244030,8833590,202202.0
41,A14072702,13761340,62384370,0,0,0,27425300,10365675,31512740,-574290,15281760,202202.0
42,A10023360,,,,,,,,,,,202202.0
43,A14086001,30593058,71469840,0,0,0,8537440,15344371,22769270,713670,6754250,202202.0
44,A14086101,9525110,38132020,0,0,0,16482000,7682761,21053300,0,0,202202.0
45,A10027425,,,,,,,,,,,202202.0
46,A14077902,0,0,0,0,0,0,26012050,130717750,575950,12638560,202202.0
47,A14077901,156280,0,0,0,0,0,24404090,0,0,0,202202.0
48,A10027071,0,0,0,0,0,0,730340,7875930,1729560,2038940,202202.0
49,A10024641,,,,,,,,,,,202202.0
50,A10025192,0,0,0,0,0,0,56213664,71746900,1409770,6987830,202202.0
51,A10023379,,,,,,,,,,,202202.0
52,A14080901,,,,,,,,,,,202202.0
53,A14024001,0,0,0,0,0,0,6545490,9128010,0,0,202202.0
54,A14024002,156317180,0,0,0,0,35427500,35099780,65646230,15073380,0,202202.0
55,A14082601,0,0,0,0,0,0,2188090,9499960,542250,3988320,202202.0
56,A14082302,0,0,146290,0,0,0,11559140,0,8093410,0,202202.0
