,kaptCode,heatC,heatP,gasC,gasP,waterHotC,waterHotP,electC,electP,waterCoolC,waterCoolP,Date
0,A14019001,0,0,0,0,0,0,132260,4263380,89500,5932070,202206.0
1,A14070302,0,0,15060,0,0,0,21428740,38652730,-251500,9185580,202206.0
2,A10023798,0,0,0,0,0,0,20341020,0,1902310,0,202206.0
3,A14006001,0,0,0,0,0,0,710610,7807410,0,4374030,202206.0
4,A14004001,0,0,0,0,0,0,1048439,8854440,642340,8711270,202206.0
5,A14004002,0,0,25470,0,0,0,9645265,38486300,0,45259610,202206.0
6,A14076401,0,0,0,0,0,0,636170,4973730,-127620,3754220,202206.0
7,A14005001,3762030,0,0,0,0,0,6643620,20244540,705380,3864130,202206.0
8,A10023464,,,,,,,,,,,202206.0
9,A14085002,6023840,4878420,0,0,-6676000,6676000,3498680,16484530,0,10587470,202206.0
10,A14085101,0,0,0,0,0,0,1948280,9842790,0,0,202206.0
11,A14074101,0,0,14080,0,0,0,6230010,13612530,1439640,4826390,202206.0
12,A10025533,0,0,13120,0,0,0,2667851,21164890,-500,7961990,202206.0
13,A10023858,0,0,0,0,0,0,6015090,13131400,290540,4610550,202206.0
14,A10025898,0,0,0,0,0,0,2192969,9290830,215510,3219930,202206.0
15,A14007002,0,0,164580,0,0,0,14335174,51243870,0,24258530,202206.0
16,A14007001,0,0,0,0,0,0,685380,8225520,787420,5221500,202206.0
17,A14083101,0,0,0,0,0,0,3203935,9105960,0,3947710,202206.0
18,A14009001,3034780,507300,0,0,0,22074000,23368554,43734500,5015880,13601510,202206.0
19,A10024333,0,0,0,0,0,0,32784960,23177030,11047050,11046690,202206.0
20,A10025626,,,,,,,,,,,202206.0
21,A14074501,,,,,,,,,,,202206.0
22,A10024691,11284380,0,0,1706400,0,11156200,47274097,84643450,2804590,17606580,202206.0
23,A14072701,9592964,0,0,0,2760696,22072000,15444690,79820660,815190,39357250,202206.0
24,A14003002,598470,0,0,0,4044000,0,10308930,0,4507030,0,202206.0
25,A14003003,0,1510860,0,0,0,5764000,3034460,9433090,200000,5117418,202206.0
26,A14003103,,,,,,,,,,,202206.0
27,A14003104,2269220,0,0,0,0,4057200,4661735,21262680,144080,6462650,202206.0
28,A14003006,3461060,42280,0,0,2233300,5826000,8962106,18047530,0,0,202206.0
29,A14003008,8363076,8317086,0,0,13578400,13578400,24760989,24352770,5005310,0,202206.0
30,A14003004,1831040,67310,0,0,0,4105350,7407862,17893390,0,6299310,202206.0
31,A14085501,7991740,0,0,0,-5739520,5739520,6994030,15305100,0,9953550,202206.0
32,A14090902,10249720,0,0,0,-9141640,9141640,1224620,22740350,2050200,0,202206.0
33,A14003007,7652280,1957590,0,0,0,18210000,13235112,73425650,118640,18248690,202206.0
34,A14003101,852020,0,0,0,0,3611200,2250220,13708130,224100,5413790,202206.0
35,A14003001,1319800,0,0,0,0,3223560,3570980,9258780,156340,4001020,202206.0
36,A14003105,4790890,60200,0,0,0,11130200,10234030,34929730,106650,17355190,202206.0
37,A14003106,4903410,0,0,0,0,13316400,4254714,42216690,5550850,14619760,202206.0
38,A14072901,4395940,34610,0,0,0,3177750,14456530,9769810,2026750,2026750,202206.0
39,A14077401,,,,,,,,,,,202206.0
40,A10027908,684130,0,0,0,0,9405400,19842094,54309050,2611230,8529100,202206.0
41,A14072702,535000,0,0,0,0,14754400,2597766,31663970,-961420,16425060,202206.0
42,A10023360,,,,,,,,,,,202206.0
43,A14086001,0,0,0,0,0,11223290,5468876,23327050,757910,11095450,202206.0
44,A14086101,216860,881500,0,0,0,9996400,3823414,14984200,0,0,202206.0
45,A10027425,,,,,,,,,,,202206.0
46,A14077902,0,0,0,0,0,0,19952306,136183710,7014910,14067560,202206.0
47,A14077901,19170,0,0,0,0,0,20938920,0,0,0,202206.0
48,A10027071,0,0,0,0,0,0,-2251050,17453490,1186140,2089400,202206.0
49,A10024641,,,,,,,,,,,202206.0
50,A10025192,0,0,0,0,0,0,48661829,73667220,1764500,7958340,202206.0
51,A10023379,,,,,,,,,,,202206.0
52,A14080901,,,,,,,,,,,202206.0
53,A14024001,0,0,0,0,0,0,4936510,7515790,0,0,202206.0
54,A14024002,5764820,0,0,0,0,23432100,20641730,61805690,15323750,0,202206.0
55,A14082601,0,0,0,0,0,0,2119470,7054830,281450,4331510,202206.0
56,A14082302,0,0,20450,0,0,0,10014480,0,8424580,0,202206.0
