,kaptCode,heatC,heatP,gasC,gasP,waterHotC,waterHotP,electC,electP,waterCoolC,waterCoolP,Date
0,A14019001,0,0,0,0,0,0,94860,6687250,0,0,202207.0
1,A14070302,0,0,1940,0,0,0,20777250,78008190,-205940,8793060,202207.0
2,A10023798,0,0,0,0,0,0,28227530,0,5090430,0,202207.0
3,A14006001,0,0,0,0,0,0,1203607,8469320,0,3821070,202207.0
4,A14004001,0,0,0,0,0,0,-77461,12940850,0,0,202207.0
5,A14004002,0,0,18410,0,0,0,9176683,56811990,0,0,202207.0
6,A14076401,0,0,0,0,0,0,1373050,6177090,-1012070,4873980,202207.0
7,A14005001,2578620,0,0,0,0,0,7062310,36850910,899400,3902010,202207.0
8,A10023464,,,,,,,,,,,202207.0
9,A14085002,4952550,5665420,0,0,-5504000,5504000,3570690,24389350,0,11766880,202207.0
10,A14085101,0,0,0,0,0,0,807890,14746840,39650,9179540,202207.0
11,A14074101,0,0,12180,0,0,0,8453510,19152610,1433460,4627240,202207.0
12,A10025533,0,0,8040,0,0,0,3680830,37363440,-760,7855710,202207.0
13,A10023858,0,0,0,0,0,0,7498950,21713870,712930,5351840,202207.0
14,A10025898,0,0,0,0,0,0,4596594,15836150,286750,3402250,202207.0
15,A14007002,0,0,81720,0,0,0,28543892,71751310,0,32967870,202207.0
16,A14007001,0,0,0,0,0,0,3618430,8384220,73880,5918650,202207.0
17,A14083101,0,0,0,0,0,0,3843221,14079430,0,3968100,202207.0
18,A14009001,4084526,170050,0,0,0,16887000,30647461,69237190,4808450,13573350,202207.0
19,A10024333,0,0,0,0,0,0,36790160,36790160,11231560,11231560,202207.0
20,A10025626,,,,,,,,,,,202207.0
21,A14074501,,,,,,,,,,,202207.0
22,A10024691,11152240,0,0,1722750,0,10516000,59985681,149721580,2738660,17690800,202207.0
23,A14072701,9592964,0,0,0,2740776,19964000,13671530,132008000,0,36968150,202207.0
24,A14003002,1311280,0,0,0,3114000,0,15590408,0,4382410,0,202207.0
25,A14003003,0,1511460,0,0,0,5717100,3999630,15443540,250000,5133528,202207.0
26,A14003103,,,,,,,,,,,202207.0
27,A14003104,2269220,0,0,0,2470,3690440,4701856,36956690,294470,5979800,202207.0
28,A14003006,3440640,0,0,0,2364000,5200800,10107610,26267370,0,14587220,202207.0
29,A14003008,3168290,3127230,0,0,1188400,11884400,18531351,27644710,4058020,0,202207.0
30,A14003004,1831040,0,0,0,0,3246440,9460146,31078300,0,6137270,202207.0
31,A14085501,7463540,0,0,0,-5211320,5211320,4801460,22796590,0,9613820,202207.0
32,A14090902,9391410,0,0,0,-8148890,8148890,1328220,35287950,2481090,0,202207.0
33,A14003007,7388140,1454650,0,0,0,15935000,17730788,120815510,151180,18404980,202207.0
34,A14003101,1520270,0,0,0,0,2689900,2239140,24705100,224100,4984280,202207.0
35,A14003001,1319020,0,0,0,0,3222270,4085850,14261630,57830,4178740,202207.0
36,A14003105,4764050,176400,0,0,0,10557000,11367080,60033400,158540,17215860,202207.0
37,A14003106,5022380,0,0,0,0,12081000,3259552,68312570,5735950,15449370,202207.0
38,A14072901,4133380,0,0,0,0,2949800,18988450,14383200,1774225,1774225,202207.0
39,A14077401,,,,,,,,,,,202207.0
40,A10027908,735270,0,0,0,0,8416760,29808391,95531720,1803270,8110190,202207.0
41,A14072702,3022010,0,0,0,0,11510700,-3329065,52439960,-245450,16071690,202207.0
42,A10023360,,,,,,,,,,,202207.0
43,A14086001,0,0,0,0,0,11899570,2845384,38995820,696020,10979560,202207.0
44,A14086101,270260,1093150,0,0,0,7457100,4949522,23429190,2045550,0,202207.0
45,A10027425,,,,,,,,,,,202207.0
46,A14077902,0,0,0,0,0,0,36039445,270159000,2841800,12950900,202207.0
47,A14077901,17130,0,0,0,0,0,34934670,0,11533760,0,202207.0
48,A10027071,0,0,0,0,0,0,-1649340,24689810,1231680,2385140,202207.0
49,A10024641,,,,,,,,,,,202207.0
50,A10025192,0,0,0,0,0,0,59432757,161014350,5331160,8107840,202207.0
51,A10023379,,,,,,,,,,,202207.0
52,A14080901,,,,,,,,,,,202207.0
53,A14024001,0,0,0,0,0,0,4920870,11319850,268790,7292560,202207.0
54,A14024002,8789010,0,0,0,0,19339900,27867160,101468310,15323750,0,202207.0
55,A14082601,0,0,0,0,0,0,1976647,8688230,307360,4337130,202207.0
56,A14082302,0,0,14930,0,0,0,13309720,0,0,0,202207.0
