,kaptCode,heatC,heatP,gasC,gasP,waterHotC,waterHotP,electC,electP,waterCoolC,waterCoolP,Date
0,A14019001,0,0,0,0,0,0,191620,7333860,225300,5917580,202208.0
1,A14070302,0,0,12950,0,0,0,9842920,114942580,-120040,9008980,202208.0
2,A10023798,0,0,0,0,0,0,36555740,0,7912180,0,202208.0
3,A14006001,0,0,0,0,0,0,2282865,12007320,0,4687390,202208.0
4,A14004001,0,0,0,0,0,0,-426884,14572360,163800,9007900,202208.0
5,A14004002,0,0,14580,0,0,0,14293785,66369760,0,46721600,202208.0
6,A14076401,0,0,0,0,0,0,261670,7847190,258340,3440600,202208.0
7,A14005001,2187870,0,0,0,0,0,7711510,48561820,766090,4017480,202208.0
8,A10023464,,,,,,,,,,,202208.0
9,A14085002,4144090,5859340,0,0,-4956000,4956000,4409100,32758270,0,11125990,202208.0
10,A14085101,0,0,0,0,0,0,124510,17289850,86180,4748060,202208.0
11,A14074101,0,0,15750,0,0,0,7248820,27731020,1414100,4782340,202208.0
12,A10025533,0,0,7580,0,0,0,4027514,44152620,-120,8973990,202208.0
13,A10023858,0,0,0,0,0,0,8923020,26918590,4042230,5139830,202208.0
14,A10025898,0,0,0,0,0,0,4664979,19547230,215510,3336410,202208.0
15,A14007002,0,0,50360,0,0,0,11952261,72398840,0,26752730,202208.0
16,A14007001,0,0,0,0,0,0,592500,11521710,474470,5739200,202208.0
17,A14083101,0,0,0,0,0,0,3938734,17283470,0,4018930,202208.0
18,A14009001,4388244,175750,0,0,0,20520000,25589838,85215790,4957520,13976970,202208.0
19,A10024333,0,0,0,0,0,0,40278880,40278880,11026770,11026770,202208.0
20,A10025626,,,,,,,,,,,202208.0
21,A14074501,,,,,,,,,,,202208.0
22,A10024691,12860880,0,0,1206600,0,8767000,61595333,137971430,3589200,16704350,202208.0
23,A14072701,9592964,0,0,0,2233416,19271700,10672240,158549290,2022880,38185520,202208.0
24,A14003002,1588760,0,0,0,2760000,0,20075960,0,4400180,0,202208.0
25,A14003003,0,1482684,0,0,0,5442570,3945630,18586210,250000,5113578,202208.0
26,A14003103,,,,,,,,,,,202208.0
27,A14003104,2269220,0,0,0,2500,3510140,4943427,33980660,249750,6177970,202208.0
28,A14003006,3701320,0,0,0,1573000,5033600,10532736,31339860,0,0,202208.0
29,A14003008,4088375,4039440,0,0,9433600,9433600,51054661,50099360,4058020,0,202208.0
30,A14003004,1831040,0,0,0,0,3074370,4747207,35582190,0,6126800,202208.0
31,A14085501,7324240,0,0,0,-5072020,5072020,7048850,26927490,0,10080450,202208.0
32,A14090902,9181930,0,0,0,-7891900,7891900,1368962,45720160,1875200,0,202208.0
33,A14003007,7139750,4520,0,0,0,15015000,14457072,159231320,156410,18093900,202208.0
34,A14003101,1036930,0,0,0,0,2960200,2503270,29598050,224100,4887660,202208.0
35,A14003001,998630,0,0,0,0,3108120,4216800,16517250,35330,4050550,202208.0
36,A14003105,4569970,0,0,0,0,10160500,7136050,71373600,5790,15793830,202208.0
37,A14003106,5064170,0,0,0,0,11619000,-761402,85497914,4222450,16155840,202208.0
38,A14072901,4149770,0,0,0,0,2966190,21556610,17050930,1774225,1774225,202208.0
39,A14077401,,,,,,,,,,,202208.0
40,A10027908,724790,0,0,0,0,8091160,33324779,123239650,2496380,8255670,202208.0
41,A14072702,2550910,0,0,0,0,10848400,-3106902,63776820,123340,16288200,202208.0
42,A10023360,,,,,,,,,,,202208.0
43,A14086001,0,0,0,0,0,10879690,4339776,37672850,634480,11947470,202208.0
44,A14086101,124150,513150,0,0,0,8381700,5019630,28769730,0,0,202208.0
45,A10027425,,,,,,,,,,,202208.0
46,A14077902,0,0,0,0,0,0,28041356,385201140,3229210,12770910,202208.0
47,A14077901,15000,0,0,0,0,0,43027530,0,0,0,202208.0
48,A10027071,0,0,0,0,0,0,-1311630,22149160,914950,2303710,202208.0
49,A10024641,,,,,,,,,,,202208.0
50,A10025192,0,0,0,0,0,0,67901569,227676030,3410730,7993230,202208.0
51,A10023379,,,,,,,,,,,202208.0
52,A14080901,,,,,,,,,,,202208.0
53,A14024001,0,0,0,0,0,0,5139290,14370030,0,0,202208.0
54,A14024002,6505900,0,0,0,0,21106800,19693410,130700200,10876790,0,202208.0
55,A14082601,0,0,0,0,0,0,3280143,12407510,237300,4839640,202208.0
56,A14082302,0,0,13890,0,0,0,14901660,0,8830950,0,202208.0
