,kaptCode,heatC,heatP,gasC,gasP,waterHotC,waterHotP,electC,electP,waterCoolC,waterCoolP,Date
0,A14019001,0,0,0,0,0,0,237550,5124120,0,0,202211.0
1,A14070302,0,0,1100,0,0,0,19349560,35781160,-253620,9075890,202211.0
2,A10023798,0,0,0,0,0,0,10221840,15189350,2503400,6033420,202211.0
3,A14006001,0,0,0,0,0,0,1494157,8279450,0,4538370,202211.0
4,A14004001,0,0,0,0,0,0,1252632,9419270,0,0,202211.0
5,A14004002,0,0,222440,0,0,0,11220702,42074520,0,0,202211.0
6,A14076401,0,0,0,0,0,0,1740350,6229420,-868800,4036870,202211.0
7,A14005001,5983060,0,0,0,0,0,7596040,18805420,473750,3970900,202211.0
8,A10023464,,,,,,,,,,,202211.0
9,A14085002,5630090,42291140,0,0,-7104000,7104000,5158550,19085110,0,10358330,202211.0
10,A14085101,41810,0,0,0,0,0,2486660,10801470,220380,4650450,202211.0
11,A14074101,0,0,57740,0,0,0,7493270,14608830,1455300,4550430,202211.0
12,A10025533,0,0,13690,0,0,0,3736403,22477060,-370,7993860,202211.0
13,A10023858,0,0,0,0,0,0,2899430,16673430,757120,5212160,202211.0
14,A10025898,0,0,0,0,0,0,2780499,9977140,322880,3212790,202211.0
15,A14007002,0,0,172070,0,0,0,7414507,61731150,0,30879590,202211.0
16,A14007001,0,0,0,0,0,0,2001950,9373540,158140,5431610,202211.0
17,A14083101,0,0,0,0,0,0,3364112,9798950,0,3793360,202211.0
18,A14009001,6781852,27206400,0,0,0,51480000,22193791,45640080,5474910,12798660,202211.0
19,A10024333,0,0,0,0,0,0,23325120,23325120,9898490,9898490,202211.0
20,A10025626,,,,,,,,,,,202211.0
21,A14074501,,,,,,,,,,,202211.0
22,A10024691,10960840,35576480,0,992700,0,24759600,52404674,66684610,2694060,16416030,202211.0
23,A14072701,17866240,102305450,0,0,0,34306200,23411080,80142380,0,38851770,202211.0
24,A14003002,31661070,0,0,0,5900000,0,11994100,0,4099240,0,202211.0
25,A14003003,0,20950788,0,0,0,8574500,4272713,10348420,250000,4911738,202211.0
26,A14003103,,,,,,,,,,,202211.0
27,A14003104,2798350,16422380,0,0,0,10027030,8213156,15969280,433070,5969060,202211.0
28,A14003006,8493070,15892520,0,0,3534000,13429200,11393591,17516660,0,12132710,202211.0
29,A14003008,46171780,46105458,0,0,13046000,13046000,28004091,27584450,4254380,0,202211.0
30,A14003004,1831040,10399100,0,0,0,13022690,9249543,15211620,0,5962620,202211.0
31,A14085501,13324780,16468070,0,0,-11072560,11072560,9516090,16690160,0,9657390,202211.0
32,A14090902,20595430,24807660,0,0,-15486000,15486000,1358290,24043310,2916100,0,202211.0
33,A14003007,10825500,33677440,0,0,0,24595000,13338116,61124930,64990,16548340,202211.0
34,A14003101,21208430,0,0,0,0,5251500,4272190,12459410,224100,4604250,202211.0
35,A14003001,999560,9099440,0,0,0,4328000,5145700,8401710,126810,3701530,202211.0
36,A14003105,8877600,41537100,0,0,0,26358840,13789230,37066160,181490,15607690,202211.0
37,A14003106,8822690,51172190,0,0,0,24704400,9818914,41682490,5733590,12604640,202211.0
38,A14072901,20967060,13511480,0,0,0,6272000,16715250,10602820,1417225,1417225,202211.0
39,A14077401,,,,,,,,,,,202211.0
40,A10027908,2889390,16942800,0,0,0,14961900,20886484,44684700,1566460,8724680,202211.0
41,A14072702,10661370,39637270,0,0,0,21748800,6380198,32833080,312720,15845720,202211.0
42,A10023360,,,,,,,,,,,202211.0
43,A14086001,16266840,37955780,0,0,0,16750800,14422086,23380510,727900,10386830,202211.0
44,A14086101,7995070,32200650,0,0,0,12582600,6239569,16756160,1613270,0,202211.0
45,A10027425,,,,,,,,,,,202211.0
46,A14077902,0,0,0,0,0,0,23588915,109626730,666780,12457850,202211.0
47,A14077901,31570,0,0,0,0,0,20587760,0,10897720,0,202211.0
48,A10027071,0,0,0,0,0,0,721750,9650990,1353820,2244040,202211.0
49,A10024641,,,,,,,,,,,202211.0
50,A10025192,0,0,0,0,0,0,51890682,66288500,4813800,7292450,202211.0
51,A10023379,,,,,,,,,,,202211.0
52,A14080901,,,,,,,,,,,202211.0
53,A14024001,0,0,0,0,0,0,5642890,7948140,660370,6973170,202211.0
54,A14024002,150456470,0,0,0,0,36764700,28848150,62281100,11577140,0,202211.0
55,A14082601,0,0,0,0,0,0,1715360,8426220,282500,4619670,202211.0
56,A14082302,0,0,72250,0,0,0,11292310,0,0,0,202211.0
