,kaptCode,heatC,heatP,gasC,gasP,waterHotC,waterHotP,electC,electP,waterCoolC,waterCoolP,Date
0,A14019001,0,0,0,0,0,0,396340,5508060,0,0,202209.0
1,A14070302,0,0,1100,0,0,0,20056710,60802190,-2100660,9100510,202209.0
2,A10023798,0,0,0,0,0,0,31438450,0,7761880,0,202209.0
3,A14006001,0,0,0,0,0,0,606841,13897200,0,4208160,202209.0
4,A14004001,0,0,0,0,0,0,840698,9842200,0,0,202209.0
5,A14004002,0,0,16220,0,0,0,9226815,41729500,0,0,202209.0
6,A14076401,0,0,0,0,0,0,-339030,7406740,-746460,4119480,202209.0
7,A14005001,3549440,0,0,0,0,0,6009340,22892760,632130,4080090,202209.0
8,A10023464,,,,,,,,,,,202209.0
9,A14085002,5472360,5030900,0,0,-5788000,5788000,1331900,23718030,0,10074210,202209.0
10,A14085101,0,0,0,0,0,0,1334730,12881720,97460,4358910,202209.0
11,A14074101,0,0,11750,0,0,0,7940900,18698560,1419820,4648620,202209.0
12,A10025533,0,0,6020,0,0,0,4019229,27669530,-790,8380110,202209.0
13,A10023858,0,0,0,0,0,0,7817890,17456740,1260180,4951220,202209.0
14,A10025898,0,0,0,0,0,0,4468541,13258330,108810,3437000,202209.0
15,A14007002,0,0,43460,0,0,0,12546907,52194370,0,30118460,202209.0
16,A14007001,0,0,0,0,0,0,-1118720,11886660,12630,6013920,202209.0
17,A14083101,0,0,0,0,0,0,4404000,11993970,0,3894580,202209.0
18,A14009001,6060150,316350,0,0,0,27864000,28907898,57816100,4936330,13445010,202209.0
19,A10024333,0,0,0,0,0,0,28069270,28069270,9447320,9447320,202209.0
20,A10025626,,,,,,,,,,,202209.0
21,A14074501,,,,,,,,,,,202209.0
22,A10024691,7486590,0,0,1141800,0,16646000,39767618,76436340,2827660,18187070,202209.0
23,A14072701,9592964,0,0,0,4694126,22783800,12393590,86148890,0,38076100,202209.0
24,A14003002,1364200,0,0,0,3438000,0,10893340,0,4570880,0,202209.0
25,A14003003,0,1481640,0,0,0,5525660,3284180,10265270,250000,5213328,202209.0
26,A14003103,,,,,,,,,,,202209.0
27,A14003104,2269220,0,0,0,-2980,4138360,7349592,18404150,556220,5871500,202209.0
28,A14003006,3649520,0,0,0,2138400,6058800,9398811,22650570,0,14381710,202209.0
29,A14003008,3597706,3534458,0,0,9785600,9785600,63544565,62575930,3382820,0,202209.0
30,A14003004,1831040,0,0,0,0,3787240,5183864,18157570,0,6159220,202209.0
31,A14085501,7971560,0,0,0,-5719340,5719340,4086520,20840410,0,9409840,202209.0
32,A14090902,11266240,0,0,0,-10257100,10257100,1275606,30685500,3456750,0,202209.0
33,A14003007,7460290,1079780,0,0,0,18055000,8491404,78684790,121850,17013480,202209.0
34,A14003101,649320,0,0,0,0,3757500,1904300,14869440,224100,4672450,202209.0
35,A14003001,999460,0,0,0,0,3230200,3248480,9955130,164750,3837730,202209.0
36,A14003105,4539450,538300,0,0,0,13848450,8158970,39143820,229780,16619690,202209.0
37,A14003106,5222560,0,0,0,0,13632000,2423766,45867963,5490810,14817430,202209.0
38,A14072901,4559460,0,0,0,0,3375880,16498330,12654550,1597825,1597825,202209.0
39,A14077401,,,,,,,,,,,202209.0
40,A10027908,475350,0,0,0,0,10045200,21875777,60948560,3685270,8365720,202209.0
41,A14072702,1103290,0,0,0,0,14176000,1241888,34454340,177290,15945210,202209.0
42,A10023360,,,,,,,,,,,202209.0
43,A14086001,0,0,0,0,0,15127200,9374532,23409040,707690,10597300,202209.0
44,A14086101,349420,1491150,0,0,0,8622900,3963725,20793870,681180,0,202209.0
45,A10027425,,,,,,,,,,,202209.0
46,A14077902,0,0,0,0,0,0,21876260,147933260,2886990,12310280,202209.0
47,A14077901,21740,0,0,0,0,0,22656320,0,11355540,0,202209.0
48,A10027071,0,0,0,0,0,0,-1769720,17010710,547090,2292370,202209.0
49,A10024641,,,,,,,,,,,202209.0
50,A10025192,0,0,0,0,0,0,51969001,116337200,3951110,7452850,202209.0
51,A10023379,,,,,,,,,,,202209.0
52,A14080901,,,,,,,,,,,202209.0
53,A14024001,0,0,0,0,0,0,4809800,8704830,309960,7323580,202209.0
54,A14024002,6606780,0,0,0,0,23177300,17268850,72240690,10876790,0,202209.0
55,A14082601,0,0,0,0,0,0,1119510,12408250,257640,4435030,202209.0
56,A14082302,0,0,15430,0,0,0,11679170,0,0,0,202209.0
