,kaptCode,heatC,heatP,gasC,gasP,waterHotC,waterHotP,electC,electP,waterCoolC,waterCoolP,Date
0,A14019001,0,0,0,0,0,0,156960,4037580,0,0,202205.0
1,A14070302,0,0,97230,0,0,0,19231150,32092410,-547410,8900960,202205.0
2,A10023798,0,0,0,0,0,0,10181830,0,1024530,0,202205.0
3,A14006001,0,0,0,0,0,0,1460284,7077070,0,4097550,202205.0
4,A14004001,0,0,0,0,0,0,988750,7764300,0,0,202205.0
5,A14004002,0,0,100110,0,0,0,9345264,34093770,0,0,202205.0
6,A14076401,0,0,0,0,0,0,348630,5955750,-223250,3870850,202205.0
7,A14005001,4167220,0,0,0,0,0,5178240,16945000,687650,4113760,202205.0
8,A10023464,,,,,,,,,,,202205.0
9,A14085002,7071800,6040800,0,0,-7680000,7680000,2983840,16623400,0,10973260,202205.0
10,A14085101,27720,0,0,0,0,0,2008870,8737990,187400,9145200,202205.0
11,A14074101,0,0,29980,0,0,0,4475360,12756130,1378090,4564070,202205.0
12,A10025533,0,0,13680,0,0,0,2811104,18752220,-390,7748760,202205.0
13,A10023858,0,0,0,0,0,0,5601320,8782070,0,4027520,202205.0
14,A10025898,0,0,0,0,0,0,2315840,8206590,10130,3340970,202205.0
15,A14007002,0,0,302020,0,0,0,10760133,49592240,0,29702340,202205.0
16,A14007001,0,0,0,0,0,0,1234880,8008940,-40480,5500250,202205.0
17,A14083101,0,0,0,0,0,0,2773502,8337860,0,3737310,202205.0
18,A14009001,4541278,2397600,0,0,0,25314000,22050783,39891590,4394910,13718430,202205.0
19,A10024333,0,0,0,0,0,0,18857430,18857430,10378340,10378340,202205.0
20,A10025626,,,,,,,,,,,202205.0
21,A14074501,,,,,,,,,,,202205.0
22,A10024691,9050310,3223780,0,1567950,0,19778500,31274361,65278070,2700500,17050270,202205.0
23,A14072701,15908130,8569400,0,0,0,29174400,18997880,68387470,0,37251710,202205.0
24,A14003002,1672940,0,0,0,4281000,0,9191380,0,4112200,0,202205.0
25,A14003003,0,6082512,0,0,0,4611000,3017940,8235690,150000,5066898,202205.0
26,A14003103,,,,,,,,,,,202205.0
27,A14003104,2614040,2720960,0,0,0,6583500,7969813,15098170,827030,5651880,202205.0
28,A14003006,4863500,1580100,0,0,2581750,7408500,7675931,16950940,0,11970250,202205.0
29,A14003008,25166828,25092638,0,0,15923600,15923600,27135758,26713890,5005310,0,202205.0
30,A14003004,1831040,1319600,0,0,0,7767380,6069052,14347560,0,5878010,202205.0
31,A14085501,11020840,1384210,0,0,-8768600,8768600,8170300,13904190,0,9704830,202205.0
32,A14090902,16210160,1001030,0,0,-14910500,14910500,1169238,22079750,4446120,0,202205.0
33,A14003007,8353400,5652250,0,0,0,22675000,11104133,57406990,128390,18273400,202205.0
34,A14003101,2219670,0,0,0,0,4336000,2152970,10730890,224100,4534540,202205.0
35,A14003001,999830,1031710,0,0,0,4151830,3009070,7527140,100710,4263080,202205.0
36,A14003105,4456540,4380600,0,0,0,17549920,11536220,31126080,383750,15897800,202205.0
37,A14003106,4697620,6470970,0,0,0,17992400,5579657,36732280,6016670,13593720,202205.0
38,A14072901,6635750,12170,0,0,0,5440000,13191600,8530470,2026750,2026750,202205.0
39,A14077401,,,,,,,,,,,202205.0
40,A10027908,1432200,1039800,0,0,0,11420000,13879207,41733490,1469060,8235080,202205.0
41,A14072702,2314100,0,0,0,0,17956000,3134743,27848900,491410,15786990,202205.0
42,A10023360,,,,,,,,,,,202205.0
43,A14086001,3637112,8489790,0,0,0,9897430,11109112,20590110,989880,7301790,202205.0
44,A14086101,720540,2891740,0,0,0,12060000,3910375,13686740,2110830,0,202205.0
45,A10027425,,,,,,,,,,,202205.0
46,A14077902,0,0,0,0,0,0,20277115,101853210,7379920,13266190,202205.0
47,A14077901,33300,0,0,0,0,0,17345120,0,11414950,0,202205.0
48,A10027071,0,0,0,0,0,0,-641450,12697820,2084040,2148980,202205.0
49,A10024641,,,,,,,,,,,202205.0
50,A10025192,0,0,0,0,0,0,37672627,60182090,6208490,8336510,202205.0
51,A10023379,,,,,,,,,,,202205.0
52,A14080901,,,,,,,,,,,202205.0
53,A14024001,0,0,0,0,0,0,4819880,6471340,190720,7406720,202205.0
54,A14024002,16474760,0,0,0,0,28319800,12272110,53046140,15209525,0,202205.0
55,A14082601,0,0,0,0,0,0,1883060,7130360,306000,4359680,202205.0
56,A14082302,0,0,40030,0,0,0,9435980,0,0,0,202205.0
