,kaptCode,heatC,heatP,gasC,gasP,waterHotC,waterHotP,electC,electP,waterCoolC,waterCoolP,Date
0,A14019001,0,0,0,0,0,0,699250,5483510,88880,5674520,202212.0
1,A14070302,0,0,52070,0,0,0,21272080,36235180,-881740,8882560,202212.0
2,A10023798,0,0,0,0,0,0,13498880,15634100,1464630,5701210,202212.0
3,A14006001,0,0,0,0,0,0,1629626,8111530,0,3822650,202212.0
4,A14004001,0,0,0,0,0,0,1454409,10328240,458170,8308760,202212.0
5,A14004002,0,0,832760,0,0,0,12810159,44866640,0,42248300,202212.0
6,A14076401,0,0,0,0,0,0,2862890,7843870,-350760,3732140,202212.0
7,A14005001,9876520,0,0,0,0,0,9596630,18995260,566310,3985510,202212.0
8,A10023464,,,,,,,,,,,202212.0
9,A14085002,4165220,132961360,0,0,-7420000,7420000,4375520,20346790,0,11391970,202212.0
10,A14085101,194840,0,0,0,0,0,2499520,11349000,386720,4309360,202212.0
11,A14074101,0,0,198110,0,0,0,7510140,15096390,1241100,4361710,202212.0
12,A10025533,0,0,-26990,0,0,0,5484180,23347550,-10,7358030,202212.0
13,A10023858,0,0,0,0,0,0,4750160,18406120,509030,5371240,202212.0
14,A10025898,0,0,0,0,0,0,4469419,10017520,177130,3365330,202212.0
15,A14007002,0,0,428100,0,0,0,18802042,61852760,0,20950830,202212.0
16,A14007001,0,0,0,0,0,0,2816160,11169400,363120,5259070,202212.0
17,A14083101,0,0,0,0,0,0,4049591,9978570,0,3691750,202212.0
18,A14009001,0,98747210,0,0,0,30442800,18990132,44539920,5518960,12376440,202212.0
19,A10024333,0,0,0,0,0,0,24205300,24205300,10546960,10546960,202212.0
20,A10025626,,,,,,,,,,,202212.0
21,A14074501,,,,,,,,,,,202212.0
22,A10024691,11894900,121814690,0,1108200,0,29859500,70590413,73210320,4182010,15444780,202212.0
23,A14072701,16452620,291598320,0,0,0,33820000,24714610,79402290,-501790,35802230,202212.0
24,A14003002,76384200,0,0,0,6844000,0,17538180,0,4051110,0,202212.0
25,A14003003,0,58004124,0,0,0,12185600,8556035,13776680,250000,4866018,202212.0
26,A14003103,,,,,,,,,,,202212.0
27,A14003104,2830390,48292130,0,0,0,10464960,8540345,18673980,400100,5720730,202212.0
28,A14003006,9193430,55282800,0,0,3484800,19747200,10682570,20887230,0,0,202212.0
29,A14003008,84672672,84517272,0,0,15466000,15466000,20306439,28683260,4254380,0,202212.0
30,A14003004,1831040,37908710,0,0,0,23755230,10632854,16066700,0,5897820,202212.0
31,A14085501,20493960,48565050,0,0,-18241740,18241740,10618690,16578890,0,8790320,202212.0
32,A14090902,29209840,77084270,0,0,-18516000,18516000,1419110,24349710,3100200,0,202212.0
33,A14003007,18753200,113890520,0,0,0,34200000,16984429,62188100,62810,17157600,202212.0
34,A14003101,-40,59965560,0,0,0,7022400,6245420,13901300,224100,4450030,202212.0
35,A14003001,1001330,25405790,0,0,0,6725700,6070430,8474980,121290,3838190,202212.0
36,A14003105,13664020,136061640,0,0,0,29155300,15026890,37744700,361980,15952070,202212.0
37,A14003106,6041970,152756650,0,0,0,25490400,9536276,43931400,8497870,11278480,202212.0
38,A14072901,47434030,38948050,0,0,0,7302400,18207810,10927100,1417225,1417225,202212.0
39,A14077401,,,,,,,,,,,202212.0
40,A10027908,3165100,66178000,0,0,0,20796600,27205005,47021480,1314430,8481870,202212.0
41,A14072702,18750620,106788920,0,0,0,29070000,10855100,33415630,-1489870,15101760,202212.0
42,A10023360,,,,,,,,,,,202212.0
43,A14086001,44033500,102743760,0,0,0,21363300,19837681,28677070,914560,10493060,202212.0
44,A14086101,16012620,64254070,0,0,0,14539000,8102795,18387820,0,0,202212.0
45,A10027425,,,,,,,,,,,202212.0
46,A14077902,0,0,0,0,0,0,23139132,129897590,650510,12303600,202212.0
47,A14077901,27110,0,0,0,0,0,23416730,0,0,0,202212.0
48,A10027071,0,0,0,0,0,0,1387340,10476730,852450,2331520,202212.0
49,A10024641,,,,,,,,,,,202212.0
50,A10025192,0,0,0,0,0,0,46512970,80675130,3570300,7272410,202212.0
51,A10023379,,,,,,,,,,,202212.0
52,A14080901,,,,,,,,,,,202212.0
53,A14024001,0,0,0,0,0,0,5987270,9619790,0,0,202212.0
54,A14024002,280035500,0,0,0,0,44036300,37545970,68647750,13245275,0,202212.0
55,A14082601,0,0,0,0,0,0,2369250,8171330,423830,3849130,202212.0
56,A14082302,0,0,73300,0,0,0,11752950,0,7764230,0,202212.0
